0.80
47 67 94 114 142 162 189 209 236 256 284 308 336 361 389 410 440 462 493 516 544 566 596 616 648 672 700 722 753 775 806 828 854 874 909 929 960 981 1013 1031 1063 1085 1114 1137 1165 1185 1215 1235 1262 1282 1309 1329 1356 1376 1404 1424 1451 1471 1498 1518 1546 1566 1593 1613 1640 1660
47 67 87 125 145 165 203 223 243 281 302 323 362 384 405 446 468 489 527 547 567 611 632 653 691 711 731 775 797 818 856 876 896 934 954 974 1012 1032 1052 1090 1110 1130 1168 1188 1208 1246 1266 1286 1324 1344 1364 1402 1422 1442 1480 1500 1520 1558 1578 1598 1636 1656 1676 1714 1734 1754 1792 1812 1832 1930 1951 1972 2009 2029 2049 2087 2107 2127 2165 2185 2205 2243 2263 2283
4 6 1 0 1 0 0 0
4 7 1 1 1 0 0 1
4 8 1 1 0 1 1 0
4 9 1 0 1 0 1 0
4 11 1 0 1 1 0 0
4 12 0 1 1 0 0 1
4 13 0 1 0 1 1 0
4 14 0 0 1 0 1 1
4 16 0 1 0 1 0 0
4 17 1 0 0 0 0 0
4 18 1 1 1 0 0 0
4 19 0 0 1 1 1 0
4 21 1 1 1 0 0 1
4 22 0 1 1 0 0 0
4 23 1 0 1 1 0 0
4 24 0 1 0 0 0 1
5 8 0 0 1 1 0 0
5 9 0 1 0 0 1 1
5 10 1 0 0 1 1 0
5 11 0 0 1 1 1 1
5 13 0 0 1 1 0 0
5 14 1 1 0 1 1 1
5 15 1 0 0 0 1 0
5 16 0 1 1 0 0 0
5 18 1 1 0 1 1 0
5 19 0 0 1 1 1 0
5 20 0 0 1 1 0 1
5 21 0 1 1 0 0 0
6 8 0 1 1 1 1 0
6 9 0 1 0 0 1 1
6 10 0 0 1 0 0 0
6 11 1 1 0 0 0 0
6 12 1 0 0 1 0 1
6 13 1 0 0 0 0 0
6 15 1 1 0 1 1 0
6 16 0 0 1 1 1 0
6 17 1 0 0 1 0 0
6 18 0 1 0 1 0 1
8 11 1 1 1 0 0 1
8 12 0 1 1 0 0 0
8 13 1 0 1 1 0 0
8 14 0 1 0 0 0 1
8 15 1 1 0 0 1 0
8 16 0 1 1 1 1 1
8 18 1 1 0 1 1 0
8 19 0 1 0 1 0 0
8 20 1 1 1 1 1 0
8 21 1 0 1 0 0 1
10 10 0 0 1 1 0 0
10 11 1 0 1 0 0 1
10 12 1 1 0 0 0 0
10 13 1 0 0 1 0 1
10 16 0 0 1 1 0 1
10 17 0 1 0 0 0 0
10 18 0 1 1 1 1 0
10 19 1 0 0 1 0 1
10 20 1 0 0 0 0 0
10 21 1 1 1 1 0 1
10 22 0 1 0 0 0 0
24 9 0 0 1 1 0 0
24 10 0 1 0 0 1 1
24 11 1 1 0 1 1 0
24 12 1 0 1 0 1 0
24 14 1 0 1 1 0 0
24 15 0 1 1 0 0 1
24 16 0 1 0 0 1 0
24 18 1 1 1 1 1 0
24 19 1 0 1 0 0 1
24 20 1 1 0 0 0 0
24 22 1 0 0 0 1 1
24 23 0 1 0 0 0 1
24 21 1 1 1 0 0 1
