0.20
89 109 141 155 152 165 193 211 244 265 295 316 347 368 399 420 451 472 503 524 554 575 606 627 658 679 710 731 761 785 813 834 865 885 917 938 969 990 1021 1042 1073 1097 1125 1146 1177 1200 1228 1249 1280 1301 1332 1353 1384 1405 1435 1456 1487 1508 1539 1560 1590 1612 1639 1659
71 91 111 149 171 192 231 253 274 315 336 357 398 419 440 480 502 523 563 584 606 646 668 689 728 750 772 811 832 854 894 915 936 977 998 1019 1059 1080 1102 1142 1164 1185 1225 1247 1268 1308 1330 1352 1390 1412 1434 1474 1496 1517 1557 1579 1600 1640 1662 1683 1723 1745 1765 1807 1827 1849 1889 1911 1933 1973 1994 2015 2055 2077 2097 2139 2161 2181 2219 2239 2259
2 6 0 1 0 1 0 0
2 7 0 0 0 1 0 0
2 9 0 0 0 1 1 1
2 10 1 0 0 0 0 0
2 11 1 1 0 1 1 0
2 12 0 1 1 1 1 1
2 13 0 0 0 0 1 0
2 14 0 0 0 0 1 0
2 15 0 0 0 0 1 0
2 16 0 0 0 0 1 0
2 17 0 0 0 0 1 0
2 18 0 0 0 0 1 0
2 19 0 0 0 0 1 0
2 20 0 0 0 0 1 0
2 21 0 0 0 0 1 0
2 22 0 0 0 0 1 0
2 23 0 0 0 0 1 0
2 24 0 0 0 0 1 0
2 25 0 0 0 0 1 0
2 26 0 0 0 0 1 0
2 27 0 0 0 0 1 0
2 28 0 0 0 0 1 0
2 29 0 0 1 1 1 1
2 30 1 0 0 1 0 0
2 31 1 1 0 1 0 0
3 6 1 1 1 0 1 0
3 7 0 1 1 0 0 0
3 8 0 0 0 1 0 0
3 10 0 1 1 1 1 0
3 11 0 0 1 1 1 1
3 12 0 1 1 1 1 0
3 13 0 1 0 0 1 1
3 15 1 1 0 1 1 0
3 16 1 1 0 1 0 1
3 17 0 0 1 1 0 0
3 18 0 1 0 0 1 1
3 19 0 0 0 0 1 0
3 20 0 0 0 0 1 0
3 21 0 0 0 0 1 0
3 22 0 0 0 0 1 0
3 23 0 0 0 0 1 0
3 24 0 0 0 0 1 0
3 25 0 0 0 0 1 0
3 26 0 0 0 0 1 0
3 27 0 0 0 0 1 0
3 28 0 0 0 0 1 0
3 29 0 0 1 1 1 1
3 30 1 0 0 1 0 0
3 31 0 1 0 1 0 0
4 6 0 1 1 1 0 0
4 7 1 1 1 0 0 1
4 8 0 0 0 1 0 0
4 10 1 1 1 1 0 0
4 11 0 1 0 1 0 0
4 12 1 1 0 1 0 0
4 13 1 0 1 0 0 1
4 15 1 1 1 1 0 0
4 16 0 1 0 0 0 1
4 17 0 1 1 1 0 0
4 18 0 1 0 0 1 0
4 19 0 0 0 0 1 0
4 20 0 0 0 0 1 0
4 21 0 0 0 0 1 0
4 22 0 0 0 0 1 0
4 23 0 0 0 0 1 0
4 24 0 0 0 0 1 0
4 25 0 0 0 0 1 0
4 26 0 0 0 0 1 0
4 27 0 0 0 0 1 0
4 28 0 0 0 0 1 0
4 29 0 0 1 1 1 1
4 30 1 0 0 1 1 0
4 31 1 1 0 0 0 0
5 6 0 1 1 1 0 0
5 7 0 1 1 0 0 0
5 8 0 0 0 1 0 0
5 10 1 1 1 1 0 0
5 11 0 1 0 1 0 0
5 12 1 1 0 0 1 0
5 13 1 1 0 1 0 1
5 15 1 1 1 1 1 0
5 16 1 0 1 0 0 1
5 17 1 1 0 0 1 0
5 18 0 1 1 1 1 1
5 19 0 0 0 0 1 0
5 20 0 0 0 0 1 0
5 21 0 0 0 0 1 0
5 22 0 0 0 0 1 0
5 23 0 0 0 0 1 0
5 24 0 0 0 0 1 0
5 25 0 0 0 0 1 0
5 26 0 0 0 0 1 0
5 27 0 0 0 0 1 0
5 28 0 0 0 0 1 0
5 29 0 0 1 1 1 1
5 30 1 0 0 1 1 0
5 31 1 0 0 1 1 0
6 6 1 0 1 0 0 1
6 7 0 0 1 0 0 0
6 8 0 0 0 1 0 0
6 10 1 1 0 1 1 0
6 11 1 0 1 0 0 1
6 12 1 1 0 1 1 0
6 13 1 1 0 1 1 1
6 14 1 1 0 1 1 0
6 15 1 0 0 0 1 0
6 17 0 0 1 1 0 0
6 18 0 1 0 0 1 0
6 19 1 0 0 0 1 1
6 20 0 1 1 0 0 1
6 21 0 0 0 0 1 0
6 22 0 0 0 0 1 0
6 23 0 0 0 0 1 0
6 24 0 0 0 0 1 0
6 25 0 0 0 0 1 0
6 26 0 0 0 0 1 0
6 27 0 0 0 0 1 0
6 28 0 0 0 0 1 0
6 29 0 0 1 1 1 1
6 30 1 0 0 1 1 0
6 31 1 1 0 1 0 0
7 4 1 0 0 1 1 0
7 5 0 1 0 1 0 0
7 6 0 1 1 1 0 0
7 7 1 1 1 0 0 1
7 8 1 1 0 1 1 0
7 9 1 0 0 0 1 0
7 12 1 1 1 0 0 1
7 13 0 1 1 0 0 0
7 14 1 0 1 1 0 0
7 15 0 1 0 0 0 1
7 17 1 1 0 1 1 0
7 18 1 0 0 0 1 0
7 19 0 0 1 1 0 0
7 20 0 1 1 0 0 0
7 21 0 0 0 0 1 0
7 22 0 0 0 0 1 0
7 23 0 0 0 0 1 0
7 24 0 0 0 0 1 0
7 25 0 0 0 0 1 0
7 26 0 0 0 0 1 0
7 27 0 0 0 0 1 0
7 28 0 0 0 0 1 0
7 29 0 0 1 1 1 1
7 30 1 0 0 1 1 0
7 31 1 1 0 0 1 0
8 6 0 1 0 1 0 0
8 7 0 0 0 1 0 0
8 9 1 1 1 0 0 1
8 10 0 1 1 0 0 0
8 11 1 0 1 1 0 0
8 12 0 1 0 0 0 1
8 14 1 1 0 1 1 0
8 15 1 0 0 0 1 0
8 16 0 0 1 1 0 0
8 17 0 1 1 0 0 0
8 19 1 1 0 1 1 0
8 20 0 1 0 1 0 1
8 21 1 0 0 0 1 1
8 22 1 0 1 0 0 1
8 23 0 0 0 0 1 0
8 24 0 0 0 0 1 0
8 25 0 0 0 0 1 0
8 26 0 0 0 0 1 0
8 27 0 0 0 0 1 0
8 28 0 0 0 0 1 0
8 29 0 0 1 1 1 1
8 30 1 0 0 1 1 0
8 31 1 1 0 0 1 0
9 6 1 1 1 0 1 0
9 7 0 1 1 0 0 0
9 8 0 0 0 1 0 0
9 10 1 1 1 1 1 0
9 11 0 1 1 0 0 1
9 12 1 0 0 1 1 1
9 14 1 1 1 0 0 1
9 15 0 1 1 0 0 0
9 16 1 0 1 1 0 0
9 17 0 1 0 0 0 1
9 19 1 1 0 1 1 0
9 20 1 0 0 0 1 0
9 21 0 0 1 1 0 0
9 22 0 1 1 0 0 0
9 24 1 1 0 1 1 0
9 25 0 1 0 1 0 0
10 8 1 0 1 0 1 1
10 9 1 0 1 0 1 0
10 10 1 0 0 1 1 1
10 11 0 0 0 0 1 0
10 12 0 0 0 0 1 0
10 13 0 0 0 0 1 0
10 14 0 0 0 0 1 0
10 15 0 0 0 0 1 0
10 16 0 0 0 0 1 0
10 17 0 0 0 0 1 0
10 18 0 0 0 0 1 0
10 19 0 0 0 0 1 0
10 20 0 0 0 0 1 0
10 21 0 0 0 0 1 0
10 22 0 0 0 0 1 0
10 23 0 0 0 0 1 0
10 24 0 0 0 0 1 0
10 25 0 0 0 0 1 0
10 26 0 0 0 0 1 0
10 27 0 0 0 0 1 0
10 28 0 0 0 0 1 0
10 29 0 0 1 1 1 1
10 30 1 0 0 0 1 0
10 31 0 1 0 1 1 0
11 1 1 0 0 1 1 0
11 2 0 1 0 1 0 0
11 4 0 1 1 1 0 0
11 5 1 1 1 0 0 1
11 6 0 0 1 1 0 0
11 7 0 1 1 0 0 1
11 10 1 1 1 0 0 1
11 11 0 1 1 0 0 0
11 12 1 0 1 1 0 0
11 13 0 1 0 0 0 1
11 15 1 0 0 0 1 1
11 16 1 1 1 0 1 1
11 17 1 1 0 1 0 0
11 18 0 0 1 0 1 0
11 20 1 0 1 0 1 1
11 21 0 1 0 0 1 1
11 22 1 0 0 0 1 1
11 23 1 0 1 0 0 1
11 24 0 0 0 0 1 0
11 25 0 0 0 0 1 0
11 26 0 0 0 0 1 0
11 27 0 0 0 0 1 0
11 28 0 0 0 0 1 0
11 29 0 0 1 1 1 1
11 30 1 0 0 0 1 0
11 31 1 0 0 1 1 0
12 4 1 0 0 1 1 0
12 5 0 1 0 1 0 0
12 6 0 1 0 1 0 0
12 7 1 1 0 1 1 0
12 8 1 0 0 0 1 0
12 11 1 0 0 0 1 1
12 12 1 1 1 0 1 1
12 13 1 1 0 1 0 0
12 14 0 0 1 0 1 0
12 16 1 1 0 1 1 0
12 17 0 1 0 1 0 1
12 18 1 0 0 0 1 1
12 19 1 0 1 0 0 1
12 20 0 0 0 0 1 0
12 21 0 0 0 0 1 0
12 22 0 0 0 0 1 0
12 23 0 0 0 0 1 0
12 24 0 0 0 0 1 0
12 25 0 0 0 0 1 0
12 26 0 0 0 0 1 0
12 27 0 0 0 0 1 0
12 28 0 0 0 0 1 0
12 29 0 0 1 1 1 1
12 30 1 0 0 0 1 0
12 31 1 0 0 1 1 0
13 6 0 1 0 1 0 0
13 7 0 0 0 1 0 0
13 9 1 0 0 0 1 1
13 10 1 1 1 0 1 1
13 11 1 1 0 1 0 0
13 12 0 0 1 0 1 0
13 14 1 0 0 1 1 0
13 16 1 1 0 1 1 0
13 17 0 1 0 1 0 1
13 18 1 0 1 1 1 0
13 19 1 0 0 1 0 1
13 20 0 0 0 0 1 0
13 21 0 0 0 0 1 0
13 22 0 0 0 0 1 0
13 23 0 0 0 0 1 0
13 24 0 0 0 0 1 0
13 25 0 0 0 0 1 0
13 26 0 0 0 0 1 0
13 27 0 0 0 0 1 0
13 28 0 0 0 0 1 0
13 29 0 0 1 1 1 1
13 30 1 0 0 0 1 0
13 31 1 0 0 1 1 0
14 6 1 1 1 0 1 0
14 7 0 1 1 0 0 0
14 8 0 0 0 1 0 0
14 10 1 0 0 0 1 1
14 11 1 1 1 0 1 1
14 12 1 1 0 1 0 0
14 13 0 0 1 0 1 0
14 15 1 0 0 1 1 0
14 17 1 1 0 1 1 0
14 18 0 1 0 1 0 0
14 19 1 1 0 0 0 0
14 20 0 0 1 0 1 1
14 22 0 0 1 1 1 0
14 23 1 0 1 0 0 0
14 24 1 1 0 0 1 1
14 25 0 0 0 0 1 0
14 26 0 0 0 0 1 0
14 27 0 0 0 0 1 0
14 28 0 0 0 0 1 0
14 29 0 0 1 1 1 1
14 30 1 0 0 0 1 0
14 31 1 0 0 1 1 0
15 6 0 1 1 1 0 0
15 7 1 1 1 0 0 1
15 8 0 0 0 1 0 0
15 10 1 0 0 0 1 1
15 11 1 1 1 0 1 1
15 12 1 1 0 1 0 0
15 13 0 0 1 0 1 0
15 15 1 0 0 1 1 0
15 17 1 1 0 1 0 0
15 18 0 0 1 0 1 1
15 19 1 1 1 0 0 0
15 20 0 1 1 1 0 1
15 21 0 0 0 0 1 0
15 22 0 0 0 0 1 0
15 23 0 0 0 0 1 0
15 24 0 0 0 0 1 0
15 25 0 0 0 0 1 0
15 26 0 0 0 0 1 0
15 27 0 0 0 0 1 0
15 28 0 0 0 0 1 0
15 29 0 0 1 1 1 1
15 30 1 0 0 0 1 0
15 31 1 1 0 1 1 0
16 4 1 0 0 1 1 0
16 5 0 1 0 1 0 0
16 6 1 1 1 0 1 0
16 7 0 1 1 0 0 0
16 8 1 1 0 1 1 0
16 9 1 0 0 0 1 0
16 12 1 0 1 1 0 0
16 13 0 1 0 0 0 1
16 14 1 0 0 1 0 0
16 15 0 0 1 0 1 0
16 16 1 1 1 0 0 0
16 17 0 1 1 1 0 1
16 19 1 0 0 0 1 1
16 20 1 1 1 0 1 1
16 21 1 1 0 1 0 0
16 22 0 0 1 0 1 0
16 23 0 0 0 0 1 0
16 24 0 0 0 0 1 0
16 25 0 0 0 0 1 0
16 26 0 0 0 0 1 0
16 27 0 0 0 0 1 0
16 28 0 0 0 0 1 0
16 29 0 0 1 1 1 1
16 30 1 1 0 1 0 0
16 31 0 1 0 1 1 0
17 6 0 1 0 1 0 0
17 7 0 0 0 1 0 0
17 9 0 1 1 1 1 0
17 10 0 1 0 1 1 1
17 11 1 1 0 1 0 0
17 12 0 0 1 0 1 0
17 13 0 0 0 0 1 0
17 14 0 0 0 0 1 0
17 15 0 0 0 0 1 0
17 16 0 0 0 0 1 0
17 17 0 0 0 0 1 0
17 18 0 0 0 0 1 0
17 19 0 0 0 0 1 0
17 20 0 0 0 0 1 0
17 21 0 0 0 0 1 0
17 22 0 0 0 0 1 0
17 23 0 0 0 0 1 0
17 24 0 0 0 0 1 0
17 25 0 0 0 0 1 0
17 26 0 0 0 0 1 0
17 27 0 0 0 0 1 0
17 28 0 0 0 0 1 0
17 29 0 0 1 1 1 1
17 30 1 1 0 1 0 0
17 31 0 1 0 1 1 0
18 6 1 1 1 0 1 0
18 7 0 1 1 0 0 0
18 8 0 0 0 1 0 0
18 10 1 0 0 1 0 0
18 11 0 0 1 0 1 0
18 12 1 1 0 1 0 0
18 13 0 0 1 0 1 0
18 14 0 0 0 0 1 0
18 15 0 0 0 0 1 0
18 16 0 0 0 0 1 0
18 17 0 0 0 0 1 0
18 18 0 0 0 0 1 0
18 19 0 0 0 0 1 0
18 20 0 0 0 0 1 0
18 21 0 0 0 0 1 0
18 22 0 0 0 0 1 0
18 23 0 0 0 0 1 0
18 24 0 0 0 0 1 0
18 25 0 0 0 0 1 0
18 26 0 0 0 0 1 0
18 27 0 0 0 0 1 0
18 28 0 0 0 0 1 0
18 29 0 0 1 1 1 1
18 30 1 1 0 1 0 0
18 31 1 0 0 0 0 0
19 6 0 1 1 1 0 0
19 7 1 1 1 0 0 1
19 8 0 0 0 1 0 0
19 10 1 0 1 1 0 0
19 11 0 1 0 0 0 1
19 12 1 1 0 1 0 0
19 13 0 0 1 0 1 0
19 14 0 0 0 0 1 0
19 15 0 0 0 0 1 0
19 16 0 0 0 0 1 0
19 17 0 0 0 0 1 0
19 18 0 0 0 0 1 0
19 19 0 0 0 0 1 0
19 20 0 0 0 0 1 0
19 21 0 0 0 0 1 0
19 22 0 0 0 0 1 0
19 23 0 0 0 0 1 0
19 24 0 0 0 0 1 0
19 25 0 0 0 0 1 0
19 26 0 0 0 0 1 0
19 27 0 0 0 0 1 0
19 28 0 0 0 0 1 0
19 29 0 0 1 1 1 1
19 30 1 1 0 1 0 0
19 31 1 0 0 1 1 0
20 6 0 1 1 1 0 0
20 7 0 1 1 0 0 0
20 8 0 0 0 1 0 0
20 10 1 0 0 1 0 0
20 11 1 0 1 0 1 0
20 12 1 1 0 1 0 0
20 13 0 0 1 0 1 0
20 14 0 0 0 0 1 0
20 15 0 0 0 0 1 0
20 16 0 0 0 0 1 0
20 17 0 0 0 0 1 0
20 18 0 0 0 0 1 0
20 19 0 0 0 0 1 0
20 20 0 0 0 0 1 0
20 21 0 0 0 0 1 0
20 22 0 0 0 0 1 0
20 23 0 0 0 0 1 0
20 24 0 0 0 0 1 0
20 25 0 0 0 0 1 0
20 26 0 0 0 0 1 0
20 27 0 0 0 0 1 0
20 28 0 0 0 0 1 0
20 29 0 0 1 1 1 1
20 30 1 1 0 1 0 0
20 31 1 0 0 0 1 0
21 4 1 0 0 1 1 0
21 5 0 1 0 1 0 0
21 6 0 1 1 1 0 0
21 7 1 1 1 0 0 1
21 8 1 1 0 1 1 0
21 9 1 0 0 0 1 0
21 12 1 1 0 1 1 0
21 13 0 1 0 1 0 0
21 14 1 1 0 1 0 1
21 15 1 0 0 0 0 0
21 16 1 1 1 0 0 0
21 17 0 1 1 1 0 1
21 19 1 0 0 0 1 1
21 20 1 1 1 0 1 1
21 21 1 1 0 1 0 0
21 22 0 0 1 0 1 0
21 23 0 0 0 0 1 0
21 24 0 0 0 0 1 0
21 25 0 0 0 0 1 0
21 26 0 0 0 0 1 0
21 27 0 0 0 0 1 0
21 28 0 0 0 0 1 0
21 29 0 0 1 1 1 1
21 30 1 1 0 1 0 0
21 31 1 1 0 1 0 0
22 6 0 1 0 1 0 0
22 7 0 0 0 1 0 0
22 9 1 1 1 0 0 1
22 10 0 1 1 0 0 0
22 11 1 1 0 1 0 0
22 12 0 0 1 0 1 0
22 13 0 0 0 0 1 0
22 14 0 0 0 0 1 0
22 15 0 0 0 0 1 0
22 16 0 0 0 0 1 0
22 17 0 0 0 0 1 0
22 18 0 0 0 0 1 0
22 19 0 0 0 0 1 0
22 20 0 0 0 0 1 0
22 21 0 0 0 0 1 0
22 22 0 0 0 0 1 0
22 23 0 0 0 0 1 0
22 24 0 0 0 0 1 0
22 25 0 0 0 0 1 0
22 26 0 0 0 0 1 0
22 27 0 0 0 0 1 0
22 28 0 0 0 0 1 0
22 29 0 0 1 1 1 1
22 30 1 1 0 1 0 0
22 31 1 1 0 1 1 0
23 6 1 1 1 0 1 0
23 7 0 1 1 0 0 0
23 8 0 0 0 1 0 0
23 10 1 0 0 1 1 0
23 11 1 0 0 1 0 1
23 12 1 1 0 1 0 0
23 13 0 0 1 0 1 0
23 14 0 0 0 0 1 0
23 15 0 0 0 0 1 0
23 16 0 0 0 0 1 0
23 17 0 0 0 0 1 0
23 18 0 0 0 0 1 0
23 19 0 0 0 0 1 0
23 20 0 0 0 0 1 0
23 21 0 0 0 0 1 0
23 22 0 0 0 0 1 0
23 23 0 0 0 0 1 0
23 24 0 0 0 0 1 0
23 25 0 0 0 0 1 0
23 26 0 0 0 0 1 0
23 27 0 0 0 0 1 0
23 28 0 0 0 0 1 0
23 29 0 0 1 1 1 1
23 30 1 1 0 1 0 0
23 31 0 1 0 1 0 0
24 6 0 1 1 1 0 0
24 7 1 1 1 0 0 1
24 8 0 0 0 1 0 0
24 10 1 0 1 1 1 0
24 11 0 0 1 0 1 0
24 12 0 1 0 0 0 0
24 13 1 1 0 1 0 0
24 14 0 0 1 0 1 0
24 15 0 0 0 0 1 0
24 16 0 0 0 0 1 0
24 17 0 0 0 0 1 0
24 18 0 0 0 0 1 0
24 19 0 0 0 0 1 0
24 20 0 0 0 0 1 0
24 21 0 0 0 0 1 0
24 22 0 0 0 0 1 0
24 23 0 0 0 0 1 0
24 24 0 0 0 0 1 0
24 25 0 0 0 0 1 0
24 26 0 0 0 0 1 0
24 27 0 0 0 0 1 0
24 28 0 0 0 0 1 0
24 29 0 0 1 1 1 1
24 30 1 1 0 1 1 0
24 31 0 1 0 1 1 0
25 6 0 1 1 1 0 0
25 7 0 1 1 0 0 0
25 8 0 0 0 1 0 0
25 10 1 1 0 0 0 0
25 11 0 1 0 0 0 1
25 12 1 1 0 1 0 0
25 13 0 0 1 0 1 0
25 14 0 0 0 0 1 0
25 15 0 0 0 0 1 0
25 16 0 0 0 0 1 0
25 17 0 0 0 0 1 0
25 18 0 0 0 0 1 0
25 19 0 0 0 0 1 0
25 20 0 0 0 0 1 0
25 21 0 0 0 0 1 0
25 22 0 0 0 0 1 0
25 23 0 0 0 0 1 0
25 24 0 0 0 0 1 0
25 25 0 0 0 0 1 0
25 26 0 0 0 0 1 0
25 27 0 0 0 0 1 0
25 28 0 0 0 0 1 0
25 29 0 0 1 1 1 1
25 30 1 1 0 1 1 0
25 31 1 1 0 0 0 0
26 6 1 0 1 0 0 1
26 7 0 0 1 0 0 0
26 8 0 0 0 1 0 0
26 10 1 0 1 1 1 0
26 11 1 0 0 0 1 0
26 12 1 1 0 1 0 0
26 13 0 0 1 0 1 0
26 14 0 0 0 0 1 0
26 15 0 0 0 0 1 0
26 16 0 0 0 0 1 0
26 17 0 0 0 0 1 0
26 18 0 0 0 0 1 0
26 19 0 0 0 0 1 0
26 20 0 0 0 0 1 0
26 21 0 0 0 0 1 0
26 22 0 0 0 0 1 0
26 23 0 0 0 0 1 0
26 24 0 0 0 0 1 0
26 25 0 0 0 0 1 0
26 26 0 0 0 0 1 0
26 27 0 0 0 0 1 0
26 28 0 0 0 0 1 0
26 29 0 0 1 1 1 1
26 30 1 1 0 1 1 0
26 31 1 0 0 1 0 0
