0.20
47 68 99 119 149 171 202 223 255 276 306 327 357 378 408 432 460 481 513 535 565 585 616 638 669 689 720 741 773 792 823 845 876 897 927 949 979 1001 1030 1054 1083 1104 1135 1156 1186 1207 1238 1260 1291 1311 1343 1363 1394 1415 1447 1467 1498 1519 1552 1568 1602 1622 1653 1674
28 49 70 117 138 159 199 220 241 281 303 323 364 387 407 447 468 490 531 551 575 613 633 656 695 717 739 779 799 821 861 882 905 944 966 987 1027 1047 1070 1109 1130 1151 1193 1214 1236 1275 1297 1316 1358 1379 1401 1441 1462 1484 1524 1545 1567 1607 1629 1649 1690 1711 1733 1773 1794 1815 1856 1877 1899 1939 1960 1981 2021 2044 2065 2105 2127 2148 2185 2205 2226 2266 2287 2308
2 14 0 0 1 1 0 1
2 15 0 0 0 1 1 1
2 16 0 0 1 1 0 1
2 17 1 0 0 1 0 1
4 2 0 0 0 1 0 0
4 3 1 1 1 0 0 1
4 4 0 1 0 0 0 0
4 5 0 1 0 0 0 0
4 6 0 1 0 0 0 0
4 7 0 1 0 0 0 0
4 8 0 1 0 0 0 0
4 9 0 1 0 0 0 0
4 10 0 1 0 0 0 0
4 11 0 1 0 0 0 0
4 12 0 1 0 0 0 0
4 13 0 1 0 0 0 0
4 14 0 1 0 0 0 0
4 15 0 1 0 0 0 0
4 16 0 1 0 0 0 0
4 17 0 1 0 0 0 0
4 18 0 1 0 0 0 0
4 19 0 1 0 0 0 0
4 20 0 1 0 0 0 0
4 21 0 1 0 0 1 0
4 22 0 0 0 1 1 1
4 23 1 0 1 0 1 0
4 24 1 1 0 1 1 0
4 27 0 0 1 0 1 1
4 28 1 0 0 0 0 1
4 29 1 0 0 0 1 0
4 30 1 0 0 0 1 0
4 32 1 1 0 1 0 0
5 2 0 0 0 1 0 0
5 3 1 1 1 0 0 1
5 4 0 1 0 0 0 0
5 5 0 1 0 0 0 0
5 6 0 1 0 0 0 0
5 7 0 0 0 0 0 1
5 8 0 1 1 1 0 0
5 9 1 0 1 1 0 0
5 10 1 1 0 1 1 0
5 12 0 0 1 1 1 1
5 13 1 0 0 0 0 1
5 14 0 1 0 0 0 1
5 15 1 0 0 1 1 0
5 17 1 1 0 1 0 0
5 19 0 0 1 0 1 0
5 20 1 0 0 1 0 1
5 21 0 0 0 0 1 1
5 22 0 0 1 1 1 1
5 25 0 1 0 1 0 0
5 26 1 1 0 1 1 0
5 27 1 0 0 0 1 0
5 28 1 0 0 0 1 0
5 29 1 1 0 1 0 0
6 6 1 1 0 1 0 0
6 8 0 1 0 0 0 1
6 9 1 0 0 1 1 0
6 10 1 1 0 0 0 1
6 11 0 0 0 1 1 1
6 13 0 0 1 0 1 0
6 14 1 0 0 1 0 1
6 15 0 0 0 0 1 1
6 16 0 0 1 1 1 1
6 18 0 0 0 0 0 1
6 19 1 0 1 0 0 1
6 21 0 0 1 0 1 0
6 22 1 0 0 1 0 1
6 23 0 0 0 0 1 1
6 24 0 0 1 1 1 1
6 26 1 0 0 0 0 0
6 27 1 0 0 0 1 0
7 2 0 0 0 1 0 0
7 3 1 1 1 0 0 1
7 4 0 1 0 0 0 0
7 5 0 1 0 0 0 0
7 6 0 1 0 0 0 0
7 7 0 1 0 0 0 0
7 8 0 1 0 0 0 0
7 9 0 1 0 0 0 0
7 10 0 1 0 0 0 0
7 11 0 1 0 0 0 0
7 12 0 1 0 0 0 0
7 13 0 1 0 0 0 0
7 14 0 1 0 0 0 0
7 15 0 1 0 0 0 0
7 16 0 1 0 0 0 0
7 17 0 1 0 0 0 0
7 18 0 1 0 0 0 0
7 19 0 1 0 0 0 0
7 20 0 1 0 0 0 0
7 21 0 1 0 0 0 0
7 22 1 0 1 1 0 0
7 23 1 1 0 1 0 1
7 24 1 0 1 0 1 0
7 25 1 1 0 1 1 0
8 2 0 0 0 1 1 0
8 3 1 1 1 0 0 1
8 4 0 1 0 0 0 0
8 5 0 1 0 0 0 0
8 6 0 1 0 0 0 0
8 7 0 1 0 0 0 0
8 8 0 1 0 0 0 0
8 9 0 1 0 0 0 0
8 10 0 1 0 0 0 0
8 11 0 0 0 0 0 1
8 12 0 1 1 1 0 0
8 13 0 0 1 1 1 1
8 14 1 0 0 0 0 1
8 15 0 1 0 0 0 1
8 16 1 0 0 1 1 0
8 18 1 1 0 1 0 0
8 20 0 0 1 0 1 0
8 21 1 0 0 1 0 1
8 22 0 0 0 0 1 1
8 23 0 0 1 1 1 1
8 25 1 0 0 0 0 0
8 26 0 0 0 0 1 1
8 27 0 1 0 1 1 1
9 2 0 1 0 1 1 0
9 3 1 1 1 0 0 1
9 4 0 1 0 0 0 0
9 5 0 1 0 0 0 0
9 6 0 1 0 0 0 0
9 7 0 1 0 0 0 0
9 8 1 0 1 0 1 1
9 9 0 0 0 1 1 1
9 10 0 1 1 0 0 1
9 11 1 0 0 1 1 0
9 13 1 1 0 1 0 0
9 15 0 1 0 0 0 1
9 16 1 0 0 1 1 0
9 17 1 1 0 0 0 1
9 18 0 0 0 1 1 1
9 20 0 0 1 0 1 0
9 21 1 0 0 1 0 1
9 22 0 0 0 0 1 1
9 23 0 0 1 1 1 1
9 25 1 0 0 0 0 0
9 26 0 0 1 1 1 1
9 27 1 0 0 0 1 1
10 9 1 0 0 0 1 0
10 10 1 1 0 1 1 0
10 12 1 1 1 1 0 0
10 13 0 1 0 1 0 1
10 14 0 1 1 1 0 1
10 16 1 1 0 1 0 0
10 18 0 0 1 0 1 0
10 19 1 0 0 1 0 1
10 20 0 0 0 0 1 1
10 21 0 0 1 1 1 1
10 24 0 1 0 1 0 0
10 25 1 1 0 1 1 0
10 26 0 0 0 0 1 1
10 27 0 1 0 1 1 1
10 28 1 0 0 0 1 0
10 29 1 1 0 1 0 0
11 2 0 0 0 1 0 0
11 3 0 0 0 1 0 0
11 4 1 1 1 0 0 1
11 5 0 1 0 0 0 0
11 6 0 1 0 0 0 0
11 7 0 1 0 0 0 0
11 8 0 1 0 0 0 0
11 9 0 1 0 0 0 0
11 10 0 1 0 0 0 0
11 11 0 1 0 0 0 0
11 12 0 1 0 0 0 0
11 13 0 1 0 0 0 0
11 14 0 1 0 0 0 0
11 15 0 1 0 0 0 0
11 16 0 1 0 0 0 0
11 17 0 1 0 0 0 0
11 18 0 1 0 0 0 0
11 19 0 1 0 0 0 0
11 20 0 1 0 0 0 0
11 21 0 1 0 0 0 0
11 22 0 1 0 0 0 0
11 23 0 1 0 0 0 0
11 24 1 0 0 0 1 0
11 25 0 0 0 1 1 1
11 26 0 0 0 0 1 0
11 27 1 0 1 1 1 1
12 7 1 0 0 0 1 0
12 8 1 1 0 1 1 0
12 10 1 1 1 1 0 0
12 11 0 1 0 1 0 1
12 12 0 1 1 1 0 1
12 14 0 1 1 0 0 1
12 15 0 0 0 1 1 0
12 16 1 0 0 0 1 0
12 17 1 1 0 1 1 0
12 19 1 1 0 1 0 0
12 21 0 0 1 0 1 0
12 22 1 0 0 1 0 1
12 23 0 0 0 0 1 1
12 24 0 0 1 1 1 1
12 26 1 0 0 0 0 0
12 27 1 0 0 0 1 0
13 2 0 0 0 1 0 0
13 3 0 0 0 1 0 0
13 4 1 1 1 0 0 1
13 5 0 1 0 0 0 0
13 6 0 1 0 0 0 0
13 7 0 1 0 0 0 0
13 8 0 1 0 0 0 0
13 9 0 1 0 0 0 0
13 10 0 1 0 0 0 0
13 11 0 1 0 0 0 0
13 12 0 1 0 0 0 0
13 13 0 1 0 0 0 0
13 14 0 1 0 0 0 0
13 15 0 1 0 0 0 0
13 16 0 1 0 0 0 0
13 17 0 1 0 0 0 0
13 18 0 1 0 0 0 0
13 19 0 1 0 0 0 0
13 20 0 1 0 0 0 0
13 21 0 1 0 0 0 0
13 22 1 0 0 0 1 0
13 23 0 0 0 1 1 1
13 24 0 0 0 0 1 0
13 25 1 0 1 1 1 1
14 2 0 1 0 1 0 0
14 3 0 0 0 1 0 0
14 4 1 1 1 0 0 1
14 5 0 1 0 0 0 0
14 6 0 1 0 0 0 0
14 7 0 1 0 0 0 0
14 8 0 1 0 0 0 0
14 9 1 1 1 1 0 0
14 10 0 1 0 1 0 1
14 11 0 1 1 1 0 1
14 13 0 1 0 1 0 0
14 14 0 1 0 1 1 0
14 15 0 0 1 1 0 1
14 16 0 0 0 1 1 0
14 18 1 1 0 1 0 0
14 20 0 0 1 0 1 0
14 21 1 0 0 1 0 1
14 22 0 0 0 0 1 1
14 23 0 0 1 1 1 1
14 25 1 0 0 0 0 0
14 26 0 0 0 0 1 1
14 27 0 1 0 1 1 1
15 6 0 0 1 0 1 0
15 7 0 1 1 1 0 1
15 8 0 0 0 0 1 0
15 9 1 0 1 1 1 1
15 11 1 1 0 0 0 1
15 12 0 0 0 1 1 1
15 13 0 0 0 0 1 1
15 14 1 0 0 0 0 1
15 16 1 1 0 1 0 0
15 18 0 0 1 0 1 0
15 19 1 0 0 1 0 1
15 20 0 0 0 0 1 1
15 21 0 0 1 1 1 1
15 24 0 1 0 1 0 0
15 25 1 1 0 1 1 0
15 26 0 0 1 1 1 1
15 27 1 0 0 0 1 1
15 28 1 0 0 0 1 0
15 29 1 1 0 1 0 0
16 2 1 1 0 1 1 0
16 3 0 0 0 1 0 0
16 4 1 1 1 0 0 1
16 5 0 1 0 0 0 0
16 6 0 1 0 0 0 0
16 7 0 1 0 0 0 0
16 8 0 1 0 0 0 0
16 9 0 1 0 0 0 0
16 10 0 1 0 0 0 0
16 11 0 1 0 0 0 0
16 12 0 1 0 0 0 0
16 13 0 1 0 0 0 0
16 14 0 1 0 0 0 0
16 15 0 1 0 0 0 0
16 16 0 1 0 0 0 0
16 17 0 1 0 0 0 0
16 18 0 1 0 0 0 0
16 19 0 1 0 0 0 0
16 20 0 1 0 0 0 0
16 21 0 1 0 0 0 1
16 22 1 0 0 1 1 0
16 23 0 0 0 0 1 1
16 24 1 0 0 0 0 1
16 26 1 0 0 0 1 0
16 27 1 1 0 1 1 0
17 2 1 1 0 1 1 0
17 3 0 0 0 1 0 0
17 4 1 1 1 0 0 1
17 5 0 1 0 0 0 0
17 6 0 1 0 0 0 0
17 7 0 1 0 0 0 0
17 8 0 1 0 0 0 0
17 9 0 0 1 0 1 0
17 10 0 1 1 1 0 1
17 11 0 0 0 0 1 0
17 12 1 0 1 1 1 1
17 14 1 1 0 0 0 1
17 15 0 0 0 1 1 1
17 16 0 0 0 0 1 1
17 17 1 0 0 0 0 1
17 19 1 1 0 1 0 0
17 21 0 0 1 0 1 0
17 22 1 0 0 1 0 1
17 23 0 0 0 0 1 1
17 24 0 0 1 1 1 1
17 26 1 0 0 0 0 0
17 27 1 0 0 0 1 0
18 2 0 0 0 1 1 0
18 3 0 0 0 1 1 0
18 4 1 1 1 0 0 1
18 5 0 1 0 0 0 0
18 6 0 1 0 0 0 0
18 7 0 1 0 0 0 0
18 8 0 1 0 0 0 1
18 9 1 0 0 1 1 0
18 10 0 0 0 0 1 1
18 11 1 0 0 0 0 1
18 13 0 1 1 0 0 1
18 14 0 0 0 1 1 0
18 15 1 0 0 0 1 0
18 16 1 1 0 1 1 0
18 18 1 1 0 1 0 0
18 20 0 0 1 0 1 0
18 21 1 0 0 1 0 1
18 22 0 0 0 0 1 1
18 23 0 0 1 1 1 1
18 25 1 0 0 0 0 0
18 26 0 0 0 0 1 1
18 27 0 1 0 1 1 1
19 2 1 0 0 0 1 0
19 3 0 0 0 1 1 0
19 4 1 1 1 0 0 1
19 5 0 1 0 0 0 0
19 6 0 1 0 0 0 0
19 7 0 1 0 0 0 0
19 8 0 1 0 0 0 0
19 9 1 1 1 1 0 0
19 10 0 0 0 0 1 1
19 11 0 0 1 1 0 0
19 13 0 1 1 0 1 1
19 14 1 1 0 1 1 1
19 15 0 0 1 1 1 0
19 16 0 0 0 1 1 1
19 18 1 1 0 1 0 0
19 20 0 0 1 0 1 0
19 21 1 0 0 1 0 1
19 22 0 0 0 0 1 1
19 23 0 0 1 1 1 1
19 26 0 0 1 0 1 1
19 27 1 0 0 0 0 1
19 28 0 0 0 0 1 1
19 29 0 1 0 1 1 1
19 30 1 0 0 0 1 0
19 32 1 1 0 1 0 0
20 9 1 0 0 0 0 0
20 10 1 1 1 0 0 1
20 11 1 0 0 0 0 1
20 12 0 0 0 0 1 1
20 13 0 0 1 1 0 0
20 14 0 0 0 0 1 1
20 15 0 1 1 1 0 0
20 17 1 1 0 1 0 0
20 19 0 0 1 0 1 0
20 20 1 0 0 1 0 1
20 21 0 0 0 0 1 1
20 22 0 0 1 1 1 1
20 25 0 1 0 1 0 0
20 26 1 1 0 1 1 0
20 27 1 0 0 0 1 0
20 28 1 0 0 0 1 0
20 29 1 1 0 1 0 0
21 2 1 0 0 0 1 0
21 3 0 0 0 1 1 0
21 4 1 1 1 0 0 1
21 5 0 1 0 0 0 0
21 6 0 1 0 0 0 0
21 7 0 1 0 0 0 0
21 8 0 1 0 0 0 0
21 9 0 1 0 0 0 0
21 10 1 0 1 1 0 1
21 11 0 1 0 1 1 0
21 12 0 0 0 0 1 1
21 13 0 1 1 1 0 0
21 15 1 0 0 0 1 0
21 16 0 0 1 1 0 1
21 17 1 0 0 0 0 1
21 19 1 0 0 0 1 0
21 20 1 1 0 1 1 0
21 22 1 1 1 0 0 1
21 23 1 0 0 0 0 1
21 24 1 0 0 0 1 0
21 25 1 1 0 1 1 0
21 26 0 0 1 1 1 0
21 27 1 1 0 1 1 0
22 2 1 0 0 0 1 0
22 3 0 0 0 1 1 0
22 4 1 1 1 0 0 1
22 5 0 1 0 0 0 0
22 6 0 1 0 0 0 0
22 7 0 1 0 0 0 0
22 8 0 1 0 0 0 0
22 9 0 1 0 0 0 0
22 10 0 1 0 0 0 0
22 11 0 1 0 0 0 0
22 12 1 1 1 0 0 1
22 13 1 0 0 0 0 1
22 14 0 0 0 0 1 1
22 15 0 0 1 1 0 0
22 16 0 0 0 0 1 1
22 17 0 1 1 1 0 0
22 19 1 1 0 1 0 0
22 21 0 0 1 0 1 0
22 22 1 0 0 1 0 1
22 23 0 0 0 0 1 1
22 24 0 0 1 1 1 1
22 26 1 0 0 0 0 0
22 27 1 0 0 0 1 0
23 2 1 1 0 0 1 0
23 3 1 0 0 1 0 0
23 4 1 1 1 0 0 1
23 5 0 1 0 0 0 0
23 6 0 1 0 0 0 0
23 7 0 1 0 0 0 0
23 8 0 1 0 0 0 0
23 9 0 1 0 0 0 0
23 10 0 1 0 0 0 0
23 11 1 1 1 0 0 1
23 12 1 0 0 0 0 1
23 13 1 0 0 0 1 0
23 14 1 1 0 1 1 0
23 15 0 0 1 1 1 0
23 16 1 1 0 1 1 0
23 18 1 1 0 1 0 0
23 20 0 0 1 0 1 0
23 21 1 0 0 1 0 1
23 22 0 0 0 0 1 1
23 23 0 0 1 1 1 1
23 25 1 0 0 0 0 0
23 26 0 0 0 0 1 1
23 27 0 1 0 1 1 1
24 2 1 0 0 1 0 0
24 3 1 0 0 1 0 0
24 4 1 1 1 0 0 1
24 5 0 1 0 0 0 0
24 6 0 1 0 0 0 0
24 7 0 1 0 0 0 0
24 8 0 1 0 0 0 0
24 9 1 0 1 1 0 1
24 10 0 1 0 1 1 0
24 11 0 0 0 0 1 1
24 12 0 1 1 1 0 0
24 14 1 0 0 0 1 0
24 15 0 0 1 1 0 1
24 16 1 0 0 0 0 1
24 18 1 1 0 1 0 0
24 20 0 0 1 0 1 0
24 21 1 0 0 1 0 1
24 22 0 0 0 0 1 1
24 23 0 0 1 1 1 1
24 25 1 0 0 0 0 0
24 26 0 0 1 1 1 1
24 27 1 0 0 0 1 1
25 7 0 0 1 1 0 0
25 8 0 0 1 1 1 1
25 9 1 0 0 1 1 0
25 11 1 1 0 1 0 0
25 13 0 1 0 0 0 1
25 14 1 0 0 1 1 0
25 15 0 1 1 1 1 1
25 16 0 1 1 1 0 0
25 18 0 0 1 0 1 0
25 19 1 0 0 1 0 1
25 20 0 0 0 0 1 1
25 21 0 0 1 1 1 1
25 24 0 1 0 1 0 0
25 25 1 1 0 1 1 0
25 26 0 0 0 0 1 1
25 27 0 1 0 1 1 1
25 28 1 0 0 0 1 0
25 29 1 1 0 1 0 0
26 2 0 1 0 1 0 0
26 3 1 0 0 1 0 0
26 4 1 1 1 0 0 1
26 5 0 1 0 0 0 0
26 6 0 1 0 0 0 0
26 7 0 1 0 0 0 0
26 8 0 1 0 0 0 0
26 9 1 0 0 0 1 0
26 10 0 0 0 1 1 1
26 11 0 0 1 1 0 1
26 12 1 1 0 1 1 1
26 14 1 1 0 1 0 0
26 16 0 1 1 0 1 1
26 17 0 0 0 1 0 1
26 18 0 0 1 1 0 0
26 19 0 0 0 1 0 1
26 21 0 0 1 0 1 1
26 22 1 1 0 1 1 1
26 23 0 0 0 0 1 1
26 24 1 0 0 0 1 0
26 26 1 0 0 0 1 0
26 27 1 1 0 1 1 0
27 2 0 0 0 0 1 0
27 3 1 1 1 0 0 1
