-0.10
31 51 79 100 130 151 183 204 234 256 287 308 338 359 390 411 442 463 495 515 546 567 598 618 650 671 702 723 754 775 804 827 858 878 909 931 961 982 1013 1034 1065 1086 1117 1138 1169 1190 1221 1243 1273 1294 1325 1345 1376 1397 1428 1449 1480 1502 1532 1553 1584 1605 1632 1652
26 46 66 104 126 147 185 205 225 270 292 313 353 375 396 436 457 479 520 542 562 602 624 645 686 707 728 768 789 810 851 873 894 934 956 977 1017 1039 1059 1100 1121 1142 1184 1206 1226 1265 1287 1309 1349 1371 1392 1433 1454 1475 1516 1537 1559 1599 1620 1641 1682 1703 1724 1765 1787 1807 1848 1870 1891 1931 1952 1973 2014 2036 2058 2098 2119 2141 2182 2202 2224 2265 2285 2305
2 12 1 1 0 0 0 0
2 13 1 0 0 1 0 1
2 14 1 1 0 0 1 0
2 15 1 0 0 0 1 0
2 17 1 0 0 0 1 1
2 18 1 0 1 0 1 0
2 19 1 0 1 1 0 0
2 20 1 0 0 0 0 1
4 4 0 1 0 1 1 1
4 6 1 1 0 1 1 0
4 7 1 1 0 0 0 1
4 8 0 1 0 1 0 0
4 9 1 1 0 0 0 0
4 10 1 0 1 0 0 1
4 12 0 1 1 1 1 0
4 13 0 1 0 1 0 0
4 14 1 1 0 1 1 0
4 15 0 1 1 0 1 0
4 17 1 0 1 0 0 0
4 18 1 1 1 1 0 1
4 19 1 1 0 1 1 0
4 20 1 0 1 0 1 0
4 22 1 0 1 1 0 0
4 23 0 1 1 0 0 1
4 24 0 1 0 1 1 0
4 25 0 0 1 0 1 1
4 27 1 1 1 0 0 1
4 28 0 1 1 0 0 0
4 29 1 0 1 1 0 0
4 30 0 1 0 0 0 1
5 2 0 1 1 1 1 0
5 3 0 1 0 1 1 1
5 4 1 0 1 1 1 0
5 5 0 0 1 0 1 0
5 6 1 1 0 0 1 0
5 7 0 1 1 1 1 1
5 9 0 0 1 1 0 0
5 10 1 1 0 1 1 1
5 11 1 0 0 0 1 0
5 12 0 1 1 0 0 0
5 14 1 0 0 1 1 0
5 16 1 1 0 1 1 0
5 17 0 0 1 1 1 0
5 18 1 1 0 0 1 0
5 19 0 1 1 1 1 1
5 21 0 0 1 1 0 0
5 22 0 1 1 0 0 0
5 23 1 1 1 0 0 0
5 24 1 0 1 1 0 1
5 25 0 0 0 0 1 0
5 27 1 1 1 1 0 0
5 28 0 1 1 1 0 1
5 29 1 1 0 0 1 0
5 30 0 1 0 0 0 1
6 2 1 0 1 0 0 0
6 3 1 1 1 1 0 1
6 4 1 1 0 1 1 0
6 5 1 0 1 0 1 0
6 7 1 0 1 1 0 0
6 8 0 1 1 0 0 1
6 9 0 1 0 1 1 0
6 10 0 0 1 0 1 1
6 12 0 1 0 1 0 0
6 13 1 0 0 0 0 0
6 14 1 1 1 0 0 0
6 15 0 0 1 1 1 0
6 17 1 1 1 0 0 1
6 18 0 1 1 0 0 0
6 19 1 0 1 1 0 0
6 20 0 1 0 0 0 1
6 22 0 1 0 1 1 0
6 23 0 0 1 0 1 1
6 24 1 1 1 1 0 1
6 26 1 0 1 0 1 1
6 27 1 0 0 0 0 0
6 28 1 1 0 1 1 0
6 29 0 1 0 0 0 1
7 2 1 0 1 0 0 0
7 3 0 1 1 0 1 0
7 4 1 0 0 0 1 1
7 5 0 1 1 0 0 0
7 7 1 0 0 1 1 0
7 9 1 0 1 0 0 0
7 10 1 1 1 1 0 1
7 11 1 0 1 1 0 0
7 12 1 0 0 1 0 1
7 14 0 0 1 1 0 0
7 15 1 1 1 0 0 1
7 16 1 0 1 0 0 0
7 17 0 1 0 1 0 1
7 18 0 0 0 0 1 0
7 20 1 0 1 0 1 1
7 21 0 0 1 1 1 1
7 22 1 0 1 0 0 0
7 23 1 0 1 1 0 1
7 25 1 0 1 1 0 0
7 26 0 1 1 0 0 1
7 27 0 1 0 1 1 0
7 28 0 0 1 0 1 1
7 30 0 1 0 1 0 0
7 31 1 0 0 0 0 0
8 2 0 0 1 0 0 1
8 3 1 1 1 0 0 0
8 4 0 0 1 1 1 0
8 6 1 1 1 0 0 1
8 7 0 1 1 0 0 0
8 8 1 0 1 1 0 0
8 9 0 1 0 0 0 1
8 11 0 1 0 1 1 0
8 12 0 0 1 0 1 1
8 13 1 1 1 1 0 1
8 15 1 0 0 1 1 0
8 17 0 0 1 1 0 0
8 18 0 0 1 1 1 1
8 19 0 1 1 1 1 0
8 20 0 1 0 1 0 0
8 22 0 1 1 1 0 0
8 23 1 0 1 0 0 1
8 24 0 0 1 1 0 0
8 25 0 1 1 0 0 0
8 26 0 0 0 0 1 0
8 28 0 1 1 1 1 0
8 29 0 1 0 1 1 1
8 30 1 0 0 1 1 0
8 31 0 1 0 0 1 1
9 2 1 0 1 1 0 0
9 3 0 1 1 0 0 1
9 4 0 1 0 1 1 0
9 5 0 0 1 0 1 1
9 7 0 1 0 1 0 0
9 8 1 0 0 0 0 0
9 9 1 1 1 0 0 0
9 10 0 0 1 1 1 0
9 12 1 1 1 0 0 1
9 13 0 1 1 0 0 0
9 14 1 0 1 1 0 0
9 15 0 1 0 0 0 1
9 17 1 0 0 0 1 1
9 18 0 1 1 0 0 0
9 19 1 0 0 0 1 0
9 21 1 1 0 1 0 0
9 22 0 0 1 0 1 0
9 23 0 0 1 1 0 0
9 24 1 1 1 0 0 1
9 25 0 0 0 0 1 0
9 27 0 0 1 1 0 0
9 28 0 1 0 0 1 1
9 29 1 1 0 1 1 0
9 30 1 0 1 0 1 0
10 2 1 0 0 1 0 0
10 3 1 1 1 0 0 1
10 4 1 1 0 1 1 0
10 5 0 1 0 1 0 0
10 6 0 1 0 1 1 0
10 7 0 0 1 0 1 1
10 9 1 1 1 0 0 0
10 10 1 0 0 1 0 1
10 11 1 1 0 0 1 0
10 12 0 1 0 0 0 1
10 13 1 1 0 0 1 0
10 14 0 1 0 1 1 1
10 16 1 0 1 1 0 0
10 17 0 1 1 0 0 1
10 18 0 1 0 1 1 0
10 19 0 0 1 0 1 1
10 21 1 1 1 0 0 1
10 22 0 1 1 0 0 0
10 23 1 0 1 1 0 0
10 24 0 1 0 0 0 1
10 26 0 0 1 1 0 0
10 27 0 0 1 0 0 0
10 28 1 0 0 1 1 0
10 29 0 1 1 0 1 0
11 2 0 0 1 1 0 0
11 3 0 1 0 0 1 1
11 4 1 1 0 0 1 0
11 5 1 1 0 0 0 1
11 7 0 0 1 1 0 1
11 8 0 1 0 0 0 0
11 10 0 0 1 1 1 1
11 11 1 1 0 0 0 0
11 12 0 1 0 1 1 0
11 13 1 0 0 0 0 0
11 14 1 1 0 0 0 0
11 15 1 0 1 1 1 0
11 16 1 0 0 1 0 1
11 18 0 0 1 1 1 1
11 19 1 1 0 1 0 0
11 20 0 0 1 0 0 1
11 21 0 1 1 1 1 1
11 22 0 1 1 0 0 0
11 24 1 0 1 0 1 1
11 25 1 0 1 0 0 1
11 26 0 0 1 1 0 0
11 27 1 0 0 0 0 0
11 29 1 0 1 0 0 0
11 30 1 1 1 1 0 1
12 2 0 0 1 0 0 1
12 3 1 1 0 1 1 0
12 4 1 0 1 0 1 0
12 6 1 1 0 0 0 0
12 7 1 0 1 0 0 1
12 8 1 1 0 1 0 0
12 9 0 0 1 0 1 1
12 11 1 1 0 1 1 0
12 12 0 1 1 0 1 0
12 13 1 0 0 1 1 0
12 14 0 0 1 1 1 1
12 16 0 0 1 1 0 0
12 17 0 1 0 0 1 1
12 18 0 1 0 1 0 0
12 19 1 0 0 0 0 0
12 21 1 1 1 1 0 1
12 22 0 1 1 0 0 0
12 23 1 1 0 0 1 0
12 24 0 0 1 1 1 0
12 25 0 0 0 1 0 0
12 27 1 0 1 1 0 0
12 28 0 1 1 0 0 1
12 29 0 1 0 1 1 0
12 30 0 0 1 0 1 1
13 2 1 1 1 0 0 1
13 3 0 1 1 0 0 0
13 4 1 0 1 1 0 0
13 5 0 1 0 0 0 1
13 7 0 0 1 1 0 0
13 8 0 1 0 0 1 1
13 9 0 0 1 1 0 0
13 10 1 1 0 1 1 1
13 12 1 1 0 0 1 0
13 13 0 1 1 1 1 1
13 14 1 1 0 0 1 0
13 15 0 0 1 1 1 0
13 17 1 1 0 1 1 0
13 18 0 1 0 1 0 0
13 20 0 0 1 1 0 0
13 21 0 1 0 0 1 1
13 22 0 1 0 1 0 0
13 23 1 0 0 0 0 0
13 25 0 1 0 1 0 0
13 26 1 0 0 0 0 0
13 27 1 1 1 0 0 0
13 28 0 0 1 1 1 0
13 30 1 1 0 1 1 0
13 31 0 1 0 1 0 0
14 2 0 0 1 0 0 1
14 3 1 1 0 1 1 0
14 4 1 1 1 0 1 1
14 6 1 0 0 1 1 0
14 8 0 0 1 1 0 0
14 9 1 1 0 1 1 1
14 10 1 1 0 1 1 0
14 11 1 1 0 1 0 1
14 13 1 1 0 1 1 0
14 14 1 1 0 0 0 1
14 15 1 1 0 0 1 0
14 16 1 0 0 0 0 1
14 18 1 1 0 1 1 0
14 19 0 0 1 1 1 0
14 20 1 0 0 1 0 0
14 21 0 1 0 1 0 1
14 23 1 1 0 0 0 0
14 24 1 0 0 1 0 1
14 25 1 1 0 0 1 0
14 26 1 0 0 0 1 0
14 28 1 1 0 1 1 0
14 29 0 1 0 0 1 1
15 2 0 0 1 0 0 1
15 3 1 0 1 0 1 1
15 4 1 0 1 0 1 0
15 5 0 0 0 0 1 0
15 7 1 1 0 0 0 0
15 8 1 0 0 0 0 1
15 10 0 0 1 1 0 1
15 11 0 1 0 0 0 0
15 13 0 0 1 1 1 1
15 14 1 1 0 0 0 0
15 15 0 1 0 1 1 0
15 16 1 0 0 0 0 0
15 17 1 0 0 1 0 0
15 18 1 0 1 1 1 0
15 19 1 0 0 1 0 1
15 21 0 0 1 1 1 1
15 22 1 0 0 0 1 0
15 23 0 0 1 0 0 1
15 24 0 1 1 1 1 1
15 25 0 1 1 0 0 0
15 27 1 1 0 1 1 1
15 28 1 1 1 1 1 0
15 29 0 0 1 1 1 1
15 30 1 1 1 0 0 0
15 31 0 1 0 0 0 1
16 2 1 1 0 1 1 0
16 3 0 0 1 1 1 0
16 4 1 0 0 1 0 0
16 5 0 1 0 1 0 1
16 7 1 0 0 1 1 0
16 9 1 0 0 0 1 1
16 10 0 0 1 0 1 1
16 11 1 0 0 1 1 0
16 12 1 0 0 0 0 1
16 14 1 1 0 1 1 0
16 15 0 1 0 0 1 1
16 16 1 0 1 0 1 1
16 17 1 0 1 0 1 0
16 18 0 0 0 0 1 0
16 19 0 1 1 0 0 0
17 4 1 1 0 0 0 0
17 5 0 0 1 0 1 1
17 7 1 1 0 1 1 0
17 8 0 0 1 1 1 0
17 9 1 0 0 1 0 0
17 10 0 1 0 1 0 1
17 12 0 1 0 1 0 0
17 13 0 0 1 0 0 0
17 15 1 1 0 0 1 0
17 16 0 1 1 1 1 1
17 17 1 0 0 0 1 1
17 18 0 0 1 1 1 1
17 20 0 1 0 1 1 1
17 22 0 0 1 1 0 0
17 23 0 1 0 0 1 1
17 24 1 1 0 0 1 0
17 25 1 1 0 0 0 1
17 26 0 0 0 0 1 0
17 28 0 1 0 1 0 0
17 29 0 0 1 0 0 0
18 2 0 0 0 1 1 0
18 3 0 1 1 1 0 0
18 4 1 1 1 0 0 1
18 5 1 1 0 1 1 0
18 6 0 1 0 1 0 0
18 7 1 0 0 0 0 0
18 8 0 0 0 1 1 0
18 10 0 0 0 0 1 1
18 11 0 0 1 0 0 0
18 12 1 1 0 1 1 0
18 13 0 1 0 1 0 0
18 14 1 1 0 0 0 0
18 15 0 0 1 0 1 1
18 17 0 0 1 1 0 0
18 18 1 0 0 0 0 0
18 19 1 0 0 0 1 1
18 20 0 0 0 1 0 0
18 22 1 1 0 1 1 0
18 23 0 1 0 1 0 0
18 24 1 1 0 0 0 0
18 25 0 0 1 0 1 1
18 27 1 1 1 0 0 0
18 28 0 1 0 1 0 0
18 29 1 1 1 0 0 0
18 30 0 1 0 0 1 0
18 31 0 0 0 1 0 0
19 2 1 1 0 1 1 0
19 3 0 1 0 1 0 0
19 4 1 1 0 0 0 0
19 5 0 0 1 0 1 1
19 7 1 1 0 1 1 0
19 8 0 1 0 1 0 0
19 9 1 0 1 1 1 0
19 10 0 0 1 1 1 1
19 11 0 0 0 0 0 1
19 12 0 1 1 0 0 0
19 14 0 1 0 1 1 1
19 16 1 1 0 1 1 0
19 17 0 0 1 0 1 1
19 18 1 1 0 0 0 0
19 19 0 0 1 0 1 1
19 20 0 0 0 0 1 0
19 22 1 0 1 0 1 1
19 23 0 1 0 1 0 1
19 25 0 0 1 1 0 0
19 26 1 0 1 0 0 1
19 27 0 0 1 1 0 0
19 28 0 1 0 0 1 1
19 30 1 1 0 1 1 0
19 31 0 0 1 1 1 0
20 2 0 0 1 0 0 1
20 3 1 0 0 1 0 0
20 4 0 1 0 1 0 1
20 6 1 0 1 0 0 0
20 7 0 1 0 0 0 1
20 8 1 1 0 0 1 0
20 9 0 1 1 1 1 1
20 10 1 1 0 0 1 0
20 11 1 0 0 0 0 1
20 13 1 1 0 0 1 0
20 14 0 1 0 0 0 1
20 16 1 1 0 0 1 0
20 17 0 1 0 1 0 0
20 18 0 1 1 1 1 0
20 19 0 1 0 0 1 1
20 20 1 1 0 0 1 0
20 21 1 0 0 0 0 1
20 23 1 0 0 1 1 0
20 25 1 1 0 1 1 0
20 26 0 1 0 1 0 0
20 27 1 1 1 1 1 0
20 28 1 0 1 0 0 1
21 2 1 0 0 0 1 1
21 3 0 1 1 0 0 1
21 4 0 0 0 0 1 0
21 6 1 1 0 1 1 0
21 7 1 0 0 1 0 1
21 8 1 1 0 1 1 0
21 9 1 0 1 0 0 1
21 11 1 0 1 1 0 0
21 12 0 1 1 0 0 1
21 13 0 1 0 1 1 0
21 14 0 0 1 0 1 1
21 16 1 1 1 0 0 1
21 17 0 1 1 0 0 0
21 18 1 0 1 1 0 0
21 19 0 1 0 0 0 1
21 21 0 1 1 1 1 0
21 22 0 1 0 1 1 1
21 23 1 0 1 1 1 0
21 24 0 0 1 0 1 0
21 25 1 1 0 0 1 0
21 26 0 1 1 1 1 1
21 28 0 0 1 1 0 0
21 29 1 1 0 1 1 1
21 30 1 0 0 0 1 0
21 31 0 1 1 0 0 0
22 2 1 1 0 1 1 0
22 3 0 0 1 1 1 0
22 4 0 0 1 1 0 1
22 5 0 1 1 0 0 0
22 7 1 0 0 1 1 0
22 9 1 1 0 0 1 0
22 10 1 0 0 1 0 1
22 11 0 0 1 1 0 0
22 12 0 1 1 0 1 1
22 13 0 0 0 0 1 0
22 15 1 1 0 1 1 0
22 16 0 0 1 1 1 1
22 18 0 0 1 1 0 0
22 19 1 0 1 0 0 1
22 20 0 0 1 1 0 0
22 21 0 1 0 0 1 1
22 23 1 0 0 0 1 1
22 24 0 1 0 0 0 0
22 25 1 0 0 1 1 1
22 26 0 1 1 0 0 0
22 27 1 1 0 0 1 0
22 28 1 0 0 0 0 1
22 30 1 1 0 0 1 0
22 31 0 1 0 0 0 0
23 2 1 0 0 1 0 0
23 3 0 1 1 0 1 0
23 4 1 0 1 0 1 1
23 5 1 0 1 0 1 0
23 6 1 1 0 0 1 0
23 7 1 0 0 0 0 1
23 8 0 0 0 0 1 0
23 9 0 1 1 0 0 0
23 10 1 1 0 1 1 0
23 11 0 1 0 1 0 1
23 12 1 1 1 0 0 0
23 13 0 1 0 0 1 0
23 15 1 1 0 0 0 0
23 16 1 0 1 0 0 1
23 17 1 1 0 1 0 0
23 18 0 0 1 0 1 1
23 19 0 0 0 0 1 0
23 21 1 1 0 1 1 0
23 22 0 0 1 1 1 1
23 23 0 1 0 1 1 1
23 25 1 1 0 0 1 0
23 26 0 1 0 1 0 0
23 27 0 1 1 1 1 0
23 28 0 1 0 0 1 1
24 2 1 0 0 1 1 0
24 3 0 1 0 0 0 1
24 4 0 0 0 1 0 0
24 6 1 0 1 0 0 0
24 7 0 1 0 0 0 1
24 8 1 1 0 0 1 0
24 9 0 1 1 1 1 1
24 11 1 0 0 1 1 0
24 12 0 1 0 0 0 1
24 14 1 1 1 1 1 0
24 15 1 1 1 0 0 1
24 16 1 0 0 0 1 1
24 17 1 0 1 0 0 1
24 18 1 1 1 0 0 0
24 19 0 1 0 0 0 1
24 21 1 1 1 0 0 1
24 22 0 1 1 0 0 0
24 23 1 0 1 1 0 0
24 24 0 1 0 0 0 1
24 26 0 1 1 1 1 0
24 27 0 1 0 1 1 1
24 28 1 0 1 1 1 0
24 29 0 0 1 0 1 0
24 31 1 0 0 1 1 0
25 2 0 0 1 1 0 0
25 3 0 1 1 0 0 0
25 4 1 1 1 0 0 0
25 5 0 0 1 1 1 0
25 7 1 0 1 0 1 1
25 8 1 0 1 0 1 0
25 9 1 0 0 1 1 1
25 10 0 0 0 0 1 1
25 12 1 1 0 1 1 0
25 13 1 0 0 0 0 1
25 14 1 1 0 1 1 0
25 15 1 0 0 1 0 1
25 16 0 0 1 0 0 0
25 17 1 1 1 0 0 0
25 18 0 1 0 0 0 1
25 20 1 0 0 0 1 1
25 21 1 1 1 0 1 1
25 22 1 1 0 1 0 0
25 23 0 0 1 0 1 0
25 25 1 1 1 0 0 0
25 26 1 1 0 0 0 1
25 27 1 1 1 1 1 0
25 28 0 1 1 0 1 1
25 30 1 0 0 0 0 1
25 31 0 1 1 0 0 0
26 2 0 0 1 0 0 1
26 3 1 0 0 1 1 1
26 5 1 1 0 0 0 0
26 6 1 0 1 0 0 1
26 7 1 1 0 1 0 0
26 8 0 0 1 0 1 1
26 9 0 0 0 0 1 0
26 11 1 1 0 1 0 0
26 12 0 0 1 1 1 1
26 13 1 1 0 1 0 0
26 14 1 0 1 0 0 1
26 15 1 1 1 0 0 0
26 16 0 1 0 0 0 1
26 18 1 1 1 0 0 1
26 19 0 1 1 0 0 0
26 20 1 0 1 1 0 0
26 21 0 1 0 0 0 1
26 23 1 0 0 1 1 0
26 25 1 0 0 0 1 1
26 26 0 1 1 0 0 0
26 27 1 0 0 0 0 1
26 28 0 1 1 0 0 0
26 29 0 0 1 1 0 0
26 30 0 0 1 1 1 1
26 31 0 0 0 1 0 0
27 29 0 0 0 0 0 1
27 30 0 1 0 1 0 0
27 31 1 0 1 1 0 1
