-0.10
38 59 90 110 143 162 193 215 246 267 298 318 350 370 401 422 453 474 505 525 556 577 608 630 660 681 712 733 765 785 816 837 868 889 920 940 972 993 1024 1044 1076 1096 1128 1148 1179 1200 1231 1252 1283 1304 1335 1356 1387 1408 1439 1459 1491 1511 1542 1564 1595 1615 1646 1666
56 77 98 138 159 181 221 243 264 304 326 347 386 407 429 469 490 511 552 573 594 634 656 677 717 739 760 800 820 842 884 905 926 966 987 1009 1049 1070 1092 1131 1153 1174 1215 1237 1258 1298 1319 1341 1381 1403 1423 1464 1485 1507 1548 1570 1590 1629 1651 1672 1713 1734 1756 1796 1817 1839 1880 1901 1922 1963 1984 2005 2045 2067 2089 2130 2151 2173 2213 2234 2255
2 4 1 0 0 0 1 0
2 5 0 1 0 1 1 0
2 6 1 0 1 1 0 1
2 7 0 1 0 1 1 0
2 9 1 1 1 0 1 0
2 10 1 1 1 0 0 1
2 11 1 1 0 1 1 0
2 13 0 1 1 0 0 0
2 14 1 0 1 1 0 1
2 15 0 1 0 1 1 0
2 16 0 0 0 0 1 1
2 17 0 1 1 1 0 0
2 19 1 0 0 0 1 0
2 20 0 0 1 1 0 1
2 21 1 0 0 0 0 1
2 23 0 0 1 0 1 0
2 24 0 1 0 1 1 0
2 26 1 1 1 0 0 1
2 27 1 0 0 0 0 1
2 28 1 0 0 0 1 0
2 29 1 1 0 1 1 0
2 30 0 0 1 1 1 0
2 31 1 1 0 1 1 0
3 4 1 0 0 0 1 0
3 5 1 1 0 1 1 0
3 7 0 0 1 1 0 0
3 8 0 0 1 1 1 1
3 9 1 0 0 1 1 0
3 11 1 1 0 1 0 0
3 13 0 1 0 0 0 1
3 14 1 0 0 1 1 0
3 15 0 1 1 1 1 1
3 16 0 1 1 1 0 0
3 18 0 0 1 0 1 0
3 19 1 0 0 1 0 1
3 20 0 0 0 0 1 1
3 21 0 0 1 1 1 1
3 23 0 0 1 0 1 0
3 24 0 0 0 1 1 1
3 25 0 0 1 1 0 1
3 26 0 1 1 1 0 0
3 27 0 1 0 0 1 0
3 28 0 0 0 1 1 1
3 30 0 0 1 0 1 0
3 31 1 1 0 1 0 0
4 4 0 1 0 0 0 0
4 5 0 1 1 0 0 1
4 6 1 0 0 1 1 0
4 7 0 0 1 1 0 1
4 8 0 0 0 1 1 0
4 10 0 1 0 0 0 1
4 11 1 0 0 1 1 0
4 12 0 1 1 1 1 1
4 13 0 1 1 1 0 0
4 14 0 0 0 0 1 1
4 15 0 1 0 0 0 0
4 16 1 0 0 0 1 0
4 17 0 0 0 1 1 1
4 18 0 0 1 1 0 1
4 19 1 1 0 1 1 1
4 21 1 1 0 1 0 0
4 23 0 1 1 0 1 1
4 24 0 0 0 1 0 1
4 25 0 0 1 1 0 0
4 26 0 0 0 1 0 1
4 28 0 0 1 0 1 1
4 29 1 1 0 1 1 1
4 30 0 0 0 0 1 1
4 31 1 0 0 0 1 0
5 2 1 0 0 0 1 0
5 3 0 1 0 1 1 0
5 4 0 0 0 0 1 0
5 5 0 1 1 1 0 0
5 7 0 1 0 0 0 1
5 8 1 0 0 1 1 0
5 9 0 1 1 1 1 1
5 10 0 1 1 1 0 0
5 12 1 1 0 0 0 1
5 13 1 1 0 1 0 0
5 14 1 0 1 1 0 1
5 15 0 0 0 1 0 1
5 17 0 1 0 0 0 0
5 18 1 0 1 1 0 0
5 19 1 1 0 1 0 1
5 20 1 0 1 0 1 0
5 21 1 1 0 1 1 0
5 23 0 1 0 0 0 1
5 24 1 0 0 1 1 0
5 25 0 1 1 1 1 1
5 26 0 1 1 1 0 0
5 28 0 0 1 1 1 1
5 29 1 0 0 1 1 0
5 30 1 1 1 0 1 0
5 31 1 1 0 1 1 0
6 3 0 1 1 1 1 1
6 4 0 1 1 1 0 0
6 6 1 0 1 0 1 1
6 7 0 0 0 1 1 1
6 8 0 0 1 0 1 0
6 9 0 1 0 1 1 0
6 10 0 0 1 1 0 1
6 11 1 0 0 1 1 0
6 13 0 1 1 0 0 1
6 14 1 0 0 1 1 0
6 15 0 0 1 1 0 1
6 16 0 0 0 1 1 0
6 18 0 0 1 0 1 0
6 19 0 0 0 1 1 1
6 20 0 0 1 1 0 1
6 21 1 0 0 1 1 0
6 22 1 1 1 0 0 1
6 23 1 0 0 1 1 0
6 25 0 0 1 1 0 0
6 26 0 0 0 1 1 0
6 28 0 1 0 0 0 0
6 29 1 1 1 1 0 0
6 30 0 0 0 0 1 1
6 31 0 0 1 1 0 0
7 2 0 0 1 1 0 1
7 3 0 1 1 1 0 0
7 4 1 1 0 0 0 1
7 5 0 0 0 1 1 0
7 7 0 1 0 0 0 0
7 8 0 1 1 0 0 1
7 9 1 0 0 1 1 0
7 10 0 0 1 1 0 1
7 11 0 0 0 1 1 0
7 13 1 0 0 0 1 0
7 14 0 1 0 1 1 0
7 15 1 0 1 1 0 0
7 16 0 0 0 1 1 1
7 18 0 1 0 0 0 1
7 19 1 0 0 1 1 0
7 20 0 1 1 1 1 1
7 21 0 1 1 1 0 0
7 22 0 0 0 0 1 1
7 23 0 1 0 0 0 0
7 24 0 1 1 0 1 0
7 25 1 1 0 0 1 0
7 26 1 0 1 0 1 1
7 27 1 1 0 1 0 1
7 29 0 1 0 0 0 1
7 30 1 0 0 1 1 0
7 31 0 0 1 0 0 1
8 2 1 1 0 1 0 0
8 4 1 0 1 0 1 0
8 5 1 0 0 1 0 0
8 6 1 1 0 0 0 1
8 7 1 1 0 1 1 0
8 9 0 0 1 0 1 0
8 10 0 0 0 1 1 1
8 11 0 0 1 1 0 1
8 12 1 1 0 1 1 1
8 13 0 0 1 1 0 1
8 14 1 1 0 0 1 1
8 16 0 1 0 0 0 0
8 17 0 0 1 1 0 0
8 18 1 0 0 1 0 1
8 19 0 1 1 0 0 1
8 20 1 0 0 1 1 0
8 22 0 0 0 0 1 1
8 23 1 0 0 1 0 0
8 24 1 1 1 0 0 1
8 25 1 0 0 1 0 0
8 27 0 1 0 0 0 0
8 28 1 0 0 0 1 0
8 29 0 1 0 1 1 0
8 30 0 0 1 1 0 0
8 31 0 0 0 1 0 1
9 2 0 1 0 1 0 0
9 3 1 1 0 1 1 0
9 5 0 1 1 0 1 0
9 6 1 0 0 0 0 1
9 7 0 1 0 1 0 1
9 8 1 0 0 0 0 1
9 10 0 1 1 0 0 1
9 11 1 0 0 1 1 0
9 12 0 0 1 1 0 1
9 13 0 0 0 1 1 0
9 15 0 1 1 0 1 0
9 16 1 1 0 1 1 0
9 17 1 0 1 1 0 0
9 18 0 0 0 1 1 1
9 20 0 0 1 0 1 0
9 21 1 0 0 1 0 1
9 22 0 0 0 0 1 1
9 23 0 0 1 1 1 1
9 24 0 0 0 0 1 1
9 25 0 1 0 0 0 0
9 26 0 0 1 1 0 0
9 27 0 1 0 1 1 0
9 28 0 0 0 0 1 1
9 29 1 1 1 1 0 0
9 30 0 0 0 0 1 0
9 31 0 1 1 1 0 0
10 3 0 1 0 0 0 1
10 4 0 0 0 1 1 0
10 6 0 0 1 0 1 0
10 7 0 1 0 1 1 0
10 9 0 1 1 0 1 0
10 10 1 1 0 1 1 0
10 11 1 0 1 0 1 1
10 12 1 1 0 1 0 1
10 14 0 0 1 1 1 0
10 15 0 0 0 1 1 1
10 16 0 1 0 0 1 1
10 17 0 1 1 1 0 0
10 19 1 0 0 0 0 0
10 20 0 0 1 1 0 0
10 21 1 1 0 1 1 0
10 22 0 0 1 1 1 0
10 23 1 1 0 1 1 0
10 24 0 0 0 0 1 1
10 25 1 0 0 0 1 0
10 27 0 0 1 0 1 0
10 28 0 0 0 1 1 1
10 29 0 1 0 0 1 1
10 30 0 1 1 1 0 0
10 31 0 0 1 0 0 1
11 12 0 0 0 0 1 1
11 13 0 1 0 0 0 0
11 14 0 1 0 0 0 1
11 15 1 0 0 1 1 0
11 16 0 0 1 0 1 1
11 17 1 0 0 1 1 0
11 19 1 0 0 0 1 0
11 20 0 1 0 1 1 0
11 21 1 0 1 1 0 0
11 22 0 0 0 1 1 1
11 24 1 1 0 1 0 0
11 26 0 0 0 0 0 1
11 27 0 0 1 1 1 0
11 28 1 1 0 1 1 0
11 29 1 1 1 1 1 0
11 30 1 1 0 1 0 0
11 31 0 0 1 0 0 1
12 2 0 1 0 0 1 1
12 3 1 1 0 1 0 0
12 4 0 0 1 0 1 0
12 5 1 1 0 1 0 0
12 7 0 1 1 0 1 0
12 8 1 0 0 0 0 1
12 10 1 1 1 0 0 1
12 11 1 1 0 1 1 1
12 12 0 1 0 1 0 1
12 13 1 1 0 1 1 0
12 15 0 1 0 1 0 0
12 16 0 1 0 1 1 0
12 17 1 0 1 1 0 0
12 18 0 0 0 1 1 0
12 20 1 0 1 0 1 0
12 21 0 1 1 1 0 1
12 23 1 0 1 0 1 0
12 24 1 0 0 1 0 0
12 25 1 1 0 0 0 1
12 26 1 1 0 1 1 0
12 28 0 1 1 0 0 1
12 29 0 0 0 1 1 0
13 3 0 0 0 1 0 0
13 4 1 0 0 0 1 0
13 5 0 1 1 0 1 0
13 6 1 0 0 0 0 1
13 8 0 0 1 1 0 0
13 9 1 1 0 1 1 0
13 10 1 0 1 0 1 1
13 11 0 0 0 1 1 0
13 13 1 0 0 0 0 0
13 14 1 1 1 0 1 0
13 15 0 1 0 1 1 0
13 16 0 0 1 0 1 0
13 17 0 1 0 1 1 0
13 18 1 0 1 1 0 0
13 19 0 0 0 1 1 1
13 21 0 1 1 0 0 1
13 22 1 1 0 0 1 0
13 23 1 0 0 0 1 0
13 24 1 1 0 1 1 0
13 25 0 0 1 1 1 1
13 26 1 0 0 1 0 0
13 28 0 1 0 1 0 1
13 29 1 1 0 1 1 0
13 30 0 1 1 0 1 0
13 31 1 0 0 0 0 1
14 2 1 0 1 0 1 1
14 3 0 0 0 1 1 0
14 5 1 0 0 0 0 0
14 6 0 0 0 0 1 1
14 7 1 0 1 1 1 1
14 8 1 1 1 0 1 1
14 9 0 1 0 1 1 0
14 10 0 0 1 0 1 0
14 11 0 0 0 1 0 1
14 13 0 0 0 1 0 0
14 14 1 0 0 0 1 0
14 15 0 1 1 0 1 0
14 16 1 0 0 0 0 1
14 18 0 1 0 1 0 1
14 19 1 1 0 1 1 0
14 20 0 1 1 0 1 0
14 21 1 0 0 0 0 1
14 23 1 0 0 0 0 0
14 24 1 1 1 0 1 1
14 25 0 1 0 1 1 0
14 26 0 1 0 0 0 1
14 27 1 1 0 1 0 0
14 29 0 0 0 0 1 1
14 30 1 1 0 0 0 1
14 31 0 0 1 0 0 1
15 2 0 1 1 0 1 0
15 3 1 0 0 0 0 1
15 5 1 0 1 1 0 1
15 6 0 0 0 1 0 1
15 7 0 0 0 0 1 1
15 8 0 1 1 1 0 1
15 10 1 1 1 0 0 1
15 11 0 1 1 1 0 0
15 12 1 0 0 0 1 0
15 13 0 1 0 1 1 0
15 14 0 0 0 0 0 1
15 15 0 0 1 1 1 1
15 16 0 1 1 1 0 0
15 18 1 0 0 0 0 0
15 19 1 1 1 0 1 1
15 20 0 1 0 1 1 0
15 21 0 1 0 0 0 1
15 22 1 1 0 1 0 0
15 24 0 0 1 0 1 0
15 25 0 1 0 1 1 0
15 26 1 0 1 1 0 0
15 27 0 0 0 1 1 1
15 29 0 0 1 1 0 0
15 30 1 1 0 1 1 0
15 31 0 0 1 0 0 1
16 4 0 1 1 0 0 1
16 5 1 1 0 0 1 0
16 6 0 0 1 0 1 1
16 7 1 0 0 1 0 1
16 9 0 0 0 0 1 1
16 10 0 1 1 1 0 0
16 11 0 0 1 1 0 0
16 12 1 1 0 1 1 0
16 13 0 0 1 1 1 1
16 14 1 1 0 1 0 1
16 16 1 1 1 0 0 1
16 17 0 1 1 1 0 0
16 18 0 0 1 1 0 1
16 19 1 0 0 0 1 1
16 20 1 0 1 1 0 1
16 21 1 1 0 1 1 0
16 23 1 0 0 0 0 0
16 24 1 1 0 0 0 1
16 25 0 1 0 1 1 0
16 26 1 1 1 0 1 1
16 27 0 1 0 1 1 0
16 29 1 1 1 1 1 0
16 30 1 0 0 0 0 1
16 31 0 0 1 0 0 1
17 3 1 0 1 1 1 0
17 4 1 1 0 1 1 0
17 5 1 1 1 1 1 0
17 6 1 0 0 0 0 1
17 8 0 0 1 0 1 0
17 9 0 1 0 1 1 0
17 11 0 1 1 0 0 1
17 12 1 0 0 1 0 1
17 13 0 0 1 1 0 1
17 14 0 0 0 1 1 0
17 16 1 1 1 1 1 0
17 17 1 1 0 1 1 0
17 18 0 1 1 1 1 0
17 20 0 0 0 0 1 1
17 21 1 1 1 0 1 0
17 22 0 0 1 1 1 1
17 23 1 1 0 1 0 0
17 25 1 1 1 0 0 1
17 26 1 1 0 1 0 0
17 28 1 1 0 0 0 1
17 29 0 1 0 1 1 0
17 30 1 1 1 0 1 1
17 31 0 1 0 1 1 0
18 2 0 0 1 0 1 0
18 3 1 1 0 1 0 0
18 5 0 1 1 0 1 0
18 6 1 0 0 0 0 1
18 7 0 0 0 0 1 0
18 8 0 1 1 1 1 0
18 10 0 0 0 0 1 1
18 11 0 1 1 1 0 0
18 12 1 1 0 0 0 1
18 13 0 0 0 1 1 0
18 15 0 0 0 0 0 1
18 16 1 0 0 1 0 0
18 18 1 0 1 0 1 0
18 19 0 1 1 1 0 1
18 21 0 1 0 0 0 0
18 22 1 1 0 1 1 1
18 23 0 0 0 1 0 0
18 24 1 0 0 0 0 1
18 26 1 0 0 0 1 0
18 27 0 0 0 1 1 1
18 28 0 1 0 0 0 1
18 29 1 1 0 1 0 0
18 31 1 1 0 1 0 0
19 26 0 0 0 0 1 1
19 27 0 1 0 0 0 0
19 28 0 1 0 1 0 0
19 29 0 1 0 1 1 0
19 30 0 0 1 1 1 1
19 31 1 1 0 1 1 0
20 3 0 0 0 0 0 1
20 4 1 0 1 0 0 1
20 6 1 1 0 1 0 0
20 8 1 1 1 1 1 1
20 9 0 1 0 1 1 0
20 10 0 0 1 1 1 1
20 11 1 0 0 1 1 0
20 12 1 1 1 0 1 0
20 13 1 1 0 1 1 0
20 15 0 0 0 0 0 1
20 16 1 0 0 0 1 0
20 18 0 1 1 1 1 0
20 19 0 0 0 1 0 1
20 20 1 0 0 0 1 0
20 21 0 0 0 1 1 1
20 23 1 0 1 0 1 0
20 24 1 0 0 1 0 0
20 25 1 1 0 0 0 1
20 26 1 1 0 1 1 0
20 28 0 1 1 0 0 1
20 29 0 0 0 1 1 0
21 3 1 0 0 0 0 0
21 4 0 1 1 1 0 0
21 5 0 0 0 1 0 0
21 6 1 0 0 0 0 1
21 8 0 1 1 0 0 1
21 9 0 0 0 1 1 0
21 10 1 0 0 0 1 0
21 11 1 1 0 1 1 0
21 13 1 1 0 1 0 0
21 15 0 1 0 0 0 1
21 16 1 1 0 1 0 1
21 17 1 1 1 0 1 0
21 18 1 1 0 0 1 1
21 20 0 0 1 0 1 0
21 21 1 0 0 1 0 1
21 22 0 0 0 0 1 1
21 23 0 0 1 1 1 1
21 25 1 0 1 1 0 1
21 26 1 1 0 1 1 0
21 28 0 1 0 0 0 0
21 29 0 0 0 0 1 0
21 30 1 0 1 1 0 0
21 31 0 0 1 0 0 1
22 4 1 0 1 0 1 1
22 5 1 1 0 1 1 0
22 7 1 0 1 1 0 0
22 8 0 1 0 1 1 0
22 9 1 1 1 0 0 1
22 10 1 1 0 1 1 1
22 12 1 1 1 0 0 1
22 13 1 1 0 1 0 1
22 14 1 0 0 0 1 0
22 15 1 1 0 1 1 0
22 17 0 1 1 0 0 1
22 18 0 0 0 1 1 0
22 19 1 0 0 0 1 0
22 20 1 1 0 1 1 0
22 22 1 0 0 0 0 0
22 23 0 1 0 0 1 0
22 24 0 0 0 1 1 1
22 25 1 0 0 0 1 0
22 26 0 0 0 1 1 1
22 28 0 1 1 0 0 1
22 29 0 0 0 1 1 0
22 30 1 0 0 0 1 0
22 31 1 1 0 1 1 0
23 2 1 0 1 0 0 1
23 3 0 1 0 1 1 0
23 5 0 1 1 1 1 0
23 6 1 0 1 0 1 0
23 7 0 1 0 1 1 0
23 9 0 1 0 0 0 0
23 10 0 0 1 1 1 0
23 11 0 0 0 0 1 0
23 12 1 0 1 1 1 1
23 14 0 1 1 0 1 0
23 15 1 0 0 0 0 1
23 16 0 0 1 0 1 0
23 17 1 1 0 1 1 0
23 19 1 0 1 0 0 1
23 20 0 0 0 0 1 0
23 21 0 1 1 1 1 0
23 23 0 0 1 1 1 1
23 24 1 1 0 1 0 0
23 25 0 0 0 0 1 1
23 26 0 1 0 0 0 0
23 27 0 0 0 0 0 1
23 28 0 0 1 0 1 0
23 29 1 0 0 0 0 1
23 30 0 0 1 1 0 1
23 31 1 1 0 1 0 0
24 4 0 1 0 0 0 1
24 5 1 1 0 1 0 0
24 6 0 1 1 0 1 1
24 7 1 1 0 1 1 0
24 9 0 1 1 0 1 1
24 10 1 0 0 0 1 0
24 11 0 1 0 1 1 0
24 13 0 0 1 1 1 0
24 14 0 1 0 1 1 0
24 15 0 1 1 0 1 0
24 16 1 0 0 0 0 1
24 18 0 1 0 0 0 0
24 19 0 0 1 1 0 1
24 20 1 1 0 1 1 1
24 22 1 0 0 0 0 1
24 24 0 0 1 1 0 1
24 25 0 1 1 1 0 1
24 26 0 0 1 1 0 1
24 27 0 0 0 1 1 0
24 29 0 1 0 1 0 1
24 30 1 1 0 1 0 0
24 31 0 0 1 0 0 1
25 2 0 1 0 0 0 0
25 3 1 1 1 0 0 1
25 4 1 0 0 0 0 1
25 5 0 0 0 0 0 1
25 6 1 0 0 0 0 1
25 8 0 0 1 1 0 0
25 9 1 0 0 1 1 1
25 10 1 0 0 0 1 0
25 11 1 0 0 1 1 1
25 13 1 0 1 0 0 1
25 14 1 0 0 0 1 0
25 15 1 1 0 1 1 0
25 17 0 1 1 0 1 0
25 18 1 0 0 0 0 1
25 20 1 1 1 1 0 0
25 21 0 0 0 0 0 1
25 22 0 1 1 1 0 0
25 24 1 0 1 0 1 0
25 25 0 1 1 1 0 1
25 27 0 0 0 0 0 1
25 28 0 0 1 0 1 0
25 29 1 0 0 0 0 1
25 30 0 0 1 1 0 1
25 31 1 1 0 1 0 0
26 4 0 1 1 1 1 1
26 5 0 1 0 1 1 0
26 6 0 0 1 1 1 0
26 7 1 1 0 1 1 0
26 9 1 0 1 1 0 0
26 10 0 0 0 1 1 0
26 11 0 0 0 0 0 1
26 12 1 0 0 0 1 0
26 14 0 1 0 0 0 0
26 15 1 0 1 1 0 0
26 16 1 1 0 1 1 0
26 17 0 0 0 0 1 1
26 18 1 0 0 0 1 0
26 20 1 1 1 0 1 0
26 21 1 1 0 1 1 0
26 22 0 1 0 0 1 1
26 23 0 0 0 1 1 0
26 25 0 0 1 1 0 1
26 26 1 1 0 1 1 1
26 27 1 0 0 0 1 0
26 28 1 1 0 0 1 1
26 30 0 0 1 1 0 0
26 31 0 0 0 1 1 0
