0
42 62 91 111 144 163 195 217 248 268 300 323 354 374 404 425 456 475 507 528 560 580 611 631 661 683 716 736 768 788 816 840 870 890 923 942 974 995 1026 1045 1077 1097 1131 1150 1182 1201 1233 1254 1283 1305 1337 1357 1390 1408 1440 1461 1492 1512 1544 1565 1596 1615 1646 1666
36 63 84 126 147 168 205 226 248 287 309 329 367 388 409 447 468 489 527 548 569 607 628 649 687 708 729 767 788 809 847 868 889 927 948 969 1007 1028 1049 1087 1108 1129 1167 1188 1209 1247 1268 1289 1327 1348 1369 1407 1428 1449 1487 1508 1529 1567 1588 1609 1647 1668 1689 1727 1748 1769 1807 1828 1849 1887 1908 1929 1967 1988 2009 2047 2068 2089 2179 2200 2221 2203 2223 2244 2282 2303 2324
2 20 0 0 0 0 1 1
2 21 0 1 0 0 0 0
2 22 0 0 1 1 1 1
2 23 0 1 1 1 0 0
2 24 0 0 0 0 1 0
2 25 1 1 1 1 1 0
2 27 1 0 0 0 0 0
2 28 0 0 1 1 0 0
2 29 1 1 0 1 0 0
2 30 0 1 1 1 1 0
2 31 0 1 0 1 1 0
3 2 1 1 1 0 1 0
3 3 0 1 0 1 1 0
3 4 0 0 0 0 0 1
3 5 1 1 1 0 1 0
3 6 1 0 1 1 0 0
3 7 0 0 0 1 1 0
3 9 0 0 0 0 1 0
3 10 0 0 1 0 0 1
3 11 0 0 1 1 0 1
3 12 1 1 0 1 1 1
3 13 1 0 0 0 1 0
3 14 1 1 0 1 1 0
3 16 1 1 1 0 1 1
3 17 0 1 0 1 1 0
3 18 0 0 1 0 1 0
3 19 1 0 0 1 0 1
3 20 0 0 0 0 1 1
3 21 0 0 1 1 1 1
3 22 0 0 1 0 0 1
3 23 0 1 0 0 0 0
4 2 0 0 0 0 1 1
4 3 1 1 1 0 1 1
4 4 0 0 1 0 0 1
4 5 1 0 0 1 0 0
4 6 1 1 1 0 0 1
4 8 1 0 1 1 0 0
4 9 1 1 0 1 0 1
4 10 1 1 0 1 0 0
4 11 0 0 0 1 0 0
4 12 1 1 0 0 1 0
4 13 0 0 0 1 1 0
4 14 1 1 1 0 0 1
27 2 1 0 0 0 1 0
27 3 1 0 1 1 0 1
27 4 0 0 1 0 0 0
