0.10
25 46 77 98 130 150 180 201 233 255 287 308 339 360 390 412 442 464 493 515 545 568 596 618 649 669 699 719 751 775 803 825 855 876 906 928 958 980 1010 1031 1062 1083 1115 1135 1165 1188 1217 1239 1269 1291 1321 1342 1373 1394 1423 1445 1478 1497 1530 1550 1582 1603 1634 1655
51 72 93 133 155 176 215 238 259 299 321 343 382 403 425 466 487 509 548 569 590 630 652 674 713 734 756 795 817 838 879 900 922 961 983 1004 1044 1066 1086 1126 1147 1169 1210 1231 1253 1293 1314 1335 1375 1396 1417 1458 1479 1501 1541 1562 1583 1624 1645 1667 1706 1728 1749 1790 1811 1832 1873 1894 1915 1956 1977 1999 2038 2059 2080 2123 2144 2165 2205 2226 2247 2287 2308 2329
2 2 1 1 0 0 1 0
2 3 0 0 0 1 1 0
2 4 0 0 0 1 0 0
2 5 1 1 1 0 0 1
2 6 0 1 0 0 0 0
2 7 0 1 0 0 0 0
2 8 0 1 0 0 0 0
2 9 0 1 0 0 0 0
2 10 0 1 0 0 0 0
2 11 0 1 0 0 0 0
2 12 0 1 0 0 0 0
2 13 0 1 0 0 0 0
2 14 0 1 0 0 0 0
2 15 0 1 0 0 0 0
2 16 0 1 0 0 0 0
2 17 0 0 1 1 0 1
2 18 0 0 0 1 1 0
2 19 1 0 1 1 0 0
2 20 1 0 0 1 0 1
2 21 0 1 1 1 1 1
2 22 1 1 0 0 1 1
2 25 0 1 0 1 0 0
2 26 1 1 0 1 1 0
2 27 1 0 0 0 1 0
2 28 1 0 0 0 1 0
2 29 1 1 0 1 0 0
3 2 1 1 0 0 1 0
3 3 0 0 0 1 1 0
3 4 0 0 0 1 0 0
3 5 1 1 1 0 0 1
3 6 0 1 0 0 0 0
3 7 0 1 0 0 0 0
3 8 0 1 0 0 0 0
3 9 0 1 0 0 0 0
3 10 0 1 0 0 0 0
3 11 0 1 0 0 0 0
3 12 0 1 0 0 0 0
3 13 0 1 0 0 0 0
3 14 0 1 0 0 0 0
3 15 0 1 0 0 0 0
3 16 0 1 0 0 0 0
3 17 0 1 0 0 0 0
3 18 0 1 0 0 0 0
3 19 0 1 0 0 0 0
3 20 0 1 0 0 0 0
3 21 0 0 1 1 0 1
3 22 0 0 0 1 1 0
3 23 1 0 1 1 0 0
3 24 1 0 0 1 0 1
3 26 1 0 0 0 0 0
3 27 1 0 0 0 1 0
4 2 1 0 0 1 0 0
4 3 0 0 0 1 1 0
4 4 0 0 0 1 0 0
4 5 1 1 1 0 0 1
4 6 0 1 0 0 0 0
4 7 0 1 0 0 0 0
4 8 0 1 0 0 0 0
4 9 0 1 0 0 0 0
4 10 0 1 0 0 0 0
4 11 0 1 0 0 0 0
4 12 0 1 0 0 0 0
4 13 0 1 0 0 0 0
4 14 0 1 0 0 0 0
4 15 0 1 0 0 0 0
4 16 0 1 0 0 0 0
4 17 0 1 0 0 0 0
4 18 0 1 0 0 0 0
4 19 0 1 0 0 0 0
4 20 0 0 1 1 0 1
4 21 0 0 0 1 1 0
4 22 0 1 1 1 1 1
4 23 1 1 0 0 1 1
4 25 1 0 0 0 0 0
4 26 0 0 0 0 1 1
4 27 0 1 0 1 1 1
5 2 0 1 0 1 0 0
5 3 0 0 0 1 1 0
5 4 0 0 0 1 0 0
5 5 1 1 1 0 0 1
5 6 0 1 0 0 0 0
5 7 0 1 0 0 0 0
5 8 0 1 0 0 0 0
5 9 0 1 0 0 0 0
5 10 0 1 0 0 0 0
5 11 0 1 0 0 0 0
5 12 0 1 0 0 0 0
5 13 0 1 0 0 0 0
5 14 0 1 0 0 0 0
5 15 0 1 0 0 0 0
5 16 0 0 1 1 0 1
5 17 0 0 0 1 1 0
5 18 1 0 1 1 0 1
5 19 0 1 0 1 1 0
5 20 0 0 1 1 0 0
5 21 1 1 0 1 1 0
5 24 0 1 0 1 0 0
5 25 1 1 0 1 1 0
5 26 0 0 0 0 1 1
5 27 0 1 0 1 1 1
5 28 1 0 0 0 1 0
5 29 1 1 0 1 0 0
6 2 1 1 0 1 1 0
6 3 0 0 0 1 1 0
6 4 0 0 0 1 0 0
6 5 1 1 1 0 0 1
6 6 0 1 0 0 0 0
6 7 0 1 0 0 0 0
6 8 0 1 0 0 0 0
6 9 0 1 0 0 0 0
6 10 0 1 0 0 0 0
6 11 0 1 0 0 0 0
6 12 0 1 0 0 0 0
6 13 0 1 0 0 0 0
6 14 0 1 0 0 0 0
6 15 0 1 0 0 0 0
6 16 0 0 1 1 0 1
6 17 0 0 0 1 1 0
6 18 0 0 1 1 0 1
6 19 1 0 0 1 1 0
6 20 1 1 1 1 0 0
6 21 0 1 0 1 1 0
6 24 0 1 0 1 0 0
6 25 1 1 0 1 1 0
6 26 0 0 1 1 1 1
6 27 1 0 0 0 1 1
6 28 1 0 0 0 1 0
6 29 1 1 0 1 0 0
7 2 1 1 0 1 1 0
7 3 0 0 0 1 1 0
7 4 0 0 0 1 0 0
7 5 1 1 1 0 0 1
7 6 0 1 0 0 0 0
7 7 0 1 1 0 0 0
7 8 0 1 0 0 0 0
7 9 0 1 0 0 0 0
7 10 0 1 0 0 0 0
7 11 0 1 0 0 0 0
7 12 0 1 0 0 0 0
7 13 0 1 0 0 0 0
7 14 0 1 0 0 0 0
7 15 0 1 0 0 0 0
7 16 0 1 0 0 0 0
7 17 0 1 0 0 0 0
7 18 0 1 0 0 0 0
7 19 0 1 0 0 0 0
7 20 0 1 0 0 0 0
7 21 0 0 1 1 0 1
7 22 0 0 0 1 1 0
7 23 1 1 1 1 0 0
7 24 0 1 0 1 1 0
7 26 1 0 0 0 0 0
7 27 1 0 0 0 1 0
8 2 0 1 0 1 1 0
8 3 0 0 0 1 1 0
8 4 0 0 0 1 0 0
8 5 1 1 1 0 0 1
8 6 0 1 0 0 0 0
8 7 0 1 0 0 0 0
8 8 0 1 0 0 0 0
8 9 0 1 0 0 0 0
8 10 0 1 0 0 0 0
8 11 0 1 0 0 0 0
8 12 0 1 0 0 0 0
8 13 0 1 0 0 0 0
8 14 0 1 0 0 0 0
8 15 0 1 0 0 0 0
8 16 0 1 0 0 0 0
8 17 0 1 0 0 0 0
8 18 0 1 0 0 0 0
8 19 0 1 0 0 0 0
8 20 0 0 1 1 0 1
8 21 0 0 0 1 1 0
8 22 0 0 1 1 0 1
8 23 1 0 0 1 1 0
8 25 1 0 0 0 0 0
8 26 0 0 0 0 1 1
8 27 0 1 0 1 1 1
9 2 1 1 0 0 1 0
9 3 1 0 0 1 0 0
9 4 0 0 0 1 0 0
9 5 1 1 1 0 0 1
9 6 0 1 0 0 0 0
9 7 0 1 0 0 0 0
9 8 0 1 0 0 0 0
9 9 0 1 0 0 0 0
9 10 0 1 0 0 0 0
9 11 0 1 0 0 0 0
9 12 0 1 0 0 0 0
9 13 0 1 0 0 0 0
9 14 0 1 0 0 0 0
9 15 0 1 0 0 0 0
9 16 0 0 1 1 0 1
9 17 0 0 0 1 1 0
9 18 0 0 0 1 0 0
9 19 1 0 0 0 0 1
9 20 0 0 1 0 1 1
9 21 0 1 1 1 0 0
9 24 0 1 0 1 0 0
9 25 1 1 0 1 1 0
9 26 0 0 0 0 1 1
9 27 1 0 0 0 1 1
9 28 1 0 0 0 1 0
9 29 1 1 0 1 0 0
10 2 1 1 0 0 1 0
10 3 1 0 0 1 0 0
10 4 0 0 0 1 0 0
10 5 1 1 1 0 0 1
10 6 0 1 0 0 0 0
10 7 0 1 0 0 0 0
10 8 0 1 0 0 0 0
10 9 0 1 0 0 0 0
10 10 0 1 0 0 0 0
10 11 0 1 0 0 0 0
10 12 0 1 0 0 0 0
10 13 0 1 0 0 0 0
10 14 0 1 0 0 0 0
10 15 0 1 0 0 0 0
10 16 0 1 0 0 0 0
10 17 0 1 0 0 0 0
10 18 0 1 0 0 0 0
10 19 0 1 0 0 0 0
10 20 0 1 0 0 0 0
10 21 0 0 1 1 0 1
10 22 0 0 0 1 1 0
10 23 1 0 1 1 0 0
10 24 1 1 0 1 1 0
10 26 1 0 0 0 0 0
10 27 1 0 0 0 1 0
11 2 0 0 0 1 1 0
11 3 1 0 0 1 0 0
11 4 0 0 0 1 0 0
11 5 1 1 1 0 0 1
11 6 0 1 0 0 0 0
11 7 0 1 0 0 0 0
11 8 0 1 0 0 0 0
11 9 0 1 0 0 0 0
11 10 0 1 0 0 0 0
11 11 0 1 0 0 0 0
11 12 0 1 0 0 0 0
11 13 0 1 0 0 0 0
11 14 0 1 0 0 0 0
11 15 0 1 0 0 0 0
11 16 0 1 0 0 0 0
11 17 0 1 0 0 0 0
11 18 0 1 0 0 0 0
11 19 0 1 0 0 0 0
11 20 0 0 1 1 0 1
11 21 0 0 0 1 1 0
11 22 1 0 0 0 1 0
11 23 0 0 0 1 1 0
11 25 1 0 0 0 0 0
11 26 0 0 0 0 1 1
11 27 0 1 0 1 1 1
12 2 1 1 0 1 0 0
12 3 1 0 0 1 0 0
12 4 0 0 0 1 0 0
12 5 1 1 1 0 0 1
12 6 0 1 0 0 0 0
12 7 0 1 0 0 0 0
12 8 0 1 0 0 0 0
12 9 0 1 0 0 0 0
12 10 0 1 0 0 0 0
12 11 0 1 0 0 0 0
12 12 0 1 0 0 0 0
12 13 0 1 0 0 0 0
12 14 0 1 0 0 0 0
12 15 0 1 0 0 0 0
12 16 0 1 0 0 0 0
12 17 0 1 0 0 0 0
12 18 0 0 1 1 0 1
12 19 0 0 0 1 1 0
12 20 0 1 1 1 1 1
12 21 0 1 1 1 0 0
12 22 0 0 0 0 1 1
12 23 1 1 1 1 1 0
12 25 1 0 0 0 0 0
12 26 0 0 1 1 1 1
12 27 1 0 0 0 1 1
13 2 0 1 0 1 0 0
13 3 1 0 0 1 0 0
13 4 0 0 0 1 0 0
13 5 1 1 1 0 0 1
13 6 0 1 0 0 0 0
13 7 0 1 0 0 0 0
13 8 0 1 0 0 0 0
13 9 0 1 0 0 0 0
13 10 0 1 0 0 0 0
13 11 0 1 0 0 0 0
13 12 0 1 0 0 0 0
13 13 0 1 0 0 0 0
13 14 0 1 0 0 0 0
13 15 0 1 0 0 0 0
13 16 0 0 1 1 0 1
13 17 0 0 0 1 1 0
13 18 0 0 0 1 0 0
13 19 1 1 0 0 0 1
13 20 1 0 1 0 1 1
13 21 0 0 0 1 1 0
13 24 0 1 0 1 0 0
13 25 1 1 0 1 1 0
13 26 0 0 0 0 0 1
13 27 0 0 1 1 0 1
13 28 1 0 0 0 1 0
13 29 1 1 0 1 0 0
14 2 0 1 0 1 1 0
14 3 1 0 0 1 0 0
14 4 0 0 0 1 0 0
14 5 1 1 1 0 0 1
14 6 0 1 0 0 0 0
14 7 0 1 0 0 0 0
14 8 0 1 0 0 0 0
14 9 0 1 0 0 0 0
14 10 0 1 0 0 0 0
14 11 0 1 0 0 0 0
14 12 0 1 0 0 0 0
14 13 0 1 0 0 0 0
14 14 0 1 0 0 0 0
14 15 0 1 0 0 0 0
14 16 0 0 1 1 0 1
14 17 0 0 0 1 1 0
14 18 0 0 0 1 0 0
14 19 1 0 0 0 0 1
14 20 1 0 1 1 1 0
14 21 0 1 0 1 1 0
14 24 0 1 0 1 0 0
14 25 1 1 0 1 1 0
14 26 0 1 1 1 1 0
14 27 0 0 0 1 1 1
14 28 1 0 0 0 1 0
14 29 1 1 0 1 0 0
15 2 0 1 0 1 1 0
15 3 1 0 0 1 0 0
15 4 0 0 0 1 0 0
15 5 1 1 1 0 0 1
15 6 0 1 0 0 0 0
15 7 0 1 0 0 0 0
15 8 0 1 0 0 0 0
15 9 0 1 0 0 0 0
15 10 0 1 0 0 0 0
15 11 0 1 0 0 0 0
15 12 0 1 0 0 0 0
15 13 0 1 0 0 0 0
15 14 0 1 0 0 0 0
15 15 0 1 0 0 0 0
15 16 0 1 0 0 0 0
15 17 0 1 0 0 0 0
15 18 0 1 0 0 0 0
15 19 0 0 1 1 0 1
15 20 0 0 0 1 1 0
15 21 0 1 0 0 1 0
15 22 1 1 0 0 1 1
15 23 1 0 0 0 1 0
15 24 1 1 0 1 0 0
15 26 1 0 0 0 0 0
15 27 1 0 0 0 1 0
16 2 1 1 0 0 1 0
16 3 1 1 0 1 0 0
16 4 0 0 0 1 0 0
16 5 1 1 1 0 0 1
16 6 0 1 0 0 0 0
16 7 0 1 0 0 0 0
16 8 0 1 0 0 0 0
16 9 0 1 0 0 0 0
16 10 0 1 0 0 0 0
16 11 0 1 0 0 0 0
16 12 0 1 0 0 0 0
16 13 0 0 1 1 0 1
16 14 0 0 0 1 1 0
16 15 0 0 1 0 1 0
16 16 1 0 0 1 0 0
16 17 0 1 1 1 1 1
16 18 0 1 0 1 1 0
16 20 0 0 0 1 0 0
16 21 1 0 0 0 0 1
16 22 1 0 1 1 1 0
16 23 0 1 0 1 1 0
16 25 1 0 0 0 0 0
16 26 0 0 0 0 1 1
16 27 0 1 0 1 1 1
17 2 0 0 0 1 0 0
17 3 1 1 0 1 0 0
17 4 0 0 0 1 0 0
17 5 1 1 1 0 0 1
17 6 0 1 0 0 0 0
17 7 0 1 0 0 0 0
17 8 0 1 0 0 0 0
17 9 0 1 0 0 0 0
17 10 0 1 0 0 0 0
17 11 0 1 0 0 0 0
17 12 0 1 0 0 0 0
17 13 0 0 1 1 0 1
17 14 0 0 0 1 1 0
17 15 0 0 1 0 1 0
17 16 1 0 0 1 0 0
17 17 1 0 1 1 0 0
17 18 0 0 0 1 0 1
17 20 0 0 0 1 0 0
17 21 1 0 0 0 0 1
17 22 1 0 1 1 1 0
17 23 0 1 0 1 1 0
17 25 1 0 0 0 0 0
17 26 0 0 1 1 1 1
17 27 1 0 0 0 1 1
18 2 1 0 0 1 0 0
18 3 1 1 0 1 0 0
18 4 0 0 0 1 0 0
18 5 1 1 1 0 0 1
18 6 0 1 0 0 0 0
18 7 0 1 0 0 0 0
18 8 0 1 0 0 0 0
18 9 0 1 0 0 0 0
18 10 0 1 0 0 0 0
18 11 0 1 0 0 0 0
18 12 0 1 0 0 0 0
18 13 0 1 0 0 0 0
18 14 0 1 0 0 0 0
18 15 0 1 0 0 0 0
18 16 0 0 1 1 0 1
18 17 0 0 0 1 1 0
18 18 0 1 0 1 0 0
18 19 1 1 0 1 1 0
18 20 1 1 1 1 1 0
18 21 1 1 0 1 1 0
18 22 1 0 0 0 1 0
18 23 0 1 0 1 1 0
18 25 1 0 0 0 0 0
18 26 0 0 0 0 1 1
18 27 1 0 0 0 1 1
19 2 0 1 0 1 0 0
19 3 1 1 0 1 0 0
19 4 0 0 0 1 0 0
19 5 1 1 1 0 0 1
19 6 0 1 0 0 0 0
19 7 0 1 0 0 0 0
19 8 0 1 0 0 0 0
19 9 0 1 0 0 0 0
19 10 0 1 0 0 0 0
19 11 0 1 0 0 0 0
19 12 0 1 0 0 0 0
19 13 0 0 1 1 0 1
19 14 0 0 0 1 1 0
19 15 0 0 1 0 1 0
19 16 1 0 0 1 0 0
19 17 1 0 1 0 1 1
19 18 0 0 0 1 1 0
19 20 0 0 1 1 0 1
19 21 0 1 1 1 0 1
19 22 1 1 1 1 0 1
19 23 0 1 0 1 1 0
19 25 1 0 0 0 0 0
19 26 0 0 0 0 0 1
19 27 0 0 1 1 0 1
20 2 1 1 0 1 1 0
20 3 1 1 0 1 0 0
20 4 0 0 0 1 0 0
20 5 1 1 1 0 0 1
20 6 0 1 0 0 0 0
20 7 0 1 0 0 0 0
20 8 0 1 0 0 0 0
20 9 0 1 0 0 0 0
20 10 0 1 0 0 0 0
20 11 0 1 0 0 0 0
20 12 0 1 0 0 0 0
20 13 0 1 0 0 0 0
20 14 0 1 0 0 0 0
20 15 0 1 0 0 0 0
20 16 0 1 0 0 0 0
20 17 0 1 0 0 0 0
20 18 0 0 1 1 0 1
20 19 0 0 0 1 1 0
20 20 1 0 0 0 1 0
20 21 1 1 0 1 0 0
20 22 0 0 1 1 0 1
20 23 0 1 1 1 0 1
20 25 1 0 0 0 0 0
20 26 0 1 1 1 1 0
20 27 0 0 0 1 1 1
21 2 0 1 0 1 1 0
21 3 1 1 0 1 0 0
21 4 0 0 0 1 0 0
21 5 1 1 1 0 0 1
21 6 0 1 0 0 0 0
21 7 0 1 0 0 0 0
21 8 0 1 0 0 0 0
21 9 0 1 0 0 0 0
21 10 0 1 0 0 0 0
21 11 0 1 0 0 0 0
21 12 0 1 0 0 0 0
21 13 0 1 0 0 0 0
21 14 0 1 0 0 0 0
21 15 0 1 1 0 1 0
21 16 1 1 0 1 1 0
21 17 1 0 1 1 0 0
21 18 0 0 0 1 1 1
21 20 0 0 1 0 1 0
21 21 1 0 0 1 0 1
21 22 0 0 0 0 1 1
21 23 0 0 1 1 1 1
21 26 0 0 1 0 1 1
21 27 1 0 0 0 0 1
21 28 0 0 0 0 0 1
21 29 0 0 1 1 0 1
21 30 1 0 0 0 1 0
21 31 1 1 0 1 0 0
22 2 0 1 0 1 1 0
22 3 1 1 0 1 0 0
22 4 0 0 0 1 0 0
22 5 1 1 1 0 0 1
22 6 0 1 0 0 0 0
22 7 0 1 0 0 0 0
22 8 0 1 0 0 0 0
22 9 0 0 1 1 0 1
22 10 0 1 1 1 0 0
22 11 1 0 1 0 1 0
22 12 1 1 0 1 1 0
22 14 0 1 1 0 1 0
22 15 1 1 0 1 1 0
22 16 1 0 1 1 0 0
22 17 0 0 0 1 1 1
22 19 0 0 1 0 1 0
22 20 1 0 0 1 0 1
22 21 0 0 0 0 1 1
22 22 0 0 1 1 1 1
22 25 0 1 0 1 0 0
22 26 1 1 0 1 1 0
22 27 1 0 0 0 1 0
22 28 1 0 0 0 1 0
22 29 1 1 0 1 0 0
23 7 0 0 1 0 1 0
23 8 0 1 0 1 1 0
23 10 1 0 1 1 1 1
23 11 1 0 0 0 1 0
23 12 0 0 0 1 0 1
23 14 1 1 0 1 0 0
23 16 0 1 1 0 1 0
23 17 1 1 0 1 1 0
23 18 1 0 1 1 0 0
23 19 0 0 0 1 1 1
23 21 0 0 1 0 1 0
23 22 1 0 0 1 0 1
23 23 0 0 0 0 1 1
23 24 0 0 1 1 1 1
23 26 1 0 0 0 0 0
23 27 1 0 0 0 1 0
24 2 0 1 0 1 1 0
24 3 1 1 0 1 0 0
24 4 0 0 0 1 0 0
24 5 1 1 1 0 0 1
24 6 0 1 0 0 0 0
24 7 0 1 0 0 0 0
24 8 0 1 0 0 0 0
24 9 0 1 0 0 0 0
24 10 0 1 0 0 0 0
24 11 0 1 0 0 0 0
24 12 0 1 0 0 0 0
24 13 0 1 0 0 0 0
24 14 0 1 0 0 0 0
24 15 0 1 0 0 0 0
24 16 0 1 0 0 0 0
24 17 0 1 0 0 0 0
24 18 0 1 0 0 0 0
24 19 0 1 0 0 0 0
24 20 0 1 0 0 0 0
24 21 0 1 0 0 0 0
24 22 0 0 1 1 1 1
24 23 1 0 0 0 0 1
24 24 0 1 0 0 0 1
24 25 1 0 0 1 1 0
25 11 1 1 0 1 0 0
25 13 0 1 0 0 0 1
25 14 1 0 0 1 1 0
25 15 0 1 1 0 1 0
25 16 1 1 0 1 1 0
25 17 1 0 1 1 0 0
25 18 0 0 0 1 1 1
25 20 0 0 1 0 1 0
25 21 1 0 0 1 0 1
25 22 0 0 0 0 1 1
25 23 0 0 1 1 1 1
25 25 1 0 0 0 0 0
25 26 0 0 0 0 1 1
25 27 0 1 0 1 1 1
26 2 1 1 0 0 1 0
26 3 0 1 0 1 0 0
26 4 0 0 0 1 0 0
26 5 1 1 1 0 0 1
26 6 0 1 0 0 0 0
26 7 0 1 0 0 0 0
26 8 0 1 0 0 0 0
26 9 0 1 0 0 0 0
26 10 0 1 0 0 0 0
26 11 0 1 0 0 0 0
26 12 0 1 0 0 0 0
26 13 0 1 0 0 0 0
26 14 0 1 0 0 0 0
26 15 1 1 1 1 0 0
26 16 0 1 0 1 0 1
26 17 0 1 1 1 0 1
26 19 0 0 1 0 1 0
26 20 0 1 0 1 1 0
26 22 1 0 1 1 0 0
26 23 1 1 0 1 0 0
26 24 0 0 1 0 1 0
26 25 1 1 0 0 1 1
