-0.10
23 43 80 101 130 150 182 202 236 256 288 306 333 350 385 409 442 462 492 514 544 566 598 618 649 669 700 721 753 774 805 825 856 878 909 925 959 979 1012 1033 1063 1085 1115 1135 1166 1187 1219 1239 1272 1292 1322 1342 1374 1393 1424 1447 1479 1500 1527 1548 1579 1599 1630 1650
108 129 150 192 214 235 276 298 319 360 381 402 443 464 485 526 547 568 609 630 651 692 713 734 775 796 817 858 879 900 941 962 983 1024 1045 1066 1107 1128 1149 1190 1211 1232 1273 1294 1315 1356 1377 1398 1439 1460 1481 1522 1543 1564 1605 1626 1647 1688 1709 1730 1771 1792 1813 1854 1875 1896 1937 1958 1979 2020 2041 2062 2103 2124 2145 2171 2194 2214 2276 2297 2318
1 2 1 1 0 0 1 0
1 3 1 1 0 0 1 1
1 4 1 0 0 1 1 0
1 5 1 0 0 0 0 1
1 6 0 0 0 1 0 0
1 8 1 1 0 1 1 1
1 9 0 1 0 0 0 0
1 10 1 0 0 0 1 1
1 11 1 1 1 0 0 1
1 12 0 0 0 0 1 0
1 13 0 1 1 0 0 0
2 10 0 0 0 0 1 0
2 11 0 0 1 0 0 1
2 12 1 1 1 0 0 1
2 13 0 1 1 0 0 0
2 14 1 0 1 1 0 0
2 15 0 1 0 0 0 1
2 16 1 1 0 0 1 0
2 17 0 1 1 1 1 1
2 19 1 1 0 1 1 0
2 20 0 1 0 1 0 0
2 21 1 1 1 1 1 0
2 22 1 0 1 0 0 1
2 23 0 0 1 0 0 1
2 24 0 1 0 0 0 0
2 26 1 1 0 0 0 0
2 27 1 0 0 1 0 1
2 28 0 1 0 1 1 1
2 29 0 0 1 0 0 0
2 30 1 1 0 0 1 0
2 31 0 1 0 1 1 1
3 19 0 0 1 1 1 1
3 20 1 1 0 0 0 0
3 21 0 1 0 1 1 0
3 22 1 0 0 0 0 0
3 23 1 0 0 1 1 0
3 24 1 0 1 1 1 0
3 25 1 0 0 1 0 1
3 27 0 0 1 1 1 1
3 28 1 0 0 1 0 0
3 29 0 0 1 0 0 1
3 30 0 1 1 1 1 1
3 31 0 1 1 0 0 0
26 29 0 0 0 0 0 1
26 30 1 0 1 1 0 1
26 31 0 1 0 1 0 0
