0.10
68 88 79 90 121 141 173 193 224 246 277 298 329 350 380 401 433 454 484 505 536 557 588 609 640 661 692 713 744 765 795 816 847 869 899 920 951 973 1003 1024 1055 1076 1106 1129 1157 1177 1210 1231 1263 1283 1314 1335 1365 1387 1414 1439 1466 1491 1521 1542 1573 1594 1621 1641
38 58 78 116 139 159 197 217 237 282 303 324 365 386 407 447 469 490 530 552 572 614 635 656 697 718 739 779 800 821 861 884 904 945 966 987 1027 1049 1069 1110 1131 1152 1193 1215 1236 1276 1297 1318 1359 1380 1400 1442 1464 1484 1524 1546 1567 1608 1630 1650 1690 1712 1733 1774 1795 1816 1857 1879 1900 1940 1961 1982 2023 2045 2065 2106 2128 2149 2187 2206 2226 2264 2284 2304
2 16 1 0 1 1 0 0
2 17 1 0 1 0 0 1
2 18 1 1 1 0 0 0
2 19 1 0 1 0 0 1
4 1 1 0 0 1 1 0
4 3 0 1 0 1 0 0
4 4 0 1 0 1 0 0
4 5 0 0 1 1 0 0
4 6 0 1 1 0 0 1
4 9 1 1 0 1 1 0
4 10 0 1 0 1 0 1
4 11 1 1 1 0 0 0
4 12 0 1 0 0 1 0
4 13 0 0 0 0 1 0
4 14 0 0 0 0 1 0
4 15 0 0 0 0 1 0
4 16 0 0 0 0 1 0
4 17 0 0 0 0 1 0
4 18 0 0 0 0 1 0
4 19 0 0 0 0 1 0
4 20 0 0 0 0 1 0
4 21 0 0 0 0 1 0
4 22 0 0 0 0 1 0
4 23 0 0 0 0 1 0
4 24 0 0 0 0 1 0
4 25 0 0 0 0 1 0
4 26 0 0 0 0 1 0
4 27 0 0 0 0 1 0
4 28 0 0 0 0 1 0
4 29 0 0 0 0 1 0
4 30 0 0 1 1 1 1
4 31 1 0 0 0 0 0
5 4 1 0 0 1 1 0
5 5 0 1 0 1 0 0
5 6 0 1 0 1 0 0
5 7 1 1 0 1 1 0
5 8 1 0 0 0 1 0
5 11 1 1 1 0 0 1
5 12 0 1 1 0 0 0
5 13 1 0 1 1 0 0
5 14 0 1 0 0 0 1
5 16 1 0 0 1 1 0
5 18 1 1 0 1 0 0
5 19 0 0 1 0 1 0
5 20 0 0 1 1 0 0
5 21 1 1 1 0 0 1
5 23 1 1 0 1 1 0
5 24 1 0 0 1 0 1
5 25 1 0 0 0 1 1
5 26 0 0 1 0 0 0
5 27 0 0 0 0 1 0
5 28 0 0 0 0 1 0
5 29 0 0 0 0 1 0
5 30 0 0 1 1 1 1
5 31 1 0 0 0 0 0
6 6 0 1 0 1 0 0
6 7 0 0 0 1 0 0
6 9 1 1 1 0 0 1
6 10 0 1 1 0 0 0
6 11 1 0 1 1 0 0
6 12 0 1 0 0 0 1
6 14 0 0 1 1 0 1
6 15 0 0 1 0 0 0
6 17 1 1 1 0 0 1
6 18 0 1 1 0 0 0
6 19 1 0 1 1 0 0
6 20 0 1 0 0 0 1
6 22 1 1 1 0 0 0
6 23 0 0 1 1 1 0
6 24 1 1 0 1 0 0
6 25 0 0 1 0 1 0
6 27 1 0 0 1 1 0
7 8 1 1 0 1 1 0
7 9 0 1 0 1 0 1
7 10 1 0 1 1 1 0
7 11 1 0 0 1 0 1
7 12 0 0 0 0 1 0
7 13 0 0 0 0 1 0
7 14 0 0 0 0 1 0
7 15 0 0 0 0 1 0
7 16 0 0 0 0 1 0
7 17 0 0 0 0 1 0
7 18 0 0 0 0 1 0
7 19 0 0 0 0 1 0
7 20 0 0 0 0 1 0
7 21 0 0 0 0 1 0
7 22 0 0 0 0 1 0
7 23 0 0 0 0 1 0
7 24 0 0 0 0 1 0
7 25 0 0 0 0 1 0
7 26 0 0 0 0 1 0
7 27 0 0 0 0 1 0
7 28 0 0 0 0 1 0
7 29 0 0 0 0 1 0
7 30 0 0 1 1 1 1
7 31 1 0 0 0 0 0
8 6 1 1 1 0 1 0
8 7 0 1 1 0 0 0
8 8 0 0 0 1 0 0
8 10 1 1 1 0 0 1
8 11 0 1 1 0 0 0
8 12 1 0 1 1 0 0
8 13 0 1 0 0 0 1
8 15 1 0 0 1 1 0
8 17 1 1 0 1 0 0
8 18 0 0 1 0 1 0
8 19 0 0 1 1 0 0
8 20 1 1 1 0 0 1
8 21 1 0 0 0 1 1
8 22 0 0 1 0 0 0
8 23 0 0 0 0 1 0
8 24 0 0 0 0 1 0
8 25 0 0 0 0 1 0
8 26 0 0 0 0 1 0
8 27 0 0 0 0 1 0
8 28 0 0 0 0 1 0
8 29 0 0 0 0 1 0
8 30 0 0 1 1 1 1
8 31 1 1 0 0 0 0
9 6 0 1 1 1 0 0
9 7 1 1 1 0 0 1
9 8 0 0 0 1 0 0
9 10 1 1 1 0 0 1
9 11 0 1 1 0 0 0
9 12 1 0 1 1 0 0
9 13 0 1 0 0 0 1
9 15 1 1 1 0 0 0
9 16 0 0 1 1 1 0
9 17 1 1 0 1 0 0
9 18 0 0 1 0 1 0
9 20 1 0 0 1 1 0
9 22 1 1 0 1 0 0
9 23 0 0 1 0 1 1
9 24 1 1 1 0 0 0
9 25 0 1 1 1 0 1
9 26 0 0 0 0 1 0
9 27 0 0 0 0 1 0
9 28 0 0 0 0 1 0
9 29 0 0 0 0 1 0
9 30 0 0 1 1 1 1
9 31 1 1 0 0 1 0
10 4 1 0 0 1 1 0
10 5 0 1 0 1 0 0
10 6 1 1 1 0 1 0
10 7 0 1 1 0 0 0
10 8 1 1 0 1 1 0
10 9 1 0 0 0 1 0
10 12 1 1 1 0 0 1
10 13 0 1 1 0 0 0
10 14 1 0 1 1 0 0
10 15 0 1 0 0 0 1
10 17 1 0 0 1 1 0
10 19 1 0 1 0 1 1
10 20 1 0 1 0 1 0
10 21 1 0 0 1 1 1
10 23 1 1 0 1 1 0
10 24 0 1 0 1 0 0
11 6 1 1 1 1 0 1
11 7 0 1 0 0 0 0
11 8 1 1 1 0 0 0
11 9 0 1 0 1 0 0
11 10 0 0 0 0 1 0
11 11 0 0 0 0 1 0
11 12 0 0 0 0 1 0
11 13 0 0 0 0 1 0
11 14 0 0 0 0 1 0
11 15 0 0 0 0 1 0
11 16 0 0 0 0 1 0
11 17 0 0 0 0 1 0
11 18 0 0 0 0 1 0
11 19 0 0 0 0 1 0
11 20 0 0 0 0 1 0
11 21 0 0 0 0 1 0
11 22 0 0 0 0 1 0
11 23 0 0 0 0 1 0
11 24 0 0 0 0 1 0
11 25 0 0 0 0 1 0
11 26 0 0 0 0 1 0
11 27 0 0 0 0 1 0
11 28 0 0 0 0 1 0
11 29 0 0 1 1 1 1
11 30 1 0 0 0 0 0
11 31 1 0 0 0 0 0
12 6 0 1 0 1 0 0
12 7 0 0 0 1 0 0
12 9 1 1 1 0 0 1
12 10 0 1 1 0 0 0
12 11 1 0 1 1 0 0
12 12 0 1 0 0 0 1
12 14 1 0 0 1 1 0
12 16 1 1 0 1 1 0
12 17 0 1 0 1 0 0
12 18 1 1 0 0 0 0
12 19 0 0 1 0 1 1
12 21 1 0 1 0 1 1
12 22 1 0 1 0 1 0
12 23 1 0 0 1 1 1
12 25 1 1 0 1 1 0
12 26 0 1 0 1 0 0
13 8 1 1 1 1 0 1
13 9 0 1 0 0 0 0
13 10 1 1 1 0 0 0
13 11 0 1 0 1 0 0
13 12 0 0 0 0 1 0
13 13 0 0 0 0 1 0
13 14 0 0 0 0 1 0
13 15 0 0 0 0 1 0
13 16 0 0 0 0 1 0
13 17 0 0 0 0 1 0
13 18 0 0 0 0 1 0
13 19 0 0 0 0 1 0
13 20 0 0 0 0 1 0
13 21 0 0 0 0 1 0
13 22 0 0 0 0 1 0
13 23 0 0 0 0 1 0
13 24 0 0 0 0 1 0
13 25 0 0 0 0 1 0
13 26 0 0 0 0 1 0
13 27 0 0 0 0 1 0
13 28 0 0 0 0 1 0
13 29 0 0 1 1 1 1
13 30 1 0 0 0 0 0
13 31 1 0 0 0 0 0
14 6 1 1 1 0 1 0
14 7 0 1 1 0 0 0
14 8 0 0 0 1 0 0
14 10 1 1 1 0 0 1
14 11 0 1 1 0 0 0
14 12 1 0 1 1 0 0
14 13 0 1 0 0 0 1
14 15 1 0 0 1 1 0
14 17 1 1 0 0 0 0
14 18 1 0 1 0 0 1
14 19 1 1 0 0 1 0
14 20 1 0 0 0 1 0
14 22 1 0 1 0 1 1
14 23 1 0 1 0 1 0
14 24 1 0 0 1 1 1
14 25 0 0 0 0 1 0
14 26 0 0 0 0 1 0
14 27 0 0 0 0 1 0
14 28 0 0 0 0 1 0
14 29 0 0 1 1 1 1
14 30 1 0 0 0 0 0
14 31 1 0 0 0 1 0
15 4 1 0 0 1 1 0
15 5 0 1 0 1 0 0
15 6 0 1 1 1 0 0
15 7 1 1 1 0 0 1
15 8 1 1 0 1 1 0
15 9 1 0 0 0 1 0
15 12 1 1 1 0 0 1
15 13 0 1 1 0 0 0
15 14 1 0 1 1 0 0
15 15 0 1 0 0 0 1
15 17 1 0 0 1 1 0
15 19 0 0 1 1 0 0
15 20 0 1 1 0 0 0
15 21 1 1 1 0 0 0
15 22 0 0 1 1 1 0
15 24 1 1 1 1 0 1
15 25 0 1 0 0 0 0
15 26 1 0 1 0 1 1
15 27 0 1 0 0 0 1
16 6 1 1 0 1 1 0
16 7 0 1 0 1 0 0
16 9 0 0 1 1 0 0
16 10 0 1 1 0 0 0
16 11 1 1 0 1 0 0
16 12 0 0 1 0 1 0
16 13 0 0 0 0 1 0
16 14 0 0 0 0 1 0
16 15 0 0 0 0 1 0
16 16 0 0 0 0 1 0
16 17 0 0 0 0 1 0
16 18 0 0 0 0 1 0
16 19 0 0 0 0 1 0
16 20 0 0 0 0 1 0
16 21 0 0 0 0 1 0
16 22 0 0 0 0 1 0
16 23 0 0 0 0 1 0
16 24 0 0 0 0 1 0
16 25 0 0 0 0 1 0
16 26 0 0 0 0 1 0
16 27 0 0 0 0 1 0
16 28 0 0 0 0 1 0
16 29 0 0 1 1 1 1
16 30 1 0 0 0 0 0
16 31 1 1 0 1 1 0
17 6 0 1 0 1 0 0
17 7 0 0 0 1 0 0
17 9 1 1 1 0 0 1
17 10 0 1 1 0 0 0
17 11 1 0 1 1 0 0
17 12 0 1 0 0 0 1
17 14 1 0 0 1 1 0
17 16 0 0 1 1 0 0
17 17 0 1 1 0 0 0
17 18 1 1 1 0 0 0
17 19 0 0 1 1 1 0
17 21 1 1 1 1 0 1
17 22 0 1 0 0 0 0
17 23 1 0 1 0 1 1
17 24 0 1 0 0 0 1
17 25 0 0 0 0 1 0
17 26 0 0 0 0 1 0
17 27 0 0 0 0 1 0
17 28 0 0 0 0 1 0
17 29 0 0 1 1 1 1
17 30 1 0 0 0 0 0
17 31 1 1 0 1 1 0
18 6 1 1 1 0 1 0
18 7 0 1 1 0 0 0
18 8 0 0 0 1 0 0
18 10 1 1 1 0 0 1
18 11 0 1 1 0 0 0
18 12 1 0 1 1 0 0
18 13 0 1 0 0 0 1
18 15 1 0 0 1 1 0
18 17 1 1 0 1 1 0
18 18 0 1 0 1 0 0
18 19 1 1 0 0 0 0
18 20 0 0 1 0 1 1
18 22 0 0 1 1 0 0
18 23 0 1 1 0 0 0
18 24 1 1 0 1 0 0
18 25 0 0 1 0 1 0
18 26 0 0 0 0 1 0
18 27 0 0 0 0 1 0
18 28 0 0 0 0 1 0
18 29 0 0 1 1 1 1
18 30 1 1 0 0 0 0
18 31 1 1 0 0 0 0
19 1 1 0 0 1 1 0
19 3 0 1 0 1 0 0
19 4 1 1 1 0 1 0
19 5 0 1 1 0 0 0
19 6 0 0 1 1 0 0
19 7 0 1 1 0 0 1
19 10 1 1 1 0 0 1
19 11 0 1 1 0 0 0
19 12 1 0 1 1 0 0
19 13 0 1 0 0 0 1
19 15 1 0 0 1 1 0
19 17 1 1 1 0 0 0
19 18 1 1 0 0 0 1
19 19 1 1 1 1 1 0
19 20 0 1 1 0 1 1
19 22 1 0 0 0 0 1
19 23 0 1 1 0 0 0
19 24 1 0 0 1 1 1
19 25 0 0 0 0 1 0
19 26 0 0 0 0 1 0
19 27 0 0 0 0 1 0
19 28 0 0 0 0 1 0
19 29 0 0 1 1 1 1
19 30 1 1 0 0 0 0
19 31 0 1 0 1 0 0
20 4 1 0 0 1 1 0
20 5 0 1 0 1 0 0
20 6 0 1 0 1 0 0
20 7 1 1 0 1 1 0
20 8 1 0 0 0 1 0
20 11 1 1 1 0 0 1
20 12 0 1 1 0 0 0
20 13 1 0 1 1 0 0
20 14 0 1 0 0 0 1
20 16 1 0 0 1 1 0
20 18 1 0 0 0 1 1
20 19 0 1 1 0 0 0
20 20 1 0 0 0 0 1
20 21 0 1 1 0 0 0
20 22 0 0 1 1 0 0
20 23 0 0 1 1 1 1
20 24 0 0 0 1 0 0
21 6 1 1 0 1 1 0
21 7 1 1 0 0 0 1
21 8 1 1 0 1 1 0
21 9 0 1 0 1 0 0
21 10 0 0 1 1 0 0
21 11 0 0 1 1 1 1
21 13 1 1 0 1 1 0
21 14 0 1 0 1 0 0
21 16 0 0 1 1 0 0
21 17 1 0 1 0 0 1
21 18 0 1 0 1 0 0
21 20 1 0 0 0 1 1
21 21 0 1 1 0 0 0
21 22 1 1 0 0 1 0
21 23 1 0 1 1 0 1
21 24 0 0 0 0 1 0
21 25 0 0 0 0 1 0
21 26 0 0 0 0 1 0
21 27 0 0 0 0 1 0
21 28 0 0 0 0 1 0
21 29 0 0 1 1 1 1
21 30 1 1 0 0 0 0
21 31 0 1 0 1 0 0
22 6 0 1 0 1 0 0
22 7 0 0 0 1 0 0
22 9 1 1 1 0 0 1
22 10 0 1 1 0 0 0
22 11 1 0 1 1 0 0
22 12 0 1 0 0 0 1
22 14 1 0 0 1 1 0
22 16 1 0 0 0 1 1
22 17 0 1 1 0 0 0
22 18 1 0 0 0 0 1
22 19 0 1 1 0 0 0
22 20 0 0 1 1 0 0
22 21 0 0 1 1 1 1
22 22 0 0 0 0 1 0
22 23 0 0 0 0 1 0
22 24 0 0 0 0 1 0
22 25 0 0 0 0 1 0
22 26 0 0 0 0 1 0
22 27 0 0 0 0 1 0
22 28 0 0 0 0 1 0
22 29 0 0 1 1 1 1
22 30 1 1 0 0 0 0
22 31 0 1 0 1 0 0
23 6 1 1 1 0 1 0
23 7 0 1 1 0 0 0
23 8 0 0 0 1 0 0
23 10 1 1 1 0 0 1
23 11 0 1 1 0 0 0
23 12 1 0 1 1 0 0
23 13 0 1 0 0 0 1
23 15 1 0 0 1 1 0
23 17 1 1 0 1 1 0
23 18 1 1 0 0 0 1
23 19 1 1 0 1 1 0
23 20 0 1 0 1 0 0
23 21 0 0 1 1 0 0
23 22 0 0 1 1 1 1
23 23 0 0 0 0 1 0
23 24 0 0 0 0 1 0
23 25 0 0 0 0 1 0
23 26 0 0 0 0 1 0
23 27 0 0 0 0 1 0
23 28 0 0 0 0 1 0
23 29 0 0 1 1 1 1
23 30 1 0 0 1 0 0
23 31 0 1 0 1 1 0
24 6 0 1 1 1 0 0
24 7 1 1 1 0 0 1
24 8 0 0 0 1 0 0
24 10 1 1 1 0 0 1
24 11 0 1 1 0 0 0
24 12 1 0 1 1 0 0
24 13 0 1 0 0 0 1
24 15 1 0 0 1 1 0
24 17 0 0 1 1 0 0
24 18 1 0 1 0 0 1
24 19 0 1 0 1 0 0
24 21 1 0 0 0 1 1
24 22 0 1 1 0 0 0
24 23 1 1 0 0 1 0
24 24 1 0 1 1 0 1
24 25 0 0 0 0 1 0
24 26 0 0 0 0 1 0
24 27 0 0 0 0 1 0
24 28 0 0 0 0 1 0
24 29 0 0 1 1 1 1
24 30 1 0 0 1 0 0
24 31 1 0 0 1 0 0
25 4 1 0 0 1 1 0
25 5 0 1 0 1 0 0
25 6 1 1 1 0 1 0
25 7 0 1 1 0 0 0
25 8 1 1 0 1 1 0
25 9 1 0 0 0 1 0
25 12 1 1 1 0 0 1
25 13 0 1 1 0 0 0
25 14 1 0 1 1 0 0
25 15 0 1 0 0 0 1
25 17 1 0 0 0 1 1
25 18 1 1 1 0 1 1
25 19 1 1 0 1 0 0
25 20 0 0 1 0 1 0
25 22 1 0 0 1 1 0
25 24 1 1 0 1 0 0
25 25 1 1 1 0 0 1
25 26 1 0 0 0 0 1
26 6 1 1 0 1 1 0
26 7 0 1 0 1 0 0
26 9 0 1 0 1 0 0
26 10 0 1 1 0 0 0
26 11 1 1 1 1 1 0
26 12 0 1 1 0 0 1
26 14 1 0 1 0 0 0
26 15 1 0 0 0 0 1
26 16 1 0 1 0 0 0
26 17 0 1 1 0 1 1
26 19 1 0 0 1 1 0
26 21 1 1 1 1 1 0
26 22 1 0 1 0 0 1
26 23 1 1 1 0 0 0
26 24 0 1 0 1 0 0
26 25 0 0 0 0 1 0
26 26 0 0 0 0 1 0
26 27 0 0 0 0 1 0
26 28 0 0 0 0 1 0
26 29 0 0 1 1 1 1
26 30 1 0 0 1 0 0
26 31 1 0 0 0 1 0
27 30 0 0 1 1 1 1
27 31 0 1 0 0 0 0
