0.30
47 68 99 120 152 172 203 224 255 276 307 328 359 381 411 432 463 484 515 536 567 588 619 640 671 692 723 744 775 796 827 848 878 900 931 952 982 1004 1035 1056 1087 1108 1138 1159 1190 1211 1242 1264 1294 1315 1347 1367 1398 1419 1450 1471 1502 1523 1554 1575 1606 1627 1658 1679
37 58 79 119 140 162 202 224 245 286 308 328 368 391 412 453 474 495 536 557 578 619 640 661 702 723 744 784 806 827 867 889 910 951 972 993 1033 1054 1076 1116 1138 1159 1199 1221 1242 1282 1304 1325 1365 1387 1408 1449 1470 1491 1531 1553 1574 1615 1636 1657 1697 1719 1740 1780 1802 1824 1863 1885 1907 1947 1968 1989 2028 2049 2071 2111 2133 2154 2193 2214 2234 2274 2295 2316
2 3 0 0 0 0 1 1
2 4 0 1 0 1 1 1
2 5 0 0 0 0 1 0
2 6 0 1 0 1 0 0
2 8 0 0 0 0 1 0
2 9 0 0 1 0 0 1
2 10 0 0 0 0 1 0
2 11 0 1 0 0 1 0
2 12 0 0 1 1 0 1
2 13 1 1 0 1 1 0
2 14 0 0 0 1 0 0
2 15 1 0 0 0 1 0
2 16 0 0 1 0 0 1
2 17 0 1 0 0 0 0
2 19 1 0 0 0 0 0
2 20 0 0 0 0 1 0
2 21 0 0 1 0 0 1
2 22 0 0 1 1 0 1
2 23 1 1 0 1 1 1
2 24 1 0 0 0 1 0
2 25 1 1 0 1 1 0
2 27 1 1 1 0 1 1
2 28 0 1 0 1 1 0
2 29 0 0 0 1 0 0
2 30 1 0 0 0 1 0
2 31 0 0 1 0 0 1
3 2 1 0 1 1 0 1
3 3 0 1 0 1 1 0
3 5 0 1 0 0 0 1
3 6 1 1 0 0 1 1
3 7 1 0 0 0 1 0
3 8 0 0 0 1 0 1
3 9 0 0 0 0 1 1
3 10 0 1 0 0 0 0
3 11 0 0 1 0 1 1
3 12 1 1 0 1 1 0
3 13 0 1 0 0 0 1
3 14 1 1 0 1 0 0
3 16 1 1 1 0 1 1
3 17 0 1 0 1 1 0
3 18 1 1 0 0 0 1
3 19 1 1 0 1 1 0
3 21 1 0 0 0 1 0
3 22 1 1 0 1 1 0
3 24 0 0 1 0 1 0
3 25 0 0 0 1 0 1
3 26 0 0 1 1 0 1
3 27 1 0 0 0 0 1
3 29 0 1 1 0 0 1
3 30 1 0 0 1 0 1
3 31 0 0 1 0 0 1
4 3 0 0 0 0 1 1
4 4 0 1 1 1 0 1
4 6 1 1 0 0 0 1
4 7 0 1 0 1 1 0
4 8 1 1 1 0 1 1
4 9 0 1 0 1 1 0
4 11 0 0 1 0 1 0
4 12 1 1 0 1 1 0
4 14 0 0 0 0 1 0
4 15 0 1 1 1 1 0
4 17 1 0 1 0 1 0
4 18 1 0 0 1 0 0
4 19 1 1 0 0 0 1
4 20 1 1 0 1 1 0
4 22 0 0 1 0 1 0
4 23 0 0 0 1 0 1
4 24 0 0 1 1 0 1
4 25 1 1 0 1 1 1
4 26 1 0 0 0 1 0
4 27 1 1 0 1 1 0
4 29 1 1 1 1 1 0
4 30 1 1 0 1 1 0
4 31 0 0 1 0 0 1
5 22 0 0 0 0 1 1
5 23 0 1 0 0 0 0
5 24 0 0 0 0 1 1
5 25 1 1 1 1 0 0
5 26 1 0 1 1 1 1
5 27 0 1 0 1 1 0
5 29 0 0 1 1 0 0
5 30 0 1 0 1 1 0
5 31 0 0 1 0 0 1
6 2 0 1 0 0 1 1
6 3 1 0 0 0 0 1
6 4 1 0 0 0 1 0
6 5 0 1 0 1 1 0
6 7 1 0 0 0 0 0
6 8 0 0 1 0 1 1
6 9 1 0 0 1 1 0
6 10 1 0 1 1 0 0
6 11 1 1 0 0 1 1
6 12 0 0 0 0 1 0
6 13 0 1 1 0 1 1
6 15 1 0 0 0 0 0
6 16 0 0 1 1 0 0
6 17 1 0 0 1 0 1
6 18 0 0 1 0 1 0
6 19 0 1 0 1 1 0
6 20 0 0 0 0 1 0
6 21 0 1 1 0 1 1
6 23 1 0 0 0 0 0
6 24 1 1 1 0 1 0
6 25 0 1 0 1 1 0
6 26 0 0 1 1 0 1
6 27 1 0 0 1 1 0
6 28 0 1 1 0 1 0
6 29 1 1 0 1 0 0
7 2 1 1 1 0 1 0
7 3 1 1 0 1 0 0
7 5 1 0 1 1 1 0
7 6 1 1 0 1 1 0
7 7 1 1 1 1 1 0
7 8 1 0 0 0 0 1
7 10 1 1 1 0 0 1
7 11 1 1 0 1 0 0
7 13 0 0 1 1 1 1
7 14 0 1 1 1 0 0
7 15 0 0 0 0 1 1
7 16 1 1 1 1 1 0
7 17 0 1 0 0 1 1
7 18 0 1 0 1 1 0
7 20 1 0 0 0 0 0
7 21 0 0 1 1 0 0
7 22 1 0 0 1 1 1
7 23 0 0 0 0 1 1
7 24 1 0 1 1 0 0
7 25 1 0 0 0 1 0
7 26 0 0 0 1 0 1
7 28 1 0 0 0 0 0
7 29 0 0 1 1 0 0
7 30 0 0 0 1 0 1
7 31 0 0 1 0 0 1
8 3 1 0 1 0 1 0
8 4 1 0 0 1 0 0
8 5 1 1 0 0 0 1
8 6 1 1 0 1 1 0
8 8 1 1 1 0 1 0
8 10 0 1 0 0 0 0
8 11 1 1 1 1 1 0
8 12 1 1 0 1 1 0
8 13 0 1 0 0 0 1
8 14 0 0 0 1 1 0
8 16 0 0 1 0 1 0
8 17 1 1 0 1 1 0
8 18 0 0 0 0 1 0
8 19 1 0 1 1 0 0
8 21 0 0 1 1 0 0
8 22 1 1 0 1 0 0
8 23 0 1 1 0 0 1
8 24 0 1 1 1 0 0
8 26 1 1 0 1 0 0
8 28 1 0 1 0 1 0
8 29 1 0 0 1 0 0
8 30 1 1 0 0 0 1
8 31 1 1 0 1 1 0
9 4 0 1 1 1 0 0
9 6 0 1 0 0 0 0
9 7 1 0 1 1 0 0
9 8 1 1 0 1 1 0
9 9 0 0 0 0 1 1
9 10 1 0 0 0 1 0
9 12 1 1 0 1 0 0
9 14 1 1 1 0 1 0
9 15 1 1 0 1 1 0
9 16 0 1 0 0 1 1
9 17 0 0 0 1 1 0
9 19 0 0 1 0 1 0
9 20 0 0 0 1 1 1
9 21 0 0 1 1 0 1
9 22 1 1 0 1 1 1
9 23 1 0 0 0 1 0
9 24 1 1 0 0 1 1
9 26 0 1 0 1 0 0
9 27 0 1 0 1 1 0
9 28 1 0 1 1 0 0
9 29 0 0 0 1 1 0
9 31 1 1 0 1 0 0
10 4 1 0 1 1 0 1
10 5 0 0 0 1 0 1
10 6 1 0 1 1 0 0
10 7 1 1 0 1 1 0
10 9 1 1 0 1 0 0
10 11 0 0 1 1 0 0
10 12 0 1 0 1 1 0
10 13 0 1 0 0 0 1
10 14 1 0 0 1 1 0
10 16 0 0 1 1 1 1
10 17 0 0 0 1 1 0
10 18 0 0 1 1 0 1
10 19 1 1 0 1 1 1
10 21 1 0 1 0 1 0
10 22 1 0 0 1 0 0
10 23 1 1 0 0 0 1
10 24 1 1 0 1 1 0
10 26 1 0 1 1 0 1
10 27 0 0 0 1 1 1
10 28 0 0 0 0 1 1
10 29 1 0 0 0 0 1
10 30 0 1 0 0 1 1
10 31 1 1 0 1 1 0
11 3 1 0 1 0 1 0
11 4 0 1 0 1 1 0
11 6 0 1 1 0 1 0
11 7 1 0 0 0 0 1
11 9 1 1 1 0 0 1
11 10 1 1 0 1 1 1
11 11 0 1 0 1 0 1
11 12 1 1 0 1 1 0
11 14 0 1 0 1 0 0
11 15 0 1 0 1 1 0
11 16 1 0 1 1 0 0
11 17 0 0 0 1 1 0
11 19 1 0 1 0 1 0
11 20 0 1 1 1 0 1
11 22 1 0 1 0 1 0
11 23 1 0 0 1 0 0
11 24 1 1 0 0 0 1
11 25 1 1 0 1 1 0
11 26 0 0 0 0 1 1
11 27 0 1 0 0 0 0
11 28 0 1 0 0 1 0
11 29 1 1 0 1 0 0
11 30 0 1 1 1 1 1
11 31 0 1 0 1 1 0
12 4 0 0 1 1 0 0
12 5 1 1 0 1 1 0
12 6 0 0 0 0 1 1
12 7 0 1 1 0 1 1
12 9 0 0 0 0 1 1
12 10 1 0 1 1 1 1
12 11 1 1 1 0 1 1
12 12 0 1 0 1 1 0
12 13 0 0 1 0 1 0
12 14 0 0 0 1 0 1
12 16 0 0 0 1 0 0
12 17 1 0 0 0 1 0
12 18 0 1 1 0 1 0
12 19 1 0 0 0 0 1
12 21 0 1 0 1 0 1
12 22 1 1 0 1 1 0
12 23 0 1 1 0 1 0
12 24 1 0 0 0 0 1
12 26 0 0 1 0 1 0
12 27 0 0 0 1 1 1
12 28 0 1 0 0 1 1
12 29 1 1 0 1 0 0
12 30 0 0 1 0 1 0
12 31 1 1 0 1 0 0
13 4 0 1 0 0 1 0
13 5 1 1 0 1 1 1
13 6 0 0 1 0 1 1
13 7 1 1 0 1 1 1
13 9 1 0 0 0 0 0
13 10 1 1 1 0 1 1
13 11 0 1 0 1 1 0
13 12 0 1 0 0 0 1
13 13 1 1 0 1 0 0
13 15 0 0 0 0 1 1
13 16 1 1 0 0 0 1
13 17 0 0 0 1 0 0
13 18 1 0 0 0 1 0
13 19 0 1 1 0 1 0
13 20 1 0 0 0 0 1
13 22 0 0 1 1 0 0
13 23 1 1 0 1 1 0
13 24 1 0 1 0 1 1
13 25 0 0 0 1 1 0
13 27 1 0 0 0 0 0
13 28 0 0 0 0 1 1
13 29 1 0 1 1 1 1
13 30 0 0 0 1 0 0
13 31 1 0 0 0 1 0
14 2 1 0 0 0 0 0
14 3 1 1 1 0 1 1
14 4 0 1 0 1 1 0
14 5 0 1 0 0 0 1
14 6 1 1 0 1 0 0
14 8 0 0 0 0 1 1
14 9 1 1 0 0 0 1
14 10 0 0 0 1 0 0
14 11 1 0 0 0 1 0
14 12 0 1 1 0 1 0
14 13 1 0 0 0 0 1
14 15 0 0 1 1 0 0
14 16 1 1 0 1 1 0
14 17 0 0 1 1 1 1
14 18 1 1 0 1 0 1
14 20 1 0 0 0 0 0
14 21 1 1 1 0 1 1
14 22 0 1 0 1 1 0
14 23 0 1 0 0 0 1
14 24 1 1 0 1 0 0
14 26 0 0 0 0 1 1
14 27 1 1 0 0 0 1
14 28 0 0 0 1 0 0
14 29 1 0 0 0 1 0
14 30 0 1 1 0 1 0
14 31 1 0 0 0 0 1
15 2 1 1 1 0 1 1
15 3 0 1 0 1 1 0
15 5 0 0 0 1 0 0
15 6 1 0 0 0 1 0
15 7 0 1 1 0 1 0
15 8 1 0 0 0 0 1
15 10 0 0 1 1 1 1
15 11 1 1 0 1 0 1
15 12 0 0 1 0 1 0
15 13 0 1 0 1 1 0
15 15 1 0 0 0 0 0
15 16 1 1 1 0 1 1
15 17 0 1 0 1 1 0
15 18 0 1 0 0 0 1
15 19 1 1 0 1 0 0
15 21 0 0 0 0 1 1
15 22 1 1 0 0 0 1
15 23 0 0 0 1 0 0
15 24 1 0 0 0 1 0
15 25 0 1 1 0 1 0
15 26 1 0 0 0 0 1
15 28 0 1 1 0 1 0
15 29 1 1 0 1 0 0
15 30 0 0 1 1 1 1
15 31 0 1 1 1 0 0
16 3 0 0 0 0 1 1
16 4 1 0 1 1 1 1
16 5 1 1 1 0 1 1
16 6 0 1 0 1 1 0
16 8 1 1 0 0 0 1
16 9 1 1 0 1 1 0
16 10 0 0 1 0 1 0
16 11 1 1 0 0 1 1
16 13 1 1 1 0 1 1
16 14 0 1 0 1 1 0
16 15 0 1 0 0 0 1
16 16 1 1 0 1 0 0
16 18 0 0 1 0 1 0
16 19 0 1 0 1 1 0
16 20 1 0 1 1 0 0
16 21 0 0 0 1 1 1
16 23 0 0 1 1 0 0
16 24 1 1 0 1 1 0
16 25 1 0 1 0 1 1
16 26 0 0 0 1 1 0
16 28 1 0 0 0 0 0
16 29 0 0 0 0 1 1
16 30 1 0 1 1 1 1
16 31 0 0 1 0 0 1
17 3 1 0 1 0 1 1
17 4 0 0 0 1 1 0
17 6 0 0 1 0 1 0
17 7 0 0 0 1 1 1
17 8 0 1 0 0 1 1
17 9 1 1 0 1 0 0
17 10 0 0 1 0 1 0
17 11 1 1 0 1 0 0
17 13 0 1 0 1 0 0
17 15 0 1 0 0 0 0
17 16 0 1 0 0 1 1
17 17 1 1 0 1 0 0
17 18 0 0 0 0 0 1
17 19 1 0 0 0 0 1
17 21 1 1 0 1 0 0
17 23 1 0 1 1 1 0
17 24 1 1 0 1 1 0
17 25 1 1 1 1 1 0
17 26 1 0 0 0 0 1
17 28 1 1 1 1 1 0
17 29 1 1 0 1 1 0
17 30 1 0 1 1 0 1
17 31 0 1 0 1 1 0
18 4 0 0 1 1 0 1
18 5 0 1 1 1 0 0
18 6 0 0 1 0 1 0
18 7 1 1 0 0 1 1
18 9 1 1 1 0 0 1
18 10 0 1 1 1 0 0
18 11 0 1 1 0 1 0
18 12 1 1 0 1 0 0
18 13 0 0 1 1 1 1
18 14 0 1 1 1 0 0
18 16 1 0 0 0 0 0
18 17 1 1 0 0 0 1
18 18 0 1 0 1 1 0
18 19 1 1 1 0 1 1
18 20 0 1 0 1 1 0
18 22 0 1 1 0 0 1
18 23 1 1 0 0 1 0
18 24 0 0 1 0 1 1
18 25 1 0 0 1 0 1
18 27 0 0 0 0 1 1
18 28 0 1 1 1 0 0
18 29 0 0 1 1 0 0
18 30 1 1 0 1 1 0
18 31 0 0 1 0 0 1
19 4 0 0 1 1 0 1
19 5 0 1 1 1 0 0
19 6 0 0 1 0 1 0
19 7 1 1 0 0 1 1
19 9 1 1 1 0 0 1
19 10 0 1 1 1 0 0
19 11 1 0 0 0 1 0
19 12 0 1 0 1 1 0
19 13 0 0 0 1 0 0
19 14 0 0 1 1 1 1
19 15 0 1 1 1 0 0
19 17 1 0 0 0 0 0
19 18 1 1 0 0 0 1
19 19 0 1 0 1 1 0
19 20 1 1 1 0 1 1
19 21 0 1 0 1 1 0
19 23 1 1 1 1 1 0
19 24 1 0 0 0 0 1
19 25 0 1 1 0 1 0
19 26 1 0 0 0 0 1
19 28 0 0 0 0 1 1
19 29 1 0 1 0 0 1
19 30 1 1 0 0 0 1
19 31 1 1 0 1 1 0
20 3 0 1 0 1 0 0
20 4 0 0 0 0 1 0
20 5 1 0 0 0 0 1
20 7 0 1 0 0 0 1
20 8 1 1 0 1 0 1
20 9 1 1 1 0 1 0
20 10 1 1 0 0 1 1
20 12 0 0 1 1 1 1
20 13 1 1 0 1 0 1
20 14 0 0 1 0 1 0
20 15 0 1 0 1 1 0
20 17 1 0 0 0 0 0
20 18 1 1 0 0 0 1
20 19 0 1 0 1 1 0
20 20 1 1 1 0 1 1
20 21 0 1 0 1 1 0
20 23 1 1 1 1 1 0
20 24 1 0 0 0 0 1
20 25 0 1 1 0 1 0
20 26 1 0 0 0 0 1
20 28 0 0 0 0 1 1
20 29 1 0 1 0 0 1
20 30 1 1 0 0 0 1
20 31 1 1 0 1 1 0
21 2 1 0 0 0 0 0
21 3 1 1 0 0 0 1
21 4 0 1 0 1 1 0
21 5 1 1 1 0 1 1
21 6 0 1 0 1 1 0
21 8 0 1 1 0 0 1
21 9 1 1 0 0 1 0
21 10 0 0 1 0 1 1
21 11 1 0 0 1 0 1
21 13 0 0 0 0 1 1
21 14 0 1 1 1 0 0
21 15 0 0 1 1 0 0
21 16 1 1 0 1 1 0
21 17 0 0 1 1 1 1
21 18 1 1 0 1 0 1
21 20 1 1 1 0 0 1
21 21 0 1 1 1 0 0
21 22 0 0 1 1 0 1
21 23 1 0 0 0 1 1
21 24 1 0 1 1 0 1
21 25 1 1 0 1 1 0
21 27 1 0 0 0 0 0
21 28 0 0 0 0 1 1
21 29 1 0 1 1 1 1
21 30 1 1 1 0 1 1
21 31 0 1 0 1 1 0
22 3 0 1 0 0 1 1
22 4 1 1 0 1 0 0
22 5 0 0 1 1 0 0
22 6 0 0 0 1 1 1
22 8 1 1 0 1 0 0
22 10 1 1 0 0 0 1
22 11 0 1 0 1 1 0
22 12 1 1 1 0 1 1
22 13 0 1 0 1 1 0
22 15 1 1 1 1 1 0
22 16 1 0 0 0 0 1
22 17 0 1 1 0 1 0
22 18 1 0 0 0 0 1
22 20 1 0 1 1 0 1
22 21 0 0 0 1 0 1
22 22 0 0 0 0 1 1
22 23 0 1 1 1 0 1
22 25 1 1 1 0 0 1
22 26 0 1 1 1 0 0
22 27 1 0 0 0 1 0
22 28 0 1 0 1 1 0
22 29 0 0 0 0 0 1
22 30 0 0 1 1 1 1
22 31 0 1 1 1 0 0
23 4 1 0 1 0 1 0
23 5 0 1 1 1 0 1
23 7 0 1 0 0 0 0
23 8 1 1 0 1 1 1
23 9 0 0 0 1 0 0
23 10 1 0 0 0 0 1
23 12 0 0 0 0 0 1
23 13 1 0 1 0 0 1
23 15 0 1 0 1 0 0
23 16 1 1 0 1 1 0
23 17 1 0 0 0 1 0
23 18 0 0 0 1 1 1
23 20 1 1 0 1 0 0
23 22 0 0 0 0 0 1
23 23 0 0 1 0 1 0
23 24 1 0 0 0 0 1
23 25 0 1 0 1 0 1
23 26 0 1 1 1 0 1
23 27 0 0 0 0 1 0
23 28 1 0 1 1 1 1
23 30 0 0 1 0 1 0
23 31 0 1 0 1 1 0
24 14 0 0 0 0 1 1
24 15 0 1 0 0 0 0
24 16 0 1 0 1 0 0
24 17 0 1 0 1 1 0
24 18 0 0 1 1 1 1
24 19 1 1 0 1 1 0
24 21 0 0 0 0 1 1
24 22 0 1 1 1 0 0
24 23 1 1 0 0 0 1
24 24 0 0 0 1 1 0
24 26 0 0 1 1 0 0
24 27 0 0 0 1 1 0
24 28 1 0 0 0 1 0
24 30 0 0 0 0 0 1
24 31 1 0 0 1 0 0
25 2 0 0 1 1 0 1
25 3 1 1 0 0 1 0
25 4 0 1 0 1 0 0
25 5 0 0 0 1 1 1
25 7 0 0 1 0 1 0
25 8 0 1 1 1 0 0
25 9 0 0 1 1 1 1
25 10 0 0 0 1 1 0
25 11 0 0 1 1 0 1
25 12 1 1 0 1 1 1
25 14 0 1 0 0 1 0
25 15 0 0 1 0 1 1
25 16 1 0 0 1 0 1
25 18 0 1 0 1 0 1
25 19 1 1 0 1 1 0
25 20 0 1 1 0 1 0
25 21 1 0 0 0 0 1
25 23 0 0 0 0 1 0
25 24 0 1 1 1 1 0
25 26 1 0 1 0 1 0
25 27 1 0 0 1 0 0
25 28 1 1 0 0 0 1
25 29 1 1 0 1 1 0
26 3 1 1 1 0 1 0
26 4 1 1 0 1 1 0
26 6 1 0 1 1 0 0
26 7 1 1 0 1 0 0
26 8 0 1 1 0 1 0
26 9 1 0 0 0 0 1
26 11 0 1 0 1 0 0
26 12 0 0 0 0 1 1
26 13 0 1 1 1 0 0
26 15 0 0 1 1 1 1
26 16 0 0 0 1 1 0
26 17 0 0 1 1 0 1
26 18 1 1 0 1 1 1
26 20 0 1 0 0 1 0
26 21 0 0 1 0 1 1
26 22 1 0 0 1 0 1
26 24 1 1 0 0 0 0
26 25 0 0 0 0 0 1
26 26 0 0 1 1 0 1
26 27 0 0 0 0 1 1
26 28 0 1 0 1 1 1
26 29 0 0 0 0 1 0
26 30 0 1 1 1 0 0
26 31 1 1 0 0 0 0
27 2 1 0 0 0 1 0
27 3 1 0 0 0 1 0
27 4 0 0 1 1 1 1
27 5 0 0 1 0 0 0
