0.00
42 62 89 109 136 156 184 205 236 257 288 309 339 361 392 413 443 465 495 516 547 568 599 620 651 673 704 725 755 776 807 829 859 880 911 932 963 985 1015 1036 1067 1091 1119 1140 1171 1192 1224 1244 1275 1296 1328 1347 1379 1400 1431 1452 1482 1502 1534 1556 1586 1607 1634 1654
40 60 80 118 140 162 202 223 244 285 306 328 368 389 410 451 472 493 534 556 576 617 639 658 700 721 742 781 803 824 865 886 907 948 969 990 1030 1051 1072 1112 1134 1155 1195 1217 1237 1277 1299 1320 1360 1381 1403 1443 1464 1486 1525 1546 1568 1608 1630 1651 1690 1712 1733 1774 1795 1816 1856 1878 1899 1940 1961 1982 2021 2043 2065 2104 2127 2148 2186 2207 2227 2265 2285 2310
2 6 0 1 1 1 0 0
2 7 1 1 1 0 0 1
2 8 0 0 0 1 0 0
2 10 1 1 1 0 0 0
2 11 1 0 0 1 0 1
2 12 1 1 0 1 1 0
2 13 0 1 0 0 1 1
2 15 0 0 1 1 1 0
2 16 1 0 1 0 0 0
2 17 1 1 0 0 1 1
2 18 0 0 0 0 1 0
2 19 0 0 0 0 1 0
2 20 0 0 0 0 1 0
2 22 0 0 0 0 1 0
2 23 0 0 0 0 1 0
2 24 0 0 0 0 1 0
2 25 0 0 0 0 1 0
2 26 0 0 0 0 1 0
2 27 0 0 0 0 1 0
2 28 0 0 1 1 1 1
2 29 1 0 0 0 0 0
2 30 1 0 0 0 1 0
2 31 1 1 0 0 0 0
3 4 1 0 0 1 1 0
3 5 0 1 0 1 0 0
3 6 1 1 1 0 1 0
3 7 0 1 1 0 0 0
3 8 1 1 0 1 1 0
3 9 1 0 0 0 1 0
3 12 1 0 0 0 1 1
3 13 0 1 1 0 1 0
3 14 1 1 1 0 0 0
3 15 1 1 0 0 0 1
3 17 1 0 1 1 1 0
3 18 0 1 1 1 0 1
3 19 1 1 0 1 1 0
3 20 0 1 0 0 1 1
3 21 0 0 0 0 1 0
3 22 0 0 0 0 1 0
3 23 0 0 0 0 1 0
3 24 0 0 0 0 1 0
3 25 0 0 0 0 1 0
3 26 0 0 0 0 1 0
3 27 0 0 0 0 1 0
3 28 0 0 1 1 1 1
3 29 1 0 0 0 0 0
3 30 1 0 0 0 1 0
3 31 1 0 0 1 0 0
4 6 0 1 0 1 0 0
4 7 0 0 0 1 0 0
4 9 1 1 0 1 1 0
4 10 0 1 0 1 0 0
4 11 1 1 0 0 0 0
4 12 0 0 1 0 1 1
4 14 1 1 0 0 0 0
4 15 1 0 1 0 0 1
4 16 1 0 0 0 1 1
4 17 0 1 1 0 0 0
4 18 0 0 0 0 1 0
4 19 0 0 0 0 1 0
4 20 0 0 0 0 1 0
4 21 0 0 0 0 1 0
4 22 0 0 0 0 1 0
4 23 0 0 0 0 1 0
4 24 0 0 0 0 1 0
4 25 0 0 0 0 1 0
4 26 0 0 0 0 1 0
4 27 0 0 0 0 1 0
4 28 0 0 1 1 1 1
4 29 1 0 0 0 0 0
4 30 1 0 0 0 1 0
4 31 1 0 0 1 1 0
5 6 1 1 1 0 1 0
5 7 0 1 1 0 0 0
5 8 0 0 0 1 0 0
5 10 1 0 0 0 1 1
5 11 0 0 1 0 1 1
5 12 1 1 0 0 0 0
5 13 0 1 0 1 0 0
5 14 0 1 1 0 0 0
5 16 1 1 1 1 1 0
5 17 0 0 1 1 1 1
5 18 1 0 0 0 0 0
5 19 0 0 1 1 0 0
5 20 0 1 1 0 0 1
5 21 0 0 1 0 0 0
5 22 0 0 0 0 1 0
5 23 0 0 0 0 1 0
5 24 0 0 0 0 1 0
5 25 0 0 0 0 1 0
5 26 0 0 0 0 1 0
5 27 0 0 0 0 1 0
5 28 0 0 1 1 1 1
5 29 1 0 0 0 0 0
5 30 1 0 0 0 1 0
5 31 1 0 0 0 1 0
6 6 0 1 1 1 0 0
6 7 1 1 1 0 0 1
6 8 0 0 0 1 0 0
6 10 1 0 1 0 0 0
6 11 1 0 0 1 0 1
6 12 0 1 1 1 1 0
6 13 0 1 0 1 1 1
6 14 1 0 0 0 0 0
6 16 1 1 0 0 0 0
6 17 0 0 1 0 1 0
6 18 1 1 1 1 0 0
6 19 0 1 0 1 0 0
6 21 1 0 1 1 0 0
6 22 0 0 1 0 1 0
6 23 0 0 0 0 1 0
6 24 0 0 0 0 1 0
6 25 0 0 0 0 1 0
6 26 0 0 0 0 1 0
6 27 0 0 0 0 1 0
6 28 0 0 1 1 1 1
6 29 1 0 0 0 0 0
6 30 1 0 0 0 1 0
6 31 1 1 0 1 0 0
7 6 0 1 1 1 0 0
7 7 0 1 1 0 0 0
7 8 0 0 0 1 0 0
7 10 1 0 0 1 1 0
7 11 0 1 1 0 1 0
7 12 1 1 1 0 0 0
7 13 0 0 1 0 1 0
7 15 1 1 0 1 1 0
7 16 1 1 0 0 1 1
7 17 0 1 1 1 1 0
7 18 1 1 1 0 1 1
7 20 1 0 1 1 1 0
7 21 1 1 0 0 1 1
7 22 0 0 0 0 1 0
7 23 0 0 0 0 1 0
7 24 0 0 0 0 1 0
7 25 0 0 0 0 1 0
7 26 0 0 0 0 1 0
7 27 0 0 0 0 1 0
7 28 0 0 1 1 1 1
7 29 1 0 0 0 0 0
7 30 1 0 0 0 1 0
7 31 1 1 0 1 0 0
8 6 1 0 1 0 0 1
8 7 0 0 1 0 0 0
8 8 0 0 0 1 0 0
8 10 1 1 0 1 0 0
8 11 0 0 1 1 1 1
8 13 1 1 0 0 0 0
8 14 0 1 0 1 0 1
8 16 1 1 0 0 1 0
8 17 0 1 0 0 0 1
8 18 1 0 0 0 1 0
8 19 0 1 1 0 0 0
8 20 0 0 0 0 1 0
8 21 0 0 0 0 1 0
8 22 0 0 0 0 1 0
8 23 0 0 0 0 1 0
8 24 0 0 0 0 1 0
8 25 0 0 0 0 1 0
8 26 0 0 0 0 1 0
8 27 0 0 0 0 1 0
8 28 0 0 1 1 1 1
8 29 1 0 0 0 0 0
8 30 1 0 0 0 1 0
8 31 1 1 0 1 1 0
9 6 1 1 1 0 0 0
9 7 1 1 0 0 1 1
9 8 0 0 0 1 0 0
9 10 1 1 0 0 0 0
9 11 0 0 1 0 1 0
9 12 0 1 1 0 1 1
9 13 0 1 0 0 0 0
9 15 1 1 0 1 1 0
9 16 0 0 1 1 0 1
9 17 1 0 0 1 1 0
9 18 1 0 0 0 0 1
9 19 0 0 1 0 0 0
9 20 0 0 0 0 1 0
9 21 0 0 0 0 1 0
9 22 0 0 0 0 1 0
9 23 0 0 0 0 1 0
9 24 0 0 0 0 1 0
9 25 0 0 0 0 1 0
9 26 0 0 0 0 1 0
9 27 0 0 0 0 1 0
9 28 0 0 1 1 1 1
9 29 1 0 0 0 0 0
9 30 1 0 0 0 1 0
9 31 1 1 0 0 1 0
10 4 1 0 0 1 1 0
10 5 0 1 0 1 0 0
10 6 0 1 1 1 0 0
10 7 1 1 1 0 0 1
10 8 1 1 0 1 1 0
10 9 1 0 0 0 1 0
10 12 0 1 0 1 0 0
10 13 0 1 1 0 0 0
10 14 1 1 0 1 1 0
10 15 1 1 0 0 0 1
10 16 1 1 0 1 1 0
10 17 1 0 0 0 0 1
10 18 0 0 0 0 1 0
10 19 0 0 0 0 1 0
10 20 0 0 0 0 1 0
10 21 0 0 0 0 1 0
10 22 0 0 0 0 1 0
10 23 0 0 0 0 1 0
10 24 0 0 0 0 1 0
10 25 0 0 0 0 1 0
10 26 0 0 0 0 1 0
10 27 0 0 0 0 1 0
10 28 0 0 1 1 1 1
10 29 1 0 0 0 0 0
10 30 1 0 0 0 1 0
10 31 0 1 0 1 0 0
11 6 0 1 0 1 0 0
11 7 0 0 0 1 0 0
11 9 0 0 1 1 0 1
11 10 0 1 1 0 0 0
11 11 1 1 0 0 0 0
11 12 0 1 1 1 0 1
11 14 1 0 1 0 1 1
11 15 1 0 0 0 0 0
11 16 1 0 0 0 1 1
11 17 0 1 1 0 0 0
11 18 0 0 0 0 1 0
11 19 0 0 0 0 1 0
11 20 0 0 0 0 1 0
11 21 0 0 0 0 1 0
11 22 0 0 0 0 1 0
11 23 0 0 0 0 1 0
11 24 0 0 0 0 1 0
11 25 0 0 0 0 1 0
11 26 0 0 0 0 1 0
11 27 0 0 0 0 1 0
11 28 0 0 1 1 1 1
11 29 1 0 0 0 0 0
11 30 1 1 0 1 0 0
11 31 1 0 0 0 0 0
12 6 1 1 1 0 1 0
12 7 0 1 1 0 0 0
12 8 0 0 0 1 0 0
12 10 0 1 0 1 1 1
12 11 0 1 0 0 0 0
12 12 0 1 1 1 1 0
12 13 1 0 1 0 1 0
12 14 0 1 0 0 0 0
12 16 1 1 0 0 1 0
12 17 1 0 0 1 0 1
12 18 0 1 1 0 0 0
12 19 1 1 1 1 1 0
12 20 1 0 1 0 0 1
12 22 1 0 0 1 1 0
12 23 0 1 0 1 0 0
12 24 0 1 0 1 0 0
12 25 1 0 0 0 1 1
12 26 0 1 1 0 0 0
12 27 0 0 0 0 1 0
12 28 0 0 1 1 1 1
12 29 1 0 0 0 0 0
12 30 1 1 0 1 0 0
12 31 1 0 0 0 0 0
13 6 0 1 1 1 0 0
13 7 1 1 1 0 0 1
13 8 0 0 0 1 0 0
13 10 0 1 0 1 1 1
13 11 0 1 0 0 0 0
13 12 0 1 1 1 1 0
13 13 1 0 1 0 1 0
13 15 1 1 0 0 1 0
13 16 1 0 0 1 0 1
13 17 1 1 1 1 1 0
13 18 1 0 1 0 0 1
13 20 1 0 0 1 1 0
13 21 0 1 0 1 0 0
13 22 1 1 1 0 1 0
13 23 0 1 1 0 0 0
13 24 1 0 0 0 1 1
13 25 0 1 1 0 0 0
13 26 0 0 0 0 1 0
13 27 0 0 0 0 1 0
13 28 0 0 1 1 1 1
13 29 1 0 0 0 0 0
13 30 1 1 0 1 0 0
13 31 1 0 0 0 0 0
14 6 0 1 1 1 0 0
14 7 0 1 1 0 0 0
14 8 0 0 0 1 0 0
14 10 0 1 0 1 1 1
14 11 0 1 0 0 0 0
14 12 0 1 1 1 1 0
14 13 1 0 1 0 1 0
14 15 1 1 0 0 1 0
14 16 1 0 0 1 0 1
14 17 1 1 1 1 1 0
14 18 1 0 1 0 0 1
14 20 1 0 0 1 1 0
14 21 0 1 0 1 0 0
14 22 0 1 1 1 0 0
14 23 1 1 1 0 0 1
14 24 1 0 0 0 1 1
14 25 0 1 1 0 0 0
14 26 0 0 0 0 1 0
14 27 0 0 0 0 1 0
14 28 0 0 1 1 1 1
14 29 1 0 0 0 0 0
14 30 1 1 0 1 0 0
14 31 1 1 0 0 0 0
15 6 1 0 1 0 0 1
15 7 0 0 1 0 0 0
15 8 0 0 0 1 0 0
15 10 0 0 1 1 0 0
15 11 0 1 0 1 0 1
15 12 1 0 0 0 0 0
15 13 1 1 0 0 1 0
15 14 1 0 0 0 0 1
15 16 1 1 0 0 1 0
15 17 1 1 0 1 1 1
15 18 1 0 0 1 1 0
15 19 1 1 1 0 1 1
15 20 1 0 0 0 1 1
15 21 0 1 1 0 0 0
15 22 0 0 0 0 1 0
15 23 0 0 0 0 1 0
15 24 0 0 0 0 1 0
15 25 0 0 0 0 1 0
15 26 0 0 0 0 1 0
15 27 0 0 0 0 1 0
15 28 0 0 1 1 1 1
15 29 1 0 0 0 0 0
15 30 1 1 0 1 0 0
15 31 1 1 0 0 0 0
16 6 1 1 1 0 0 0
16 7 1 1 0 0 1 1
16 8 0 0 0 1 0 0
16 10 1 1 1 1 1 0
16 11 1 0 1 0 0 1
16 12 0 0 1 1 0 0
16 13 0 1 1 0 1 0
16 15 1 1 1 0 0 0
16 16 1 0 1 1 0 1
16 17 1 1 1 1 1 0
16 18 0 1 1 0 0 0
16 19 1 0 0 0 1 1
16 20 0 1 1 0 0 0
16 21 0 0 0 0 1 0
16 22 0 0 0 0 1 0
16 23 0 0 0 0 1 0
16 24 0 0 0 0 1 0
16 25 0 0 0 0 1 0
16 26 0 0 0 0 1 0
16 27 0 0 0 0 1 0
16 28 0 0 1 1 1 1
16 29 1 0 0 0 0 0
16 30 1 1 0 1 0 0
16 31 1 0 0 1 0 0
17 6 1 0 1 0 0 0
17 7 0 1 0 1 0 0
17 8 0 0 0 1 0 0
17 10 1 0 0 1 1 0
17 11 0 1 1 0 1 0
17 12 0 0 1 1 0 0
17 13 1 0 1 1 1 1
17 15 1 1 0 1 1 0
17 16 1 1 0 0 1 1
17 17 0 1 0 1 1 1
17 18 0 0 1 0 0 0
17 19 1 0 0 0 1 1
17 20 0 1 1 0 0 0
17 21 0 0 0 0 1 0
17 22 0 0 0 0 1 0
17 23 0 0 0 0 1 0
17 24 0 0 0 0 1 0
17 25 0 0 0 0 1 0
17 26 0 0 0 0 1 0
17 27 0 0 0 0 1 0
17 28 0 0 1 1 1 1
17 29 1 0 0 0 0 0
17 30 1 1 0 1 0 0
17 31 1 0 0 1 0 0
18 6 1 1 0 0 0 0
18 7 0 0 1 0 1 0
18 8 0 0 0 1 0 0
18 10 1 1 0 1 1 0
18 11 1 1 0 0 1 1
18 12 1 1 0 1 1 0
18 13 0 1 0 1 1 1
18 15 1 1 0 0 0 0
18 16 0 0 1 0 1 0
18 17 0 1 0 0 0 0
18 19 1 0 1 1 0 0
18 20 0 0 1 0 1 0
18 21 1 0 0 1 1 0
18 22 0 1 1 0 1 0
18 23 1 0 0 0 1 1
18 24 0 1 1 0 0 0
18 25 0 0 0 0 1 0
18 26 0 0 0 0 1 0
18 27 0 0 0 0 1 0
18 28 0 0 1 1 1 1
18 29 1 0 0 0 0 0
18 30 1 1 0 1 0 0
18 31 1 0 0 1 1 0
19 6 1 1 0 1 1 0
19 7 1 1 0 0 1 1
19 8 0 0 0 1 0 0
19 10 0 1 1 1 0 0
19 11 1 1 1 0 0 1
19 12 1 1 1 1 0 0
19 13 1 1 1 0 0 1
19 15 1 1 1 0 0 0
19 16 1 0 1 0 1 0
19 17 1 0 0 1 1 0
19 18 0 1 0 1 0 0
19 19 1 0 0 0 1 1
19 20 0 1 1 0 0 0
19 21 0 0 0 0 1 0
19 22 0 0 0 0 1 0
19 23 0 0 0 0 1 0
19 24 0 0 0 0 1 0
19 25 0 0 0 0 1 0
19 26 0 0 0 0 1 0
19 27 0 0 0 0 1 0
19 28 0 0 1 1 1 1
19 29 1 0 0 0 0 0
19 30 1 1 0 1 0 0
19 31 1 0 0 0 1 0
20 6 1 0 0 0 1 1
20 7 0 1 0 0 0 0
20 8 0 0 0 1 0 0
20 10 1 0 1 0 0 0
20 11 1 0 0 0 0 1
20 12 1 1 1 0 0 0
20 13 0 1 0 0 1 1
20 15 0 1 1 1 1 0
20 16 1 1 1 0 0 1
20 17 0 0 1 1 0 0
20 18 0 1 1 0 1 0
20 19 1 0 0 0 1 1
20 20 0 1 1 0 0 0
20 21 0 0 0 0 1 0
20 22 0 0 0 0 1 0
20 23 0 0 0 0 1 0
20 24 0 0 0 0 1 0
20 25 0 0 0 0 1 0
20 26 0 0 0 0 1 0
20 27 0 0 0 0 1 0
20 28 0 0 1 1 1 1
20 29 1 0 0 0 0 0
20 30 1 1 0 1 0 0
20 31 1 1 0 1 0 0
21 6 1 0 0 0 1 1
21 7 0 1 0 0 0 0
21 8 0 1 0 1 0 0
21 9 0 0 0 1 0 0
21 11 1 0 1 0 1 0
21 12 0 1 1 0 0 0
21 13 1 1 0 0 1 0
21 14 1 0 1 0 0 1
21 16 1 1 1 1 0 0
21 17 1 0 1 0 0 1
21 18 1 0 0 0 1 1
21 19 0 1 0 0 0 0
21 20 1 0 0 0 1 1
21 21 0 1 1 0 0 0
21 22 0 0 0 0 1 0
21 23 0 0 0 0 1 0
21 24 0 0 0 0 1 0
21 25 0 0 0 0 1 0
21 26 0 0 0 0 1 0
21 27 0 0 0 0 1 0
21 28 0 0 1 1 1 1
21 29 1 0 0 0 0 0
21 30 1 1 0 1 0 0
21 31 1 1 0 1 1 0
22 6 1 0 0 0 1 1
22 7 0 1 0 0 0 0
22 8 1 1 1 0 1 0
22 9 0 1 1 0 0 0
22 10 0 0 0 1 0 0
22 12 1 0 0 1 1 0
22 13 0 0 1 0 1 0
22 14 0 0 1 0 0 0
22 15 1 1 0 1 1 0
22 16 0 1 0 0 1 1
22 17 1 0 0 0 1 1
22 18 0 1 1 0 0 0
22 19 0 0 0 0 1 0
22 20 0 0 0 0 1 0
22 21 0 0 0 0 1 0
22 22 0 0 0 0 1 0
22 23 0 0 0 0 1 0
22 24 0 0 0 0 1 0
22 25 0 0 0 0 1 0
22 26 0 0 0 0 1 0
22 27 0 0 0 0 1 0
22 28 0 0 1 1 1 1
22 29 1 0 0 0 0 0
22 30 1 1 0 1 0 0
22 31 1 1 0 1 1 0
23 6 1 0 0 0 1 1
23 7 0 1 0 0 0 0
23 8 0 1 1 1 0 0
23 9 1 1 1 0 0 1
23 10 0 0 0 1 0 0
23 12 1 1 0 1 1 0
23 13 0 1 0 0 1 1
23 14 0 1 0 1 1 1
23 15 0 0 1 0 0 0
23 16 1 0 0 0 1 1
23 17 0 1 1 0 0 0
23 18 0 0 0 0 1 0
23 19 0 0 0 0 1 0
23 20 0 0 0 0 1 0
23 21 0 0 0 0 1 0
23 22 0 0 0 0 1 0
23 23 0 0 0 0 1 0
23 24 0 0 0 0 1 0
23 25 0 0 0 0 1 0
23 26 0 0 0 0 1 0
23 27 0 0 0 0 1 0
23 28 0 0 1 1 1 1
23 29 1 0 0 0 0 0
23 30 1 1 0 1 0 0
23 31 1 1 0 0 1 0
24 4 1 0 0 1 1 0
24 5 0 1 0 1 0 0
24 6 0 1 1 1 0 0
24 7 0 1 1 0 0 0
24 8 1 1 0 1 1 0
24 9 1 0 0 0 1 0
24 12 1 1 0 0 0 0
24 13 0 0 1 0 1 0
24 14 1 0 0 1 1 0
24 15 1 1 0 1 1 1
24 16 1 1 0 1 1 0
24 17 1 1 0 0 0 1
24 18 0 0 0 0 1 0
24 19 0 0 0 0 1 0
24 20 0 0 0 0 1 0
24 21 0 0 0 0 1 0
24 22 0 0 0 0 1 0
24 23 0 0 0 0 1 0
24 24 0 0 0 0 1 0
24 25 0 0 0 0 1 0
24 26 0 0 0 0 1 0
24 27 0 0 0 0 1 0
24 28 0 0 1 1 1 1
24 29 1 0 0 0 0 0
24 30 1 1 0 1 0 0
24 31 0 1 0 1 0 0
25 6 0 1 0 1 0 0
25 7 0 0 0 1 0 0
25 9 1 1 1 0 0 0
25 10 1 0 1 1 0 1
25 11 1 0 0 0 1 1
25 12 1 1 1 0 1 1
25 14 0 1 1 1 1 0
25 15 1 0 1 0 1 0
25 16 1 0 0 0 0 0
25 17 0 1 1 1 1 0
25 18 1 0 0 1 0 1
25 20 1 1 1 0 0 0
25 21 0 1 0 1 0 0
25 23 0 1 1 1 0 0
25 24 1 1 1 0 0 1
25 25 1 1 0 1 1 0
25 26 0 0 1 1 1 0
25 27 0 0 0 0 1 0
25 28 0 0 1 1 1 1
25 29 1 0 0 0 0 0
25 30 1 1 0 1 0 0
25 31 0 1 0 1 0 0
26 6 1 1 1 0 1 0
26 7 0 1 1 0 0 0
26 8 0 0 0 1 0 0
26 10 1 0 1 0 1 1
26 11 1 0 1 0 1 0
26 12 1 1 0 0 1 1
26 13 0 1 1 0 0 0
26 15 1 0 1 0 0 0
26 16 0 1 0 1 0 1
26 17 1 1 0 1 1 0
26 18 0 1 0 0 1 1
26 20 0 1 1 1 0 0
26 21 0 1 1 0 0 0
26 23 1 0 0 0 1 1
26 24 0 1 0 0 0 1
26 25 1 0 0 1 1 0
26 26 0 0 1 1 1 0
26 27 0 0 0 0 1 0
26 28 0 0 1 1 1 1
26 29 1 0 0 0 0 0
26 30 1 1 0 1 1 0
26 31 0 1 0 1 1 0
27 30 0 0 1 1 1 1
27 31 0 1 0 0 0 1
2 21 0 0 0 0 1 0
