0.10
21 42 73 95 126 146 178 198 230 251 283 302 334 354 385 407 437 457 489 509 541 562 593 614 644 666 696 717 748 769 800 821 852 873 904 925 956 977 1008 1028 1060 1080 1112 1133 1163 1184 1216 1236 1267 1289 1320 1340 1371 1392 1423 1444 1474 1496 1527 1548 1579 1599 1630 1650
25 53 74 114 136 157 197 218 239 280 301 322 363 385 407 447 468 490 530 551 573 613 634 656 696 717 739 779 800 821 862 883 905 944 966 987 1027 1049 1070 1110 1132 1152 1194 1215 1237 1277 1298 1319 1359 1381 1402 1443 1464 1485 1526 1547 1569 1609 1630 1651 1691 1713 1734 1775 1796 1818 1859 1880 1901 1941 1963 1984 2024 2046 2067 2108 2129 2151 2190 2211 2233 2277 2298 2319
2 13 0 0 1 1 0 0
2 14 1 0 0 1 0 1
2 15 0 1 0 1 0 1
2 16 0 1 1 1 0 0
2 18 0 1 0 1 0 0
2 19 0 1 0 1 1 0
2 20 1 0 1 1 0 0
2 21 0 0 0 1 1 0
4 3 0 0 1 0 1 0
4 4 1 0 0 1 0 1
4 5 0 0 0 0 1 1
4 6 0 0 1 1 1 1
4 8 0 1 1 0 0 1
4 9 1 1 0 0 1 0
4 10 0 0 1 0 1 1
4 11 1 0 0 1 0 1
4 13 0 1 0 1 0 1
4 14 1 1 0 1 1 0
4 15 1 0 1 1 1 1
4 16 0 0 0 1 0 1
4 18 0 1 0 0 1 1
4 19 1 1 0 1 1 0
4 20 1 0 0 0 1 0
4 21 1 1 0 0 1 1
4 23 0 0 1 1 0 1
4 24 0 0 0 1 1 0
4 25 1 0 0 0 1 0
4 26 0 0 1 1 1 0
4 27 1 1 0 1 1 0
4 29 1 1 1 0 1 0
5 3 0 0 1 0 1 0
5 4 0 1 0 1 1 0
5 5 1 0 1 0 1 1
5 6 1 0 0 1 1 1
5 8 0 1 0 0 0 0
5 9 1 0 1 1 0 1
5 10 0 0 0 1 1 1
5 11 0 0 0 0 1 1
5 12 1 0 0 0 0 1
5 14 1 1 1 0 1 1
5 15 0 1 0 1 1 0
5 16 1 1 0 0 0 1
5 17 1 1 0 1 1 0
5 19 1 1 0 1 0 0
5 21 0 0 0 0 1 1
5 22 0 1 0 1 0 0
5 23 1 1 1 1 1 0
5 24 1 0 0 0 0 1
5 26 1 1 1 0 1 1
5 27 0 1 0 1 1 0
5 28 0 1 0 0 0 1
5 29 1 1 0 1 0 1
5 30 1 1 1 0 1 0
5 31 1 1 0 0 1 1
6 4 0 0 1 0 1 0
6 5 1 1 0 1 1 0
6 6 0 0 0 1 0 0
6 7 0 1 1 1 0 1
6 9 1 0 1 1 1 1
6 10 0 1 1 0 0 1
6 11 1 1 0 0 1 0
6 13 0 0 1 0 1 0
6 14 1 0 0 1 0 1
6 15 0 0 0 0 1 1
6 16 0 0 1 1 1 1
6 18 1 1 0 0 0 1
6 19 0 0 0 1 1 1
6 20 0 0 0 1 0 0
6 21 1 0 0 0 1 0
6 23 0 1 1 0 0 1
6 24 1 1 0 0 1 0
6 25 0 0 1 0 1 1
6 26 1 0 0 1 0 1
6 28 0 1 0 1 0 1
6 29 1 1 0 1 1 0
6 30 1 0 1 1 1 1
6 31 0 0 0 1 0 1
7 2 0 0 0 1 0 0
7 3 1 0 0 0 1 0
7 5 0 1 1 0 0 1
7 6 1 1 0 0 1 0
7 7 0 0 1 0 1 1
7 8 1 0 0 1 0 1
7 10 1 0 1 1 0 1
7 11 0 0 0 1 0 1
7 12 1 1 1 0 0 1
7 13 0 1 1 1 0 1
7 15 0 1 0 0 0 0
7 16 1 0 1 0 1 0
7 17 0 0 0 1 0 1
7 18 0 0 1 1 1 1
7 19 1 0 0 0 0 1
7 21 1 0 1 1 0 0
7 22 1 0 0 1 0 1
7 23 1 0 1 1 1 1
7 24 0 0 0 1 0 1
7 26 1 1 0 1 0 0
7 28 0 0 0 0 1 1
7 29 0 1 1 1 0 0
7 30 0 1 0 0 1 1
7 31 0 0 0 1 0 1
8 2 0 1 1 0 1 0
8 3 1 1 0 1 0 0
8 4 1 1 1 0 1 0
8 5 1 1 0 0 1 1
8 7 0 1 0 0 0 0
8 8 0 0 0 0 1 1
8 9 1 0 0 0 0 1
8 10 0 0 1 1 0 1
8 11 1 0 0 0 1 1
8 13 1 0 0 0 1 0
8 14 1 1 0 0 1 1
8 15 1 1 1 0 0 1
8 16 1 0 0 0 0 1
8 18 1 1 0 1 0 0
8 20 1 0 1 1 1 1
8 21 0 1 1 0 0 1
8 22 1 1 0 0 1 0
8 24 0 0 1 0 1 0
8 25 1 0 0 1 0 1
8 26 0 0 0 0 1 1
8 27 0 0 1 1 1 1
8 29 1 1 0 0 0 1
8 30 0 0 0 1 1 1
8 31 0 0 1 0 0 1
9 3 0 1 0 1 0 1
9 4 1 1 0 1 1 0
9 5 0 1 1 0 1 0
9 6 1 0 0 0 0 1
9 8 0 1 0 0 0 0
9 9 0 0 1 1 1 1
9 10 1 0 0 0 0 1
9 11 0 1 0 0 0 1
9 12 1 0 0 1 1 0
9 14 0 1 0 1 0 0
9 15 0 0 0 0 1 1
9 16 0 1 1 1 0 0
9 18 0 0 1 0 1 0
9 19 1 0 0 1 0 1
9 20 0 0 0 0 1 1
9 21 0 0 1 1 1 1
9 23 1 1 0 0 0 1
9 24 0 0 0 1 1 1
9 25 0 0 0 1 0 0
9 26 1 0 0 0 1 0
9 28 0 1 1 0 0 1
9 29 1 1 0 0 1 0
9 30 0 0 1 0 1 1
9 31 1 0 0 1 0 1
10 4 0 1 0 0 1 1
10 5 1 1 0 1 0 0
10 6 0 0 0 0 0 1
10 7 1 0 0 0 0 1
10 9 0 0 1 0 1 0
10 10 1 0 0 1 0 1
10 11 0 0 0 0 1 1
10 12 0 0 1 1 1 1
10 14 0 1 1 0 0 1
10 15 1 1 0 0 1 0
10 16 0 0 1 0 1 1
10 17 1 0 0 1 0 1
10 19 1 1 1 0 1 0
10 20 0 1 0 1 1 0
10 21 0 0 1 0 1 0
10 22 0 1 0 1 1 0
10 23 1 0 1 1 0 0
10 24 0 0 0 1 1 1
10 26 0 1 1 0 0 1
10 27 1 1 0 0 1 0
10 28 1 0 0 0 1 0
10 29 1 1 0 1 1 0
10 30 0 0 1 1 1 1
10 31 1 0 0 1 0 0
11 3 1 0 1 1 1 1
11 4 0 0 0 1 0 1
11 6 0 0 0 1 0 0
11 7 1 0 0 0 0 1
11 8 0 0 1 1 0 1
11 9 0 1 1 1 0 1
11 11 0 0 0 0 1 1
11 12 1 1 1 0 1 1
11 13 0 0 1 0 0 1
11 14 1 0 0 1 1 0
11 15 1 1 1 0 0 1
11 17 1 0 1 1 0 0
11 18 1 1 0 1 0 1
11 19 0 0 0 1 1 0
11 20 0 0 0 1 0 0
11 21 1 1 0 0 1 0
11 22 0 0 0 1 1 0
11 23 1 1 1 0 0 1
11 25 0 0 0 0 1 0
11 26 1 0 1 0 0 1
11 28 0 0 1 1 1 0
11 29 0 1 0 1 1 0
11 30 0 1 1 0 1 0
11 31 1 0 0 0 0 1
12 3 0 1 1 0 0 1
12 4 1 1 0 0 1 0
12 5 0 0 1 0 1 1
12 6 1 0 0 1 0 1
12 8 1 0 0 0 0 0
12 9 1 1 0 0 0 1
12 10 0 1 0 1 1 0
12 11 0 0 0 0 1 1
12 12 1 0 1 1 1 1
12 14 0 0 0 1 0 0
12 15 1 0 0 0 1 0
12 16 0 1 1 0 1 0
12 17 1 0 0 0 0 1
12 19 1 1 1 0 0 1
12 20 1 1 0 1 0 0
12 21 0 1 0 0 1 1
12 22 1 1 0 1 1 0
12 24 0 1 1 0 0 1
12 25 1 0 0 1 1 0
12 26 0 0 1 1 0 1
12 27 0 0 0 1 1 0
12 29 0 1 0 1 0 1
12 30 1 1 0 1 1 0
12 31 0 0 1 0 0 1
13 2 1 0 0 0 1 0
13 3 1 1 0 1 1 0
13 5 1 1 0 0 0 1
13 6 0 0 0 1 1 1
13 7 0 0 0 1 0 0
13 8 1 0 0 0 1 0
13 10 0 0 0 1 0 0
13 11 1 0 0 0 1 0
13 12 0 1 1 0 1 0
13 13 1 0 0 0 0 1
13 15 1 0 0 0 1 0
13 16 1 1 0 1 1 0
13 18 1 1 0 0 0 1
13 19 0 1 0 1 1 0
13 20 1 1 1 0 1 1
13 21 0 1 0 1 1 0
13 23 1 1 1 1 1 0
13 24 1 0 0 0 0 1
13 25 0 1 1 0 1 0
13 26 1 0 0 0 0 1
13 28 0 0 1 0 1 0
13 29 1 0 0 1 0 1
13 30 0 0 0 0 1 1
13 31 0 0 1 1 1 1
14 4 0 1 1 0 1 0
14 5 1 1 0 1 1 0
14 7 0 1 0 1 0 0
14 8 0 1 0 1 1 0
14 9 1 0 1 1 0 0
14 10 0 0 0 1 1 0
14 12 1 0 1 0 1 0
14 13 1 0 0 1 0 0
14 14 1 1 0 0 0 1
14 15 1 1 0 1 1 0
14 17 0 0 1 1 0 0
14 18 0 1 0 1 1 0
14 19 0 0 1 1 1 0
14 20 1 1 0 1 1 0
14 22 1 0 1 1 1 0
14 23 1 1 0 1 1 0
14 24 1 1 1 1 1 0
14 25 1 0 0 0 0 1
14 27 1 1 0 1 0 0
14 29 0 1 1 1 1 1
14 30 1 1 0 1 1 0
14 31 0 0 1 0 0 1
15 2 0 0 1 0 1 0
15 3 0 0 0 1 1 1
15 4 1 1 1 0 0 1
15 5 1 1 0 1 1 1
15 6 1 1 1 1 1 0
15 8 0 0 0 0 1 1
15 9 1 1 1 0 1 1
15 10 0 0 1 0 0 1
15 11 0 1 0 1 0 0
15 12 1 1 1 0 0 1
15 14 1 0 1 1 0 0
15 15 1 1 0 1 0 1
15 16 1 0 0 1 0 0
15 17 0 0 0 1 0 0
15 18 1 1 0 0 1 0
15 19 0 0 0 1 1 0
15 20 1 1 1 0 0 1
15 22 0 0 0 0 1 0
15 23 1 0 1 0 0 1
15 25 0 0 1 1 0 0
15 26 0 0 0 1 1 0
15 28 0 1 0 0 0 0
15 29 0 1 0 1 0 1
15 30 0 1 1 1 0 1
15 31 0 0 1 0 0 1
16 14 0 0 0 0 1 1
16 15 0 1 0 0 0 0
16 16 0 1 0 1 0 1
16 17 0 1 1 1 0 1
16 18 0 1 1 0 1 0
16 19 1 1 0 1 1 0
16 21 0 0 1 1 0 0
16 22 1 1 0 1 0 0
16 23 0 1 1 0 0 1
16 24 0 1 1 1 0 0
16 26 1 1 0 1 0 0
16 28 1 0 1 0 1 0
16 29 1 0 0 1 0 0
16 30 1 1 0 0 0 1
16 31 1 1 0 1 1 0
17 4 0 0 0 0 0 1
17 5 1 0 0 0 1 0
17 7 0 1 0 0 0 0
17 8 0 0 1 1 1 0
17 9 0 1 0 1 1 0
17 10 0 1 1 0 1 0
17 11 1 0 0 0 0 1
17 13 1 1 1 0 1 0
17 15 1 1 1 0 0 1
17 16 0 1 1 1 0 0
17 17 1 1 1 0 1 1
17 18 0 1 0 1 1 0
17 20 0 0 0 0 0 1
17 21 1 0 0 0 1 0
17 23 1 0 1 0 1 0
17 24 1 0 0 1 0 0
17 25 1 1 0 0 0 1
17 26 1 1 0 1 1 0
17 28 0 1 1 0 0 1
17 29 0 0 0 1 1 0
18 2 1 0 0 0 0 0
18 3 0 1 0 0 1 0
18 4 0 0 0 1 1 1
18 5 1 0 0 0 1 0
18 6 0 0 0 1 1 1
18 8 0 1 1 0 0 1
18 9 0 0 0 1 1 0
18 10 1 0 0 0 1 0
18 11 1 1 0 1 1 0
18 13 1 0 0 0 0 0
18 14 0 1 1 1 0 0
18 15 0 0 0 1 0 0
18 16 1 0 0 0 0 1
18 18 0 1 1 0 0 1
18 19 0 0 0 1 1 0
18 20 1 0 0 0 1 0
18 21 1 1 0 1 1 0
18 22 0 0 0 0 0 1
18 23 0 1 1 0 0 0
18 25 1 1 0 0 0 0
18 26 0 0 0 1 0 0
18 27 1 0 0 0 1 0
18 28 1 1 0 1 1 0
18 29 0 0 1 1 1 1
18 30 1 0 0 0 1 1
18 31 1 1 0 0 0 0
19 2 1 1 0 0 0 1
19 3 1 1 0 1 1 0
19 5 0 1 1 0 1 0
19 6 1 0 0 0 0 1
19 7 0 0 1 1 0 1
19 8 1 0 0 0 0 1
19 10 1 0 1 0 1 0
19 11 0 1 1 1 0 1
19 13 0 1 0 0 0 0
19 14 0 1 1 0 0 1
19 15 0 0 0 1 1 0
19 16 0 1 1 0 0 1
19 17 1 1 0 1 1 0
19 19 1 1 1 0 1 0
19 21 0 0 0 0 1 1
19 22 0 0 1 0 0 0
19 23 1 1 1 0 0 1
19 24 1 1 0 1 0 1
19 25 1 0 0 0 1 0
19 26 1 1 0 1 1 0
19 28 0 1 1 0 0 1
19 29 0 0 0 1 1 0
19 30 1 0 0 0 1 0
19 31 1 1 0 1 1 0
20 5 0 0 1 1 0 1
20 6 1 1 0 1 1 1
20 7 1 0 0 0 1 0
20 8 1 1 0 1 1 0
20 10 1 1 0 1 0 0
20 12 0 0 1 1 0 0
20 13 0 1 0 1 1 0
20 14 0 1 1 0 1 0
20 15 1 1 0 0 1 1
20 16 1 0 0 0 1 0
20 17 0 1 0 1 1 0
20 19 0 0 1 0 1 0
20 20 0 1 0 1 1 0
20 22 0 0 1 1 0 0
20 23 0 1 0 1 1 0
20 24 1 1 1 0 1 1
20 25 0 1 0 1 1 0
20 26 0 0 1 0 1 0
20 27 0 0 0 1 0 1
20 29 1 0 1 0 1 0
20 30 1 0 0 1 0 0
20 31 0 0 1 0 0 1
21 2 0 0 0 0 1 1
21 3 0 1 0 1 0 0
21 4 1 1 1 1 1 0
21 5 1 0 0 0 0 1
21 7 1 1 1 0 1 1
21 8 0 1 0 1 1 0
21 9 0 1 0 0 0 1
21 10 1 1 0 1 0 1
21 11 1 1 1 0 1 0
21 12 1 1 0 0 1 1
21 14 0 0 1 0 1 0
21 15 1 0 0 1 0 1
21 16 0 0 0 0 1 1
21 17 0 0 1 1 1 1
21 19 0 1 1 0 0 1
21 20 1 1 0 0 1 0
21 21 0 0 1 0 1 1
21 22 1 0 0 1 0 1
21 24 0 0 1 1 0 1
21 25 1 1 0 1 1 0
21 26 1 0 1 1 0 0
21 27 1 1 0 1 1 0
21 29 0 1 0 0 0 0
21 30 0 0 1 0 1 1
21 31 0 1 1 1 0 0
22 2 0 0 0 0 1 0
22 3 0 1 0 1 1 0
22 5 0 0 1 1 0 0
22 6 0 1 0 1 1 0
22 7 0 0 0 0 1 1
22 8 1 1 1 1 0 0
22 9 0 0 0 0 1 0
22 10 0 1 1 1 0 0
22 12 0 1 1 0 1 0
22 13 1 0 0 0 0 1
22 14 0 0 1 1 0 1
22 15 1 0 0 0 0 1
22 17 1 1 1 0 0 1
22 18 1 1 0 1 1 0
22 20 0 1 0 0 0 0
22 21 0 1 1 0 1 1
22 22 1 0 0 0 0 1
22 23 1 0 1 1 0 0
22 24 0 1 0 1 1 0
22 26 1 1 0 1 0 0
22 28 0 0 0 0 1 1
22 29 1 0 1 0 0 1
22 30 1 1 0 0 0 1
22 31 1 1 0 1 1 0
23 5 0 1 1 0 1 0
23 6 1 1 0 0 1 1
23 7 1 0 0 0 1 0
23 8 0 1 0 1 1 0
23 10 1 1 1 0 1 0
23 11 1 1 1 0 0 1
23 12 1 1 0 1 1 0
23 14 0 1 0 0 0 0
23 15 0 1 1 0 0 1
23 16 1 0 0 1 1 0
23 17 0 0 1 1 0 1
23 18 0 0 0 1 1 0
23 20 0 1 0 0 1 0
23 21 0 0 0 1 1 1
23 22 1 0 1 0 1 0
23 23 1 1 0 1 1 0
23 24 0 0 0 0 1 1
23 25 0 1 0 0 0 0
23 26 0 0 1 1 0 0
23 27 0 1 0 1 1 0
23 28 0 1 0 1 0 1
23 29 0 1 1 1 0 1
23 30 0 1 0 0 1 1
23 31 1 0 0 1 0 0
24 2 1 1 0 1 0 0
24 4 0 1 0 0 0 1
24 5 1 1 0 1 0 1
24 6 1 1 1 0 1 0
24 7 1 1 0 0 1 1
24 9 0 0 1 0 1 0
24 10 1 0 0 1 0 1
24 11 0 0 0 0 1 1
24 12 0 0 1 1 1 1
24 14 0 0 1 0 1 0
24 15 0 0 0 1 1 1
24 16 0 0 1 1 0 1
24 17 0 1 1 1 0 0
24 18 0 0 1 1 1 1
24 19 1 1 0 1 1 1
24 21 0 0 1 0 1 0
24 22 1 1 0 1 0 0
24 24 1 1 1 0 1 1
24 25 0 1 0 1 1 0
24 26 0 0 1 0 1 0
24 27 0 0 0 1 0 1
24 29 1 0 0 0 0 0
24 30 0 0 1 0 1 0
24 31 1 1 0 1 0 0
25 2 0 0 0 0 1 1
25 3 0 0 1 1 0 0
25 5 0 1 1 0 1 1
25 6 1 1 0 1 1 1
25 7 0 0 1 1 1 0
25 8 0 0 0 1 1 1
25 10 0 1 0 0 0 1
25 11 1 0 0 1 1 0
25 12 0 1 1 1 1 1
25 13 0 1 1 1 0 0
25 15 0 0 1 0 1 0
25 16 0 0 0 1 1 1
25 17 0 0 0 0 0 1
25 18 1 0 1 1 0 0
25 19 1 1 0 1 1 0
25 20 0 0 1 1 0 0
25 21 1 1 0 1 1 0
25 23 0 1 1 0 0 0
25 24 1 1 1 1 0 0
25 25 0 1 0 1 0 1
25 26 0 1 1 1 0 1
25 28 1 1 0 0 0 1
25 29 0 0 0 1 1 1
25 30 0 0 0 0 1 1
25 31 1 0 0 0 0 1
26 2 1 0 0 0 0 0
26 3 1 1 1 0 0 1
26 4 1 0 0 0 0 1
26 5 0 0 0 0 1 1
26 6 0 0 1 1 0 0
26 7 0 0 0 0 1 1
26 8 0 1 1 1 0 0
26 10 1 1 0 1 0 0
26 12 0 0 1 0 1 0
26 13 1 0 0 1 0 1
26 14 0 0 0 0 1 1
26 15 0 0 1 1 1 1
26 17 0 0 1 0 1 0
26 18 0 0 0 1 1 1
26 19 0 0 1 1 0 1
26 20 1 0 0 1 1 0
26 21 1 1 1 0 0 1
26 22 1 0 0 1 1 0
26 24 0 1 0 0 0 0
26 25 0 1 1 0 0 1
26 26 1 0 0 1 1 0
26 27 0 0 1 1 0 1
26 28 0 0 0 1 1 0
26 30 1 1 1 1 0 0
26 31 0 0 1 0 0 1
27 2 1 0 1 1 0 1
27 3 1 0 0 0 1 0
27 4 0 0 1 0 0 0
