0.10
63 84 115 136 167 188 219 240 271 291 323 343 375 396 426 447 478 499 530 551 582 603 634 655 686 707 738 759 790 810 841 862 893 914 945 966 998 1018 1049 1070 1101 1122 1153 1174 1205 1226 1257 1278 1309 1329 1360 1381 1412 1433 1464 1485 1517 1537 1569 1590 1617 1637
71 91 111 149 171 192 232 253 275 315 336 358 398 419 441 480 502 523 563 585 606 645 667 689 728 750 772 810 832 853 894 916 937 977 999 1020 1060 1081 1103 1142 1164 1185 1227 1248 1269 1309 1331 1353 1393 1414 1435 1476 1497 1518 1558 1580 1601 1641 1663 1684 1724 1746 1767 1807 1829 1850 1891 1913 1933 1974 1995 2016 2057 2079 2100 2141 2163 2184 2222 2242 2262
2 1 1 1 0 1 1 0
2 2 1 1 0 0 0 1
2 3 1 1 0 1 1 0
2 4 0 1 0 1 0 0
2 5 0 0 1 1 0 0
2 6 0 0 1 1 1 1
2 8 1 1 0 0 1 0
2 9 0 1 0 0 0 1
2 11 0 0 1 1 0 0
2 12 1 0 1 0 0 1
2 13 0 1 0 1 0 0
2 15 1 0 0 0 1 1
2 16 0 1 1 0 0 0
2 17 1 1 0 0 1 0
2 18 1 0 1 1 0 1
2 19 0 0 0 0 1 1
2 21 1 1 0 1 1 0
2 22 0 0 1 1 1 1
2 23 0 1 0 1 1 1
2 25 1 1 0 0 1 0
2 26 1 0 1 1 0 1
2 27 1 1 0 0 1 0
2 28 0 1 0 1 0 0
3 1 1 0 0 1 1 0
3 2 0 1 0 0 0 1
3 4 1 1 1 0 0 0
3 5 0 1 0 0 1 0
3 6 1 0 0 0 1 1
3 7 1 0 1 0 0 1
3 8 1 1 1 0 0 0
3 9 0 1 0 0 0 1
3 11 1 1 1 0 0 1
3 12 0 1 1 0 0 0
3 13 1 0 1 1 0 0
3 14 0 1 0 0 0 1
3 16 1 0 0 0 1 1
3 17 1 1 1 0 1 1
3 18 1 1 0 1 0 0
3 19 0 0 1 0 1 0
3 21 1 0 0 1 1 0
3 23 1 1 0 1 0 0
3 24 1 1 1 0 0 1
3 25 1 0 0 0 0 1
3 27 1 1 0 1 1 0
3 28 0 1 0 1 0 0
4 1 0 1 0 1 0 0
4 2 0 1 1 0 0 0
4 3 1 1 1 1 1 0
4 4 0 1 1 0 0 1
4 6 1 0 1 0 0 0
4 7 1 0 0 0 0 1
4 8 1 0 1 0 0 0
4 9 0 1 1 0 1 1
4 11 1 0 0 1 1 0
4 13 1 1 1 1 1 0
4 14 1 0 1 0 0 1
4 15 1 1 1 0 0 0
4 16 0 1 0 1 0 0
4 17 0 0 0 0 1 0
4 18 0 1 1 0 0 0
4 19 1 0 0 0 1 1
4 20 1 1 1 0 1 1
4 21 1 1 0 1 0 0
4 22 0 0 1 0 1 0
4 24 1 1 0 0 0 0
4 25 1 0 1 0 0 1
4 26 1 1 0 1 0 0
4 27 0 0 1 0 1 1
4 28 0 0 0 0 1 0
5 1 1 1 0 1 1 0
5 2 0 1 0 1 1 1
5 3 1 1 0 1 0 0
5 4 1 1 1 0 0 1
5 6 1 0 0 0 1 1
5 7 1 1 1 0 1 1
5 8 1 1 0 1 0 0
5 9 0 0 1 0 1 0
5 11 1 1 0 1 1 0
5 12 0 1 0 1 0 1
5 13 1 0 1 1 1 0
5 14 1 0 0 1 0 1
5 15 0 0 0 0 1 0
5 17 1 0 1 0 0 0
5 18 1 0 1 1 0 1
5 19 1 0 0 1 1 0
5 20 0 0 1 1 1 0
5 22 1 0 0 0 1 1
5 23 1 1 1 0 1 1
5 24 1 1 0 1 0 0
5 25 0 0 1 0 1 0
5 27 1 0 0 0 1 1
5 28 0 1 0 0 0 0
5 29 1 1 0 0 1 0
5 30 0 1 0 1 0 0
6 1 1 0 0 0 0 1
6 2 0 1 1 0 0 0
6 3 1 0 0 1 1 1
6 4 0 0 0 0 1 0
6 6 1 1 0 0 0 0
6 7 1 0 0 0 0 1
6 9 1 1 0 1 0 0
6 10 0 0 1 1 1 1
6 11 1 1 0 1 0 0
6 12 1 0 1 0 0 1
6 13 1 1 1 0 0 0
6 14 0 1 0 0 0 1
6 16 1 1 0 0 0 0
6 17 1 0 1 0 0 1
6 18 1 1 0 1 0 0
6 19 0 0 1 0 1 1
6 21 1 1 0 1 0 0
6 22 1 0 1 0 0 1
6 23 1 1 0 0 1 0
6 24 0 1 0 0 0 1
6 25 1 1 1 0 0 0
6 26 0 1 1 1 0 1
6 28 1 0 0 0 1 1
6 29 1 1 1 0 1 1
7 1 0 0 1 0 0 1
7 2 1 1 0 1 0 0
7 3 0 0 1 0 1 0
7 5 1 0 1 1 1 0
7 6 0 1 1 1 0 1
7 7 0 1 0 1 1 0
7 8 0 1 0 0 1 1
7 9 0 0 0 0 1 0
7 10 0 1 1 0 0 0
7 11 1 0 0 0 1 1
7 12 1 1 1 0 1 1
7 13 1 1 0 1 0 0
7 14 0 0 1 0 1 0
7 16 1 1 1 0 0 0
7 17 1 0 0 1 0 1
7 18 1 1 0 0 1 0
7 19 0 1 0 1 0 0
7 21 1 1 0 0 0 0
7 22 1 0 1 0 0 1
7 23 1 1 0 1 0 0
7 24 0 0 1 0 1 1
7 25 0 0 0 0 1 0
7 27 1 1 0 0 0 0
7 28 0 0 1 1 1 0
7 29 1 0 0 0 1 1
7 30 1 0 1 0 0 1
8 1 1 0 1 0 0 0
8 2 1 0 0 0 0 1
8 3 1 1 0 0 1 0
8 4 0 1 0 1 0 0
8 5 0 0 0 0 1 0
8 7 1 0 0 1 0 0
8 8 0 0 1 1 1 1
8 9 1 0 0 1 0 0
8 10 0 1 1 0 0 0
8 12 1 1 0 1 0 0
8 13 0 0 1 0 1 1
8 15 1 0 0 0 0 1
8 16 0 0 0 0 1 0
8 18 0 1 1 1 1 0
8 19 1 0 1 0 0 1
8 20 1 1 1 1 1 0
8 21 1 0 1 0 0 1
8 22 1 1 1 0 0 0
8 23 0 1 0 0 0 1
8 25 1 1 0 1 1 0
8 26 0 0 1 1 1 0
8 27 1 0 0 1 0 0
8 28 0 1 0 1 0 1
8 30 1 0 0 1 1 0
9 1 1 0 0 0 1 1
9 2 0 1 0 0 0 0
9 3 1 0 0 1 1 1
9 4 0 1 1 0 0 0
9 5 1 1 0 0 1 0
9 6 1 0 0 0 0 1
9 7 0 0 0 0 1 0
9 8 0 1 1 0 0 0
9 9 1 1 1 0 0 1
9 10 0 1 1 0 0 0
9 11 1 0 1 1 0 0
9 12 0 1 0 0 0 1
9 14 1 1 1 0 0 0
9 15 1 0 0 1 0 1
9 16 1 1 0 1 1 0
9 17 0 1 0 0 1 1
9 19 1 1 0 0 0 0
9 20 1 0 1 0 0 1
9 21 1 1 0 1 0 0
9 22 0 0 1 0 1 1
9 24 0 0 1 1 0 0
9 25 1 0 1 0 1 0
9 26 0 0 1 1 0 0
9 27 0 1 0 0 1 1
9 29 1 1 0 1 1 0
9 30 1 0 0 0 1 0
10 1 0 0 1 0 0 1
10 2 1 0 0 0 1 1
10 3 0 1 1 0 1 0
10 4 1 1 1 0 0 0
10 5 0 1 0 0 0 1
10 7 0 1 0 1 0 0
10 8 0 1 1 0 0 0
10 9 1 1 0 1 1 0
10 10 1 1 0 0 0 1
10 11 1 1 0 1 1 0
10 12 1 0 0 0 0 1
10 13 0 0 0 1 0 0
10 15 1 0 0 0 1 1
10 16 0 1 1 0 1 0
10 17 1 1 1 0 0 0
10 18 1 1 0 0 0 1
10 20 1 0 1 1 1 0
10 21 0 1 1 1 0 1
10 22 1 1 0 1 1 0
10 23 0 1 0 0 1 1
10 25 1 1 0 0 1 0
10 26 0 1 0 0 0 1
10 28 1 1 0 0 0 0
10 29 0 0 1 0 1 0
11 1 0 0 1 0 0 1
11 2 1 0 0 1 1 0
11 3 1 1 0 1 1 1
11 4 1 1 0 1 1 0
11 5 1 1 0 0 0 1
11 6 0 0 1 0 0 0
11 8 1 0 0 1 1 0
11 10 1 1 1 0 0 0
11 11 1 0 0 1 0 1
11 12 1 1 0 0 1 0
11 13 0 1 0 1 0 0
11 15 1 1 0 1 0 0
11 16 0 1 1 0 0 1
11 17 1 1 0 1 0 0
11 18 0 0 1 0 1 0
11 19 0 0 0 0 1 0
11 20 0 1 1 0 0 0
12 3 1 1 0 0 0 0
12 4 0 0 1 0 1 1
12 6 1 1 0 1 1 0
12 7 0 0 1 1 1 0
12 8 1 0 0 1 0 0
12 9 0 1 0 1 0 1
12 11 1 0 1 0 1 1
12 12 0 1 0 1 0 1
12 14 1 1 0 0 0 0
12 15 1 0 0 1 0 1
12 16 1 1 0 0 1 0
12 17 1 0 0 0 1 0
12 19 1 1 0 1 1 0
12 20 1 0 1 0 1 0
12 21 1 1 1 1 1 0
12 22 0 0 1 1 1 1
12 24 0 0 1 1 0 0
12 25 0 1 0 0 1 1
12 27 1 0 0 1 1 0
12 28 0 1 0 0 0 1
12 29 1 0 0 1 1 0
12 30 0 1 1 0 1 0
13 1 0 0 1 1 0 0
13 2 0 1 0 0 1 1
13 3 1 1 0 1 1 0
13 4 1 0 1 0 1 0
13 6 1 0 0 1 0 0
13 7 1 1 1 0 0 1
13 8 1 1 0 1 1 0
13 9 0 1 0 1 0 0
13 10 0 1 0 1 1 0
13 11 0 0 1 0 1 1
13 13 1 1 1 0 0 0
13 14 1 0 0 1 0 1
13 15 1 1 0 0 1 0
13 16 0 1 0 0 0 1
13 17 1 1 0 0 1 0
13 18 0 1 0 1 1 1
13 19 0 0 0 1 0 0
13 21 1 1 0 0 0 0
13 22 0 1 1 1 0 1
13 23 1 1 0 1 1 0
13 24 1 0 0 0 0 1
13 26 0 0 1 1 0 0
13 27 0 1 0 0 1 1
13 28 0 1 0 1 0 0
13 29 1 0 0 0 0 0
14 1 0 0 1 0 0 1
14 2 0 0 1 1 1 0
14 3 0 1 1 0 0 0
14 5 1 0 0 1 1 0
14 6 0 0 1 0 1 0
14 7 1 1 0 0 1 0
14 8 0 1 1 1 1 1
14 9 0 0 0 1 0 0
14 11 0 0 1 1 0 0
14 12 0 1 0 0 1 1
14 13 1 1 0 1 1 0
14 14 1 0 1 0 1 0
14 16 0 0 1 1 0 0
14 17 0 1 0 0 1 1
14 18 0 1 0 1 0 0
14 19 1 0 0 0 0 0
14 21 1 0 1 0 0 0
14 22 0 1 0 0 0 1
14 23 1 1 0 0 1 0
14 24 0 1 1 1 1 1
14 25 1 1 1 1 0 1
14 26 0 1 1 0 0 0
14 27 0 0 0 1 0 0
14 29 1 1 0 0 0 0
14 30 0 1 1 1 0 1
15 1 0 0 1 0 0 1
15 2 1 1 0 1 1 0
15 3 1 0 0 0 0 1
15 5 1 1 1 0 0 0
15 6 1 0 0 1 0 1
15 7 1 1 0 0 1 0
15 8 0 1 0 0 0 1
15 10 1 0 0 1 1 0
15 11 0 0 1 0 1 0
15 12 1 1 0 0 1 0
15 13 0 1 1 1 1 1
15 14 0 0 0 1 0 0
15 16 1 0 0 0 1 1
15 17 1 1 1 0 0 1
15 18 0 0 1 0 0 0
15 19 1 1 0 0 1 0
15 20 0 1 0 1 0 0
15 21 1 0 0 0 1 1
15 22 0 0 1 1 1 1
15 24 1 0 1 0 1 1
15 25 0 1 1 0 0 0
15 26 1 0 1 0 0 0
15 27 1 0 1 1 0 1
15 29 0 0 1 1 0 0
15 30 0 1 0 0 1 1
16 1 0 0 1 0 0 1
16 2 0 0 1 1 0 0
16 3 1 1 0 1 1 1
16 5 1 1 0 0 1 0
16 6 0 1 1 1 1 1
16 7 1 1 0 0 1 0
16 8 0 0 1 1 1 0
16 9 0 0 0 1 0 0
16 11 1 1 0 1 1 0
16 12 1 0 1 1 0 1
16 13 0 1 1 1 0 0
16 14 1 0 1 0 0 1
16 15 1 0 0 0 1 1
16 16 0 0 1 1 1 1
16 18 1 0 1 1 1 0
16 19 1 1 1 0 0 1
16 20 1 1 0 1 1 0
16 21 1 0 0 0 0 1
16 22 1 0 0 0 1 1
16 23 0 1 1 0 0 0
16 25 1 0 1 1 0 0
16 26 0 1 1 0 0 1
16 27 0 1 0 1 1 0
16 28 0 0 1 0 1 1
17 1 1 1 0 0 1 0
17 2 0 1 1 1 1 1
17 3 1 1 0 0 1 0
17 4 0 0 1 1 1 0
17 6 1 0 0 1 1 0
17 7 0 0 1 1 1 1
17 9 1 0 0 1 1 0
17 10 1 1 1 0 0 1
17 11 0 1 0 1 1 1
17 12 0 1 1 0 0 0
17 14 1 1 0 0 1 1
17 15 1 1 0 1 1 0
17 16 1 1 0 1 1 1
17 18 1 1 0 0 0 0
17 19 1 0 1 0 0 1
17 20 1 0 1 1 0 0
17 21 0 0 1 0 1 1
17 23 1 1 0 0 1 0
17 24 0 1 0 0 0 1
17 26 0 0 1 1 0 0
17 27 1 1 0 1 1 1
17 28 1 1 0 1 1 0
17 29 1 1 0 1 0 1
18 1 1 0 0 1 1 0
18 3 1 0 0 1 1 0
18 4 0 0 1 0 1 0
18 5 1 1 1 0 0 0
18 6 0 1 0 1 0 0
18 8 0 0 1 1 0 0
18 9 1 0 0 0 0 0
18 10 1 1 1 1 1 0
18 11 0 0 0 0 1 0
18 13 1 0 1 0 1 1
18 14 0 1 0 1 0 1
18 16 1 0 0 1 0 0
18 17 0 0 1 0 0 0
18 19 1 1 0 0 0 0
18 20 0 0 1 1 1 0
18 21 1 0 0 0 1 1
18 22 0 1 1 0 0 0
18 24 1 1 0 0 1 1
18 25 0 1 0 0 0 0
18 26 0 0 1 1 0 0
18 27 0 1 0 0 1 1
18 29 1 0 0 1 1 0
18 30 0 1 0 0 0 1
19 1 1 1 0 1 1 0
19 2 1 1 1 0 0 1
19 3 1 1 0 0 1 0
19 4 1 0 0 0 1 0
19 5 0 0 0 0 1 0
19 6 0 1 1 0 0 0
20 3 1 1 0 0 0 0
20 4 0 0 1 0 1 1
20 6 1 1 0 1 1 0
20 7 0 0 1 1 1 0
20 8 1 0 0 1 0 0
20 9 0 1 0 1 0 1
20 11 1 1 1 0 0 0
20 12 0 1 0 1 0 0
20 13 1 0 1 0 0 0
20 14 1 1 0 0 1 1
20 16 0 1 0 1 0 0
20 17 0 0 1 0 0 0
20 19 1 1 0 1 1 0
20 20 0 1 0 1 1 1
20 21 1 1 0 1 0 0
20 22 1 1 1 0 0 1
20 23 1 1 0 0 1 0
20 24 1 1 1 1 1 1
20 26 1 0 0 1 1 0
20 28 0 0 1 1 0 1
20 29 0 0 1 0 0 0
21 1 0 0 1 0 0 1
21 2 1 0 0 1 0 1
21 3 0 1 0 0 0 0
21 4 0 0 0 0 1 0
21 6 1 1 0 1 1 0
21 7 1 0 1 1 0 1
21 9 1 1 1 0 0 1
21 10 0 1 1 0 0 0
21 11 1 0 1 1 0 0
21 12 0 1 0 0 0 1
21 14 0 1 1 1 1 0
21 15 0 1 0 1 1 1
21 16 1 0 1 1 1 0
21 17 0 0 1 0 1 0
21 19 1 0 0 1 1 0
21 21 1 1 0 1 1 0
21 22 0 1 0 1 0 0
21 23 1 1 0 0 0 0
21 24 0 0 1 0 1 1
21 26 0 0 1 1 0 0
21 27 1 0 0 0 0 0
21 28 1 0 0 0 1 1
21 29 0 0 0 1 0 0
22 1 1 1 0 1 1 0
22 2 0 1 0 1 0 0
22 3 1 1 0 0 0 0
22 4 0 0 1 0 1 1
22 6 1 1 1 0 0 0
22 7 0 1 0 1 0 0
22 8 1 1 1 0 0 0
22 9 0 1 0 0 1 0
22 10 0 0 0 1 0 0
22 12 1 1 0 1 1 0
22 13 0 1 0 1 0 0
22 14 1 1 0 0 0 0
22 15 0 0 1 0 1 1
22 17 1 1 0 1 1 0
22 18 0 1 0 1 0 0
22 19 1 0 1 1 1 0
22 20 0 0 1 1 1 1
22 22 1 1 1 1 1 0
22 23 0 0 1 1 1 1
22 24 1 1 0 0 1 0
22 25 1 0 0 1 0 1
22 27 1 1 0 1 1 0
22 28 0 1 1 1 0 1
23 1 1 0 0 1 1 0
23 2 1 0 1 0 0 1
23 3 0 0 1 1 0 0
23 4 0 1 0 0 0 1
23 5 0 0 1 0 0 0
23 6 0 0 0 0 1 0
23 7 0 1 1 0 0 0
23 8 1 0 0 1 1 0
23 9 1 1 1 0 0 1
23 11 1 1 0 0 1 1
23 12 0 1 0 0 0 0
23 13 0 0 1 1 0 1
23 15 1 1 0 1 1 0
23 16 0 1 0 0 0 1
23 17 0 0 1 1 0 0
23 18 0 1 0 0 1 1
23 20 1 1 1 1 0 1
23 21 0 1 0 0 0 0
23 22 1 1 0 0 0 1
23 23 0 0 0 0 1 0
23 25 1 1 0 0 1 0
23 26 0 1 0 1 0 1
23 27 1 1 0 0 1 1
23 29 1 1 0 0 1 0
23 30 0 0 1 1 0 1
24 1 0 0 1 0 0 1
24 2 1 0 0 1 1 0
24 3 1 0 1 0 1 0
24 5 1 1 0 0 0 0
24 6 1 0 1 0 0 1
24 7 1 0 1 0 1 1
24 8 1 0 1 0 0 1
24 10 0 0 1 1 0 0
24 12 1 1 1 1 1 0
24 13 1 0 1 0 0 1
24 14 0 0 0 0 1 0
24 16 0 0 1 1 0 0
24 17 0 1 0 0 1 1
24 18 1 1 0 0 1 0
24 19 1 1 0 0 0 1
24 21 1 1 0 0 1 0
24 22 0 1 0 1 0 0
24 23 0 1 1 0 1 1
24 25 1 1 0 1 1 0
24 26 0 1 1 0 1 1
24 27 1 0 0 1 1 0
24 28 0 0 1 0 1 0
25 1 1 0 0 1 1 0
25 2 1 0 1 0 0 1
25 3 0 0 1 1 0 0
25 4 0 1 0 0 0 1
25 5 0 0 1 0 0 0
25 7 1 0 1 0 1 1
25 8 0 1 0 1 0 1
25 10 1 0 0 0 1 1
25 11 0 0 1 0 0 0
25 12 1 0 0 1 1 1
25 14 0 0 1 1 0 0
25 15 0 1 0 0 1 1
25 17 1 1 0 1 1 0
25 18 0 1 0 1 0 0
25 19 0 0 1 1 0 1
25 21 1 1 1 1 0 0
25 22 0 1 0 1 0 0
25 23 1 1 1 1 0 0
25 24 1 0 0 0 0 1
25 26 0 0 1 1 0 0
25 27 0 0 1 0 0 0
25 28 0 0 1 1 0 0
25 29 0 0 1 1 1 1
25 30 0 0 0 0 1 0
26 1 1 1 0 0 0 0
26 2 1 0 0 0 0 1
26 4 0 1 1 1 1 0
26 5 0 1 0 1 0 0
26 6 1 1 1 1 1 0
26 7 1 0 1 0 0 1
26 9 1 1 0 0 0 0
26 10 0 1 1 0 1 0
26 11 1 1 0 1 1 0
26 12 0 1 0 1 1 1
26 14 0 1 0 1 0 0
26 15 0 1 1 0 0 0
26 16 1 1 0 1 1 0
26 17 1 0 0 1 0 1
26 18 0 0 0 0 1 0
26 20 0 1 0 1 0 0
26 21 0 0 1 0 0 0
26 22 1 1 0 0 0 0
26 23 1 0 0 1 0 1
26 25 1 1 0 1 1 0
26 26 1 1 0 0 0 1
26 27 1 1 0 0 1 0
26 28 1 1 1 0 1 1
8 14 1 0 1 1 0 0
