0.10
86 106 142 155 189 211 243 264 295 316 346 367 399 422 450 471 503 523 554 575 606 630 658 678 710 730 761 785 813 834 865 886 916 941 969 989 1020 1041 1072 1093 1124 1145 1176 1197 1227 1249 1279 1304 1331 1352 1384 1405 1435 1456 1486 1506 1538 1560 1590 1611 1638 1658
73 93 113 151 173 194 233 255 276 318 339 360 400 421 442 484 505 527 566 587 608 649 671 692 731 753 774 814 835 856 897 919 940 979 1001 1021 1062 1083 1104 1144 1166 1186 1228 1249 1270 1310 1332 1353 1393 1415 1435 1476 1497 1518 1558 1580 1601 1641 1664 1684 1722 1744 1764 1806 1828 1849 1890 1912 1933 1975 1996 2016 2055 2076 2098 2140 2162 2183 2221 2241 2261
2 3 1 0 0 1 1 0
2 4 0 1 0 1 0 0
2 5 0 1 0 1 0 0
2 6 1 1 0 1 1 0
2 7 1 0 0 0 1 0
2 10 0 1 1 1 1 0
2 11 1 1 1 0 1 1
2 12 1 0 1 1 0 0
2 13 1 0 0 1 0 1
2 14 1 1 0 0 0 0
2 15 1 0 1 0 0 1
2 16 0 0 0 0 1 0
2 17 0 0 0 0 1 0
2 18 0 0 0 0 1 0
2 19 0 0 0 0 1 0
2 20 0 0 0 0 1 0
2 21 0 0 0 0 1 0
2 22 0 0 0 0 1 0
2 23 0 0 0 0 1 0
2 24 0 0 0 0 1 0
2 25 0 0 0 0 1 0
2 26 0 0 0 0 1 0
2 27 0 0 1 1 1 1
2 28 1 0 0 0 0 0
2 29 1 1 0 0 0 0
2 30 0 1 0 1 1 0
3 5 0 1 0 1 0 0
3 6 0 0 0 1 0 0
3 8 1 0 1 1 0 0
3 9 1 0 0 1 0 1
3 10 1 1 0 0 0 0
3 11 1 0 1 0 0 1
3 12 0 0 0 0 1 0
3 13 0 0 0 0 1 0
3 14 0 0 0 0 1 0
3 15 0 0 0 0 1 0
3 16 0 0 0 0 1 0
3 17 0 0 0 0 1 0
3 18 0 0 0 0 1 0
3 19 0 0 0 0 1 0
3 20 0 0 0 0 1 0
3 21 0 0 0 0 1 0
3 22 0 0 0 0 1 0
3 23 0 0 0 0 1 0
3 24 0 0 0 0 1 0
3 25 0 0 0 0 1 0
3 26 0 0 0 0 1 0
3 27 0 0 1 1 1 1
3 28 1 0 0 0 0 0
3 29 1 1 0 0 0 0
3 30 0 1 0 1 1 0
4 5 1 1 1 0 1 0
4 6 0 1 1 0 0 0
4 7 0 0 0 1 0 0
4 9 0 1 1 1 1 0
4 10 1 1 1 0 1 1
4 11 1 1 0 0 0 0
4 12 1 0 1 0 0 1
4 13 0 0 0 0 1 0
4 14 0 0 0 0 1 0
4 15 0 0 0 0 1 0
4 16 0 0 0 0 1 0
4 17 0 0 0 0 1 0
4 18 0 0 0 0 1 0
4 19 0 0 0 0 1 0
4 20 0 0 0 0 1 0
4 21 0 0 0 0 1 0
4 22 0 0 0 0 1 0
4 23 0 0 0 0 1 0
4 24 0 0 0 0 1 0
4 25 0 0 0 0 1 0
4 26 0 0 0 0 1 0
4 27 0 0 1 1 1 1
4 28 1 0 0 0 0 0
4 29 1 1 0 0 0 0
4 30 1 0 0 1 0 0
5 3 1 0 0 1 1 0
5 4 0 1 0 1 0 0
5 5 1 1 1 0 1 0
5 6 0 1 1 0 0 0
5 7 1 1 0 1 1 0
5 8 1 0 0 0 1 0
5 11 1 1 0 1 1 0
5 12 1 0 0 0 0 1
5 13 1 1 0 0 1 0
5 14 1 0 1 1 0 1
5 15 1 1 0 0 0 0
5 16 1 0 1 0 0 1
5 17 0 0 0 0 1 0
5 18 0 0 0 0 1 0
5 19 0 0 0 0 1 0
5 20 0 0 0 0 1 0
5 21 0 0 0 0 1 0
5 22 0 0 0 0 1 0
5 23 0 0 0 0 1 0
5 24 0 0 0 0 1 0
5 25 0 0 0 0 1 0
5 26 0 0 0 0 1 0
5 27 0 0 1 1 1 1
5 28 1 0 0 0 0 0
5 29 1 1 0 0 0 0
5 30 1 0 0 0 1 0
6 3 1 0 0 1 1 0
6 4 0 1 0 1 0 0
6 5 0 1 1 1 0 0
6 6 1 1 1 0 0 1
6 7 1 1 0 1 1 0
6 8 1 0 0 0 1 0
6 11 1 1 0 0 1 0
6 12 1 0 0 1 1 1
6 13 1 1 0 1 0 0
6 14 1 0 1 0 0 1
6 15 1 1 0 0 0 0
6 16 1 0 1 0 0 1
6 17 0 0 0 0 1 0
6 18 0 0 0 0 1 0
6 19 0 0 0 0 1 0
6 20 0 0 0 0 1 0
6 21 0 0 0 0 1 0
6 22 0 0 0 0 1 0
6 23 0 0 0 0 1 0
6 24 0 0 0 0 1 0
6 25 0 0 0 0 1 0
6 26 0 0 0 0 1 0
6 27 0 0 1 1 1 1
6 28 1 0 0 0 0 0
6 29 1 1 0 0 0 0
6 30 1 1 0 1 1 0
7 5 0 1 0 1 0 0
7 6 0 0 0 1 0 0
7 8 1 1 0 0 1 0
7 9 1 0 0 1 1 1
7 10 1 1 0 0 0 0
7 11 1 0 1 0 0 1
7 12 0 0 0 0 1 0
7 13 0 0 0 0 1 0
7 14 0 0 0 0 1 0
7 15 0 0 0 0 1 0
7 16 0 0 0 0 1 0
7 17 0 0 0 0 1 0
7 18 0 0 0 0 1 0
7 19 0 0 0 0 1 0
7 20 0 0 0 0 1 0
7 21 0 0 0 0 1 0
7 22 0 0 0 0 1 0
7 23 0 0 0 0 1 0
7 24 0 0 0 0 1 0
7 25 0 0 0 0 1 1
7 26 0 0 0 0 1 0
7 27 0 0 1 1 1 1
7 28 1 0 0 0 0 0
7 29 1 1 0 0 0 0
7 30 1 1 0 1 1 0
8 5 1 1 1 0 1 0
8 6 0 1 1 0 0 0
8 7 0 0 0 1 0 0
8 9 1 1 0 1 0 0
8 10 1 0 1 0 0 1
8 11 1 1 0 0 0 0
8 12 1 0 1 0 0 1
8 13 0 0 0 0 1 0
8 14 0 0 0 0 1 0
8 15 0 0 0 0 1 0
8 16 0 0 0 0 1 0
8 17 0 0 0 0 1 0
8 18 0 0 0 0 1 0
8 19 0 0 0 0 1 0
8 20 0 0 0 0 1 0
8 21 0 0 0 0 1 0
8 22 0 0 0 0 1 0
8 23 0 0 0 0 1 0
8 24 0 0 0 0 1 0
8 25 0 0 0 0 1 0
8 26 0 0 0 0 1 0
8 27 0 0 1 1 1 1
8 28 1 0 0 0 0 0
8 29 1 1 0 0 0 0
8 30 1 1 0 0 1 0
9 3 1 0 0 1 1 0
9 4 0 1 0 1 0 0
9 5 0 1 1 1 0 0
9 6 0 1 1 0 0 0
9 7 1 1 0 1 1 0
9 8 1 0 0 0 1 0
9 11 1 0 0 0 1 1
9 12 0 1 1 0 0 1
9 13 0 0 1 1 0 0
9 14 1 0 0 0 0 0
9 15 1 1 0 0 0 0
9 16 1 0 1 0 0 1
9 17 0 0 0 0 1 0
9 18 0 0 0 0 1 0
9 19 0 0 0 0 1 0
9 20 0 0 0 0 1 0
9 21 0 0 0 0 1 0
9 22 0 0 0 0 1 0
9 23 0 0 0 0 1 0
9 24 0 0 0 0 1 0
9 25 0 0 0 0 1 0
9 26 0 0 0 0 1 0
9 27 0 0 1 1 1 1
9 28 1 0 0 0 0 0
9 29 1 0 0 1 0 0
9 30 0 1 0 1 1 0
10 5 0 1 0 1 0 0
10 6 0 0 0 1 0 0
10 8 1 1 0 1 1 0
10 9 1 0 0 1 0 1
10 10 1 1 0 0 0 0
10 11 1 0 1 0 0 1
10 12 0 0 0 0 1 0
10 13 0 0 0 0 1 0
10 14 0 0 0 0 1 0
10 15 0 0 0 0 1 0
10 16 0 0 0 0 1 0
10 17 0 0 0 0 1 0
10 18 0 0 0 0 1 0
10 19 0 0 0 0 1 0
10 20 0 0 0 0 1 0
10 21 0 0 0 0 1 0
10 22 0 0 0 0 1 0
10 23 0 0 0 0 1 0
10 24 0 0 0 0 1 0
10 25 0 0 0 0 1 0
10 26 0 0 0 0 1 0
10 27 0 0 1 1 1 1
10 28 1 0 0 0 0 0
10 29 1 0 0 1 0 0
10 30 0 1 0 1 1 0
11 5 1 1 1 0 1 0
11 6 0 1 1 0 0 0
11 7 0 0 0 1 0 0
11 9 1 1 0 0 0 0
11 10 0 1 0 1 0 0
11 11 1 1 0 0 0 0
11 12 1 0 1 0 0 1
11 13 0 0 0 0 1 0
11 14 0 0 0 0 1 0
11 15 0 0 0 0 1 0
11 16 0 0 0 0 1 0
11 17 0 0 0 0 1 0
11 18 0 0 0 0 1 0
11 19 0 0 0 0 1 0
11 20 0 0 0 0 1 0
11 21 0 0 0 0 1 0
11 22 0 0 0 0 1 0
11 23 0 0 0 0 1 0
11 24 0 0 0 0 1 0
11 25 0 0 0 0 1 0
11 26 0 0 0 0 1 0
11 27 0 0 1 1 1 1
11 28 1 0 0 0 0 0
11 29 1 0 0 1 0 0
11 30 1 1 0 0 0 0
12 5 0 1 1 1 0 0
12 6 1 1 1 0 0 1
12 7 0 0 0 1 0 0
12 9 1 1 0 1 1 1
12 10 0 1 1 0 0 0
12 11 1 0 0 0 1 1
12 12 1 1 1 0 1 1
12 13 1 1 0 0 0 0
12 14 1 0 1 0 0 1
12 15 0 0 0 0 1 0
12 16 0 0 0 0 1 0
12 17 0 0 0 0 1 0
12 18 0 0 0 0 1 0
12 19 0 0 0 0 1 0
12 20 0 0 0 0 1 0
12 21 0 0 0 0 1 0
12 22 0 0 0 0 1 0
12 23 0 0 0 0 1 0
12 24 0 0 0 0 1 0
12 25 0 0 0 0 1 0
12 26 0 0 0 0 1 0
12 27 0 0 1 1 1 1
12 28 1 0 0 0 0 0
12 29 1 0 0 1 0 0
12 30 1 0 0 1 1 0
13 3 1 0 0 1 1 0
13 4 0 1 0 1 0 0
13 5 1 0 1 0 0 1
13 6 0 0 1 0 0 0
13 7 1 1 0 1 1 0
13 8 1 0 0 0 1 0
13 11 1 1 0 0 0 0
13 12 0 1 1 1 0 1
13 13 0 0 1 1 1 0
13 14 1 0 0 0 0 0
13 15 1 1 0 0 0 0
13 16 1 0 1 0 0 1
13 17 0 0 0 0 1 0
13 18 0 0 0 0 1 0
13 19 0 0 0 0 1 0
13 20 0 0 0 0 1 0
13 21 0 0 0 0 1 0
13 22 0 0 0 0 1 0
13 23 0 0 0 0 1 0
13 24 0 0 0 0 1 0
13 25 0 0 0 0 1 0
13 26 0 0 0 0 1 0
13 27 0 0 1 1 1 1
13 28 1 0 0 0 0 0
13 29 1 0 0 1 0 0
13 30 1 0 0 0 1 0
14 3 1 0 0 1 1 0
14 4 0 1 0 1 0 0
14 5 1 1 1 0 0 0
14 6 1 1 0 0 1 1
14 7 1 1 0 1 1 0
14 8 1 0 0 0 1 0
14 11 1 1 0 0 1 0
14 12 1 1 0 1 0 1
14 13 0 0 1 1 0 0
14 14 1 0 0 0 0 0
14 15 1 1 0 0 0 0
14 16 1 0 1 0 0 1
14 17 0 0 0 0 1 0
14 18 0 0 0 0 1 0
14 19 0 0 0 0 1 0
14 20 0 0 0 0 1 0
14 21 0 0 0 0 1 0
14 22 0 0 0 0 1 0
14 23 0 0 0 0 1 0
14 24 0 0 0 0 1 0
14 25 0 0 0 0 1 0
14 26 0 0 0 0 1 0
14 27 0 0 1 1 1 1
14 28 1 0 0 0 0 0
14 29 1 0 0 1 0 0
14 30 1 1 0 0 1 0
15 5 0 1 0 1 0 0
15 6 0 0 0 1 0 0
15 8 1 0 0 1 1 0
15 9 0 1 0 1 0 0
15 10 0 1 1 1 1 0
15 11 0 1 0 0 1 0
15 12 1 1 0 0 0 0
15 13 1 0 1 0 0 1
15 14 0 0 0 0 1 0
15 15 0 0 0 0 1 0
15 16 0 0 0 0 1 0
15 17 0 0 0 0 1 0
15 18 0 0 0 0 1 0
15 19 0 0 0 0 1 0
15 20 0 0 0 0 1 0
15 21 0 0 0 0 1 0
15 22 0 0 0 0 1 0
15 23 0 0 0 0 1 0
15 24 0 0 0 0 1 0
15 25 0 0 0 0 1 0
15 26 0 0 0 0 1 0
15 27 0 0 1 1 1 1
15 28 1 0 0 0 0 0
15 29 1 0 0 1 0 0
15 30 1 1 0 0 1 0
16 5 1 1 1 0 1 0
16 6 0 1 1 0 0 0
16 7 0 0 0 1 0 0
16 9 1 1 0 0 1 0
16 10 1 1 0 1 0 1
16 11 0 0 1 1 0 0
16 12 1 0 0 0 0 0
16 14 1 1 0 0 1 0
16 15 1 1 1 0 1 1
16 16 1 0 0 1 0 0
16 18 1 1 0 0 0 0
16 19 1 0 1 0 0 1
16 20 0 0 0 0 1 0
16 21 0 0 0 0 1 0
16 22 0 0 0 0 1 0
16 23 0 0 0 0 1 0
16 24 0 0 0 0 1 0
16 25 0 0 0 0 1 0
16 26 0 0 0 0 1 0
16 27 0 0 1 1 1 1
16 28 1 0 0 0 0 0
16 29 1 0 0 1 1 0
16 30 0 1 0 1 1 0
17 5 0 1 1 1 0 0
17 6 1 1 1 0 0 1
17 7 0 0 0 1 0 0
17 9 1 1 0 0 1 0
17 10 1 1 0 1 0 1
17 11 0 0 1 1 0 0
17 12 1 0 0 0 0 0
17 14 1 0 1 0 0 0
17 15 1 0 0 1 0 1
17 16 1 0 0 1 0 0
17 17 0 1 0 0 0 1
17 18 1 1 0 0 0 0
17 19 1 0 1 0 0 1
17 20 0 0 0 0 1 0
17 21 0 0 0 0 1 0
17 22 0 0 0 0 1 0
17 23 0 0 0 0 1 0
17 24 0 0 0 0 1 0
17 25 0 0 0 0 1 0
17 26 0 0 0 0 1 0
17 27 0 0 1 1 1 1
17 28 1 0 0 0 0 0
17 29 1 0 0 1 1 0
17 30 1 0 0 0 0 0
18 5 0 1 1 1 0 0
18 6 0 1 1 0 0 0
18 7 0 0 0 1 0 0
18 9 1 1 0 0 1 0
18 10 0 1 0 1 0 0
18 11 1 1 0 1 1 0
18 12 1 1 0 1 1 1
18 13 1 1 0 1 1 0
18 14 1 0 0 0 1 0
18 15 1 1 0 0 0 0
18 16 1 0 1 0 0 1
18 17 0 0 0 0 1 0
18 18 0 0 0 0 1 0
18 19 0 0 0 0 1 0
18 20 0 0 0 0 1 0
18 21 0 0 0 0 1 0
18 22 0 0 0 0 1 0
18 23 0 0 0 0 1 0
18 24 0 0 0 0 1 0
18 25 0 0 0 0 1 0
18 26 0 0 0 0 1 0
18 27 0 0 1 1 1 1
18 28 1 0 0 0 0 0
18 29 1 0 0 1 1 0
18 30 1 0 0 1 0 0
19 5 1 0 1 0 0 1
19 6 0 0 1 0 0 0
19 7 0 0 0 1 0 0
19 9 1 1 0 0 1 0
19 10 1 0 1 1 1 1
19 11 1 0 1 0 1 1
19 12 1 0 1 0 0 1
19 14 1 1 0 0 0 0
19 15 0 1 1 1 0 1
19 16 1 0 0 1 0 0
19 17 0 1 0 0 0 1
19 18 1 1 0 0 0 0
19 19 1 0 1 0 0 1
19 20 0 0 0 0 1 0
19 21 0 0 0 0 1 0
19 22 0 0 0 0 1 0
19 23 0 0 0 0 1 0
19 24 0 0 0 0 1 0
19 25 0 0 0 0 1 0
19 26 0 0 0 0 1 0
19 27 0 0 1 1 1 1
19 28 1 0 0 0 0 0
19 29 1 0 0 1 1 0
19 30 1 0 0 0 1 0
20 5 1 1 1 0 0 0
20 6 1 1 0 0 1 1
20 7 0 0 0 1 0 0
20 9 1 0 1 0 1 1
20 10 1 0 1 0 0 1
20 11 1 0 0 1 1 0
20 12 0 1 0 1 0 0
20 13 1 1 0 0 0 0
20 14 1 0 1 0 0 1
20 15 0 0 0 0 1 0
20 16 0 0 0 0 1 0
20 17 0 0 0 0 1 0
20 18 0 0 0 0 1 0
20 19 0 0 0 0 1 0
20 20 0 0 0 0 1 0
20 21 0 0 0 0 1 0
20 22 0 0 0 0 1 0
20 23 0 0 0 0 1 0
20 24 0 0 0 0 1 0
20 25 0 0 0 0 1 0
20 26 0 0 0 0 1 0
20 27 0 0 1 1 1 1
20 28 1 0 0 0 0 0
20 29 1 0 0 1 1 0
20 30 1 1 0 1 1 0
21 1 1 0 0 1 1 0
21 2 0 1 0 1 0 0
21 4 0 0 1 0 0 0
21 5 0 0 1 1 0 0
21 6 0 1 1 0 0 1
21 9 1 1 1 0 0 1
21 10 0 1 1 0 0 0
21 11 1 0 1 1 0 0
21 12 0 1 0 0 0 1
21 14 1 1 1 0 0 0
21 15 1 0 0 1 0 1
21 16 1 1 0 1 1 0
21 17 0 1 0 0 1 1
21 18 0 0 0 0 1 0
21 19 0 0 0 0 1 0
21 20 0 0 0 0 1 0
21 21 0 0 0 0 1 0
21 22 0 0 0 0 1 0
21 23 0 0 0 0 1 0
21 24 0 0 0 0 1 0
21 25 0 0 0 0 1 0
21 26 0 0 0 0 1 0
21 27 0 0 1 1 1 1
21 28 1 0 0 0 0 0
21 29 1 0 0 1 1 0
21 30 1 1 0 0 1 0
22 3 1 0 0 1 1 0
22 4 0 1 0 1 0 0
22 5 0 1 0 1 0 0
22 6 1 1 0 1 1 0
22 7 1 0 0 0 1 0
22 10 1 1 1 0 0 1
22 11 0 1 1 0 0 0
22 12 1 0 1 1 0 0
22 13 0 1 0 0 0 1
22 15 1 1 1 0 0 0
22 16 1 0 0 1 0 1
22 17 1 1 0 1 1 0
22 18 0 1 0 0 1 1
22 20 1 1 0 1 1 0
22 21 0 1 0 1 0 1
22 22 1 0 0 0 1 1
22 23 1 0 1 0 0 1
22 24 0 0 0 0 1 0
22 25 0 0 0 0 1 0
22 26 0 0 0 0 1 0
22 27 0 0 1 1 1 1
22 28 1 0 0 0 0 0
22 29 1 0 0 1 1 0
22 30 1 1 0 0 1 0
23 5 0 1 0 1 0 0
23 6 0 0 0 1 0 0
23 8 1 1 1 0 0 1
23 9 0 1 1 0 0 0
23 10 1 0 1 1 0 0
23 11 0 1 0 0 0 1
23 13 1 1 1 0 0 0
23 14 1 0 0 1 0 1
23 15 1 1 0 1 1 0
23 16 0 1 0 0 1 1
23 18 1 0 0 1 1 0
23 20 1 0 1 0 0 0
23 21 0 1 0 1 0 0
23 22 1 1 1 1 0 1
23 24 1 1 0 0 1 0
23 25 0 1 0 0 0 1
24 7 1 1 0 1 0 0
24 8 0 0 1 0 1 0
24 9 0 0 1 1 0 0
24 10 1 1 1 0 0 1
24 11 0 0 0 0 1 0
24 12 0 0 0 0 1 0
24 13 0 0 0 0 1 0
24 14 0 0 0 0 1 0
24 15 0 0 0 0 1 0
24 16 0 0 0 0 1 0
24 17 0 0 0 0 1 0
24 18 0 0 0 0 1 0
24 19 0 0 0 0 1 0
24 20 0 0 0 0 1 0
24 21 0 0 0 0 1 0
24 22 0 0 0 0 1 0
24 23 0 0 0 0 1 0
24 24 0 0 0 0 1 0
24 25 0 0 0 0 1 0
24 26 0 0 0 0 1 0
24 27 0 0 1 1 1 1
24 28 1 0 0 0 0 0
24 29 1 0 0 1 1 0
24 30 1 1 0 0 1 0
25 5 1 1 1 0 1 0
25 6 0 1 1 0 0 0
25 7 0 0 0 1 0 0
25 9 1 1 1 0 0 1
25 10 0 1 1 0 0 0
25 11 1 0 1 1 0 0
25 12 0 1 0 0 0 1
25 14 1 1 1 0 0 0
25 15 1 0 0 1 0 1
25 16 1 1 0 1 1 0
25 17 0 1 0 0 1 1
25 18 1 1 0 1 0 0
25 19 0 0 1 0 1 0
25 21 1 0 0 1 1 0
26 7 0 1 1 1 1 0
26 8 0 1 0 0 0 1
26 9 1 0 0 1 1 0
26 10 1 0 0 1 0 1
26 12 1 1 0 0 1 0
26 13 0 1 0 0 0 1
26 15 1 0 1 0 1 1
26 16 1 0 1 0 1 0
26 17 1 0 0 1 1 1
26 18 0 0 0 0 1 0
26 19 0 0 0 0 1 0
26 20 0 0 0 0 1 0
26 21 0 0 0 0 1 0
26 22 0 0 0 0 1 0
26 23 0 0 0 0 1 0
26 24 0 0 0 0 1 0
26 25 0 0 0 0 1 0
26 26 0 0 0 0 1 0
26 27 0 0 1 1 1 1
26 28 1 0 0 0 0 0
26 29 1 0 0 0 1 0
26 30 0 1 0 1 1 0
16 17 0 1 0 0 0 1
21 3 1 0 1 0 0 1
