0.00
47 68 92 111 143 165 196 219 246 268 299 320 351 373 402 423 454 475 506 527 557 579 610 631 662 683 713 734 766 787 817 838 870 889 922 942 974 994 1025 1047 1078 1098 1129 1149 1181 1202 1232 1255 1284 1305 1337 1358 1388 1409 1440 1461 1492 1513 1544 1565 1596 1617 1648 1669
70 91 112 151 174 195 236 257 279 318 340 361 401 422 444 485 506 528 567 589 610 649 671 692 732 755 776 812 836 856 895 916 937 976 997 1018 1057 1078 1099 1138 1159 1180 1219 1240 1261 1300 1321 1342 1381 1402 1423 1462 1483 1504 1543 1564 1585 1624 1645 1666 1705 1726 1747 1786 1807 1828 1867 1888 1909 1948 1969 1990 2029 2050 2071 2110 2131 2152 2191 2212 2233 2279 2300 2321
2 2 1 1 0 0 1 0
2 3 1 1 0 1 1 0
2 4 0 0 0 1 0 0
2 5 1 1 1 0 0 1
2 6 0 1 0 0 0 0
2 7 1 0 1 0 0 1
2 8 1 1 0 1 1 0
2 9 0 0 1 1 1 1
2 10 1 1 0 1 0 0
2 12 1 0 0 0 1 0
2 13 0 0 0 1 1 0
2 15 0 0 0 0 1 1
2 16 1 1 1 0 1 0
2 17 1 0 0 0 1 0
2 18 1 0 0 1 1 1
2 20 1 0 0 0 1 0
2 21 0 0 0 1 1 1
2 22 1 1 0 0 0 1
2 23 1 1 0 0 1 1
2 25 1 0 0 0 0 0
2 26 0 0 1 1 1 1
2 27 1 0 0 0 1 1
3 9 0 1 1 1 1 1
3 10 0 1 0 1 1 0
3 11 0 0 0 0 0 1
3 12 0 1 1 0 1 1
3 14 0 0 0 1 0 0
3 15 0 0 1 0 1 1
3 16 0 1 1 1 0 0
3 17 1 0 0 0 1 0
3 18 0 0 0 1 0 1
3 20 0 1 0 0 1 1
3 21 0 0 0 1 1 1
3 22 0 0 0 0 0 1
3 23 0 0 1 1 0 1
3 25 1 0 0 0 0 0
3 26 0 0 0 0 1 1
3 27 1 0 0 0 1 1
4 2 0 0 0 1 0 0
4 3 1 1 0 1 1 0
4 4 0 0 0 1 0 0
4 5 1 1 1 0 0 1
4 6 0 1 0 0 0 0
4 7 0 1 0 0 0 0
4 8 0 1 0 0 0 0
4 9 0 1 0 0 0 0
4 10 0 1 0 0 0 0
4 11 0 1 0 0 0 0
4 12 0 1 0 0 0 0
4 13 0 1 0 0 0 0
4 14 0 1 0 0 0 0
4 15 0 1 0 0 0 0
4 16 0 1 0 0 0 0
4 17 0 1 0 0 0 0
4 18 0 1 0 0 0 0
4 19 0 1 0 0 0 0
4 20 0 1 0 0 0 0
4 21 0 1 0 0 0 0
4 22 0 1 0 0 0 0
4 23 0 0 0 0 1 0
4 24 1 1 0 0 0 1
4 25 0 0 0 1 0 1
5 2 0 0 0 1 0 0
5 3 1 1 0 1 1 0
5 4 0 0 0 1 0 0
5 5 1 1 1 0 0 1
5 6 0 1 0 0 0 0
5 7 0 1 0 1 0 1
5 8 0 1 0 1 1 0
5 9 0 0 1 1 1 0
5 10 0 1 0 1 1 0
5 12 1 0 1 0 0 1
5 13 0 0 0 1 0 1
5 15 0 0 0 0 0 1
5 16 1 1 1 0 1 0
5 17 1 0 1 0 1 0
5 18 0 0 0 1 1 0
5 20 0 1 1 1 1 1
5 21 1 1 0 0 1 1
5 22 0 0 0 0 1 0
5 23 1 1 0 0 0 1
5 25 1 0 0 0 0 0
5 26 0 0 0 0 0 1
5 27 0 0 1 1 0 1
6 2 0 0 0 1 1 0
6 3 1 1 0 1 1 0
6 4 0 0 0 1 0 0
6 5 1 1 1 0 0 1
6 6 0 1 0 0 0 0
6 7 0 0 0 1 0 0
6 8 1 1 0 0 0 1
6 9 0 1 1 0 0 1
6 10 0 1 1 1 0 0
6 12 0 0 1 1 0 1
6 13 1 1 0 1 1 0
6 15 0 0 1 1 0 1
6 16 0 1 1 1 0 1
6 17 0 0 1 1 1 1
6 18 1 0 0 1 1 1
6 20 0 1 1 1 1 1
6 21 0 1 1 1 0 0
6 22 1 0 1 1 0 1
6 23 0 0 0 1 1 1
6 25 1 0 0 0 0 0
6 26 0 1 1 1 1 0
6 27 0 0 0 1 1 1
7 10 0 0 0 1 0 0
7 11 1 1 1 0 0 1
7 12 0 1 1 1 0 1
7 14 0 0 1 1 0 1
7 15 1 0 0 1 0 1
7 16 0 0 1 1 0 1
7 17 1 1 0 1 0 1
7 19 1 0 1 1 1 1
7 20 0 0 0 1 0 1
7 21 0 0 0 0 1 0
7 22 1 1 1 1 1 0
7 23 1 0 0 1 0 0
7 25 1 0 0 0 0 0
7 26 1 0 0 0 1 0
7 27 0 0 0 1 0 1
8 2 0 0 0 1 1 0
8 3 1 1 0 1 1 0
8 4 0 0 0 1 0 0
8 5 1 1 1 0 0 1
8 6 0 1 0 0 0 0
8 7 0 1 0 0 0 0
8 8 0 1 0 0 0 0
8 9 0 1 0 0 0 0
8 10 0 1 0 0 0 0
8 11 0 1 0 0 0 0
8 12 0 1 0 0 0 0
8 13 0 1 0 0 0 0
8 14 0 1 0 0 0 0
8 15 0 1 0 0 0 0
8 16 0 1 0 0 0 0
8 17 0 1 0 0 0 0
8 18 0 1 0 0 0 0
8 19 0 1 0 0 0 0
8 20 0 1 0 0 0 0
8 21 0 1 0 0 0 0
8 22 1 0 0 0 1 0
8 23 0 0 0 1 1 1
8 24 1 0 0 0 1 0
8 25 0 0 0 1 0 1
9 8 0 0 1 1 0 0
9 9 0 0 0 1 1 0
9 10 0 0 0 1 0 0
9 11 0 0 1 1 0 1
9 12 1 0 0 0 0 1
9 14 0 0 0 1 0 0
9 15 1 0 1 1 0 0
9 16 1 1 0 1 0 0
9 17 1 0 0 0 1 0
9 18 0 0 0 1 0 1
9 20 0 1 1 1 1 1
9 21 0 1 0 1 1 0
9 22 1 0 1 0 1 1
9 23 0 0 0 1 1 0
9 25 1 0 0 0 0 0
9 26 0 1 0 0 0 1
9 27 0 0 0 1 1 0
10 2 1 0 0 1 0 0
10 3 1 1 0 1 1 0
10 4 0 0 0 1 0 0
10 5 1 1 1 0 0 1
10 6 0 1 0 0 0 0
10 7 0 1 0 0 0 0
10 8 0 1 0 0 0 0
10 9 0 1 0 0 0 0
10 10 0 1 0 0 0 0
10 11 0 1 0 0 0 0
10 12 0 1 0 0 0 0
10 13 0 1 0 0 0 0
10 14 0 1 0 0 0 0
10 15 0 1 0 0 0 0
10 16 0 1 0 0 0 0
10 17 0 1 0 0 0 0
10 18 0 1 0 0 0 0
10 19 0 1 0 0 0 0
10 20 0 1 0 0 0 0
10 21 0 1 0 0 0 0
10 22 0 1 0 0 0 0
10 23 0 1 0 0 0 0
10 24 1 1 0 0 0 1
10 25 0 1 0 1 1 0
