0.10
45 66 97 118 149 170 201 222 253 275 305 327 357 378 409 430 460 482 511 532 564 583 614 637 667 689 719 740 771 792 823 844 874 896 927 948 978 1000 1031 1051 1082 1103 1134 1155 1187 1207 1237 1260 1290 1311 1341 1363 1393 1414 1446 1465 1497 1519 1550 1571 1604 1625 1656 1677
34 55 76 116 137 161 199 221 244 282 304 325 365 387 409 448 470 491 531 553 575 615 636 657 697 718 740 779 801 823 863 884 905 945 966 988 1028 1049 1070 1110 1132 1153 1194 1215 1236 1277 1297 1318 1358 1380 1401 1442 1463 1484 1524 1546 1567 1608 1629 1651 1690 1712 1734 1775 1795 1817 1856 1877 1900 1940 1961 1983 2022 2044 2066 2106 2127 2148 2185 2205 2226 2266 2283 2304
2 2 1 1 0 1 0 0
2 3 1 1 0 1 1 0
2 4 1 1 1 0 0 1
2 5 0 1 0 0 0 0
2 6 0 1 0 0 0 0
2 7 0 1 0 0 0 0
2 8 0 1 0 0 0 0
2 9 0 1 0 0 0 0
2 10 0 1 0 0 0 0
2 11 0 1 0 0 0 0
2 12 0 1 0 0 0 0
2 13 0 1 0 0 0 0
2 14 0 1 0 0 0 0
2 15 0 1 0 0 0 0
2 16 0 1 0 0 0 0
2 17 0 1 0 0 0 0
2 18 0 1 0 0 0 0
2 19 0 1 0 0 0 1
2 20 1 0 0 1 1 0
2 21 0 0 0 0 0 1
2 22 1 0 1 1 0 0
2 23 1 1 0 1 0 1
2 25 1 0 0 0 0 0
2 26 0 1 1 1 1 0
2 27 0 0 0 1 1 1
3 2 0 1 0 1 0 0
3 3 1 1 0 1 1 0
3 4 1 1 1 0 0 1
3 5 0 1 0 0 0 0
3 6 0 1 0 0 0 0
3 7 0 1 0 0 0 0
3 8 0 1 0 0 0 0
3 9 0 1 0 0 0 0
3 10 0 1 0 0 0 0
3 11 0 1 0 0 0 0
3 12 0 1 0 0 0 0
3 13 0 1 0 0 0 0
3 14 0 1 0 0 0 0
3 15 0 1 0 0 0 0
3 16 0 1 0 0 0 0
3 17 0 1 0 0 0 0
3 18 0 1 0 0 0 1
3 19 1 0 0 1 1 0
3 20 1 1 0 0 0 1
3 21 0 0 0 1 0 1
3 22 1 0 1 0 1 0
3 23 1 0 0 1 0 0
3 25 1 0 0 0 0 0
3 26 1 0 0 0 1 0
3 27 0 0 0 1 0 1
4 2 0 1 0 1 1 0
4 3 1 1 0 1 1 0
4 4 1 1 1 0 0 1
4 5 0 1 0 0 0 0
4 6 0 1 0 0 0 0
4 7 0 1 0 0 0 0
4 8 0 1 0 0 0 0
4 9 0 1 0 0 0 0
4 10 0 1 0 0 0 0
4 11 0 1 0 0 0 1
4 12 1 0 0 1 1 0
4 13 0 1 1 1 1 1
4 14 0 1 1 1 0 0
4 16 1 0 1 0 1 1
4 17 0 0 0 1 1 1
4 18 0 1 1 0 1 0
4 19 1 1 0 1 0 0
4 20 1 0 1 0 1 0
4 21 0 0 0 1 1 0
4 24 0 1 0 1 0 0
4 25 1 1 0 1 1 0
4 26 0 0 0 0 1 1
4 27 1 0 0 0 1 1
4 28 1 0 0 0 1 0
4 29 1 1 0 1 0 0
5 2 0 1 0 1 1 0
5 3 1 1 0 1 1 0
5 4 1 1 1 0 0 1
5 5 0 1 0 0 0 0
5 6 0 1 0 0 0 0
5 7 0 1 0 0 0 0
5 8 0 1 0 0 0 0
5 9 0 1 0 0 0 0
5 10 0 1 0 0 0 0
5 11 0 1 0 0 0 0
5 12 0 1 0 0 0 0
5 13 0 1 0 0 0 0
5 14 0 1 0 0 0 0
5 15 0 1 0 0 0 1
5 16 1 0 0 1 1 0
5 17 1 1 1 0 1 0
5 18 1 1 0 0 1 1
5 20 0 0 1 1 1 1
5 21 1 1 0 1 1 1
5 22 0 0 0 0 0 1
5 23 1 0 0 0 0 1
5 24 1 0 0 0 1 0
5 26 1 0 0 0 0 0
5 27 1 0 0 0 1 0
6 2 0 0 0 1 0 0
6 3 0 1 0 1 1 0
6 4 1 1 1 0 0 1
6 5 0 1 0 0 0 0
6 6 0 1 0 0 0 0
6 7 0 1 0 0 0 0
6 8 0 1 0 0 0 0
6 9 0 1 0 0 0 0
6 10 0 1 0 0 0 0
6 11 0 1 0 0 0 0
6 12 0 1 0 0 0 0
6 13 0 1 0 0 0 0
6 14 0 1 0 0 0 0
6 15 0 1 0 0 0 0
6 16 0 1 0 0 0 0
6 17 0 1 0 0 0 0
6 18 0 1 0 0 0 0
6 19 0 1 0 0 0 0
6 20 0 1 0 0 0 1
6 21 1 0 0 1 1 0
6 22 0 1 1 1 1 1
6 23 1 1 0 0 1 0
6 25 1 0 0 0 0 0
6 26 0 0 0 0 1 1
6 27 0 1 0 1 1 1
7 2 1 0 0 1 0 0
7 3 0 1 0 1 1 0
7 4 1 1 1 0 0 1
7 5 0 1 0 0 0 0
7 6 0 1 0 0 0 0
7 7 0 1 0 0 0 0
7 8 0 1 0 0 0 0
7 9 0 1 0 0 0 0
7 10 0 1 0 0 0 0
7 11 0 1 0 0 0 0
7 12 0 1 0 0 0 0
7 13 0 1 0 0 0 0
7 14 0 1 0 0 0 0
7 15 0 1 0 0 0 0
7 16 0 1 0 0 0 0
7 17 0 1 0 0 0 0
7 18 0 1 0 0 0 0
7 19 0 1 0 0 0 0
7 20 0 1 0 0 0 1
7 21 1 0 0 1 1 0
7 22 0 1 0 0 1 0
7 23 1 1 0 1 1 0
7 25 1 0 0 0 0 0
7 26 0 0 1 1 1 1
7 27 1 0 0 0 1 1
8 2 1 0 0 1 1 0
8 3 0 1 0 1 1 0
8 4 1 1 1 0 0 1
8 5 0 1 0 0 0 0
8 6 0 1 0 0 0 0
8 7 0 1 0 0 0 0
8 8 0 1 0 0 0 0
8 9 0 1 0 0 0 0
8 10 0 1 0 0 0 0
8 11 0 1 0 0 0 1
8 12 1 0 0 1 1 0
8 13 0 1 1 1 1 1
8 14 0 1 1 1 0 0
8 16 1 0 1 0 1 1
8 17 0 0 0 1 1 1
8 18 0 1 1 0 1 0
8 19 1 1 0 1 0 0
8 20 0 1 1 0 0 1
8 21 1 0 0 0 0 1
8 24 0 1 0 1 0 0
8 25 1 1 0 1 1 0
8 26 0 0 0 0 0 1
8 27 0 0 1 1 0 1
8 28 1 0 0 0 1 0
8 29 1 1 0 1 0 0
9 2 1 0 0 1 1 0
9 3 0 1 0 1 1 0
9 4 1 1 1 0 0 1
9 5 0 1 0 0 0 0
9 6 0 1 0 0 0 0
9 7 0 1 0 0 0 0
9 8 0 1 0 0 0 0
9 9 0 1 0 0 0 0
9 10 0 1 0 0 0 0
9 11 0 1 0 0 0 0
9 12 0 1 0 0 0 0
9 13 0 1 0 0 0 0
9 14 0 1 0 0 0 0
9 15 0 1 0 0 0 0
9 16 0 1 0 0 0 0
9 17 0 1 0 0 0 0
9 18 0 1 0 0 0 0
9 19 0 1 0 0 0 0
9 20 0 1 0 0 0 0
9 21 0 1 0 0 0 1
9 22 1 0 0 1 1 0
9 23 0 1 1 1 1 1
9 24 1 1 0 1 0 0
9 26 1 0 0 0 0 0
9 27 1 0 0 0 1 0
10 2 0 1 0 1 1 0
10 3 0 1 0 1 1 0
10 4 1 1 1 0 0 1
10 5 0 1 0 0 0 0
10 6 0 1 0 0 0 0
10 7 0 1 0 0 0 0
10 8 0 1 0 0 0 0
10 9 0 1 0 0 0 0
10 10 0 1 0 0 0 0
10 11 0 1 0 0 0 0
10 12 0 1 0 0 0 0
10 13 0 1 0 0 0 0
10 14 0 1 0 0 0 0
10 15 0 1 0 0 0 0
10 16 0 1 0 0 0 0
10 17 0 1 0 0 0 0
10 18 0 1 0 0 0 0
10 19 0 1 0 0 0 0
10 20 0 1 0 0 0 1
10 21 1 0 0 1 1 0
10 22 0 1 1 0 0 1
10 23 1 0 0 0 0 1
10 25 1 0 0 0 0 0
10 26 0 0 0 0 1 1
10 27 0 1 0 1 1 1
11 2 1 1 0 0 1 0
11 3 1 0 0 0 1 0
11 4 1 1 1 0 0 1
11 5 0 1 0 0 0 0
11 6 0 1 0 0 0 0
11 7 0 1 0 0 0 0
11 8 0 1 0 0 0 0
11 9 0 1 0 0 0 0
11 10 0 1 0 0 0 0
11 11 0 1 0 0 0 1
11 12 1 0 0 1 1 0
11 13 0 1 1 1 1 1
11 14 0 1 1 1 0 0
11 16 1 0 1 0 1 1
11 17 0 0 0 1 1 1
11 18 1 0 0 0 1 0
11 19 1 1 0 1 1 0
11 20 0 1 1 1 1 1
11 21 0 0 0 1 0 1
11 24 0 1 0 1 0 0
11 25 1 1 0 1 1 0
11 26 0 1 1 1 1 0
11 27 0 0 0 1 1 1
11 28 1 0 0 0 1 0
11 29 1 1 0 1 0 0
12 2 1 1 0 0 1 0
12 3 1 0 0 0 1 0
12 4 1 1 1 0 0 1
12 5 0 1 0 0 0 0
12 6 0 1 0 0 0 0
12 7 0 1 0 0 0 0
12 8 0 1 0 0 0 0
12 9 0 1 0 0 0 0
12 10 0 1 0 0 0 0
12 11 0 1 0 0 0 0
12 12 0 1 0 0 0 0
12 13 0 1 0 0 0 0
12 14 0 1 0 0 0 0
12 15 0 1 0 0 0 0
12 16 0 1 0 0 0 0
12 17 0 1 0 0 0 0
12 18 0 1 0 0 0 0
12 19 0 1 0 0 0 0
12 20 0 1 0 0 0 0
12 21 0 1 0 0 0 1
12 22 1 0 0 1 1 0
12 23 1 0 1 0 1 0
12 24 1 0 0 1 1 1
12 26 1 0 0 0 0 0
12 27 1 0 0 0 1 0
13 2 0 0 0 1 0 0
13 3 1 0 0 0 1 0
13 4 1 1 1 0 0 1
13 5 0 1 0 0 0 0
13 6 0 1 0 0 0 0
13 7 0 1 0 0 0 0
13 8 0 1 0 0 0 0
13 9 0 1 0 0 0 0
13 10 0 1 0 0 0 0
13 11 0 1 0 0 0 0
13 12 0 1 0 0 0 0
13 13 0 1 0 0 0 0
13 14 0 1 0 0 0 0
13 15 0 1 0 0 0 0
13 16 0 1 0 0 0 0
13 17 0 1 0 0 0 0
13 18 0 1 0 0 0 0
13 19 0 1 0 0 0 0
13 20 0 1 0 0 0 1
13 21 1 0 0 1 1 0
13 22 1 0 0 0 1 0
13 23 1 1 0 1 1 0
13 25 1 0 0 0 0 0
13 26 0 0 0 0 1 1
13 27 0 1 0 1 1 1
14 2 1 0 0 1 0 0
14 3 1 0 0 0 1 0
14 4 1 1 1 0 0 1
14 5 0 1 0 0 0 0
14 6 0 1 0 0 0 0
14 7 0 1 0 0 0 0
14 8 0 1 0 0 0 0
14 9 0 1 0 0 0 0
14 10 0 1 0 0 0 0
14 11 0 1 0 0 0 0
14 12 0 1 0 0 0 0
14 13 0 1 0 0 0 0
14 14 0 1 0 0 0 0
14 15 0 1 0 0 0 0
14 16 0 1 0 0 0 0
14 17 0 1 0 0 0 0
14 18 0 1 0 0 0 0
14 19 0 1 0 0 0 0
14 20 0 1 0 0 0 1
14 21 1 0 0 1 1 0
14 22 0 1 1 1 1 1
14 23 0 0 0 1 0 1
14 25 1 0 0 0 0 0
14 26 0 0 1 1 1 1
14 27 1 0 0 0 1 1
15 2 1 1 0 1 0 0
15 3 1 0 0 0 1 0
15 4 1 1 1 0 0 1
15 5 0 1 0 0 0 0
15 6 0 1 0 0 0 1
15 7 1 0 0 1 1 0
15 8 0 1 1 1 1 1
15 9 0 1 1 1 0 0
15 11 1 0 1 0 1 1
15 12 0 0 0 1 1 1
15 13 0 1 0 1 0 0
15 14 1 1 0 1 1 0
15 15 1 1 1 1 1 0
15 16 1 1 0 1 1 0
15 18 0 1 1 0 1 0
15 19 1 1 0 1 0 0
15 20 0 0 0 0 1 1
15 21 1 1 1 0 0 0
15 24 0 1 0 1 0 0
15 25 1 1 0 1 1 0
15 26 1 0 0 0 1 0
15 27 0 0 0 1 0 1
15 28 1 0 0 0 1 0
15 29 1 1 0 1 0 0
16 2 0 1 0 1 0 0
16 3 1 0 0 0 1 0
16 4 1 1 1 0 0 1
16 5 0 1 0 0 0 0
16 6 0 1 0 0 0 0
16 7 0 1 0 0 0 0
16 8 0 1 0 0 0 0
16 9 0 1 0 0 0 0
16 10 0 1 0 0 0 0
16 11 0 1 0 0 0 0
16 12 0 1 0 0 0 0
16 13 0 1 0 0 0 0
16 14 0 1 0 0 0 0
16 15 0 1 0 0 0 0
16 16 0 1 0 0 0 0
16 17 0 1 0 0 0 0
16 18 0 1 0 0 0 0
16 19 0 1 0 0 0 0
16 20 0 1 0 0 0 0
16 21 0 1 0 0 0 1
16 22 1 0 0 1 1 0
16 23 0 0 0 0 1 0
16 24 1 1 0 0 0 1
16 26 1 0 0 0 0 0
16 27 1 0 0 0 1 0
17 2 0 1 0 1 1 0
17 3 1 0 0 0 1 0
17 4 1 1 1 0 0 1
17 5 0 1 0 0 0 0
17 6 0 1 0 0 0 0
17 7 0 1 0 0 0 0
17 8 0 1 0 0 0 0
17 9 0 1 0 0 0 0
17 10 0 1 0 0 0 0
17 11 0 1 0 0 0 0
17 12 0 1 0 0 0 0
17 13 0 1 0 0 0 0
17 14 0 1 0 0 0 0
17 15 0 1 0 0 0 0
17 16 0 1 0 0 0 0
17 17 0 1 0 0 0 0
17 18 0 1 0 0 0 0
17 19 0 1 0 0 0 1
17 20 1 0 0 1 1 0
17 21 0 0 0 1 0 0
17 22 0 0 1 1 1 1
17 23 0 0 0 1 1 0
17 25 1 0 0 0 0 0
17 26 0 0 0 0 1 1
17 27 0 1 0 1 1 1
18 2 0 1 0 1 0 0
18 3 1 1 0 0 1 0
18 4 0 0 0 1 0 0
18 5 1 1 1 0 0 1
18 6 0 1 0 0 0 0
18 7 0 1 0 0 0 0
18 8 0 1 0 0 0 0
18 9 0 1 0 0 0 0
18 10 0 1 0 0 0 0
18 11 0 1 0 0 0 0
18 12 0 1 0 0 0 0
18 13 0 1 0 0 0 0
18 14 0 1 0 0 0 0
18 15 0 1 0 0 0 0
18 16 0 1 0 0 0 0
18 17 0 1 0 0 0 0
18 18 0 1 0 0 0 1
18 19 1 0 0 1 1 0
18 20 0 1 1 0 0 1
18 21 0 1 1 1 0 0
18 22 0 1 0 0 0 1
18 23 0 0 0 1 1 0
18 25 1 0 0 0 0 0
18 26 0 0 1 1 1 1
18 27 1 0 0 0 1 1
19 2 1 0 0 0 1 0
19 3 1 1 0 0 1 0
19 4 0 0 0 1 0 0
19 5 1 1 1 0 0 1
19 6 0 1 0 0 0 0
19 7 0 1 0 0 0 0
19 8 0 1 0 0 0 0
19 9 0 1 0 0 0 0
19 10 0 1 0 0 0 0
19 11 0 1 0 0 0 0
19 12 0 1 0 0 0 0
19 13 0 1 0 0 0 0
19 14 0 1 0 0 0 0
19 15 0 1 0 0 0 0
19 16 0 1 0 0 0 0
19 17 0 1 0 0 0 0
19 18 0 1 0 0 0 1
19 19 1 0 0 1 1 0
19 20 0 1 1 0 0 1
19 21 0 1 1 1 0 0
19 22 1 0 1 0 0 1
19 23 0 0 0 1 0 1
19 25 1 0 0 0 0 0
19 26 0 0 0 0 1 1
19 27 1 0 0 0 1 1
20 2 0 0 0 1 0 0
20 3 0 0 0 1 0 0
20 4 0 0 0 1 0 0
20 5 1 1 1 0 0 1
20 6 0 1 0 0 0 0
20 7 0 1 0 0 0 0
20 8 0 1 0 0 0 0
20 9 0 1 0 0 0 0
20 10 0 1 0 0 0 0
20 11 0 1 0 0 0 1
20 12 1 0 0 1 1 0
20 13 0 1 1 1 1 1
20 14 0 1 1 1 0 0
20 16 1 0 1 0 1 1
20 17 0 0 0 1 1 1
20 18 0 0 1 0 1 0
20 19 0 1 0 1 1 0
20 20 0 0 1 1 0 1
20 21 1 0 0 1 1 0
20 24 0 1 0 1 0 0
20 25 1 1 0 1 1 0
20 26 0 1 0 0 0 1
20 27 0 0 0 1 1 0
20 28 1 0 0 0 1 0
20 29 1 1 0 1 0 0
21 2 0 0 0 1 1 0
21 3 0 0 0 1 0 0
21 4 0 0 0 1 0 0
21 5 1 1 1 0 0 1
21 6 0 1 0 0 0 0
21 7 0 1 0 0 0 0
21 8 0 1 0 0 0 0
21 9 0 1 0 0 0 0
21 10 0 1 0 0 0 0
21 11 0 1 0 0 0 0
21 12 0 1 0 0 0 0
21 13 0 1 0 0 0 0
21 14 0 1 0 0 0 0
21 15 0 1 0 0 0 0
21 16 0 1 0 0 0 0
21 17 0 1 0 0 0 0
21 18 0 1 0 0 0 0
21 19 0 1 0 0 0 1
21 20 1 0 0 1 1 0
21 21 0 1 0 1 0 0
21 22 1 1 0 1 0 1
21 23 0 1 0 0 0 1
21 24 1 1 0 1 0 1
21 26 1 0 0 0 0 0
21 27 1 0 0 0 1 0
22 2 1 0 0 1 0 0
22 3 0 0 0 1 0 0
22 4 0 0 0 1 0 0
22 5 1 1 1 0 0 1
22 6 0 1 0 0 0 0
22 7 0 1 0 0 0 0
22 8 0 1 0 0 0 0
22 9 0 1 0 0 0 0
22 10 0 1 0 0 0 0
22 11 0 1 0 0 0 0
22 12 0 1 0 0 0 0
22 13 0 1 0 0 0 0
22 14 0 1 0 0 0 0
22 15 0 1 0 0 0 0
22 16 0 1 0 0 0 0
22 17 0 1 0 0 0 0
22 18 0 1 0 0 0 1
22 19 1 0 0 1 1 0
22 20 0 1 1 1 1 1
22 21 1 1 0 0 1 0
22 22 0 0 1 0 1 0
22 23 0 0 0 1 1 0
22 25 1 0 0 0 0 0
22 26 0 0 0 0 1 1
22 27 0 1 0 1 1 1
23 2 1 1 0 1 0 0
23 3 0 0 0 1 0 0
23 4 0 0 0 1 0 0
23 5 1 1 1 0 0 1
23 6 0 1 0 0 0 0
23 7 0 1 0 0 0 0
23 8 0 1 0 0 0 0
23 9 0 1 0 0 0 0
23 10 0 1 0 0 0 0
23 11 0 1 0 0 0 0
23 12 0 1 0 0 0 0
23 13 0 1 0 0 0 0
23 14 0 1 0 0 0 0
23 15 0 1 0 0 0 0
23 16 0 1 0 0 0 0
23 17 0 1 0 0 0 0
23 18 0 1 0 0 0 1
23 19 1 0 0 1 1 0
23 20 0 1 1 1 1 1
23 21 1 1 0 0 1 0
23 22 0 0 0 0 1 1
23 23 0 0 1 1 1 1
23 25 1 0 0 0 0 0
23 26 0 0 1 1 1 1
23 27 1 0 0 0 1 1
24 2 1 0 0 1 1 0
24 3 0 0 0 1 0 0
24 4 0 0 0 1 0 0
24 5 1 1 1 0 0 1
24 6 0 1 0 0 0 0
24 7 0 1 0 0 0 0
24 8 0 1 0 0 0 0
24 9 0 1 0 0 0 0
24 10 0 1 0 0 0 0
24 11 0 1 0 0 0 0
24 12 0 1 0 0 0 0
24 13 0 1 0 0 0 0
24 14 0 1 0 0 0 0
24 15 0 1 0 0 0 0
24 16 0 1 0 0 0 0
24 17 0 1 0 0 0 1
24 18 1 0 0 1 1 0
24 19 0 0 0 1 0 0
24 20 0 0 1 1 1 0
24 21 1 1 0 1 1 0
24 22 0 0 1 1 1 1
24 23 1 1 0 0 1 1
24 25 1 0 0 0 0 0
24 26 0 0 0 0 1 1
24 27 1 0 0 0 1 1
25 12 0 1 0 0 0 1
25 13 1 0 0 1 1 0
25 14 0 1 1 1 1 1
25 15 0 1 1 1 0 0
25 17 0 0 0 0 1 1
25 18 1 1 1 0 1 0
25 19 0 0 1 1 0 1
25 20 0 0 0 1 1 0
25 22 0 0 1 0 1 0
25 23 1 1 0 1 1 0
25 26 0 0 1 0 1 1
25 27 1 0 0 0 0 1
25 28 0 0 0 0 1 1
25 29 1 0 0 0 1 1
25 30 1 0 0 0 1 0
25 31 1 1 0 1 0 0
26 2 1 1 0 1 1 0
26 3 0 0 0 1 0 0
26 4 0 0 0 1 0 0
26 5 1 1 1 0 0 1
26 6 0 1 0 0 0 0
26 7 0 1 0 0 0 0
26 8 0 1 0 0 0 0
26 9 0 1 0 0 0 0
26 10 0 1 0 0 0 0
26 11 0 1 0 0 0 0
26 12 0 1 0 0 0 0
26 13 0 1 0 0 0 0
26 14 0 1 0 0 0 0
26 15 0 1 0 0 0 0
26 16 0 1 0 0 0 0
26 17 0 1 0 0 0 0
26 18 0 1 0 0 0 0
26 19 0 1 0 0 0 0
26 20 0 1 0 0 0 0
26 21 1 0 0 0 1 0
26 22 0 1 0 1 1 0
26 23 1 0 1 1 0 0
26 24 0 0 0 1 1 1
26 26 0 1 0 1 0 1
26 27 0 1 1 1 0 1
26 28 0 1 0 0 1 1
26 29 1 0 0 1 0 0
27 2 0 1 0 0 1 0
27 3 1 1 1 0 0 1
