0.80
39 60 91 112 143 163 194 214 247 267 296 318 350 369 401 422 452 472 505 523 557 577 609 629 660 681 711 733 763 784 816 836 867 888 919 940 971 992 1023 1043 1075 1096 1127 1148 1178 1200 1230 1251 1282 1303 1333 1354 1387 1409 1437 1458 1489 1510 1541 1562 1593 1614 1646 1666 1697 1717
67 88 109 149 170 191 231 252 274 314 335 356 397 419 440 479 502 522 562 584 605 645 667 688 728 749 771 809 830 851 892 914 935 974 996 1017 1057 1078 1099 1138 1160 1181 1221 1243 1264 1302 1324 1345 1385 1407 1428 1467 1488 1508 1550 1571 1592 1631 1653 1673 1714 1735 1756 1797 1818 1839 1879 1900 1922 1961 1983 2004 2044 2065 2087 2127 2148 2169 2209 2230 2251 2291 2312 2330
2 13 0 0 0 0 1 1
2 14 1 0 0 0 1 0
2 15 0 0 0 1 1 1
2 16 0 0 0 0 1 1
2 17 1 0 0 0 1 0
2 18 0 0 0 1 1 1
2 19 0 0 0 0 1 0
2 20 0 1 1 0 1 1
2 23 1 0 0 0 1 0
2 24 1 1 0 1 1 0
2 25 1 0 1 1 0 0
2 26 0 0 0 1 1 0
2 28 0 1 1 0 0 1
2 29 1 1 0 0 1 0
2 30 0 0 1 0 1 0
2 31 0 1 1 1 0 1
3 2 0 0 0 0 1 0
3 3 1 0 0 0 1 0
3 4 0 0 0 1 1 1
3 5 0 0 0 0 1 0
3 6 1 0 0 0 1 0
3 7 0 0 0 1 1 1
3 8 0 0 0 0 1 0
3 9 0 1 1 0 1 1
3 12 0 0 0 1 0 0
3 13 1 1 1 0 0 0
3 14 1 1 0 1 1 0
3 15 0 0 0 0 1 1
3 16 1 0 0 0 1 0
3 17 0 0 0 1 1 1
3 18 0 0 0 1 0 0
3 19 0 0 1 0 1 1
3 20 1 0 0 0 0 1
3 23 1 1 1 0 1 0
3 24 1 1 0 1 0 0
3 25 1 1 0 0 0 1
3 26 1 1 0 1 1 0
3 28 0 1 1 0 0 1
3 29 1 1 0 0 1 0
3 30 0 0 1 0 1 0
3 31 0 1 1 1 0 1
5 15 0 0 1 1 0 1
5 16 1 1 0 1 1 1
5 17 1 0 0 0 1 0
5 18 1 1 0 1 1 0
5 20 1 1 1 0 1 1
5 21 0 1 0 1 1 0
5 22 0 0 1 0 1 0
5 23 1 0 0 1 0 1
5 24 0 0 0 0 1 1
5 25 0 0 1 1 1 1
5 28 0 0 1 1 0 0
5 29 1 0 0 1 0 1
5 30 0 0 1 1 0 1
5 31 0 1 1 1 0 0
6 19 0 0 0 0 1 0
6 20 1 0 1 1 1 1
6 21 0 0 0 1 0 0
6 22 1 0 1 1 0 0
6 23 1 1 0 0 1 1
6 24 0 0 0 0 1 0
6 25 1 0 1 0 0 1
6 28 1 0 1 1 0 0
6 29 0 0 0 1 1 0
6 30 0 0 1 1 0 1
6 31 1 0 0 0 0 1
7 6 0 0 1 0 1 0
7 7 0 1 1 1 0 0
7 8 0 0 1 1 1 1
7 9 0 0 0 1 1 0
7 10 0 0 1 1 0 1
7 11 1 1 0 1 1 1
7 13 0 1 0 0 1 0
7 14 0 0 1 0 1 1
7 15 1 0 0 1 0 1
7 17 0 1 0 1 0 1
7 18 1 1 0 1 1 0
7 19 0 1 1 0 1 0
7 20 1 0 0 0 0 1
7 23 0 0 1 1 0 0
7 24 0 1 0 1 1 0
7 25 0 1 0 0 0 1
7 26 1 0 0 1 1 0
7 28 0 0 1 1 1 1
7 29 0 0 0 1 1 0
7 30 0 0 1 1 0 1
7 31 1 1 0 1 1 1
8 6 1 1 0 0 0 1
8 7 0 0 0 1 0 1
8 8 0 1 1 1 1 1
8 9 1 1 0 1 1 0
8 10 0 0 1 1 0 1
8 11 0 0 0 1 1 1
8 13 1 0 1 0 0 1
8 14 0 0 0 1 0 1
8 15 1 0 1 0 1 0
8 16 1 1 0 0 1 1
8 17 1 1 1 0 0 1
8 18 1 0 0 1 1 0
8 20 0 0 0 0 1 1
8 21 0 1 1 1 0 0
8 22 0 0 1 1 0 0
8 23 1 1 0 1 1 0
8 24 1 0 1 0 1 1
8 25 0 0 0 1 1 0
8 28 0 0 0 0 0 1
8 29 1 0 0 0 0 1
8 30 0 0 1 0 1 0
8 31 0 1 1 1 0 0
9 13 0 1 0 0 1 1
9 14 0 1 0 1 1 0
9 15 0 0 1 0 0 1
9 16 1 0 0 0 1 0
9 17 1 0 0 1 0 0
9 18 1 1 1 0 0 1
9 20 0 1 0 1 0 0
9 21 1 1 0 1 1 0
9 22 1 0 1 0 1 1
9 23 1 1 0 1 0 1
9 24 1 1 1 0 0 1
9 25 1 1 0 1 1 1
10 14 0 1 0 1 0 0
10 15 1 0 0 1 1 0
10 16 0 0 0 1 0 0
10 17 1 1 0 0 1 0
10 18 1 1 0 0 1 0
10 19 0 0 0 1 0 0
10 20 1 1 1 0 0 1
10 23 0 1 0 0 0 1
10 24 1 0 0 1 0 1
10 25 1 0 1 1 0 0
10 26 0 0 0 1 1 0
10 28 1 1 1 0 0 1
10 29 1 0 0 0 0 1
10 30 0 0 0 0 1 0
10 31 0 1 1 1 1 0
11 4 0 0 1 1 0 1
11 5 0 0 0 1 1 0
11 6 1 0 0 0 1 0
11 7 1 1 0 1 1 0
11 8 1 0 1 1 0 0
11 9 0 0 0 1 1 0
11 12 0 0 0 1 0 0
11 13 0 1 0 1 1 0
11 14 0 1 0 1 0 0
11 15 1 1 0 0 1 0
11 16 1 0 0 0 1 0
11 17 0 0 0 1 0 0
11 18 1 0 0 1 0 0
11 19 0 1 0 1 1 0
11 20 1 1 1 0 0 1
11 21 0 0 1 0 0 1
11 22 1 1 0 0 1 0
11 23 0 0 0 1 0 0
11 24 1 1 0 0 1 0
11 25 1 1 1 0 0 1
11 28 1 1 1 1 1 1
11 29 0 1 0 1 1 0
11 30 1 0 1 1 0 0
11 31 1 1 0 1 0 0
12 12 1 0 0 0 1 0
12 13 1 1 0 1 1 0
12 14 1 1 0 1 0 0
12 15 0 0 0 1 1 0
12 16 1 0 0 0 1 0
12 17 0 1 0 1 1 0
12 18 1 0 0 1 0 0
12 19 0 1 0 1 1 0
12 20 1 1 1 0 0 1
12 21 0 0 1 0 0 1
12 22 1 1 0 0 1 0
12 23 0 0 0 1 0 0
12 24 1 1 0 0 1 0
12 25 1 1 1 0 0 1
13 14 0 0 1 1 0 1
13 15 0 0 0 1 1 0
13 16 0 0 0 0 1 1
13 17 0 0 1 1 0 1
13 18 0 0 1 1 0 1
13 19 1 0 0 1 1 0
13 21 0 0 0 0 0 1
13 22 0 0 1 0 1 0
13 23 1 0 0 0 0 1
13 24 0 0 1 1 0 1
13 25 1 1 0 1 0 0
14 12 1 0 0 1 0 0
14 13 1 0 0 1 1 0
14 14 1 1 0 1 1 0
14 15 0 0 0 1 0 0
14 16 1 0 0 0 1 0
14 17 0 1 0 1 1 0
14 18 1 0 0 1 0 0
14 19 0 1 0 1 1 0
14 20 1 1 1 0 0 1
14 21 0 0 1 0 0 1
14 22 1 1 0 0 1 0
14 23 0 0 0 1 0 0
14 24 1 1 0 0 1 0
14 25 1 1 1 0 0 1
15 14 0 0 1 1 0 1
15 15 0 0 0 1 1 0
15 16 0 0 1 0 1 0
15 17 0 0 0 1 1 1
15 18 1 0 1 0 0 1
15 19 1 1 0 1 1 0
15 21 0 0 0 0 0 1
15 22 0 0 1 0 1 0
15 23 1 0 0 0 0 1
15 24 0 0 1 1 0 1
15 25 1 1 0 1 0 0
16 11 0 0 1 0 1 0
16 12 0 1 1 1 0 0
16 13 0 0 1 1 1 1
16 14 0 0 0 1 1 0
16 15 0 0 1 1 0 1
16 16 1 1 0 1 1 1
16 18 0 1 0 0 1 0
16 19 0 0 1 0 1 1
16 20 1 0 0 1 0 1
16 22 0 1 0 1 0 1
16 23 1 1 0 1 1 0
16 24 0 1 1 0 1 0
16 25 1 0 0 0 0 1
16 28 1 1 1 1 1 1
16 29 0 1 1 1 0 0
16 30 0 0 0 0 1 1
16 31 0 0 1 1 1 0
17 20 0 0 1 1 1 1
17 21 0 0 0 1 1 0
17 22 0 0 1 0 0 1
17 23 1 1 0 1 1 0
17 24 1 0 0 0 1 0
17 25 1 1 1 0 0 1
17 28 0 0 1 1 0 1
17 29 0 1 1 1 0 0
17 30 0 0 1 1 1 1
17 31 0 0 0 1 1 0
18 3 0 0 1 1 1 1
18 4 0 0 0 1 1 0
18 5 0 0 1 0 0 1
18 6 0 0 0 1 0 0
18 7 1 1 1 0 0 1
18 8 1 0 0 0 1 0
18 9 1 1 0 1 0 0
18 11 0 0 0 0 1 1
18 12 1 1 1 0 1 1
18 13 0 0 1 0 0 1
18 14 0 1 0 1 1 0
18 15 1 1 1 0 0 1
18 17 1 0 1 1 0 0
18 18 1 1 0 1 0 1
18 19 1 1 0 1 0 0
18 20 0 0 0 1 0 0
18 21 1 1 0 0 1 0
18 22 0 0 0 1 1 0
18 23 1 1 1 0 0 1
18 26 0 0 1 1 1 1
18 27 0 0 0 1 1 0
18 28 0 0 0 0 1 0
18 29 0 1 0 0 1 0
18 30 0 0 1 0 1 1
18 31 1 0 0 1 0 1
19 12 1 1 1 1 1 1
19 13 0 1 1 1 0 0
19 14 0 0 0 0 1 1
19 15 0 0 1 1 1 0
19 17 0 0 0 0 1 1
19 18 1 0 0 1 0 0
19 19 0 0 1 0 0 1
19 20 0 0 0 1 0 0
19 21 1 1 1 0 0 1
19 22 1 0 0 0 1 0
19 23 1 1 0 1 0 0
20 4 0 0 1 0 1 0
20 5 0 1 1 1 0 0
20 6 0 0 1 1 1 1
20 7 0 0 0 1 1 0
20 8 0 0 1 1 0 1
20 9 1 1 0 1 1 1
20 11 0 0 0 0 1 0
20 12 0 1 0 0 1 0
20 13 0 0 1 0 1 1
20 14 1 0 0 1 0 1
20 16 0 1 0 1 0 1
20 17 1 1 0 1 1 0
20 18 0 1 1 0 1 0
20 19 1 0 0 0 0 1
20 22 0 0 0 0 0 1
20 23 0 0 1 0 1 0
20 24 1 0 0 0 0 1
20 25 0 0 1 1 1 1
20 26 0 0 0 1 1 0
20 27 0 0 1 1 0 1
20 28 1 1 0 1 1 1
20 30 0 0 0 0 1 0
20 31 1 0 1 1 1 1
21 3 0 0 1 1 1 1
21 4 0 0 0 1 1 0
21 5 0 0 1 0 0 1
21 6 0 0 0 1 0 0
21 7 1 1 1 0 0 1
21 8 1 0 0 0 1 0
21 9 1 1 0 1 0 0
21 11 1 1 1 0 1 1
21 12 0 0 1 0 0 1
21 13 1 1 0 1 1 0
21 14 1 1 1 0 0 1
21 16 1 0 1 1 0 0
21 17 1 1 0 1 0 1
21 18 1 1 0 1 0 0
21 19 0 0 0 1 0 0
21 20 1 1 0 0 1 0
21 21 0 0 0 1 1 0
21 22 1 1 1 0 0 1
21 25 0 0 0 0 1 1
21 26 1 0 0 1 0 0
21 27 0 0 1 1 1 1
21 28 0 0 0 1 1 0
21 30 0 0 0 0 1 0
21 31 1 0 1 1 1 1
22 11 1 1 1 1 1 1
22 12 0 1 1 1 0 0
22 13 0 0 0 0 1 1
22 14 0 0 1 1 1 0
22 16 0 0 0 0 1 1
22 17 1 0 0 1 0 0
22 18 0 0 1 0 0 1
22 19 0 0 0 1 0 0
22 20 1 1 1 0 0 1
22 21 1 0 0 0 1 0
22 22 1 1 0 1 0 0
23 8 0 0 0 1 1 0
23 9 1 1 0 0 1 0
23 10 1 1 0 0 1 0
23 11 0 1 0 1 0 0
23 12 1 1 1 0 0 1
23 13 1 1 0 1 1 0
23 14 1 1 1 0 0 1
23 15 0 1 0 1 1 0
23 16 1 1 0 1 1 0
23 17 1 0 0 0 1 0
23 18 1 1 1 0 0 1
23 20 1 1 0 1 0 1
23 21 0 0 0 1 1 0
23 22 1 0 0 0 1 1
23 23 1 0 0 0 1 0
23 24 0 0 1 0 0 0
23 25 0 0 1 0 0 0
23 28 0 1 0 0 1 1
23 29 0 1 0 1 1 0
23 30 0 0 1 1 0 1
23 31 0 1 1 1 0 0
24 9 1 1 0 0 1 0
24 10 1 1 0 1 1 0
24 11 1 1 0 1 1 0
24 12 1 1 1 0 0 1
24 13 0 0 0 0 0 1
24 14 0 0 1 0 0 0
24 15 0 1 0 1 1 1
24 16 0 0 1 0 0 0
24 18 0 1 0 1 0 0
24 19 1 1 1 0 0 1
24 20 0 1 0 1 1 0
24 21 1 1 0 1 1 0
24 22 1 0 0 1 0 0
24 23 0 1 0 1 0 0
24 24 1 1 1 0 0 1
24 25 0 0 1 0 0 1
25 20 0 0 0 0 1 0
25 21 1 0 1 1 1 1
25 22 0 0 1 0 0 1
25 23 1 1 0 0 1 0
25 24 0 0 0 1 1 0
25 25 1 1 1 0 0 1
25 28 1 0 1 1 1 0
25 29 1 1 0 1 1 0
25 30 0 0 1 1 0 0
25 31 1 1 0 1 0 0
