0.30
41 61 89 110 141 162 193 214 245 267 297 318 349 373 401 422 453 474 505 527 557 578 609 629 661 682 713 733 764 786 816 838 868 890 921 941 973 994 1025 1045 1076 1097 1128 1150 1180 1201 1232 1253 1284 1305 1335 1357 1388 1409 1440 1460 1491 1512 1543 1565 1596 1618 1645 1665
76 96 116 154 176 197 238 259 280 320 341 363 403 424 446 486 507 528 569 590 611 651 673 694 734 756 777 816 838 859 901 922 943 983 1005 1026 1066 1088 1109 1148 1170 1192 1232 1254 1276 1315 1337 1357 1398 1420 1441 1481 1502 1524 1564 1586 1607 1647 1669 1690 1728 1748 1768 1806 1826 1846 1884 1904 1924 1962 1982 2002 2040 2060 2080 2118 2138 2158 2196 2216 2236 2274 2294 2314
2 2 0 0 1 0 0 1
2 3 1 1 0 0 1 0
2 4 1 1 1 1 1 1
2 6 1 1 0 0 1 0
2 7 1 0 1 1 0 1
2 8 1 0 1 1 0 0
2 9 1 0 1 0 0 1
2 10 0 0 0 0 1 0
2 12 1 1 1 1 1 0
2 13 1 0 1 0 0 1
2 14 1 1 0 0 0 0
2 15 1 1 1 0 0 1
2 16 1 0 0 0 1 1
2 17 0 1 0 0 0 1
2 19 1 1 0 0 0 0
2 20 1 0 0 1 0 1
2 21 1 1 0 1 1 0
2 22 0 1 0 1 0 0
2 24 0 1 0 1 1 0
2 25 0 0 1 0 1 1
2 26 1 1 1 1 0 1
2 28 1 1 0 1 1 0
2 29 1 0 0 0 0 1
2 30 1 1 0 0 1 0
2 31 1 1 0 0 0 1
3 2 1 1 0 0 0 0
3 3 1 0 0 1 0 1
3 4 1 0 0 0 1 1
3 5 0 0 1 0 1 1
3 8 0 1 0 1 1 0
3 9 0 0 1 0 1 1
3 10 0 0 1 1 0 0
3 11 0 0 1 0 1 1
3 13 1 1 0 1 1 0
3 14 0 1 0 0 1 1
3 15 1 0 1 0 1 1
3 16 1 0 1 0 1 0
3 17 0 0 0 0 1 0
3 19 0 1 1 1 1 0
3 20 0 1 0 0 1 1
3 21 1 0 0 0 1 1
3 22 0 1 0 0 0 0
3 24 1 1 1 1 1 0
3 25 1 0 1 0 0 1
3 26 1 1 0 0 0 0
3 27 1 1 1 0 0 1
3 29 1 1 0 0 1 0
3 30 1 1 1 0 0 1
4 2 0 0 1 0 0 1
4 3 0 1 0 0 1 0
4 4 0 1 0 0 0 0
4 6 1 0 0 1 1 0
4 7 0 0 1 0 1 0
4 8 1 0 1 0 1 1
4 9 0 1 1 0 0 0
4 10 1 1 0 0 0 0
4 11 1 1 1 0 0 1
4 12 0 0 0 1 0 0
4 14 1 1 0 0 1 0
4 15 1 0 0 1 0 1
4 16 1 1 0 0 1 0
4 17 1 0 0 0 0 1
4 19 1 0 1 1 0 0
4 20 0 1 1 0 0 1
4 21 0 1 0 0 1 0
4 22 0 1 0 0 0 0
4 23 1 1 0 0 0 0
4 24 1 1 1 0 0 1
4 25 0 0 0 1 0 0
4 27 1 0 0 0 1 1
4 28 0 1 1 0 1 1
4 29 1 1 1 1 0 0
4 30 1 1 0 0 0 1
5 2 1 0 1 1 0 0
5 3 0 1 1 0 0 1
5 4 0 1 0 0 1 0
5 5 0 1 0 0 0 0
5 6 1 1 0 0 0 0
5 7 1 1 1 0 0 1
5 9 1 0 0 1 1 0
5 10 0 0 1 1 1 1
5 12 1 1 0 0 0 0
5 13 1 1 1 0 0 1
5 14 1 0 0 1 0 0
5 15 0 1 1 0 0 0
5 16 0 0 0 0 1 0
5 18 0 1 0 1 0 0
5 19 0 0 1 0 0 0
5 21 1 0 1 1 0 0
5 22 1 1 1 0 0 1
5 23 1 0 1 0 1 1
5 24 1 0 1 0 0 1
5 26 1 1 0 0 0 0
5 27 1 0 1 0 0 1
5 28 0 1 1 1 1 0
5 29 0 1 0 0 1 1
6 2 1 0 0 0 1 1
6 3 0 1 1 0 0 0
6 4 0 0 1 1 0 0
6 5 0 1 1 0 0 1
6 7 1 1 0 0 1 0
6 8 0 1 1 1 1 1
6 9 1 0 0 0 1 1
6 10 0 0 1 1 1 1
6 12 1 0 0 1 1 0
6 14 1 1 0 0 1 0
6 15 0 1 1 1 1 1
6 16 1 1 0 0 1 0
6 17 0 1 0 1 0 0
6 19 1 0 0 0 1 1
6 20 0 0 1 0 0 0
6 21 1 0 0 1 1 1
6 23 1 1 0 0 1 0
6 24 0 0 1 1 0 1
6 25 1 0 1 0 0 0
6 26 1 1 0 0 1 1
6 27 0 0 0 0 1 0
6 29 1 0 1 0 1 1
6 30 0 1 0 1 0 1
7 2 1 0 0 1 0 0
7 3 0 0 1 0 0 0
7 5 1 1 0 1 1 0
7 6 1 1 0 0 0 1
7 7 0 0 1 0 0 0
7 9 0 0 1 1 0 0
7 10 0 1 1 0 0 0
7 12 1 1 0 0 1 0
7 13 1 0 0 0 1 0
7 14 0 1 0 1 0 0
7 15 0 1 1 0 0 0
7 16 0 0 0 0 1 0
7 17 0 1 1 0 0 0
8 4 1 1 0 0 0 0
8 5 0 0 1 0 1 1
8 7 1 1 0 0 1 0
8 8 0 1 0 1 0 0
8 9 1 1 1 0 0 0
8 10 1 0 0 0 1 0
8 12 1 1 0 1 1 0
8 13 0 0 1 1 1 0
8 14 1 0 0 1 0 0
8 15 0 1 0 1 0 1
8 17 1 0 1 0 1 1
8 18 0 1 0 1 0 1
8 20 1 1 0 1 1 0
8 21 0 1 0 1 0 0
8 22 1 1 1 1 1 0
8 23 0 0 1 1 1 1
8 25 1 0 0 1 1 0
8 26 0 1 0 1 0 0
8 27 0 1 1 1 0 0
8 28 1 1 1 0 0 1
8 29 1 1 0 0 0 0
8 30 1 1 1 0 0 1
9 2 1 0 0 1 1 0
9 4 1 1 0 1 1 0
9 5 0 1 0 1 0 0
9 6 1 1 1 1 1 0
9 7 1 0 1 0 0 1
9 9 1 0 0 0 1 1
9 10 0 1 1 0 0 1
9 12 1 1 0 1 1 0
9 13 1 1 0 0 0 1
9 14 1 1 0 0 1 0
9 15 1 0 0 0 0 1
9 16 1 1 1 0 0 0
9 17 0 1 0 0 0 1
9 19 0 1 0 1 0 0
9 20 1 0 0 1 1 0
9 21 1 0 0 0 0 1
9 23 1 0 0 1 1 0
9 25 1 1 0 1 1 0
9 26 0 1 0 1 0 1
9 27 1 1 0 1 1 0
9 28 0 1 0 0 0 1
9 30 0 0 1 1 0 1
9 31 0 0 1 0 0 0
10 2 1 1 1 1 1 0
10 3 0 1 1 0 1 1
10 4 1 1 0 0 1 0
10 5 1 1 0 0 0 1
10 6 0 0 0 0 1 0
10 8 1 0 1 0 1 1
10 9 0 1 0 1 0 1
10 11 0 1 1 1 1 0
10 12 1 1 1 0 0 1
10 13 0 1 1 1 0 0
10 14 1 0 1 0 1 0
10 16 1 0 0 1 1 0
10 18 1 1 0 1 1 0
10 19 1 0 1 0 1 0
10 20 1 1 1 1 1 0
10 21 0 0 1 1 1 1
10 23 0 0 1 1 0 0
10 24 0 1 0 0 1 1
10 26 1 0 1 1 1 0
10 27 1 1 1 0 0 1
10 28 1 0 1 1 0 0
10 29 1 0 0 1 0 1
10 31 1 1 0 0 1 1
11 2 1 1 0 0 0 0
11 3 1 0 1 0 0 1
11 4 1 0 1 0 1 1
11 5 1 0 1 0 0 1
11 7 0 0 1 1 0 0
11 9 1 1 1 1 1 0
11 10 1 0 1 0 0 1
11 11 0 0 0 0 1 0
11 13 0 0 1 1 0 0
11 14 0 1 0 0 1 1
11 15 1 1 0 0 1 0
11 16 1 1 0 0 0 1
11 18 1 1 0 0 1 0
11 19 0 1 0 1 0 0
11 20 0 1 1 0 1 1
11 22 1 1 0 1 1 0
11 23 0 1 0 0 0 1
11 24 1 0 0 1 1 0
11 25 0 1 0 1 0 0
11 27 1 1 1 0 0 1
11 28 0 1 1 0 0 0
11 29 1 0 1 1 0 0
11 30 0 1 0 0 0 1
12 2 1 1 0 1 1 0
12 3 0 0 1 1 1 0
12 4 1 1 0 0 1 0
12 5 0 1 1 1 1 1
12 8 0 0 1 0 1 1
12 9 1 1 1 1 0 1
12 11 1 1 0 0 1 0
12 12 0 1 0 0 0 1
12 14 1 1 0 1 1 0
12 15 0 1 1 0 1 1
12 16 1 0 0 1 1 0
12 17 0 0 1 0 1 0
12 19 1 0 0 1 1 0
12 20 1 0 1 0 0 1
12 21 0 0 1 1 0 0
12 22 0 1 0 0 0 1
12 23 0 0 1 0 0 0
12 25 1 0 1 0 1 1
12 26 0 1 0 1 0 1
12 28 1 0 0 0 1 1
12 29 0 0 1 0 0 0
12 30 1 0 0 1 1 1
13 2 1 1 0 1 1 0
13 3 1 0 1 0 1 0
13 4 1 1 1 1 1 0
13 5 0 0 1 1 1 1
13 7 0 0 1 1 0 0
13 8 0 1 0 0 1 1
13 10 1 1 0 0 0 0
13 11 1 0 1 0 0 1
13 12 1 1 1 0 0 0
13 13 1 1 0 0 0 1
13 15 1 0 0 1 0 0
13 16 0 1 1 0 0 0
13 17 1 1 0 1 1 0
13 18 0 0 1 1 1 0
13 19 0 0 0 0 1 0
13 21 1 1 0 1 1 0
13 22 0 1 0 1 0 0
13 23 1 0 0 0 1 1
13 24 0 1 0 0 0 0
13 26 0 1 1 1 1 0
13 27 0 1 0 1 0 0
13 28 1 1 1 1 1 0
13 29 1 0 1 0 0 1
14 2 1 1 0 0 0 0
14 3 0 1 1 0 1 0
14 4 1 1 0 1 1 0
14 5 0 1 0 1 1 1
14 7 0 1 0 1 0 0
14 8 0 1 1 0 0 0
14 9 1 1 0 1 1 0
14 10 1 0 0 1 0 1
14 11 0 0 0 0 1 0
14 13 0 1 0 1 1 1
14 15 1 1 0 1 1 0
14 16 1 1 0 0 0 1
14 17 0 1 0 1 0 0
14 18 1 1 0 0 0 0
14 19 1 0 1 0 0 1
14 21 1 1 0 0 1 0
14 22 1 1 0 0 1 1
14 23 1 0 0 1 1 0
14 24 1 0 0 0 0 1
14 26 1 0 1 0 1 1
14 27 1 0 1 0 1 0
14 28 1 1 0 0 1 0
14 29 0 1 1 0 1 0
15 2 0 0 1 1 0 0
15 3 0 1 0 0 1 0
15 4 1 1 0 0 0 0
15 5 0 1 1 1 0 1
15 6 0 0 0 0 1 0
15 8 1 0 0 0 1 1
15 9 0 0 1 0 0 0
15 11 1 1 0 1 1 0
15 12 0 0 1 1 1 0
15 13 1 0 0 1 0 0
15 14 0 1 0 1 0 1
15 16 0 0 1 1 0 0
15 17 0 1 1 0 0 0
15 18 1 1 1 0 0 0
15 19 1 0 1 1 0 1
15 21 1 1 0 0 0 0
15 22 1 0 1 0 0 1
15 23 1 0 0 1 1 0
15 24 1 1 0 1 1 1
15 26 0 1 1 1 1 0
15 27 0 1 0 1 0 0
15 28 1 1 0 1 1 0
15 29 0 1 1 0 1 0
15 30 0 0 0 0 1 0
16 2 0 1 0 1 0 0
16 3 0 0 1 0 0 0
16 4 1 1 0 0 0 0
16 5 1 0 0 1 0 1
16 7 1 1 0 1 1 0
16 8 0 0 1 1 1 1
16 9 1 1 0 0 1 0
16 10 0 1 1 0 1 0
16 12 1 0 0 1 1 0
16 13 0 1 0 0 0 1
16 15 1 0 0 0 1 1
16 16 0 1 1 0 0 0
16 17 1 0 0 0 0 1
16 19 1 0 1 0 1 0
16 20 1 1 0 1 1 0
16 21 1 0 1 0 1 0
16 23 1 0 1 1 0 0
16 24 0 1 1 0 0 1
16 25 0 1 0 1 1 0
16 26 0 0 1 0 1 1
16 28 1 1 1 0 0 1
16 29 0 1 1 0 0 0
16 30 1 0 1 1 0 0
16 31 0 1 0 0 0 1
17 2 1 0 0 0 1 1
17 3 0 1 1 0 0 0
17 4 1 0 0 0 1 0
17 6 1 1 0 1 0 0
17 7 0 0 1 0 1 0
17 8 0 0 1 1 0 0
17 9 1 1 1 0 0 1
17 11 1 0 0 1 1 0
17 13 1 1 0 0 1 0
17 14 0 0 1 1 0 1
17 15 0 0 1 1 1 0
17 16 0 0 0 0 1 0
17 17 0 1 1 0 0 0
18 9 1 0 1 0 0 0
18 10 1 1 1 1 0 1
18 11 1 1 0 1 1 0
18 12 1 0 1 0 1 0
18 14 1 0 1 1 0 0
18 15 0 1 1 0 0 1
18 16 0 1 0 1 1 0
18 17 0 0 1 0 1 1
18 19 1 1 1 0 0 1
18 20 0 1 1 0 0 0
18 21 1 0 1 1 0 0
18 22 0 1 0 0 0 1
18 24 0 0 1 1 0 0
18 25 0 1 0 0 1 1
18 26 1 0 0 1 1 0
18 27 0 0 1 1 1 1
18 29 0 0 1 1 0 0
18 30 1 1 0 1 1 1
18 31 1 0 0 0 1 0
19 11 0 1 1 1 1 0
19 12 0 1 0 0 1 1
19 13 0 0 1 0 0 0
19 14 1 1 0 0 0 0
19 15 1 0 0 1 0 1
19 17 1 1 0 1 1 0
19 18 0 0 1 1 1 0
19 19 1 0 0 1 0 0
19 20 0 1 0 1 0 1
19 22 1 1 0 0 0 0
19 23 1 0 0 1 0 1
19 24 1 0 0 0 1 1
19 25 0 0 1 0 1 1
19 27 0 1 0 1 1 1
19 28 0 0 1 0 0 0
19 29 1 1 1 1 0 1
19 30 1 1 0 0 1 0
19 31 0 1 0 1 1 1
20 19 0 0 1 1 1 1
20 20 1 1 0 0 0 0
20 21 0 1 0 1 1 0
20 22 1 0 0 0 0 0
20 23 1 0 0 1 1 0
20 24 1 0 1 1 1 0
20 25 1 0 0 1 0 1
20 27 0 0 1 1 1 1
20 28 1 0 0 1 1 0
20 29 0 0 1 0 0 1
20 30 0 1 1 1 1 1
20 31 0 1 1 0 0 0
12 7 0 1 0 1 1 0
