0.10
67 88 122 142 170 191 223 243 274 295 326 347 378 399 429 451 481 502 534 554 585 606 637 658 689 710 740 762 792 813 845 865 896 917 948 969 1001 1021 1052 1073 1104 1124 1151 1176 1203 1228 1260 1280 1312 1332 1359 1384 1416 1436 1466 1487 1518 1539 1570 1591 1618 1638
22 42 62 100 122 143 184 205 226 266 287 309 349 371 392 432 453 475 515 537 558 598 620 641 681 703 724 764 784 806 846 868 889 929 950 971 1011 1033 1055 1093 1115 1136 1178 1199 1221 1259 1281 1302 1342 1364 1385 1426 1447 1468 1508 1530 1550 1592 1613 1634 1674 1695 1717 1758 1779 1800 1840 1862 1883 1924 1946 1966 2006 2028 2049 2089 2111 2132 2170 2190 2210 2248 2269 2294
2 5 1 1 1 0 0 0
2 6 1 1 0 0 1 1
2 7 0 0 0 1 0 0
2 9 1 0 1 1 1 0
2 10 1 0 0 1 0 1
2 11 0 0 1 0 0 0
2 12 1 1 0 1 0 0
2 13 0 0 1 0 1 0
2 14 0 0 0 0 1 0
2 15 0 0 0 0 1 0
2 16 0 0 0 0 1 0
2 17 0 0 0 0 1 0
2 18 0 0 0 0 1 0
2 19 0 0 0 0 1 0
2 20 0 0 0 0 1 0
2 21 0 0 0 0 1 0
2 22 0 0 0 0 1 0
2 23 0 0 0 0 1 0
2 24 0 0 0 0 1 0
2 25 0 0 0 0 1 0
2 26 0 0 0 0 1 0
2 27 0 0 0 0 1 0
2 28 0 0 1 1 1 1
2 29 1 1 0 1 1 0
2 30 1 0 0 1 1 0
3 5 1 0 1 0 0 0
3 6 0 1 0 1 0 0
3 7 0 0 0 1 0 0
3 9 1 0 0 1 0 0
3 10 0 1 0 1 0 1
3 11 1 0 1 0 0 0
3 12 0 0 1 1 1 0
3 13 1 1 0 1 0 0
3 14 0 0 1 0 1 0
3 15 0 0 0 0 1 0
3 16 0 0 0 0 1 0
3 17 0 0 0 0 1 0
3 18 0 0 0 0 1 0
3 19 0 0 0 0 1 0
3 20 0 0 0 0 1 0
3 21 0 0 0 0 1 0
3 22 0 0 0 0 1 0
3 23 0 0 0 0 1 0
3 24 0 0 0 0 1 0
3 25 0 0 0 0 1 0
3 26 0 0 0 0 1 0
3 27 0 0 0 0 1 0
3 28 0 0 1 1 1 1
3 29 1 1 0 1 1 0
3 30 1 0 0 0 1 0
4 3 1 0 0 1 1 0
4 4 0 1 0 1 0 0
4 5 0 1 1 1 0 0
4 6 0 1 1 0 0 0
4 7 1 1 0 1 1 0
4 8 1 0 0 0 1 0
4 11 1 1 0 0 0 0
4 12 0 1 0 1 0 1
4 13 1 0 0 1 1 0
4 14 0 1 0 0 1 1
4 15 1 1 1 0 0 0
4 16 0 1 1 1 0 1
4 18 1 0 0 0 1 1
4 19 1 1 1 0 1 1
4 20 1 1 0 1 0 0
4 21 0 0 1 0 1 0
4 22 0 0 0 0 1 0
4 23 0 0 0 0 1 0
4 24 0 0 0 0 1 0
4 25 0 0 0 0 1 0
4 26 0 0 0 0 1 0
4 27 0 0 0 0 1 0
4 28 0 0 1 1 1 1
4 29 1 1 0 1 1 0
4 30 1 1 0 0 1 0
5 5 0 1 0 1 0 0
5 6 0 0 0 1 0 0
5 8 0 1 0 1 0 0
5 9 0 0 1 1 0 0
5 10 0 0 1 0 0 0
5 11 1 1 1 1 1 0
5 12 1 1 1 0 0 1
5 14 0 1 1 1 1 0
5 15 0 1 0 1 1 1
5 16 1 1 0 1 0 0
5 17 0 0 1 0 1 0
5 18 0 0 0 0 1 0
5 19 0 0 0 0 1 0
5 20 0 0 0 0 1 0
5 21 0 0 0 0 1 0
5 22 0 0 0 0 1 0
5 23 0 0 0 0 1 0
5 24 0 0 0 0 1 0
5 25 0 0 0 0 1 0
5 26 0 0 0 0 1 0
5 27 0 0 0 0 1 0
5 28 0 0 1 1 1 1
5 29 1 1 0 1 1 0
5 30 1 1 0 0 1 0
6 5 1 1 1 0 1 0
6 6 0 1 1 0 0 0
6 7 0 0 0 1 0 0
6 9 0 1 0 1 1 0
6 10 1 1 1 0 1 1
6 11 1 1 0 1 0 0
6 12 0 0 1 0 1 0
6 13 0 0 0 0 1 0
6 14 0 0 0 0 1 0
6 15 0 0 0 0 1 0
6 16 0 0 0 0 1 0
6 17 0 0 0 0 1 0
6 18 0 0 0 0 1 0
6 19 0 0 0 0 1 0
6 20 0 0 0 0 1 0
6 21 0 0 0 0 1 0
6 22 0 0 0 0 1 0
6 23 0 0 0 0 1 0
6 24 0 0 0 0 1 0
6 25 0 0 0 0 1 0
6 26 0 0 0 0 1 0
6 27 0 0 0 0 1 0
6 28 0 0 1 1 1 1
6 29 1 1 0 0 1 0
6 30 1 0 0 0 0 0
7 5 0 1 1 1 0 0
7 6 1 1 1 0 0 1
7 7 0 0 0 1 0 0
7 9 1 1 0 1 1 0
7 10 0 1 0 0 1 0
7 11 1 1 0 1 0 0
7 12 0 0 1 0 1 0
7 13 0 0 0 0 1 0
7 14 0 0 0 0 1 0
7 15 0 0 0 0 1 0
7 16 0 0 0 0 1 0
7 17 0 0 0 0 1 0
7 18 0 0 0 0 1 0
7 19 0 0 0 0 1 0
7 20 0 0 0 0 1 0
7 21 0 0 0 0 1 0
7 22 0 0 0 0 1 0
7 23 0 0 0 0 1 0
7 24 0 0 0 0 1 0
7 25 0 0 0 0 1 0
7 26 0 0 0 0 1 0
7 27 0 0 0 0 1 0
7 28 0 0 1 1 1 1
7 29 1 1 0 0 1 0
7 30 1 0 0 1 0 0
8 3 1 0 0 1 1 0
8 4 0 1 0 1 0 0
8 5 1 0 1 0 0 1
8 6 0 0 1 0 0 0
8 7 1 1 0 1 1 0
8 8 1 0 0 0 1 0
8 11 0 0 1 1 0 0
8 12 0 0 1 0 1 1
8 13 1 0 0 1 1 0
8 14 0 1 0 0 1 1
8 15 1 1 1 0 0 0
8 16 0 1 1 1 0 1
8 18 1 0 0 0 1 1
8 19 1 1 1 0 1 1
8 20 1 1 0 1 0 0
8 21 0 0 1 0 1 0
8 22 0 0 0 0 1 0
8 23 0 0 0 0 1 0
8 24 0 0 0 0 1 0
8 25 0 0 0 0 1 0
8 26 0 0 0 0 1 0
8 27 0 0 0 0 1 0
8 28 0 0 1 1 1 1
8 29 1 1 0 0 1 0
8 30 1 1 0 1 0 0
9 5 0 1 0 1 0 0
9 6 0 0 0 1 0 0
9 8 1 0 0 1 1 0
9 9 1 1 1 0 1 1
9 10 1 1 0 1 0 0
9 11 0 0 1 0 1 0
9 12 0 0 0 0 1 0
9 13 0 0 0 0 1 0
9 14 0 0 0 0 1 0
9 15 0 0 0 0 1 0
9 16 0 0 0 0 1 0
9 17 0 0 0 0 1 0
9 18 0 0 0 0 1 0
9 19 0 0 0 0 1 0
9 20 0 0 0 0 1 0
9 21 0 0 0 0 1 0
9 22 0 0 0 0 1 0
9 23 0 0 0 0 1 0
9 24 0 0 0 0 1 0
9 25 0 0 0 0 1 0
9 26 0 0 0 0 1 0
9 27 0 0 0 0 1 0
9 28 0 0 1 1 1 1
9 29 1 1 0 0 1 0
9 30 1 1 0 1 0 0
10 5 1 1 1 0 1 0
10 6 0 1 1 0 0 0
10 7 0 0 0 1 0 0
10 9 0 0 1 1 0 0
10 10 0 0 1 0 1 1
10 11 1 1 0 1 0 0
10 12 0 0 1 0 1 0
10 13 0 0 0 0 1 0
10 14 0 0 0 0 1 0
10 15 0 0 0 0 1 0
10 16 0 0 0 0 1 0
10 17 0 0 0 0 1 0
10 18 0 0 0 0 1 0
10 19 0 0 0 0 1 0
10 20 0 0 0 0 1 0
10 21 0 0 0 0 1 0
10 22 0 0 0 0 1 0
10 23 0 0 0 0 1 0
10 24 0 0 0 0 1 0
10 25 0 0 0 0 1 0
10 26 0 0 0 0 1 0
10 27 0 0 0 0 1 0
10 28 0 0 1 1 1 1
10 29 1 1 0 0 1 0
10 30 1 1 0 0 1 0
11 3 1 0 0 1 1 0
11 4 0 1 0 1 0 0
11 5 1 1 1 0 0 0
11 6 1 1 0 0 1 1
11 7 1 1 0 1 1 0
11 8 1 0 0 0 1 0
11 11 1 0 1 0 0 0
11 12 1 1 1 0 1 1
11 13 1 1 0 1 1 0
11 14 0 1 0 1 0 0
11 15 1 1 1 0 0 0
11 16 0 1 1 1 0 1
11 18 1 0 0 0 1 1
11 19 1 1 1 0 1 1
11 20 1 1 0 1 0 0
11 21 0 0 1 0 1 0
11 22 0 0 0 0 1 0
11 23 0 0 0 0 1 0
11 24 0 0 0 0 1 0
11 25 0 0 0 0 1 0
11 26 0 0 0 0 1 0
11 27 0 0 0 0 1 0
11 28 0 0 1 1 1 1
11 29 0 1 0 1 0 0
11 30 0 1 0 1 1 0
12 5 0 1 0 1 0 0
12 6 0 0 0 1 0 0
12 8 1 1 1 1 0 0
12 9 0 1 0 1 0 1
12 10 1 1 0 1 0 0
12 11 0 0 1 0 1 0
12 12 0 0 0 0 1 0
12 13 0 0 0 0 1 0
12 14 0 0 0 0 1 0
12 15 0 0 0 0 1 0
12 16 0 0 0 0 1 0
12 17 0 0 0 0 1 0
12 18 0 0 0 0 1 0
12 19 0 0 0 0 1 0
12 20 0 0 0 0 1 0
12 21 0 0 0 0 1 0
12 22 0 0 0 0 1 0
12 23 0 0 0 0 1 0
12 24 0 0 0 0 1 0
12 25 0 0 0 0 1 0
12 26 0 0 0 0 1 0
12 27 0 0 0 0 1 0
12 28 0 0 1 1 1 1
12 29 0 1 0 1 0 0
12 30 0 1 0 1 1 0
13 5 1 1 1 0 1 0
13 6 0 1 1 0 0 0
13 7 0 0 0 1 0 0
13 9 1 1 0 1 1 0
13 10 0 1 0 1 0 0
13 11 1 1 0 1 0 0
13 12 0 0 1 0 1 0
13 13 0 0 0 0 1 0
13 14 0 0 0 0 1 0
13 15 0 0 0 0 1 0
13 16 0 0 0 0 1 0
13 17 0 0 0 0 1 0
13 18 0 0 0 0 1 0
13 19 0 0 0 0 1 0
13 20 0 0 0 0 1 0
13 21 0 0 0 0 1 0
13 22 0 0 0 0 1 0
13 23 0 0 0 0 1 0
13 24 0 0 0 0 1 0
13 25 0 0 0 0 1 0
13 26 0 0 0 0 1 0
13 27 0 0 0 0 1 0
13 28 0 0 1 1 1 1
13 29 0 1 0 1 0 0
13 30 1 0 0 0 0 0
14 5 0 1 1 1 0 0
14 6 1 1 1 0 0 1
14 7 0 0 0 1 0 0
14 9 1 0 1 0 0 0
14 10 1 1 1 0 1 1
14 11 1 1 0 1 0 0
14 12 0 0 1 0 1 0
14 13 0 0 0 0 1 0
14 14 0 0 0 0 1 0
14 15 0 0 0 0 1 0
14 16 0 0 0 0 1 0
14 17 0 0 0 0 1 0
14 18 0 0 0 0 1 0
14 19 0 0 0 0 1 0
14 20 0 0 0 0 1 0
14 21 0 0 0 0 1 0
14 22 0 0 0 0 1 0
14 23 0 0 0 0 1 0
14 24 0 0 0 0 1 0
14 25 0 0 0 0 1 0
14 26 0 0 0 0 1 0
14 27 0 0 0 0 1 0
14 28 0 0 1 1 1 1
14 29 0 1 0 1 0 0
14 30 1 0 0 1 0 0
15 3 1 0 0 1 1 0
15 4 0 1 0 1 0 0
15 5 1 0 1 0 0 0
15 6 0 1 0 1 0 0
15 7 1 1 0 1 1 0
15 8 1 0 0 0 1 0
15 11 0 0 0 1 1 1
15 12 0 1 1 0 0 0
15 13 1 0 0 1 1 0
15 14 0 1 0 0 1 1
15 16 1 1 0 1 1 0
15 17 1 1 0 1 1 1
15 18 1 1 0 1 1 0
15 19 1 0 0 0 1 0
15 20 1 1 1 0 0 0
15 21 0 1 1 1 0 1
15 23 1 0 0 0 1 1
15 24 1 1 1 0 1 1
15 25 1 1 0 1 0 0
15 26 0 0 1 0 1 0
15 27 0 0 0 0 1 0
15 28 0 0 1 1 1 1
15 29 0 1 0 1 0 0
15 30 1 0 0 1 1 0
16 5 0 1 0 1 0 0
16 6 0 0 0 1 0 0
16 8 0 0 1 1 1 0
16 9 0 1 0 0 0 0
16 10 1 1 0 1 0 0
16 11 0 0 1 0 1 0
16 12 0 0 0 0 1 0
16 13 0 0 0 0 1 0
16 14 0 0 0 0 1 0
16 15 0 0 0 0 1 0
16 16 0 0 0 0 1 0
16 17 0 0 0 0 1 0
16 18 0 0 0 0 1 0
16 19 0 0 0 0 1 0
16 20 0 0 0 0 1 0
16 21 0 0 0 0 1 0
16 22 0 0 0 0 1 0
16 23 0 0 0 0 1 0
16 24 0 0 0 0 1 0
16 25 0 0 0 0 1 0
16 26 0 0 0 0 1 0
16 27 0 0 0 0 1 0
16 28 0 0 1 1 1 1
16 29 0 1 0 1 0 0
16 30 1 0 0 0 1 0
17 5 1 1 1 0 1 0
17 6 0 1 1 0 0 0
17 7 0 0 0 1 0 0
17 9 1 1 0 0 0 0
17 10 1 1 1 0 0 1
17 11 1 0 0 0 0 0
17 12 1 1 0 1 0 0
17 13 0 0 1 0 1 0
17 14 0 0 0 0 1 0
17 15 0 0 0 0 1 0
17 16 0 0 0 0 1 0
17 17 0 0 0 0 1 0
17 18 0 0 0 0 1 0
17 19 0 0 0 0 1 0
17 20 0 0 0 0 1 0
17 21 0 0 0 0 1 0
17 22 0 0 0 0 1 0
17 23 0 0 0 0 1 0
17 24 0 0 0 0 1 0
17 25 0 0 0 0 1 0
17 26 0 0 0 0 1 0
17 27 0 0 0 0 1 0
17 28 0 0 1 1 1 1
17 29 0 1 0 1 0 0
17 30 1 1 0 0 1 0
18 5 0 1 1 1 0 0
18 6 1 1 1 0 0 1
18 7 0 0 0 1 0 0
18 9 1 1 0 0 0 0
18 10 0 0 1 0 1 0
18 11 1 0 0 0 1 1
18 12 0 0 1 0 1 1
18 13 1 1 0 1 0 0
18 14 0 0 1 0 1 0
18 15 0 0 0 0 1 0
18 16 0 0 0 0 1 0
18 17 0 0 0 0 1 0
18 18 0 0 0 0 1 0
18 19 0 0 0 0 1 0
18 20 0 0 0 0 1 0
18 21 0 0 0 0 1 0
18 22 0 0 0 0 1 0
18 23 0 0 0 0 1 0
18 24 0 0 0 0 1 0
18 25 0 0 0 0 1 0
18 26 0 0 0 0 1 0
18 27 0 0 1 1 1 1
18 28 1 0 0 0 0 0
18 29 0 1 0 1 1 0
18 30 1 0 0 0 1 0
19 5 0 1 1 1 0 0
19 6 0 1 1 0 0 0
19 7 0 0 0 1 0 0
19 9 1 0 1 0 0 0
19 10 0 0 1 1 0 1
19 11 1 0 0 0 1 1
19 12 0 0 1 0 1 1
19 13 1 1 0 1 0 0
19 14 0 0 1 0 1 0
19 15 0 0 0 0 1 0
19 16 0 0 0 0 1 0
19 17 0 0 0 0 1 0
19 18 0 0 0 0 1 0
19 19 0 0 0 0 1 0
19 20 0 0 0 0 1 0
19 21 0 0 0 0 1 0
19 22 0 0 0 0 1 0
19 23 0 0 0 0 1 0
19 24 0 0 0 0 1 0
19 25 0 0 0 0 1 0
19 26 0 0 0 0 1 0
19 27 0 0 1 1 1 1
19 28 1 0 0 0 0 0
19 29 0 1 0 1 1 0
19 30 0 1 0 1 0 0
20 3 1 0 0 1 1 0
20 4 0 1 0 1 0 0
20 5 1 1 0 0 0 0
20 6 0 0 1 0 1 0
20 7 1 1 0 1 1 0
20 8 1 0 0 0 1 0
20 11 1 1 0 1 0 0
20 12 1 0 1 0 0 1
20 13 1 1 0 0 1 0
20 14 0 1 0 0 0 1
20 15 1 1 1 0 0 0
20 16 0 1 1 1 0 1
20 18 1 0 0 0 1 1
20 19 1 1 1 0 1 1
20 20 1 1 0 1 0 0
20 21 0 0 1 0 1 0
20 22 0 0 0 0 1 0
20 23 0 0 0 0 1 0
20 24 0 0 0 0 1 0
20 25 0 0 0 0 1 0
20 26 0 0 0 0 1 0
20 27 0 0 1 1 1 1
20 28 1 0 0 0 0 0
20 29 1 0 0 0 0 0
20 30 1 0 0 0 0 0
21 5 0 1 0 1 0 0
21 6 0 0 0 1 0 0
21 8 1 0 1 1 1 0
21 9 0 0 1 0 1 0
21 10 1 0 1 1 1 0
21 11 1 0 0 0 1 0
21 12 1 1 0 1 0 0
21 13 0 0 1 0 1 0
21 14 0 0 0 0 1 0
21 15 0 0 0 0 1 0
21 16 0 0 0 0 1 0
21 17 0 0 0 0 1 0
21 18 0 0 0 0 1 0
21 19 0 0 0 0 1 0
21 20 0 0 0 0 1 0
21 21 0 0 0 0 1 0
21 22 0 0 0 0 1 0
21 23 0 0 0 0 1 0
21 24 0 0 0 0 1 0
21 25 0 0 0 0 1 0
21 26 0 0 0 0 1 0
21 27 0 0 1 1 1 1
21 28 1 0 0 0 0 0
21 29 1 0 0 0 0 0
21 30 1 1 0 0 0 0
22 5 1 1 1 0 1 0
22 6 0 1 1 0 0 0
22 7 0 0 0 1 0 0
22 9 1 1 0 0 0 0
22 10 0 1 0 0 0 1
22 11 0 1 0 1 1 0
22 12 1 1 1 0 1 1
22 13 1 1 0 1 0 0
22 14 0 0 1 0 1 0
22 15 0 0 0 0 1 0
22 16 0 0 0 0 1 0
22 17 0 0 0 0 1 0
22 18 0 0 0 0 1 0
22 19 0 0 0 0 1 0
22 20 0 0 0 0 1 0
22 21 0 0 0 0 1 0
22 22 0 0 0 0 1 0
22 23 0 0 0 0 1 0
22 24 0 0 0 0 1 0
22 25 0 0 0 0 1 0
22 26 0 0 0 0 1 0
22 27 0 0 1 1 1 1
22 28 1 0 0 0 0 0
22 29 1 0 0 0 0 0
22 30 1 0 0 1 0 0
23 5 0 1 1 1 0 0
23 6 1 1 1 0 0 1
23 7 0 0 0 1 0 0
23 9 1 1 1 0 0 1
23 10 0 1 1 0 0 0
23 11 0 1 0 1 1 0
23 12 1 1 1 0 1 1
23 13 1 1 0 1 0 0
23 14 0 0 1 0 1 0
23 15 0 0 0 0 1 0
23 16 0 0 0 0 1 0
23 17 0 0 0 0 1 0
23 18 0 0 0 0 1 0
23 19 0 0 0 0 1 0
23 20 0 0 0 0 1 0
23 21 0 0 0 0 1 0
23 22 0 0 0 0 1 0
23 23 0 0 0 0 1 0
23 24 0 0 0 0 1 0
23 25 0 0 0 0 1 0
23 26 0 0 0 0 1 0
23 27 0 0 1 1 1 1
23 28 1 0 0 0 0 0
23 29 1 0 0 0 0 0
23 30 1 0 0 1 1 0
24 5 0 1 1 1 0 0
24 6 0 1 1 0 0 0
24 7 0 0 0 1 0 0
24 9 0 1 1 1 1 0
24 10 1 1 1 0 0 1
24 11 1 1 0 1 1 0
24 12 1 1 0 0 0 1
24 13 1 0 0 0 0 0
24 14 1 1 0 1 0 0
24 15 0 0 1 0 1 0
24 16 0 0 0 0 1 0
24 17 0 0 0 0 1 0
24 18 0 0 0 0 1 0
24 19 0 0 0 0 1 0
24 20 0 0 0 0 1 0
24 21 0 0 0 0 1 0
24 22 0 0 0 0 1 0
24 23 0 0 0 0 1 0
24 24 0 0 0 0 1 0
24 25 0 0 0 0 1 0
24 26 0 0 0 0 1 0
24 27 0 0 1 1 1 1
24 28 1 0 0 0 0 0
24 29 1 0 0 0 0 0
24 30 1 1 0 1 0 0
25 1 1 0 0 1 1 0
25 2 0 1 0 1 0 0
25 3 0 1 1 1 0 0
25 4 0 1 1 0 0 0
25 5 0 0 1 1 0 0
25 6 0 1 1 0 0 1
25 9 1 1 0 1 1 0
25 10 0 1 0 0 0 1
25 12 1 1 0 0 0 0
25 13 1 0 1 0 0 1
25 14 0 1 0 1 1 1
25 15 0 1 1 0 0 0
25 17 1 0 0 0 1 1
25 18 1 1 1 0 1 1
25 19 1 1 0 1 0 0
25 20 0 0 1 0 1 0
26 3 1 0 0 1 0 0
26 4 0 1 1 0 1 0
26 5 1 0 1 0 1 1
26 6 1 0 1 0 1 0
26 8 1 1 1 0 0 0
26 9 1 0 0 1 0 1
26 10 1 1 0 0 1 0
26 11 0 1 0 1 0 0
26 12 0 0 0 0 1 0
26 13 0 0 0 0 1 0
26 14 0 0 0 0 1 0
26 15 0 0 0 0 1 0
26 16 0 0 0 0 1 0
26 17 0 0 0 0 1 0
26 18 0 0 0 0 1 0
26 19 0 0 0 0 1 0
26 20 0 0 0 0 1 0
26 21 0 0 0 0 1 0
26 22 0 0 0 0 1 0
26 23 0 0 0 0 1 0
26 24 0 0 0 0 1 0
26 25 0 0 0 0 1 0
26 26 0 0 0 0 1 0
26 27 0 0 1 1 1 1
26 28 1 0 0 0 0 0
26 29 1 0 0 0 0 0
26 30 1 1 0 1 1 0
27 29 0 0 1 1 1 1
27 30 0 1 0 0 1 0
