0.10
28 49 80 101 133 153 184 205 236 257 290 310 341 361 392 413 443 465 497 514 547 567 599 619 650 672 702 723 754 775 807 826 858 878 909 930 962 982 1013 1034 1063 1085 1115 1138 1168 1190 1220 1242 1272 1294 1323 1345 1376 1397 1427 1448 1479 1502 1533 1553 1583 1603 1634 1654
66 87 108 148 170 192 232 252 274 315 336 357 397 418 440 480 502 522 562 584 605 645 667 688 728 750 771 811 831 853 893 915 936 977 998 1019 1058 1080 1101 1141 1163 1185 1224 1246 1267 1307 1329 1351 1390 1411 1433 1474 1495 1517 1556 1578 1600 1640 1661 1682 1722 1744 1765 1806 1827 1848 1890 1911 1932 1972 1993 2014 2055 2076 2097 2139 2160 2181 2221 2242 2263
2 2 1 0 0 1 1 0
2 3 1 0 0 1 0 0
2 4 1 1 1 0 0 1
2 5 0 1 0 0 0 0
2 6 0 1 0 0 0 0
2 7 0 1 0 0 0 0
2 8 0 1 0 0 0 0
2 9 0 1 0 0 0 0
2 10 0 1 0 0 0 0
2 11 0 1 0 0 0 0
2 12 0 1 0 0 0 0
2 13 0 1 0 0 0 0
2 14 0 1 0 0 0 0
2 15 0 1 0 0 0 0
2 16 0 1 0 0 0 0
2 17 0 1 0 0 0 0
2 18 0 1 0 0 0 0
2 19 0 1 0 0 0 0
2 20 0 1 0 0 0 0
2 21 1 1 1 0 1 1
2 22 1 1 0 1 1 0
2 23 0 0 0 1 0 0
2 24 1 1 1 0 0 0
2 26 1 0 0 0 0 0
2 27 1 0 0 0 1 0
3 2 1 0 0 0 1 0
3 3 1 0 0 1 0 0
3 4 1 1 1 0 0 1
3 5 0 1 0 0 0 0
3 6 0 1 0 0 0 0
3 7 0 1 0 0 0 0
3 8 0 1 0 0 0 0
3 9 0 1 0 0 0 0
3 10 0 1 0 0 0 0
3 11 0 1 0 0 0 0
3 12 0 1 0 0 0 0
3 13 0 1 0 0 0 0
3 14 0 1 0 0 0 0
3 15 0 1 1 0 1 0
3 16 1 0 0 0 0 1
3 17 1 0 1 1 1 0
3 18 1 1 0 1 1 0
3 20 0 1 1 0 1 0
3 21 1 1 0 0 1 1
3 22 1 1 1 0 0 1
3 23 1 1 0 0 1 1
3 25 1 0 0 0 0 0
3 26 0 0 0 0 1 1
3 27 0 1 0 1 1 1
4 2 0 0 0 1 1 0
4 3 1 1 0 1 0 0
4 4 1 1 1 0 0 1
4 5 0 1 0 0 0 0
4 6 0 1 0 0 0 0
4 7 0 1 0 0 0 0
4 8 0 1 0 0 0 0
4 9 0 1 0 0 0 0
4 10 0 1 0 0 0 0
4 11 0 1 0 0 0 0
4 12 0 1 0 0 0 0
4 13 0 1 0 0 0 0
4 14 0 1 0 0 0 0
4 15 0 1 0 0 1 0
4 16 1 0 0 0 1 1
4 17 0 0 1 0 1 0
4 18 1 0 0 1 1 1
4 20 0 0 1 1 0 1
4 21 1 0 0 1 1 0
4 22 1 0 0 0 1 0
4 23 1 0 0 1 1 1
4 25 1 0 0 0 0 0
4 26 0 0 1 1 1 1
4 27 1 0 0 0 1 1
5 2 1 1 0 1 0 0
5 3 1 1 0 1 0 0
5 4 1 1 1 0 0 1
5 5 0 1 0 0 0 0
5 6 0 1 0 0 0 0
5 7 0 1 0 0 0 0
5 8 0 1 0 0 0 0
5 9 0 1 0 0 0 0
5 10 0 1 0 0 0 0
5 11 0 1 0 0 0 0
5 12 0 1 0 0 0 0
5 13 0 1 0 0 0 0
5 14 0 1 0 0 0 0
5 15 1 1 1 0 1 1
5 16 0 1 0 1 1 0
5 17 0 0 1 1 0 1
5 18 1 1 0 1 1 1
5 20 1 0 1 1 1 0
5 21 0 1 0 1 1 0
5 22 1 0 0 0 1 0
5 23 1 0 0 1 1 1
5 25 1 0 0 0 0 0
5 26 0 0 0 0 1 1
5 27 1 0 0 0 1 1
6 2 1 0 0 1 1 0
6 3 1 1 0 1 0 0
6 4 1 1 1 0 0 1
6 5 0 1 0 0 0 0
6 6 0 1 0 0 0 0
6 7 0 1 0 0 0 0
6 8 0 1 0 0 0 0
6 9 0 1 0 0 0 0
6 10 0 1 0 0 0 0
6 11 0 1 0 0 0 0
6 12 0 1 0 0 0 0
6 13 0 0 1 0 1 1
6 14 0 1 1 1 0 0
6 15 0 1 0 0 1 0
6 16 1 0 0 0 0 1
6 18 0 1 0 1 0 0
6 19 1 1 0 1 1 0
6 20 1 1 1 1 1 0
6 21 1 1 0 1 1 0
6 22 0 0 1 1 0 1
6 23 1 1 0 1 1 0
6 25 1 0 0 0 0 0
6 26 0 0 0 0 0 1
6 27 0 0 1 1 0 1
7 2 0 1 0 1 1 0
7 3 1 1 0 1 0 0
7 4 1 1 1 0 0 1
7 5 0 1 0 0 0 0
7 6 0 1 0 0 0 0
7 7 0 1 0 0 0 0
7 8 0 1 0 0 0 0
7 9 0 1 0 0 0 0
7 10 0 1 0 0 0 0
7 11 0 1 0 0 0 0
7 12 0 1 0 0 0 0
7 13 0 0 0 0 1 1
7 14 1 0 0 0 0 1
7 15 0 1 0 1 0 0
7 16 1 1 0 1 1 0
7 18 0 0 1 0 1 0
7 19 1 0 0 1 0 1
7 20 0 0 0 0 1 1
7 21 0 0 1 1 1 1
7 24 0 1 0 1 0 0
7 25 1 1 0 1 1 0
7 26 0 0 1 1 1 1
7 27 1 0 0 0 1 1
7 28 1 0 0 0 1 0
7 29 1 1 0 1 0 0
8 2 0 1 0 1 1 0
8 3 1 1 0 1 0 0
8 4 1 1 1 0 0 1
8 5 0 1 0 0 0 0
8 6 0 1 0 0 0 0
8 7 0 1 0 0 0 0
8 8 0 1 0 0 0 0
8 9 0 1 0 0 0 0
8 10 0 1 0 0 0 0
8 11 0 0 1 1 0 1
8 12 0 1 1 1 0 0
8 13 1 0 1 0 1 0
8 14 1 1 0 1 1 0
8 16 0 0 0 0 1 1
8 17 1 0 0 0 0 1
8 18 0 1 0 1 0 0
8 19 1 1 0 1 1 0
8 21 0 0 1 0 1 0
8 22 1 0 0 1 0 1
8 23 0 0 0 0 1 1
8 24 0 0 1 1 1 1
8 26 1 0 0 0 0 0
8 27 1 0 0 0 1 0
9 8 1 0 0 0 1 0
9 9 1 1 0 1 1 0
9 11 0 0 0 0 1 1
9 12 1 0 0 0 0 1
9 13 0 1 0 1 0 0
9 14 1 1 0 1 1 0
9 16 0 0 1 0 1 0
9 17 1 0 0 1 0 1
9 18 0 0 0 0 1 1
9 19 0 0 1 1 1 1
9 21 1 1 1 1 0 0
9 22 0 0 1 0 1 1
9 23 1 1 0 1 1 1
9 25 1 0 0 0 0 0
9 26 0 0 0 0 1 1
9 27 0 1 0 1 1 1
10 2 1 1 0 0 1 0
10 3 0 1 0 1 0 0
10 4 1 1 1 0 0 1
10 5 0 1 0 0 0 0
10 6 0 1 0 0 0 0
10 7 0 1 0 0 0 0
10 8 0 1 0 0 0 0
10 9 0 1 0 0 0 0
10 10 0 1 0 0 0 0
10 11 0 1 0 0 0 0
10 12 0 1 0 0 0 0
10 13 0 1 0 0 0 0
10 14 0 1 0 0 0 0
10 15 0 1 0 0 0 0
10 16 0 1 0 0 0 0
10 17 0 1 0 0 0 0
10 18 0 1 0 0 0 0
10 19 0 1 0 0 0 0
10 20 0 1 0 0 0 0
10 21 0 1 0 0 0 0
10 22 0 1 0 0 0 0
10 23 1 1 1 1 0 0
10 24 0 1 0 1 0 1
10 25 0 1 1 1 0 1
11 2 1 1 0 1 0 0
11 3 0 1 0 1 0 0
11 4 1 1 1 0 0 1
11 5 0 1 0 0 0 0
11 6 0 1 0 0 0 0
11 7 0 1 0 0 0 0
11 8 0 1 0 0 0 0
11 9 0 1 0 0 0 0
11 10 0 0 1 1 0 1
11 11 0 1 1 1 0 0
11 12 0 1 1 0 1 0
11 13 0 1 1 1 0 1
11 15 0 1 0 0 0 1
11 16 1 0 0 1 1 0
11 17 0 1 1 1 1 1
11 18 0 1 1 1 0 0
11 20 0 0 1 0 1 0
11 21 1 0 0 1 0 1
11 22 0 0 0 0 1 1
11 23 0 0 1 1 1 1
11 26 0 0 1 0 1 1
11 27 1 0 0 0 0 1
11 28 0 0 1 1 1 1
11 29 1 0 0 0 1 1
11 31 1 0 0 0 1 0
11 32 1 1 0 1 0 0
12 2 1 1 0 1 0 0
12 3 0 1 0 1 0 0
12 4 1 1 1 0 0 1
12 5 0 1 0 0 0 0
12 6 0 1 0 0 0 0
12 7 0 1 0 0 0 0
12 8 0 1 0 0 0 0
12 9 0 1 0 0 0 0
12 10 0 1 0 0 0 0
12 11 0 1 0 0 0 0
12 12 0 1 0 0 0 0
12 13 0 1 0 0 0 0
12 14 0 0 1 1 0 1
12 15 0 1 1 1 0 0
12 16 1 0 1 0 1 0
12 17 1 1 0 1 1 0
12 19 0 1 0 0 0 1
12 20 1 0 0 1 1 0
12 21 0 1 1 1 1 1
12 22 0 1 1 1 0 0
12 25 0 1 0 1 0 0
12 26 1 1 0 1 1 0
12 27 1 0 0 0 1 0
12 28 1 0 0 0 1 0
12 29 1 1 0 1 0 0
13 2 1 1 0 1 0 0
13 3 0 1 0 1 0 0
13 4 1 1 1 0 0 1
13 5 0 1 0 0 0 0
13 6 0 1 0 0 0 0
13 7 0 1 0 0 0 0
13 8 0 1 0 0 0 0
13 9 0 1 0 0 0 0
13 10 0 1 0 0 0 0
13 11 0 1 0 0 0 0
13 12 0 1 0 0 0 0
13 13 0 1 0 0 0 0
13 14 1 0 1 1 0 0
13 15 1 1 0 1 0 1
13 16 1 0 1 0 1 0
13 17 1 1 0 1 1 0
13 19 1 1 0 1 0 0
13 21 0 1 0 0 0 1
13 22 1 0 0 1 1 0
13 23 0 1 1 1 1 1
13 24 0 1 1 1 0 0
13 26 1 0 0 0 0 0
13 27 1 0 0 0 1 0
14 2 1 1 0 1 0 0
14 3 0 1 0 1 0 0
14 4 1 1 1 0 0 1
14 5 0 1 0 0 0 0
14 6 0 1 0 0 0 0
14 7 0 1 0 0 0 0
14 8 0 1 0 0 0 0
14 9 0 1 1 1 1 0
14 10 0 0 0 1 0 1
14 11 1 1 0 0 0 1
14 13 0 1 1 0 0 1
14 14 0 0 0 1 1 0
14 15 1 0 0 0 1 0
14 16 1 1 0 1 1 0
14 18 1 1 0 1 0 0
14 20 0 1 0 0 0 1
14 21 1 0 0 1 1 0
14 22 0 1 1 1 1 1
14 23 0 1 1 1 0 0
14 25 1 0 0 0 0 0
14 26 0 0 0 0 1 1
14 27 0 1 0 1 1 1
15 2 1 1 0 1 1 0
15 3 0 1 0 1 0 0
15 4 1 1 1 0 0 1
15 5 0 1 0 0 0 0
15 6 0 1 0 0 0 0
15 7 0 1 0 0 0 0
15 8 0 1 0 0 0 0
15 9 0 1 0 0 0 0
15 10 0 1 0 0 0 0
15 11 0 1 0 0 0 0
15 12 0 1 0 0 0 0
15 13 1 0 1 0 1 1
15 14 0 0 0 1 1 1
15 15 0 1 1 0 0 1
15 16 1 0 0 1 1 0
15 18 1 1 0 1 0 0
15 20 0 1 0 0 0 1
15 21 1 0 0 1 1 0
15 22 0 1 1 1 1 1
15 23 0 1 1 1 0 0
15 25 1 0 0 0 0 0
15 26 0 0 1 1 1 1
15 27 1 0 0 0 1 1
16 2 1 1 0 0 1 0
16 3 1 0 0 1 1 0
16 4 1 1 1 0 0 1
16 5 0 1 0 0 0 0
16 6 0 1 0 0 0 0
16 7 0 1 0 0 0 0
16 8 0 1 0 0 0 0
16 9 0 1 0 0 0 0
16 10 0 1 0 0 0 0
16 11 0 1 0 0 0 1
16 12 1 0 0 1 1 0
16 13 0 1 1 1 1 1
16 14 0 1 1 1 0 0
16 16 1 0 1 0 1 1
16 17 0 0 0 1 1 1
16 18 0 1 0 0 0 1
16 19 1 0 0 1 0 0
16 20 0 0 1 0 1 0
16 21 1 0 0 1 0 1
16 24 0 1 0 1 0 0
16 25 1 1 0 1 1 0
16 26 0 0 0 0 1 1
16 27 0 1 0 1 1 1
16 28 1 0 0 0 1 0
16 29 1 1 0 1 0 0
17 2 1 1 0 0 1 0
17 3 1 0 0 1 1 0
17 4 1 1 1 0 0 1
17 5 0 1 0 0 0 0
17 6 0 1 0 0 0 0
17 7 0 1 0 0 0 0
17 8 0 1 0 0 0 0
17 9 0 1 0 0 0 0
17 10 0 1 0 0 0 0
17 11 0 1 0 0 0 0
17 12 0 1 0 0 0 0
17 13 0 1 0 0 0 0
17 14 0 1 0 0 0 0
17 15 0 1 0 0 0 0
17 16 0 1 0 0 0 0
17 17 0 1 0 0 0 0
17 18 0 1 0 0 0 0
17 19 0 1 0 0 0 0
17 20 0 1 0 0 0 0
17 21 0 1 0 0 0 1
17 22 1 0 0 1 1 0
17 23 1 1 1 0 1 0
17 24 1 1 0 0 1 1
17 26 1 0 0 0 0 0
17 27 1 0 0 0 1 0
18 2 0 0 0 1 0 0
18 3 1 0 0 1 1 0
18 4 1 1 1 0 0 1
18 5 0 1 0 0 0 0
18 6 0 1 0 0 0 0
18 7 0 1 0 0 0 0
18 8 0 1 0 0 0 0
18 9 0 1 0 0 0 0
18 10 0 1 0 0 0 0
18 11 0 1 0 0 0 0
18 12 0 1 0 0 0 0
18 13 0 1 0 0 0 0
18 14 0 1 0 0 0 0
18 15 0 1 0 0 0 0
18 16 0 1 0 0 0 0
18 17 0 1 0 0 0 0
18 18 0 1 0 0 0 0
18 19 0 1 0 0 0 0
18 20 0 1 0 0 0 1
18 21 1 0 0 1 1 0
18 22 0 1 0 0 0 1
18 23 1 0 0 1 0 0
18 25 1 0 0 0 0 0
18 26 0 0 0 0 1 1
18 27 0 1 0 1 1 1
19 2 1 1 0 1 0 0
19 3 1 0 0 1 1 0
19 4 1 1 1 0 0 1
19 5 0 1 0 0 0 0
19 6 0 1 0 0 0 0
19 7 0 1 0 0 0 0
19 8 0 1 0 0 0 0
19 9 0 1 0 0 0 0
19 10 0 1 0 0 0 0
19 11 0 1 0 0 0 0
19 12 0 1 0 0 0 0
19 13 0 1 0 0 0 0
19 14 0 1 0 0 0 0
19 15 0 1 0 0 0 0
19 16 0 1 0 0 0 0
19 17 0 1 0 0 0 0
19 18 0 1 0 0 0 0
19 19 0 1 0 0 0 0
19 20 0 1 0 0 0 1
19 21 1 0 0 1 1 0
19 22 0 0 1 0 1 0
19 23 1 0 0 1 0 1
19 25 1 0 0 0 0 0
19 26 0 0 1 1 1 1
19 27 1 0 0 0 1 1
20 2 0 1 0 1 0 0
20 3 1 0 0 1 1 0
20 4 1 1 1 0 0 1
20 5 0 1 0 0 0 0
20 6 0 1 0 0 0 0
20 7 0 1 0 0 0 0
20 8 0 1 0 0 0 0
20 9 0 1 0 0 0 0
20 10 0 1 0 0 0 0
20 11 0 1 0 0 0 0
20 12 0 1 0 0 0 0
20 13 0 1 0 0 0 0
20 14 0 1 0 0 0 0
20 15 0 1 0 0 0 0
20 16 0 1 0 0 0 0
20 17 0 1 0 0 0 0
20 18 0 1 0 0 0 0
20 19 0 1 0 0 0 0
20 20 0 1 0 0 0 1
20 21 1 0 0 1 1 0
20 22 0 1 0 1 0 1
20 23 1 0 0 1 0 0
20 25 1 0 0 0 0 0
20 26 0 0 0 0 1 1
20 27 1 0 0 0 1 1
21 2 1 0 0 1 1 0
21 3 1 0 0 1 1 0
21 4 1 1 1 0 0 1
21 5 0 1 0 0 0 0
21 6 0 1 0 0 0 0
21 7 0 1 0 0 0 0
21 8 0 1 0 0 0 0
21 9 0 1 0 0 0 0
21 10 0 1 0 0 0 0
21 11 0 1 0 0 0 1
21 12 1 0 0 1 1 0
21 13 0 1 1 1 1 1
21 14 0 1 1 1 0 0
21 16 1 0 1 0 1 1
21 17 0 0 0 1 1 1
21 18 0 0 0 1 0 0
21 19 1 0 1 1 1 0
21 20 1 0 0 0 1 0
21 21 1 1 0 1 1 0
21 24 0 1 0 1 0 0
21 25 1 1 0 1 1 0
21 26 0 0 1 1 1 1
21 27 1 0 0 0 1 1
21 28 1 0 0 0 1 0
21 29 1 1 0 1 0 0
22 2 1 1 0 1 1 0
22 3 1 0 0 1 1 0
22 4 1 1 1 0 0 1
22 5 0 1 0 0 0 0
22 6 0 1 0 0 0 0
22 7 0 1 0 0 0 0
22 8 0 1 0 0 0 0
22 9 0 1 0 0 0 0
22 10 0 1 0 0 0 0
22 11 0 1 0 0 0 0
22 12 0 1 0 0 0 0
22 13 0 1 0 0 0 0
22 14 0 1 0 0 0 0
22 15 0 1 0 0 0 0
22 16 0 1 0 0 0 0
22 17 0 1 0 0 0 0
22 18 0 1 0 0 0 0
22 19 0 1 0 0 0 0
22 20 0 1 0 0 0 0
22 21 0 1 0 0 0 1
22 22 1 0 0 1 1 0
22 23 0 0 0 0 1 1
22 24 0 0 1 1 1 1
22 26 1 0 0 0 0 0
22 27 1 0 0 0 1 0
23 2 1 0 0 0 1 0
23 3 1 0 0 1 1 0
23 4 1 1 1 0 0 1
23 5 0 1 0 0 0 0
23 6 0 1 0 0 0 0
23 7 0 1 0 0 0 0
23 8 0 1 0 0 0 0
23 9 0 1 0 0 0 0
23 10 0 1 0 0 0 0
23 11 0 1 0 0 0 0
23 12 0 1 0 0 0 0
23 13 0 1 0 0 0 0
23 14 0 1 0 0 0 0
23 15 0 1 0 0 0 0
23 16 0 1 0 0 0 0
23 17 0 1 0 0 0 0
23 18 0 1 0 0 0 0
23 19 0 1 0 0 0 0
23 20 0 1 0 0 0 1
23 21 1 0 0 1 1 0
23 22 1 0 1 1 0 0
23 23 1 1 0 1 0 0
23 25 1 0 0 0 0 0
23 26 0 0 0 0 1 1
23 27 0 1 0 1 1 1
24 2 1 1 0 0 1 0
24 3 1 1 0 1 1 0
24 4 1 1 1 0 0 1
24 5 0 1 0 0 0 0
24 6 0 1 0 0 0 0
24 7 0 1 0 0 0 0
24 8 0 1 0 0 0 0
24 9 0 1 0 0 0 0
24 10 0 1 0 0 0 0
24 11 0 1 0 0 0 0
24 12 0 1 0 0 0 0
24 13 0 1 0 0 0 0
24 14 0 1 0 0 0 0
24 15 0 1 0 0 0 0
24 16 0 1 0 0 0 0
24 17 0 1 0 0 0 0
24 18 0 1 0 0 0 0
24 19 0 1 0 0 0 1
24 20 1 0 0 1 1 0
24 21 0 0 0 0 1 0
24 22 0 1 0 0 0 1
24 23 1 1 0 1 0 1
24 25 1 0 0 0 0 0
24 26 0 0 1 1 1 1
24 27 1 0 0 0 1 1
25 2 0 0 0 1 1 0
25 3 1 1 0 1 1 0
25 4 1 1 1 0 0 1
25 5 0 1 0 0 0 0
25 6 0 1 0 0 0 0
25 7 0 1 0 0 0 0
25 8 0 1 0 0 0 0
25 9 0 1 0 0 0 0
25 10 0 1 0 0 0 0
25 11 0 1 0 0 0 0
25 12 0 1 0 0 0 0
25 13 0 1 0 0 0 0
25 14 0 1 0 0 0 0
25 15 0 1 0 0 0 0
25 16 0 1 0 0 0 0
25 17 0 1 0 0 0 0
25 18 0 1 0 0 0 0
25 19 0 1 0 0 0 0
25 20 0 1 0 0 0 1
25 21 1 0 0 1 1 0
25 22 0 0 1 0 1 0
25 23 0 0 0 1 1 0
25 25 1 0 0 0 0 0
25 26 0 0 0 0 1 1
25 27 1 0 0 0 1 1
26 2 1 0 0 1 0 0
26 3 1 1 0 1 1 0
26 4 1 1 1 0 0 1
26 5 0 1 0 0 0 0
26 6 0 1 0 0 0 0
26 7 0 1 0 0 0 0
26 8 0 1 0 0 0 0
26 9 0 1 0 0 0 0
26 10 0 1 0 0 0 0
26 11 0 1 0 0 0 0
26 12 0 1 0 0 0 0
26 13 0 1 0 0 0 0
26 14 0 1 0 0 0 0
26 15 0 1 0 0 0 0
26 16 0 1 0 0 0 0
26 17 0 1 0 0 0 0
26 18 0 1 0 0 0 0
26 19 0 1 0 0 0 0
26 20 0 1 0 0 0 1
26 21 1 0 0 1 1 0
26 22 0 1 0 1 0 0
26 23 1 1 0 1 0 1
26 25 1 0 0 0 0 0
26 26 0 0 0 0 0 1
26 27 0 0 1 1 0 1
