0.20
43 63 90 110 138 158 185 205 232 252 280 302 332 352 384 406 435 457 487 509 540 561 592 613 644 665 695 717 747 768 800 820 851 872 903 924 956 976 1007 1029 1059 1080 1111 1133 1162 1184 1214 1234 1265 1288 1320 1339 1366 1392 1422 1443 1474 1494 1526 1546 1578 1599 1626 1646
77 97 117 155 177 198 238 260 281 322 344 364 404 425 446 488 509 530 570 591 613 652 675 695 736 757 779 817 839 860 898 918 938 976 996 1016 1054 1074 1094 1132 1152 1172 1210 1230 1250 1288 1308 1328 1366 1386 1406 1444 1464 1484 1522 1542 1562 1600 1620 1640 1678 1698 1718 1756 1776 1796 1834 1854 1874 1912 1932 1952 1990 2010 2030 2068 2088 2108 2146 2166 2186 2224 2244 2264
2 6 0 1 1 1 0 0
2 7 1 1 1 0 0 1
2 8 0 0 0 1 0 0
2 10 0 1 1 1 1 0
2 11 0 0 1 1 1 0
2 12 1 1 1 0 0 0
2 13 0 1 0 1 0 0
2 15 1 1 1 1 0 0
2 16 0 1 0 1 0 0
2 17 0 1 0 1 1 1
2 18 0 1 1 0 0 0
2 20 1 1 0 0 0 0
2 21 0 1 0 1 0 0
2 23 1 0 0 1 1 0
2 24 1 1 1 0 0 1
2 25 1 1 0 1 1 0
2 26 0 0 1 1 0 1
2 27 0 0 0 0 1 0
2 28 0 0 1 1 1 1
2 29 1 0 0 0 0 0
2 30 1 1 0 1 1 0
2 31 0 1 0 1 1 0
3 6 0 1 1 1 0 0
3 7 0 1 1 0 0 0
3 8 0 0 0 1 0 0
3 10 1 0 1 0 0 1
3 11 0 0 1 0 0 0
3 12 1 1 1 0 0 0
3 13 0 1 1 0 1 0
3 15 1 0 1 0 0 0
3 16 0 1 0 1 0 0
3 17 1 0 0 0 1 1
3 18 0 1 1 0 0 1
3 19 1 0 0 0 0 0
3 21 0 1 1 0 1 1
3 22 0 0 1 0 0 0
3 23 1 1 0 0 1 0
3 24 1 1 1 0 1 1
4 8 1 0 1 0 0 0
4 9 0 0 1 1 1 0
4 10 0 1 0 0 0 0
4 11 0 0 0 0 1 0
4 12 0 0 0 0 1 0
4 13 0 0 0 0 1 0
4 14 0 0 0 0 1 0
4 15 0 0 0 0 1 0
4 16 0 0 0 0 1 0
4 17 0 0 0 0 1 0
4 18 0 0 0 0 1 0
4 19 0 0 0 0 1 0
4 20 0 0 0 0 1 0
4 21 0 0 0 0 1 0
4 22 0 0 0 0 1 0
4 23 0 0 0 0 1 0
4 24 0 0 0 0 1 0
4 25 0 0 0 0 1 0
4 26 0 0 0 0 1 0
4 27 0 0 0 0 1 0
4 28 0 0 1 1 1 1
4 29 1 0 0 0 0 0
4 30 1 1 0 1 1 0
4 31 1 0 0 0 0 0
5 6 1 0 1 0 0 1
5 7 0 0 1 0 0 0
5 8 0 0 0 1 0 0
5 10 0 0 1 1 1 0
5 11 0 1 0 0 0 0
5 12 0 1 1 1 1 0
5 13 1 1 1 0 1 1
5 15 1 1 0 0 0 0
5 16 0 1 0 1 0 1
5 17 0 1 0 1 1 1
5 18 0 0 1 0 0 0
5 20 1 0 1 0 0 0
5 21 0 0 1 1 0 1
5 23 1 1 0 0 1 0
5 24 1 1 0 0 0 1
5 25 1 1 0 0 1 0
5 26 1 0 1 0 1 0
5 27 0 0 0 0 1 0
5 28 0 0 1 1 1 1
5 29 1 0 0 0 0 0
5 30 1 1 0 1 1 0
5 31 1 0 0 0 0 0
6 6 1 1 1 0 0 0
6 7 1 1 0 0 1 1
6 8 0 0 0 1 0 0
6 10 1 1 1 0 0 0
6 11 1 0 1 1 0 1
6 12 1 0 0 0 1 1
6 13 1 1 1 0 1 1
6 15 1 1 1 1 0 0
6 16 1 1 1 0 0 1
6 17 1 0 1 0 1 1
6 18 1 0 1 0 0 1
6 20 1 1 0 1 1 0
6 21 1 0 1 0 0 1
6 23 1 0 0 0 1 1
6 24 0 0 1 0 1 1
6 25 0 0 1 1 1 0
6 26 1 0 0 0 0 0
6 27 0 0 0 0 1 0
6 28 0 0 1 1 1 1
6 29 1 0 0 0 0 0
6 30 1 1 0 1 1 0
6 31 1 1 0 0 0 0
7 6 1 0 1 0 0 0
7 7 0 1 0 1 0 0
7 8 0 0 0 1 0 0
7 10 1 0 0 1 0 0
7 11 1 1 0 1 1 1
7 12 0 1 0 0 0 0
7 13 1 0 1 0 0 0
7 14 1 1 1 1 0 1
7 16 1 0 1 1 1 0
7 17 1 0 1 0 0 1
7 18 1 0 1 1 0 0
7 19 1 0 1 0 0 1
7 21 1 0 1 0 1 1
7 22 0 0 1 1 1 1
7 23 1 0 0 0 0 0
8 8 1 0 1 0 0 0
8 9 0 1 0 1 0 0
8 10 1 1 1 0 0 0
8 11 0 1 0 1 0 0
8 12 0 0 0 0 1 0
8 13 0 0 0 0 1 0
8 14 0 0 0 0 1 0
8 15 0 0 0 0 1 0
8 16 0 0 0 0 1 0
8 17 0 0 0 0 1 0
8 18 0 0 0 0 1 0
8 19 0 0 0 0 1 0
8 20 0 0 0 0 1 0
8 21 0 0 0 0 1 0
8 22 0 0 0 0 1 0
8 23 0 0 0 0 1 0
8 24 0 0 0 0 1 0
8 25 0 0 0 0 1 0
8 26 0 0 0 0 1 0
8 27 0 0 0 0 1 0
8 28 0 0 1 1 1 1
8 29 1 0 0 0 0 0
8 30 1 1 0 1 1 0
8 31 1 1 0 0 0 0
9 6 1 1 0 0 0 0
9 7 0 0 1 0 1 0
9 8 0 0 0 1 0 0
9 10 1 1 0 0 0 0
9 11 0 1 1 1 0 1
9 12 1 1 0 0 1 0
9 13 1 1 1 0 1 1
9 15 1 0 1 0 0 0
9 16 0 1 0 1 0 0
9 17 1 0 0 1 1 0
9 18 1 0 0 1 0 1
9 19 1 0 0 0 0 0
9 21 0 0 1 1 0 0
9 22 1 0 1 0 0 1
9 23 1 0 0 0 0 0
9 24 1 1 0 0 0 0
9 25 1 0 0 0 0 1
10 8 1 1 0 0 1 0
10 9 0 0 1 1 1 0
10 10 0 0 0 0 1 0
10 11 0 0 0 0 1 0
10 12 0 0 0 0 1 0
10 13 0 0 0 0 1 0
10 14 0 0 0 0 1 0
10 15 0 0 0 0 1 0
10 16 0 0 0 0 1 0
10 17 0 0 0 0 1 0
10 18 0 0 0 0 1 0
10 19 0 0 0 0 1 0
10 20 0 0 0 0 1 0
10 21 0 0 0 0 1 0
10 22 0 0 0 0 1 0
10 23 0 0 0 0 1 0
10 24 0 0 0 0 1 0
10 25 0 0 0 0 1 0
10 26 0 0 0 0 1 0
10 27 0 0 0 0 1 0
10 28 0 0 1 1 1 1
10 29 1 0 0 0 0 0
10 30 1 1 0 1 1 0
10 31 1 0 0 1 0 0
