0.10
24 45 76 97 128 149 180 201 232 253 284 305 336 357 388 409 440 460 492 512 543 564 595 616 646 667 698 720 750 771 804 823 855 874 907 926 958 978 1009 1030 1061 1083 1113 1134 1164 1186 1217 1239 1268 1290 1321 1341 1372 1393 1424 1444 1475 1495 1526 1546 1577 1597 1628 1648
43 64 85 125 146 167 207 228 249 289 311 332 371 393 414 455 476 497 537 558 579 619 641 662 702 723 744 784 805 827 867 888 909 949 970 991 1031 1052 1073 1113 1134 1155 1195 1216 1237 1277 1298 1319 1359 1380 1401 1441 1462 1483 1523 1544 1565 1605 1626 1647 1687 1708 1729 1769 1790 1811 1851 1872 1893 1938 1959 1980 2020 2041 2062 2102 2123 2144 2184 2205 2226 2266 2287 2308
4 9 0 0 1 0 1 0
4 10 1 0 0 1 0 1
4 11 0 0 0 0 1 1
4 12 0 0 1 1 1 1
4 14 1 1 0 0 0 1
4 15 0 0 0 1 1 1
4 16 0 0 0 1 0 0
4 17 1 0 0 0 1 0
4 19 0 1 1 0 0 1
4 20 1 1 0 0 1 0
4 21 0 0 1 0 1 1
4 22 1 0 0 1 0 1
4 24 0 1 0 1 0 1
4 25 1 1 0 1 1 0
4 26 0 0 1 1 1 1
4 27 0 0 0 1 0 1
5 12 0 0 0 0 1 1
5 13 1 0 1 0 0 1
5 14 1 1 0 0 0 1
5 15 1 1 0 1 1 0
5 17 0 0 0 0 1 1
5 18 0 1 0 1 0 0
5 19 1 1 1 1 1 0
5 20 1 0 0 0 0 1
5 22 1 1 1 0 0 1
5 23 1 1 0 1 0 0
5 24 0 1 1 0 1 0
5 25 1 0 0 0 0 1
6 15 1 0 1 0 1 0
6 16 1 0 0 1 0 0
6 17 1 1 0 0 0 1
6 18 1 1 0 1 1 0
6 20 0 0 0 1 0 0
6 21 1 0 1 1 0 0
6 22 0 0 0 1 1 0
6 23 0 0 0 0 0 1
6 24 0 1 1 0 1 0
6 25 1 1 0 0 1 1
8 12 0 0 1 1 0 1
8 13 1 1 0 1 1 1
8 14 1 0 0 0 1 0
8 15 1 1 0 1 1 0
8 17 1 1 1 0 1 1
8 18 0 1 0 1 1 0
8 19 0 0 1 0 1 0
8 20 1 0 0 1 0 1
8 21 0 0 0 0 1 1
8 22 0 0 1 1 1 1
10 11 0 0 0 0 1 0
10 12 1 0 1 1 1 1
10 13 0 0 0 1 0 0
10 14 1 0 1 1 0 0
10 15 1 1 0 0 1 1
10 16 0 0 0 0 1 0
10 17 1 0 1 0 0 1
10 20 1 0 1 1 0 0
10 21 0 0 0 1 1 0
10 22 0 0 1 1 0 1
10 23 1 0 0 0 0 1
24 10 0 0 1 0 1 0
24 11 0 1 1 1 0 0
24 12 0 0 1 1 1 1
24 13 0 0 0 1 1 0
24 14 0 0 1 1 0 1
24 15 1 1 0 1 1 1
24 17 0 1 0 0 1 0
24 18 0 0 1 0 1 1
24 19 1 0 0 1 0 1
24 21 0 1 0 1 0 1
24 22 1 1 0 1 1 0
24 23 0 1 1 0 1 0
24 24 1 0 0 0 0 1
