0.10
65 87 117 139 169 191 221 242 273 295 325 347 377 398 429 450 481 502 533 554 585 606 636 657 688 709 741 761 792 813 844 865 896 917 948 969 1000 1021 1052 1072 1103 1125 1155 1176 1207 1228 1259 1279 1310 1332 1362 1383 1414 1436 1465 1488 1518 1539 1566 1586 1613 1633
80 100 120 158 179 201 240 262 283 321 341 361 406 428 448 488 510 531 571 592 614 654 675 697 736 758 779 817 839 860 901 923 943 983 1005 1025 1065 1087 1108 1147 1169 1190 1230 1252 1273 1311 1333 1354 1395 1416 1438 1476 1497 1518 1559 1581 1602 1641 1662 1683 1723 1745 1765 1806 1827 1849 1888 1910 1931 1971 1993 2014 2053 2075 2096 2134 2154 2174 2212 2232 2252
2 1 1 0 1 0 1 1
2 2 0 1 0 0 0 1
2 3 0 1 0 1 1 0
2 4 0 0 1 0 1 1
2 6 1 1 0 0 0 0
2 7 1 0 0 1 0 1
2 8 1 1 0 1 1 0
2 9 0 1 0 1 0 0
2 12 0 1 1 0 1 1
2 13 0 1 0 0 0 0
2 14 1 1 1 0 0 0
2 15 0 1 0 1 0 0
2 16 0 1 1 0 0 0
2 17 1 1 1 0 0 0
2 18 0 1 0 1 0 0
2 19 0 1 1 0 0 0
3 1 1 0 1 0 1 1
3 2 0 1 0 0 0 1
3 3 0 1 0 1 1 0
3 4 0 0 1 0 1 1
3 6 1 1 0 1 1 0
3 7 0 0 1 1 1 0
3 8 1 0 0 1 1 0
3 12 0 0 1 1 0 0
3 13 0 1 1 0 0 1
3 14 1 0 0 0 0 0
3 15 1 1 1 0 0 0
3 16 0 1 0 1 0 0
3 17 0 1 1 0 0 0
3 18 1 1 0 1 1 0
3 19 0 0 0 1 1 1
3 20 1 0 0 0 0 0
3 23 0 1 1 0 1 1
3 24 0 1 0 0 0 0
3 25 1 1 1 0 0 0
3 26 0 1 0 1 0 0
3 27 0 1 0 0 0 0
3 28 1 1 1 0 0 0
3 29 0 1 0 1 0 0
3 30 0 1 0 0 0 0
5 1 1 0 0 0 1 1
5 2 1 0 1 0 0 1
5 3 1 0 1 1 0 0
5 4 1 0 0 0 0 1
5 7 1 1 1 0 0 1
5 8 0 1 1 0 0 0
5 9 1 0 1 1 0 0
5 10 0 1 0 0 0 1
5 11 1 1 0 0 1 0
5 12 0 1 1 1 1 1
5 14 1 1 0 1 1 0
5 15 0 1 0 1 0 0
5 16 1 1 1 1 1 0
5 17 1 0 1 0 0 1
6 1 0 0 1 1 0 0
6 2 1 0 1 0 0 1
6 3 1 1 0 0 0 0
6 4 1 0 0 1 0 1
6 7 0 0 1 1 0 1
6 8 0 1 0 0 0 0
6 9 0 1 1 1 1 0
6 10 1 0 0 1 0 1
6 11 1 0 0 0 0 0
6 12 1 1 1 1 0 1
6 13 0 1 0 0 0 0
7 1 1 1 1 1 1 0
7 2 1 0 1 0 0 1
7 3 1 1 0 0 0 0
7 4 1 1 1 0 0 1
7 6 1 1 0 1 0 0
7 7 0 0 1 0 1 0
7 8 1 1 0 0 1 0
7 9 1 0 0 0 0 1
7 12 0 0 1 1 0 0
7 13 0 1 0 0 1 1
7 14 1 1 0 1 1 0
7 15 1 0 1 0 1 0
7 17 1 0 1 1 0 0
7 18 0 1 1 0 0 1
7 19 0 1 0 0 1 0
7 21 1 1 1 1 1 0
7 22 1 0 1 0 0 1
7 23 1 1 0 0 0 0
7 24 1 1 1 0 0 1
7 25 1 0 0 0 1 1
7 26 0 1 0 0 0 1
8 1 1 0 0 0 1 1
8 2 0 1 0 0 0 1
8 3 0 0 1 1 0 0
8 4 0 0 1 0 0 0
8 7 1 1 0 0 0 0
8 8 0 1 1 1 0 1
8 9 1 1 0 1 1 0
8 10 1 0 0 0 0 1
8 11 1 0 0 0 1 1
8 12 0 1 1 0 0 0
8 14 1 1 0 1 0 0
8 15 0 0 1 1 1 1
8 16 0 1 1 1 1 0
8 17 0 1 0 1 0 1
8 18 1 0 1 0 0 0
8 19 0 0 1 1 0 1
8 21 1 1 1 0 0 0
8 22 1 0 1 0 0 1
8 23 1 1 0 1 1 0
8 24 1 1 1 0 1 1
8 25 1 0 1 0 0 0
8 26 0 0 1 1 1 0
9 7 1 1 1 1 1 0
9 8 0 0 1 1 1 1
9 9 1 0 1 1 1 0
9 10 0 1 1 1 0 1
9 11 1 1 0 1 1 0
9 12 1 0 0 0 1 0
9 14 0 0 1 1 1 1
9 15 1 0 0 1 0 0
9 16 0 1 0 1 0 0
9 17 0 0 1 0 0 1
9 18 1 1 0 0 1 0
9 19 0 1 1 0 1 0
10 1 1 1 0 0 1 1
10 2 0 1 0 0 0 0
10 3 0 0 1 1 0 0
10 4 0 0 1 1 1 1
10 6 1 1 0 0 0 0
10 7 1 0 0 1 0 1
10 8 1 0 1 1 0 0
10 9 0 0 1 0 1 0
10 12 0 0 1 1 1 1
10 13 1 0 0 0 0 0
10 14 0 1 0 1 1 0
10 15 0 1 0 1 1 0
10 16 1 0 0 0 0 0
10 17 1 1 0 1 0 0
10 18 1 0 0 0 1 0
11 1 1 0 0 1 1 0
11 2 1 0 0 1 0 1
11 3 1 1 0 0 1 0
11 4 1 1 1 1 1 1
11 7 0 0 1 1 1 1
11 8 0 1 0 1 1 0
11 9 1 0 0 0 0 0
11 10 0 1 0 1 1 0
11 11 0 0 1 0 0 1
11 12 0 0 1 1 1 1
11 13 1 1 0 0 1 0
11 14 1 0 0 1 0 0
11 15 1 0 0 0 0 0
11 16 0 1 0 1 0 0
11 17 0 1 0 1 1 0
11 18 1 0 0 0 1 0
11 19 1 1 0 0 1 0
11 20 1 0 0 0 0 0
11 23 1 1 0 0 0 0
11 24 1 0 0 1 0 1
11 25 1 1 0 1 1 0
11 26 0 1 0 1 0 0
11 27 1 1 0 0 0 0
11 28 1 0 1 0 0 1
12 7 0 0 1 1 1 1
12 8 0 1 0 1 1 0
12 9 1 0 0 0 0 0
12 10 0 1 0 1 1 0
12 11 0 0 1 0 0 1
12 12 0 0 1 1 1 1
12 13 1 1 0 0 1 0
12 14 1 0 0 1 0 0
12 15 1 1 0 0 1 0
12 16 0 1 0 1 0 0
12 17 1 1 0 0 0 0
12 18 1 0 0 1 1 0
12 19 1 1 0 1 1 0
12 20 0 1 0 1 0 0
13 7 1 0 0 1 1 0
13 8 1 0 1 0 0 1
13 9 0 0 1 1 0 0
13 10 0 1 0 0 0 1
13 11 0 0 1 0 0 0
13 13 1 1 0 1 0 0
13 14 1 0 1 0 0 1
13 15 1 0 1 0 0 1
13 16 0 1 1 0 0 0
13 17 1 1 0 0 0 0
13 18 1 0 1 0 0 1
14 7 0 0 1 1 1 1
14 8 0 1 0 1 1 0
14 9 1 0 0 0 0 0
14 10 0 1 0 1 1 0
14 11 0 0 1 0 0 1
14 12 0 0 1 1 1 1
14 13 1 1 0 0 1 0
14 14 1 0 0 1 0 0
14 15 1 1 0 0 1 0
14 16 0 1 0 1 0 0
14 17 1 0 0 0 0 0
14 18 1 1 0 1 1 0
14 19 1 1 0 1 0 0
14 20 1 0 0 1 0 0
15 7 1 0 0 1 1 0
15 8 1 0 1 0 0 1
15 9 0 0 1 1 0 0
15 10 0 1 0 0 0 1
15 11 0 0 1 0 0 0
15 13 1 1 0 1 1 0
15 14 0 0 1 1 0 1
15 15 1 1 1 0 0 0
15 16 0 1 0 0 0 1
15 17 1 1 0 0 0 0
15 18 1 0 1 0 0 1
16 1 1 1 0 0 0 1
16 2 0 1 1 0 0 0
16 3 1 0 0 0 1 1
16 4 1 1 1 1 1 1
16 7 0 0 1 1 0 0
16 8 0 1 0 0 1 1
16 9 1 1 0 1 1 0
16 10 1 0 1 0 1 0
16 12 1 0 1 1 0 0
16 13 0 1 1 0 0 1
16 14 0 1 0 0 1 0
16 16 1 1 1 1 1 0
16 17 1 0 1 0 0 1
16 18 1 1 0 0 0 0
16 19 1 1 1 0 0 1
16 20 1 0 0 0 1 1
16 21 0 1 0 0 0 1
17 1 1 1 0 0 0 0
17 2 1 1 1 0 0 1
17 3 1 0 0 0 1 1
17 4 1 0 1 0 0 1
17 7 0 0 1 1 1 1
17 8 0 1 0 1 0 0
17 9 1 1 0 1 1 0
17 10 0 0 1 0 0 1
17 11 1 1 0 0 0 0
17 12 1 1 1 0 0 1
18 1 1 0 1 1 0 0
18 2 0 1 1 0 0 1
18 3 0 1 0 0 1 0
18 4 0 1 0 0 0 0
18 5 1 1 0 0 0 0
18 6 1 1 1 0 0 1
18 9 0 0 1 1 1 1
18 10 1 1 0 0 0 0
18 11 0 1 0 1 1 0
18 12 1 0 0 0 0 0
18 13 1 0 0 1 1 0
18 14 1 0 1 1 1 0
18 15 1 0 0 1 0 1
18 17 0 0 1 1 1 1
18 18 1 1 0 0 1 0
18 19 0 0 1 0 0 1
18 20 0 1 1 1 1 1
18 21 0 1 1 0 0 0
18 23 1 0 0 1 1 0
18 24 0 1 0 1 0 0
18 25 0 0 1 1 1 1
18 26 1 0 0 0 0 0
18 27 0 0 1 0 0 1
18 28 1 1 0 0 0 0
18 29 1 1 1 0 0 1
19 9 1 0 0 1 1 0
19 10 0 1 0 1 0 0
19 11 0 0 1 1 1 1
19 12 1 0 0 0 0 0
19 13 0 0 1 0 0 1
19 14 1 0 0 1 0 0
19 15 0 1 1 0 0 0
19 17 1 1 0 0 0 1
19 18 0 1 1 0 0 0
19 19 1 0 0 0 1 1
19 20 1 1 1 1 1 1
20 1 1 1 1 1 0 1
20 2 0 1 0 0 0 0
20 4 1 1 1 1 1 0
20 5 1 0 1 0 0 1
20 6 1 1 0 0 0 0
20 7 1 1 1 0 0 1
20 8 0 0 1 1 0 0
20 9 0 1 0 0 0 1
20 10 0 0 1 0 0 0
20 13 0 0 1 1 0 0
20 14 0 1 0 0 1 1
20 15 1 1 0 1 1 0
20 16 1 0 1 0 1 0
20 18 1 0 1 1 0 0
20 19 0 1 1 0 0 1
20 20 0 1 0 0 1 0
20 21 0 1 0 0 0 0
20 23 1 1 1 1 1 0
20 24 1 0 1 0 0 1
20 25 1 1 0 0 0 0
20 26 1 1 1 0 0 1
20 27 1 0 0 0 1 1
20 28 0 1 0 0 0 1
21 1 1 1 1 1 0 1
21 2 0 1 0 0 0 0
21 4 1 1 0 0 0 0
21 5 1 1 1 0 0 1
21 6 1 0 0 1 0 0
21 7 0 1 1 0 0 0
21 10 0 0 1 1 1 1
21 11 1 1 0 0 0 0
21 12 0 1 0 1 1 0
21 13 1 0 0 0 0 0
21 14 1 0 0 1 1 0
21 15 1 0 1 1 1 0
21 16 1 0 0 1 0 1
21 18 0 0 1 1 1 1
21 19 1 1 0 1 1 0
21 20 0 0 1 0 0 1
21 21 0 1 1 1 1 1
21 23 1 0 0 1 1 0
21 24 0 1 0 1 0 0
21 25 0 0 1 1 1 1
21 26 1 0 0 0 0 0
21 27 0 0 1 0 0 1
21 28 1 1 0 0 0 0
21 29 1 1 1 0 0 1
22 10 1 0 0 1 1 0
22 11 0 1 0 1 0 0
22 12 0 0 1 1 1 1
22 13 1 0 0 0 0 0
22 14 0 0 1 0 0 1
22 15 1 0 0 1 0 0
22 16 0 1 1 0 0 0
22 18 1 1 0 0 0 1
22 19 0 1 1 0 0 0
22 20 1 0 0 0 1 1
22 21 1 1 1 1 1 1
23 1 1 0 0 0 1 1
23 2 1 0 1 0 0 1
23 3 1 1 0 0 1 0
23 4 0 1 1 0 1 0
23 7 0 0 0 0 0 1
23 8 0 0 0 0 0 1
23 9 0 1 0 1 0 0
23 10 0 1 1 1 0 0
23 11 1 1 0 0 0 0
23 12 1 0 1 1 1 0
23 14 0 0 1 1 1 1
23 15 0 1 0 1 0 0
23 16 1 1 0 1 1 0
23 17 1 1 0 0 1 0
23 18 0 0 1 1 1 1
23 19 1 1 0 1 1 0
23 20 0 0 1 1 1 1
23 21 1 0 0 0 1 0
23 22 0 1 0 1 1 0
23 23 0 1 0 1 1 0
23 24 1 1 0 0 0 0
24 7 0 0 1 0 0 1
24 8 0 0 1 1 1 1
24 9 1 0 0 0 1 0
24 10 1 0 0 1 0 0
24 11 1 1 0 1 1 0
24 12 1 1 0 0 1 0
24 13 0 0 1 1 1 1
24 14 1 0 0 0 1 0
24 16 0 0 0 0 0 1
24 17 1 1 1 0 1 0
24 18 0 0 0 0 0 1
24 19 0 0 1 0 0 0
24 20 0 0 1 1 1 1
24 21 1 1 0 1 1 0
24 22 1 1 0 1 1 0
24 23 0 1 0 1 1 0
25 1 1 0 0 1 1 0
25 2 1 0 0 0 0 1
25 3 1 1 0 1 1 0
25 4 1 1 0 1 0 1
25 7 0 0 1 1 1 1
25 8 1 1 0 0 0 0
25 9 0 1 0 1 1 0
25 10 0 0 1 0 0 1
25 11 1 1 1 1 0 1
25 12 0 1 0 0 0 0
3 9 0 1 0 1 1 1
