0.20
30 51 82 103 135 155 186 208 238 259 291 311 342 362 394 415 446 466 497 519 550 571 601 623 654 674 705 726 757 778 809 830 861 882 913 934 965 985 1017 1038 1069 1089 1121 1142 1173 1194 1225 1246 1277 1297 1328 1349 1381 1402 1433 1453 1484 1506 1537 1557 1588 1608 1639 1659
40 61 82 122 143 165 205 226 248 288 308 330 371 392 413 453 474 496 537 558 579 618 640 662 703 724 744 785 806 826 867 889 910 950 971 992 1032 1054 1075 1115 1136 1158 1198 1219 1240 1280 1301 1323 1363 1384 1405 1446 1467 1488 1529 1549 1571 1610 1632 1654 1694 1714 1736 1776 1798 1819 1859 1881 1903 1943 1965 1986 2024 2047 2067 2107 2130 2151 2186 2208 2227 2267 2288 2309
2 2 0 0 0 1 1 0
2 3 0 1 0 1 0 0
2 4 0 0 0 1 0 0
2 5 1 1 1 0 0 1
2 6 0 1 0 0 0 0
2 7 0 1 0 0 0 0
2 8 0 1 0 0 0 0
2 9 0 1 0 0 0 0
2 10 0 1 0 0 0 0
2 11 0 1 0 0 0 0
2 12 0 1 0 0 0 0
2 13 0 1 0 0 0 0
2 14 0 1 0 0 0 0
2 15 0 1 0 0 0 0
2 16 0 1 1 1 1 0
2 17 0 0 0 1 0 1
2 18 1 1 0 0 0 1
2 20 0 1 1 0 1 0
2 21 1 1 0 1 1 0
2 22 1 0 1 1 0 0
2 23 0 0 0 1 1 1
2 25 1 0 0 0 0 0
2 26 0 0 1 1 1 1
2 27 1 0 0 0 1 1
3 2 1 0 0 1 0 0
3 3 0 1 0 1 0 0
3 4 0 0 0 1 0 0
3 5 1 1 1 0 0 1
3 6 0 1 0 0 0 0
3 7 0 1 0 0 0 0
3 8 0 1 0 0 0 0
3 9 0 1 0 0 0 0
3 10 0 1 0 0 0 0
3 11 0 1 0 0 0 0
3 12 0 1 0 0 0 0
3 13 0 1 1 0 1 0
3 14 1 1 0 1 1 0
3 15 1 0 1 0 1 1
3 16 1 1 0 1 0 1
3 18 0 0 1 1 1 0
3 19 0 0 0 1 1 1
3 20 0 1 0 0 1 1
3 21 0 1 1 1 0 0
3 24 0 1 0 1 0 0
3 25 1 1 0 1 1 0
3 26 0 0 0 0 1 1
3 27 0 1 0 1 1 1
3 28 1 0 0 0 1 0
3 29 1 1 0 1 0 0
4 2 1 1 0 1 0 0
4 3 0 1 0 1 0 0
4 4 0 0 0 1 0 0
4 5 1 1 1 0 0 1
4 6 0 1 0 0 0 0
4 7 0 1 0 0 0 0
4 8 0 1 0 0 0 0
4 9 0 1 0 0 0 0
4 10 0 1 0 0 0 0
4 11 0 1 0 0 0 0
4 12 0 1 0 0 0 0
4 13 0 1 0 0 0 0
4 14 0 1 0 0 0 0
4 15 0 1 0 0 0 0
4 16 0 0 0 0 1 1
4 17 0 1 1 1 0 0
4 18 0 0 1 1 0 1
4 19 0 0 0 1 1 0
4 21 0 1 1 0 0 1
4 22 0 0 0 1 1 0
4 23 1 0 0 0 1 0
4 24 1 1 0 1 1 0
4 26 1 0 0 0 0 0
4 27 1 0 0 0 1 0
5 2 0 1 0 1 0 0
5 3 0 1 0 1 0 0
5 4 0 0 0 1 0 0
5 5 1 1 1 0 0 1
5 6 0 1 0 0 0 0
5 7 0 1 0 0 0 0
5 8 0 1 0 0 0 0
5 9 0 1 0 0 0 0
5 10 0 1 0 0 0 0
5 11 0 1 0 0 0 0
5 12 0 0 0 0 0 1
5 13 0 0 1 0 1 1
5 14 1 0 0 0 0 1
5 15 0 0 0 1 0 0
5 16 1 1 1 0 0 1
5 17 1 1 0 1 1 1
5 19 0 0 0 0 1 1
5 20 1 0 0 0 1 0
5 21 0 0 0 1 1 0
5 22 0 1 1 0 0 1
5 23 0 1 1 1 0 0
5 25 1 0 0 0 0 0
5 26 0 0 0 0 1 1
5 27 0 1 0 1 1 1
6 2 1 0 0 1 1 0
6 3 0 1 0 1 0 0
6 4 0 0 0 1 0 0
6 5 1 1 1 0 0 1
6 6 0 1 0 0 0 0
6 7 0 1 0 0 0 0
6 8 0 1 0 0 0 0
6 9 0 1 0 0 0 0
6 10 0 1 0 0 0 0
6 11 0 1 0 0 0 1
6 12 1 0 0 1 0 1
6 14 1 0 0 0 1 0
6 15 1 0 0 1 1 1
6 16 0 1 0 0 0 1
6 17 0 0 0 1 1 0
6 19 0 0 0 1 0 0
6 20 1 1 1 0 1 0
6 21 1 1 0 0 1 1
6 22 1 0 1 1 0 0
6 23 0 0 0 1 0 1
6 25 1 0 0 0 0 0
6 26 0 0 1 1 1 1
6 27 1 0 0 0 1 1
7 2 1 0 0 1 1 0
7 3 0 1 0 1 0 0
7 4 0 0 0 1 0 0
7 5 1 1 1 0 0 1
7 6 0 1 0 0 0 0
7 7 0 1 0 0 0 0
7 8 0 1 0 0 0 0
7 9 0 1 0 0 0 0
7 10 0 1 0 0 0 0
7 11 0 1 0 0 0 0
7 12 0 1 1 1 1 0
7 13 1 1 0 1 0 1
7 15 0 1 1 1 1 1
7 16 1 1 0 0 1 1
7 17 0 1 1 1 1 0
7 18 1 1 0 1 1 0
7 20 0 1 0 0 0 1
7 21 0 0 0 1 1 1
7 22 0 1 0 0 1 1
7 23 1 1 0 1 0 0
7 25 1 0 0 0 0 0
7 26 0 0 0 0 1 1
7 27 1 0 0 0 1 1
8 2 1 1 0 1 1 0
8 3 0 1 0 1 0 0
8 4 0 0 0 1 0 0
8 5 1 1 1 0 0 1
8 6 0 1 0 0 0 0
8 7 0 1 0 0 0 0
8 8 0 1 0 0 0 0
8 9 0 1 0 0 0 0
8 10 0 1 0 0 0 0
8 11 0 1 0 0 0 0
8 12 0 1 0 0 0 0
8 13 0 1 0 0 0 0
8 14 0 0 0 0 1 1
8 15 0 1 0 1 0 0
8 16 0 0 1 0 1 0
8 17 0 1 0 1 1 0
8 19 1 0 1 0 1 0
8 20 0 0 0 1 1 0
8 22 1 1 1 0 0 1
8 23 1 0 0 1 1 0
8 25 1 0 0 0 0 0
8 26 0 0 0 0 0 1
8 27 0 0 1 1 0 1
9 2 0 1 0 1 1 0
9 3 0 1 0 1 0 0
9 4 0 0 0 1 0 0
9 5 1 1 1 0 0 1
9 6 0 1 0 0 0 0
9 7 0 1 0 0 0 0
9 8 0 1 0 0 0 0
9 9 0 1 0 0 0 0
9 10 0 1 0 0 0 0
9 11 0 1 0 0 0 0
9 12 0 1 0 0 0 0
9 13 0 1 0 0 0 0
9 14 0 0 0 0 0 1
9 15 0 0 1 1 0 0
9 16 1 1 0 1 0 0
9 17 1 0 1 0 0 1
9 18 1 1 0 1 1 0
9 20 0 0 0 0 1 0
9 21 0 1 1 0 1 1
9 22 0 1 0 0 0 1
9 23 0 0 0 1 1 0
9 25 1 0 0 0 0 0
9 26 0 1 1 1 1 0
9 27 0 0 0 1 1 1
10 2 1 0 0 0 1 0
10 3 0 1 0 1 0 0
10 4 0 0 0 1 0 0
10 5 1 1 1 0 0 1
10 6 0 1 0 0 0 0
10 7 0 1 0 0 0 0
10 8 0 1 0 0 0 0
10 9 0 1 0 0 0 0
10 10 0 1 0 0 0 0
10 11 0 1 0 0 0 0
10 12 0 1 0 0 0 0
10 13 0 1 0 0 0 0
10 14 0 1 0 0 0 0
10 15 0 1 0 0 0 0
10 16 0 0 1 1 0 0
10 17 1 1 0 1 1 0
10 18 0 0 1 1 1 0
10 19 1 1 0 1 1 0
10 20 0 0 0 0 1 1
10 21 1 0 0 0 1 0
10 24 0 1 0 1 0 0
10 25 1 1 0 1 1 0
10 26 0 0 1 1 1 1
10 27 1 0 0 0 1 1
10 28 1 0 0 0 1 0
10 29 1 1 0 1 0 0
11 2 0 0 0 1 0 0
11 3 1 0 0 1 1 0
11 4 0 0 0 1 0 0
11 5 1 1 1 0 0 1
11 6 0 1 0 0 0 0
11 7 0 1 0 0 0 0
11 8 0 1 0 0 0 0
11 9 0 1 0 0 0 0
11 10 0 1 0 0 0 0
11 11 0 1 0 0 0 0
11 12 0 1 0 0 0 0
11 13 0 1 0 0 0 0
11 14 0 1 0 0 0 0
11 15 0 1 0 0 0 0
11 16 0 0 0 0 1 1
11 17 0 1 1 1 0 0
11 18 0 0 0 1 0 0
11 19 0 1 1 1 0 1
11 21 1 0 1 0 1 1
11 22 0 0 0 1 1 0
11 23 0 0 0 0 1 1
11 24 1 0 1 0 0 1
11 26 1 0 0 0 0 0
11 27 1 0 0 0 1 0
12 2 0 0 0 1 0 0
12 3 1 0 0 1 1 0
12 4 0 0 0 1 0 0
12 5 1 1 1 0 0 1
12 6 0 1 0 0 0 0
12 7 0 0 0 0 1 1
12 8 0 1 1 1 0 0
12 9 1 0 0 0 1 0
12 10 1 0 0 0 1 0
12 11 1 1 0 1 0 0
12 13 0 0 1 1 0 1
12 14 1 1 0 1 1 1
12 15 0 0 0 0 1 1
12 16 1 0 1 1 0 0
12 17 0 1 0 1 1 0
12 19 0 0 0 0 1 0
12 20 0 1 0 1 0 1
12 21 1 1 0 0 1 1
12 22 0 0 0 0 1 0
12 23 1 1 1 0 1 0
12 25 1 0 0 0 0 0
12 26 0 0 0 0 1 1
12 27 0 1 0 1 1 1
13 2 0 0 0 1 0 0
13 3 1 0 0 1 1 0
13 4 0 0 0 1 0 0
13 5 1 1 1 0 0 1
13 6 0 1 0 0 0 0
13 7 0 1 0 0 0 0
13 8 0 0 0 0 1 1
13 9 0 1 1 1 0 0
13 10 0 0 0 0 1 1
13 11 0 1 0 1 1 1
13 12 1 0 0 0 1 0
13 13 1 1 0 1 0 0
13 15 0 0 1 1 0 1
13 16 1 1 0 1 1 1
13 17 1 0 1 1 0 0
13 18 0 1 0 1 1 0
13 20 0 1 0 1 0 1
13 21 1 1 0 0 1 1
13 22 0 0 0 0 1 0
13 23 1 1 1 0 1 0
13 25 1 0 0 0 0 0
13 26 0 0 1 1 1 1
13 27 1 0 0 0 1 1
14 2 0 0 0 1 1 0
14 3 1 0 0 1 1 0
14 4 0 0 0 1 0 0
14 5 1 1 1 0 0 1
14 6 0 1 0 0 0 0
14 7 0 1 0 0 0 0
14 8 0 0 0 0 1 1
14 9 0 1 1 1 0 0
14 10 0 0 1 1 1 1
14 11 1 0 0 0 1 1
14 12 1 0 0 0 1 0
14 13 1 1 0 1 0 0
14 15 0 0 1 1 0 1
14 16 1 1 0 1 1 1
14 17 1 0 1 1 0 0
14 18 0 1 0 1 1 0
14 20 0 1 0 1 0 1
14 21 1 1 0 0 1 1
14 22 0 0 0 0 1 0
14 23 1 1 1 0 1 0
14 25 1 0 0 0 0 0
14 26 0 0 0 0 1 1
14 27 1 0 0 0 1 1
15 2 0 0 0 1 1 0
15 3 1 0 0 1 1 0
15 4 0 0 0 1 0 0
15 5 1 1 1 0 0 1
15 6 0 1 0 0 0 0
15 7 0 1 0 0 0 0
15 8 0 1 0 0 0 0
15 9 0 1 0 0 0 0
15 10 0 1 0 0 0 0
15 11 0 1 0 0 0 0
15 12 0 0 0 0 1 1
15 13 0 1 1 1 0 0
15 14 0 1 1 1 1 1
15 15 1 1 0 1 0 0
15 16 1 1 1 1 1 0
15 17 0 1 0 1 1 0
15 19 0 0 1 1 0 0
15 20 0 1 0 1 1 0
15 21 0 0 0 1 0 0
15 22 1 0 1 0 1 0
15 23 1 0 0 0 0 1
15 25 1 0 0 0 0 0
15 26 0 0 0 0 0 1
15 27 0 0 1 1 0 1
16 2 1 0 0 1 0 0
16 3 1 0 0 1 1 0
16 4 0 0 0 1 0 0
16 5 1 1 1 0 0 1
16 6 0 1 0 0 0 0
16 7 0 1 0 0 0 0
16 8 0 1 0 0 0 0
16 9 0 1 0 0 0 0
16 10 0 1 0 0 0 0
16 11 0 1 0 0 0 0
16 12 0 1 0 0 0 0
16 13 0 0 0 0 1 1
16 14 0 1 1 1 0 0
16 15 0 0 0 0 1 1
16 16 1 1 0 1 1 1
16 17 1 0 1 1 0 1
16 18 0 0 0 1 1 1
16 20 0 1 0 0 1 1
16 21 1 0 0 0 0 1
16 22 0 0 1 1 0 1
16 23 1 1 0 1 1 1
16 25 1 0 0 0 0 0
16 26 0 1 1 1 1 0
16 27 0 0 0 1 1 1
17 2 1 0 0 1 0 0
17 3 1 0 0 1 1 0
17 4 0 0 0 1 0 0
17 5 1 1 1 0 0 1
17 6 0 1 0 0 0 0
17 7 0 1 0 0 0 0
17 8 0 1 0 0 0 0
17 9 0 1 0 0 0 0
17 10 0 1 0 0 0 0
17 11 0 1 0 0 0 0
17 12 0 1 0 0 0 0
17 13 0 0 0 0 1 1
17 14 0 1 1 1 0 0
17 15 0 0 0 0 0 1
17 16 1 1 1 0 1 0
17 17 0 1 1 1 1 0
17 18 1 1 0 1 1 0
17 20 1 1 1 1 0 1
17 21 1 0 0 0 0 1
17 22 0 1 0 0 1 1
17 23 1 1 0 1 0 0
17 25 1 0 0 0 0 0
17 26 1 0 0 0 1 0
17 27 0 0 0 1 0 1
18 2 1 1 0 1 0 0
18 3 1 0 0 1 1 0
18 4 0 0 0 1 0 0
18 5 1 1 1 0 0 1
18 6 0 1 0 0 0 0
18 7 0 1 0 0 0 0
18 8 0 1 0 0 0 0
18 9 0 0 0 0 1 1
18 10 0 1 1 1 0 0
18 11 0 1 0 0 1 1
18 12 1 1 0 1 0 0
18 13 0 1 0 0 0 1
18 14 1 0 0 1 0 1
18 16 0 0 0 0 1 0
18 17 0 1 0 0 0 1
18 18 0 0 0 1 1 0
18 20 1 1 1 0 1 0
18 21 1 1 0 1 1 0
18 22 0 1 1 1 1 0
18 23 1 1 0 1 1 0
18 25 1 0 0 0 0 0
18 26 0 1 0 0 0 1
18 27 0 0 0 1 1 0
19 2 0 1 0 1 0 0
19 3 1 0 0 1 1 0
19 4 0 0 0 1 0 0
19 5 1 1 1 0 0 1
19 6 0 1 0 0 0 0
19 7 0 1 0 0 0 0
19 8 0 1 0 0 0 0
19 9 0 1 0 0 0 0
19 10 0 1 0 0 0 0
19 11 0 1 0 0 0 0
19 12 0 1 0 0 0 0
19 13 0 0 0 0 1 1
19 14 0 1 1 1 0 0
19 15 1 0 0 0 1 0
19 16 1 1 0 1 0 0
19 17 0 1 0 1 0 1
19 18 0 0 0 1 1 1
19 20 0 0 1 1 1 1
19 21 1 0 0 1 1 1
19 22 0 0 1 1 1 1
19 23 1 0 0 0 1 1
19 25 1 0 0 0 0 0
19 26 0 1 1 1 1 0
19 27 1 1 0 1 1 0
20 2 1 0 0 1 1 0
20 3 1 0 0 1 1 0
20 4 0 0 0 1 0 0
20 5 1 1 1 0 0 1
20 6 0 1 0 0 0 0
20 7 0 1 0 0 0 0
20 8 0 1 0 0 0 0
20 9 0 1 0 0 0 0
20 10 0 1 0 0 0 0
20 11 0 1 0 0 0 0
20 12 0 1 0 0 0 0
20 13 0 0 0 0 1 1
20 14 0 1 1 1 0 0
20 15 0 1 0 0 1 1
20 16 1 0 0 0 0 1
20 17 0 0 1 1 1 1
20 18 1 1 0 0 1 1
20 20 0 1 1 0 1 0
20 21 0 0 0 1 1 1
20 22 0 0 1 1 0 0
20 23 0 0 0 1 0 1
20 25 1 0 0 0 0 0
20 26 0 0 0 0 1 0
20 27 0 1 1 1 0 0
21 2 1 1 0 1 1 0
21 3 1 0 0 1 1 0
21 4 0 0 0 1 0 0
21 5 1 1 1 0 0 1
21 6 0 1 0 0 0 0
21 7 0 1 0 0 0 0
21 8 0 1 0 0 0 0
21 9 0 1 0 0 0 0
21 10 0 1 0 0 0 0
21 11 0 1 0 0 0 0
21 12 0 0 0 0 1 1
21 13 0 1 1 1 0 0
21 14 0 0 0 0 1 0
21 15 0 1 1 1 0 0
21 16 0 0 1 1 0 1
21 17 1 0 0 1 1 1
21 19 0 0 1 1 0 1
21 20 0 1 0 1 1 0
21 21 0 0 0 0 1 1
21 22 0 1 0 1 0 1
21 24 1 0 0 0 0 0
21 25 1 0 0 0 1 0
21 26 0 0 0 0 1 0
21 27 0 1 1 1 0 0
22 2 1 1 0 1 1 0
22 3 1 0 0 1 1 0
22 4 0 0 0 1 0 0
22 5 1 1 1 0 0 1
22 6 0 1 0 0 0 0
22 7 0 1 0 0 0 0
22 8 0 1 0 0 0 0
22 9 0 1 0 0 0 0
22 10 0 1 0 0 0 0
22 11 0 1 0 0 0 0
22 12 0 1 0 0 0 0
22 13 0 1 0 0 0 0
22 14 0 1 0 0 0 0
22 15 0 0 0 0 1 1
22 16 0 1 1 1 0 0
22 17 0 1 1 0 1 0
22 18 1 1 0 1 1 0
22 19 0 0 0 0 0 1
22 20 0 1 0 0 0 1
22 21 1 1 0 1 0 0
22 23 1 0 0 0 0 0
22 24 0 0 0 0 1 1
22 25 0 1 0 1 1 1
22 26 0 0 0 0 1 0
22 27 0 1 1 1 0 0
23 2 0 1 0 1 1 0
23 3 1 0 0 1 1 0
23 4 0 0 0 1 0 0
23 5 1 1 1 0 0 1
23 6 0 1 0 0 0 0
23 7 0 1 0 0 0 0
23 8 0 1 0 0 0 0
23 9 0 1 0 0 0 0
23 10 0 1 0 0 0 0
23 11 0 1 0 0 0 0
23 12 0 1 0 0 0 0
23 13 0 1 0 0 0 0
23 14 0 1 0 0 0 0
23 15 0 1 0 0 0 0
23 16 0 0 0 0 1 1
23 17 0 1 1 1 0 0
23 18 0 0 0 0 0 1
23 19 1 1 1 0 1 0
23 20 0 1 1 0 1 0
23 21 1 1 0 1 1 0
23 23 1 0 0 0 0 0
23 24 0 0 1 1 1 1
23 25 1 0 0 0 1 1
23 26 0 0 0 0 1 0
23 27 0 1 1 1 0 0
24 2 1 0 0 0 1 0
24 3 1 0 0 1 1 0
24 4 0 0 0 1 0 0
24 5 1 1 1 0 0 1
24 6 0 1 0 0 0 0
24 7 0 1 0 0 0 0
24 8 0 1 0 0 0 0
24 9 0 1 0 0 0 0
24 10 0 1 0 0 0 0
24 11 0 1 0 0 0 0
24 12 0 1 0 0 0 0
24 13 0 1 0 0 0 0
24 14 0 1 0 0 0 0
24 15 0 1 0 0 0 0
24 16 0 0 1 1 1 0
24 17 1 1 0 1 1 0
24 18 1 1 1 1 1 0
24 19 1 1 0 1 0 0
24 20 0 1 0 0 0 1
24 21 0 0 0 1 1 0
24 24 0 1 0 1 0 0
24 25 1 1 0 1 1 0
24 26 0 0 0 0 1 1
24 27 1 0 0 0 1 1
24 28 1 0 0 0 1 0
24 29 1 1 0 1 0 0
25 2 1 0 0 0 1 0
25 3 1 0 0 1 1 0
25 4 0 0 0 1 0 0
25 5 1 1 1 0 0 1
25 6 0 1 0 0 0 0
25 7 1 1 0 0 0 1
25 8 1 1 0 1 1 0
25 9 0 0 1 1 1 1
25 10 1 0 0 0 1 1
25 12 1 0 0 0 1 0
25 13 0 0 0 1 1 1
25 15 1 0 1 1 0 0
25 16 1 1 0 0 1 1
25 17 0 0 0 1 0 0
25 18 0 1 0 1 0 1
25 19 1 1 0 0 1 1
25 21 0 1 1 1 1 1
25 22 0 1 1 1 0 0
25 23 1 0 1 1 0 1
25 24 0 0 0 1 1 1
25 26 1 0 0 0 0 0
25 27 1 0 0 0 1 0
26 2 1 1 0 0 1 0
26 3 1 1 0 1 1 0
26 4 0 0 0 1 0 0
26 5 1 1 1 0 0 1
26 6 0 1 0 0 0 0
26 7 1 1 0 0 0 1
26 8 1 1 0 1 0 0
26 9 0 0 1 0 1 0
26 10 0 1 1 1 0 0
26 12 0 0 0 0 1 1
26 13 1 0 0 0 1 1
26 15 0 1 1 0 1 0
26 16 1 1 0 1 1 0
26 17 1 0 1 0 1 0
26 18 0 0 0 1 0 1
26 20 0 0 0 0 1 1
26 21 0 1 1 1 1 0
26 22 0 1 0 1 0 1
26 23 0 1 1 1 0 1
26 25 1 0 0 0 0 0
26 26 0 0 0 0 1 1
26 27 0 1 0 1 1 1
27 2 0 0 1 0 1 0
27 3 1 1 1 0 0 1
