-0.20
34 55 86 107 138 158 189 210 242 262 294 315 346 367 398 419 450 470 502 523 553 574 605 626 657 678 709 730 761 782 813 834 865 886 917 937 969 989 1020 1041 1073 1094 1124 1145 1176 1197 1228 1248 1280 1300 1331 1353 1383 1405 1436 1457 1484 1508 1539 1559 1586 1606 1633 1653
40 60 80 118 139 161 201 223 244 285 306 327 365 385 405 448 470 491 532 553 575 615 636 657 697 719 739 777 797 817 862 884 905 945 967 988 1028 1049 1070 1110 1132 1152 1194 1215 1237 1276 1297 1318 1359 1381 1402 1443 1464 1485 1523 1543 1563 1607 1628 1649 1690 1712 1733 1772 1793 1814 1857 1878 1899 1938 1959 1980 2022 2043 2065 2104 2126 2147 2185 2205 2225 2263 2281 2301
2 5 1 0 1 0 0 0
2 6 1 1 1 1 0 1
2 7 1 1 0 1 1 0
2 8 1 0 1 0 1 0
2 10 1 0 1 1 0 0
2 11 0 1 1 0 0 1
2 12 0 1 0 1 1 0
2 13 0 0 1 0 1 1
2 15 0 1 0 1 0 0
2 16 1 0 0 0 0 0
2 17 1 1 1 0 0 0
2 18 0 0 1 1 1 0
2 20 1 1 1 0 0 1
2 21 0 1 1 0 0 0
2 22 1 0 1 1 0 0
2 23 0 1 0 0 0 1
2 25 0 0 1 1 0 0
2 26 0 1 0 0 1 1
2 27 1 0 0 1 1 0
2 28 0 0 1 1 1 1
3 7 0 0 1 1 0 0
3 8 1 1 0 1 1 1
3 9 1 0 0 0 1 0
3 10 0 1 1 0 0 0
3 12 0 1 1 1 1 0
3 13 0 1 0 0 1 1
3 14 0 0 1 0 0 0
3 15 1 1 0 0 0 0
3 16 1 0 0 1 0 1
3 18 1 1 0 1 1 0
3 19 0 0 1 1 1 0
3 20 1 0 0 1 0 0
3 21 0 1 0 1 0 1
4 8 0 0 1 1 0 0
4 9 1 1 0 1 1 1
4 10 1 1 0 1 1 0
4 11 1 1 0 1 0 1
4 13 0 0 1 1 0 0
4 14 0 0 1 0 0 0
4 15 1 0 0 1 1 0
4 16 0 1 1 0 1 0
4 18 0 1 0 1 1 1
4 19 0 0 1 0 0 0
4 20 1 1 1 1 0 1
4 21 0 1 0 0 0 0
4 22 1 1 0 0 1 0
4 23 0 1 0 1 1 1
6 3 0 0 1 1 0 0
6 4 1 0 1 0 0 1
6 5 0 1 0 1 1 0
6 6 0 0 1 0 1 1
6 8 0 1 0 1 1 1
6 9 0 0 1 0 0 0
6 10 1 1 1 1 0 1
6 13 1 0 0 1 1 0
6 14 0 1 0 0 1 1
6 15 0 0 1 0 0 0
6 16 1 1 0 1 0 0
6 17 1 0 1 0 0 1
6 18 0 1 0 0 0 0
6 19 1 1 0 0 1 0
6 20 0 1 0 1 1 1
6 21 0 1 1 0 0 0
6 23 0 0 0 0 1 1
6 24 0 0 1 0 0 0
6 25 0 0 1 1 0 0
6 26 0 1 0 0 1 1
6 27 1 1 0 1 1 0
6 28 1 0 1 0 1 0
7 1 0 0 1 1 0 0
7 2 0 1 0 0 1 1
7 3 0 1 0 1 0 0
7 4 1 0 0 0 0 0
7 6 1 0 1 0 0 0
7 7 0 1 0 0 0 1
7 8 1 1 0 0 1 0
7 9 0 1 1 1 1 1
7 10 1 1 1 1 0 1
7 11 0 1 1 0 0 0
7 13 0 1 1 0 1 1
7 14 0 1 1 0 0 0
7 15 1 1 0 1 1 0
7 16 1 0 0 0 0 1
7 18 0 1 0 1 0 0
7 19 1 0 0 0 0 0
7 20 1 1 1 1 0 1
7 21 0 1 1 0 0 0
7 23 1 1 0 1 1 0
7 24 0 0 1 1 1 0
7 25 1 0 0 0 1 1
7 26 1 1 1 0 1 1
7 27 0 0 0 0 0 1
7 28 0 1 1 0 0 0
8 3 0 0 1 1 0 0
8 4 0 1 1 0 0 1
8 5 1 0 0 0 0 0
8 6 1 0 1 1 0 0
8 7 1 0 0 0 0 1
8 8 0 1 0 0 0 0
8 9 1 1 1 0 0 0
8 10 0 1 0 1 0 0
8 11 0 0 1 0 0 0
8 13 0 0 0 0 1 1
8 14 0 0 1 0 0 0
8 15 0 0 1 1 0 0
8 16 0 1 0 0 1 1
8 17 1 1 0 1 1 0
8 18 1 0 1 0 1 0
8 20 1 0 1 1 0 0
8 21 0 1 1 0 0 1
8 22 0 1 0 1 1 0
8 23 0 0 1 0 1 1
8 25 1 1 1 0 0 1
8 26 0 1 1 0 0 0
8 27 1 0 1 1 0 0
8 28 0 1 0 0 0 1
9 1 0 0 1 1 0 0
9 2 0 0 1 0 0 0
9 3 1 0 0 1 1 0
9 4 0 1 1 0 1 0
9 6 0 0 1 1 0 0
9 7 0 1 0 0 1 1
9 8 1 1 0 0 1 0
9 9 1 1 0 0 0 1
9 11 1 1 0 1 0 0
9 12 1 0 1 0 0 1
9 13 0 0 1 1 0 0
9 14 1 0 1 0 0 1
9 15 0 1 0 1 1 0
9 16 0 0 1 0 1 1
9 17 0 0 0 0 0 1
9 18 0 1 1 0 0 0
11 3 1 1 0 1 0 0
11 4 1 0 1 0 0 1
11 5 0 0 1 1 0 0
11 6 1 0 1 0 0 1
11 7 0 1 0 1 1 0
11 8 0 0 1 0 1 1
11 10 0 1 0 1 1 1
11 11 0 0 1 0 0 0
11 12 1 1 1 1 0 1
11 15 0 0 1 1 0 0
11 16 0 1 1 0 1 0
11 17 0 1 1 0 0 0
11 18 1 0 0 1 1 1
11 19 0 0 1 0 0 0
11 21 0 0 0 0 1 1
11 22 0 0 1 0 0 0
11 23 0 0 1 1 0 0
11 24 0 1 0 0 1 1
11 25 1 1 0 1 1 0
11 26 1 0 1 0 1 0
11 28 0 0 1 1 0 0
11 29 0 1 0 0 1 1
12 1 0 0 1 0 0 1
12 2 0 1 0 1 0 0
12 3 1 0 0 0 0 0
12 5 1 0 1 0 0 0
12 6 0 1 0 0 0 1
12 7 1 1 0 0 1 0
12 8 0 1 1 1 1 1
12 9 1 1 1 1 0 1
12 10 0 1 1 0 0 0
12 12 0 1 1 0 1 1
12 13 0 1 1 0 0 0
12 14 1 1 0 1 1 0
12 15 1 0 0 0 0 1
12 17 0 1 0 1 0 0
12 18 1 0 0 0 0 0
12 19 1 1 1 1 0 1
12 20 0 1 1 0 0 0
12 22 1 1 0 1 1 0
12 23 0 0 1 1 1 0
12 24 1 0 0 0 1 1
12 25 1 1 1 0 1 1
12 27 0 1 1 0 0 0
13 3 0 0 1 1 0 1
13 4 0 1 0 0 0 0
13 5 0 1 1 1 1 0
13 6 1 0 0 1 0 1
13 7 1 0 0 0 0 0
13 8 1 1 1 1 0 1
13 9 0 1 0 0 0 0
13 11 0 0 0 0 1 1
13 12 0 0 1 0 0 0
13 13 1 1 0 0 0 0
13 14 0 1 1 1 0 1
13 15 1 1 0 1 1 0
13 16 1 0 0 0 0 1
13 18 0 0 1 1 0 0
13 19 0 1 0 0 1 1
13 20 0 1 0 1 0 0
13 21 1 0 0 0 0 0
13 22 0 0 1 1 1 0
13 23 0 1 1 0 0 0
13 25 1 0 0 1 1 0
13 26 0 0 1 0 1 0
13 27 1 1 0 0 1 0
13 28 0 1 1 1 1 1
14 1 0 0 1 1 0 0
14 2 0 0 1 0 1 1
14 3 1 1 0 1 1 0
14 6 0 1 1 1 1 0
14 7 0 1 0 1 1 1
14 8 1 0 1 1 1 0
14 9 0 0 1 0 1 0
14 11 1 1 0 0 1 0
14 12 0 1 1 1 1 1
14 13 1 1 1 1 0 1
14 14 0 1 1 0 0 0
14 16 1 1 0 1 0 0
14 17 1 0 1 0 0 1
14 18 1 1 1 1 0 1
14 19 0 1 1 0 0 0
14 20 0 0 1 1 0 0
14 21 0 1 1 0 0 1
14 22 0 0 0 0 0 1
14 23 0 1 1 0 0 0
15 3 1 1 0 0 1 0
15 4 0 1 0 1 0 0
15 5 1 0 0 0 0 0
15 6 0 0 1 1 0 0
15 7 0 1 1 0 1 0
15 8 0 1 1 0 0 0
15 9 1 0 1 0 0 0
15 10 1 0 0 0 0 1
15 11 0 1 1 0 0 0
15 13 0 0 0 0 1 1
15 14 0 0 1 0 0 0
15 15 1 0 1 1 1 0
15 16 1 1 1 0 0 1
15 17 1 1 0 1 1 0
15 18 1 0 0 0 0 1
15 20 0 0 1 1 0 0
15 21 0 1 0 0 1 1
15 22 0 1 0 1 0 0
15 23 1 0 0 0 0 0
15 24 0 0 1 1 1 0
15 25 0 1 1 0 0 0
15 27 1 0 0 1 1 0
15 28 0 0 1 0 1 0
15 29 1 1 0 0 1 0
15 30 0 1 1 1 1 1
16 1 1 1 0 1 0 0
16 2 1 0 1 0 0 1
16 3 1 0 0 0 1 1
16 4 1 0 1 0 0 1
16 6 0 1 0 1 0 0
16 7 1 0 0 0 0 0
16 8 1 1 1 1 0 1
16 9 0 1 1 0 0 0
16 11 1 1 0 1 1 0
16 12 0 0 1 1 1 0
16 13 1 0 0 0 1 1
16 14 1 1 1 0 1 1
16 15 0 0 0 0 0 1
16 16 0 1 1 0 0 0
17 3 1 0 1 0 0 0
17 4 0 1 0 1 0 0
17 5 1 0 0 0 0 0
17 6 1 0 0 1 0 1
17 7 0 1 1 0 0 0
17 8 1 1 1 1 0 0
17 9 1 0 0 0 0 1
17 10 0 1 0 0 0 0
17 12 0 0 0 0 1 1
17 13 0 0 1 0 0 0
17 14 1 1 0 0 0 0
17 15 0 1 1 1 0 1
17 17 1 0 0 0 0 1
17 19 0 0 1 1 0 0
17 20 0 1 0 0 1 1
17 21 0 1 0 1 0 0
17 22 1 0 0 0 0 0
17 23 0 0 1 1 1 0
17 24 0 1 1 0 0 0
17 26 1 0 0 1 1 0
17 27 0 0 1 0 1 0
17 28 1 1 0 0 1 0
17 29 0 1 1 1 1 1
18 1 1 1 0 1 1 0
18 2 0 0 1 1 1 0
18 3 1 0 0 0 1 1
18 4 1 1 1 0 1 1
18 5 0 0 0 0 0 1
18 6 0 1 1 0 0 0
20 3 0 1 0 1 1 1
20 4 0 0 1 0 0 0
20 5 1 1 1 1 0 1
20 7 0 0 0 0 1 1
20 8 0 0 1 0 0 0
20 9 1 1 1 0 0 1
20 10 0 1 1 0 0 0
20 12 1 1 0 0 1 0
20 13 1 0 0 0 0 1
20 14 0 1 1 0 0 0
20 15 1 0 0 0 1 1
20 16 0 1 1 0 0 0
20 18 1 1 0 0 0 0
20 19 0 1 0 1 0 0
20 20 1 1 0 0 1 0
20 21 1 1 1 1 1 1
20 23 1 1 1 1 0 0
20 24 0 1 0 1 0 1
20 25 1 1 0 0 1 0
20 26 0 0 1 1 0 1
20 27 0 1 1 0 0 0
20 28 0 0 0 0 0 1
20 29 0 1 1 0 0 0
21 3 0 1 1 0 1 1
21 4 0 1 0 0 0 0
21 5 0 1 1 1 1 0
21 6 1 0 0 1 0 1
21 7 1 0 0 0 0 0
21 8 1 1 0 1 0 0
21 9 0 1 1 0 0 1
21 10 1 0 0 0 0 0
21 12 0 0 0 0 1 1
21 13 0 0 1 0 0 0
21 14 1 1 0 0 0 0
21 15 0 1 1 1 0 1
21 16 1 1 0 1 1 0
21 17 1 0 0 0 0 1
21 19 0 0 1 1 0 0
21 20 0 1 0 0 1 1
21 21 0 1 0 1 0 0
21 22 1 0 0 0 0 0
21 23 0 0 1 1 1 0
21 24 0 1 1 0 0 0
21 26 1 0 0 1 1 0
21 27 0 0 1 0 1 0
21 28 1 1 0 0 1 0
21 29 0 1 1 1 1 1
22 1 1 1 0 1 1 0
22 2 0 0 1 1 1 0
22 3 1 0 0 0 1 1
22 4 1 1 1 0 1 1
22 5 0 0 0 0 0 1
22 6 0 1 1 0 0 0
23 3 0 1 1 0 1 1
23 4 0 1 0 0 0 0
23 5 1 1 0 0 1 0
23 6 0 1 0 0 0 1
23 7 0 1 0 0 0 0
23 8 1 0 1 1 0 0
23 9 1 0 0 0 0 1
23 10 0 1 0 0 0 0
23 12 0 0 0 0 1 1
23 13 0 0 1 0 0 0
23 14 1 1 0 1 0 0
23 15 1 0 1 0 0 1
23 16 1 1 0 1 1 0
23 17 1 0 0 1 0 1
23 19 0 0 1 1 0 0
23 20 0 1 0 0 1 1
23 21 0 1 0 1 0 0
23 22 1 0 0 0 0 0
23 23 0 0 1 1 1 0
23 24 0 1 1 0 0 0
23 26 1 0 0 1 1 0
23 27 0 0 1 0 1 0
23 28 1 1 0 0 1 0
23 29 0 1 1 1 1 1
24 1 1 1 0 1 1 0
24 2 0 0 1 1 1 0
24 3 1 0 0 0 1 1
24 4 1 1 1 0 1 1
24 5 0 0 0 0 0 1
24 6 0 1 1 0 0 0
25 3 1 1 0 1 0 0
25 4 1 0 1 0 0 1
25 5 0 1 1 0 0 0
25 6 1 1 0 1 1 0
25 7 1 0 1 0 1 0
25 8 0 1 0 0 0 0
25 9 1 1 0 0 0 0
25 10 1 0 0 0 0 1
25 11 1 0 0 0 0 0
25 13 0 0 0 0 1 1
25 14 0 0 1 0 0 0
25 15 1 1 0 0 0 0
25 16 0 1 1 1 0 1
25 17 1 1 0 1 1 0
25 18 1 0 0 0 0 1
25 20 1 0 0 1 1 0
25 21 0 1 0 0 1 1
25 22 1 1 0 1 0 0
25 23 0 1 1 0 0 1
25 25 0 1 0 1 0 0
25 26 1 0 0 0 0 0
25 27 1 1 1 1 0 1
25 28 0 1 1 0 0 0
26 1 1 1 0 1 1 0
26 2 0 0 1 1 1 0
26 3 1 0 0 0 1 1
26 4 1 1 1 0 1 1
26 5 0 0 0 0 0 1
26 6 0 1 1 0 0 0
27 29 0 0 0 0 0 1
27 30 0 1 0 1 0 0
12 26 0 0 0 0 0 1
14 4 1 1 0 0 1 1
17 16 1 1 0 1 1 0
