-0.20
46 67 97 118 149 171 201 222 254 274 305 326 357 377 409 430 461 482 513 533 565 585 615 637 668 689 720 741 772 793 824 845 875 896 927 949 979 1000 1031 1052 1083 1104 1135 1156 1186 1208 1238 1259 1291 1312 1342 1363 1394 1415 1446 1467 1498 1518 1550 1570 1601 1621 1652 1672
72 93 111 151 173 195 233 255 276 317 339 360 400 421 443 481 502 523 566 587 608 646 668 690 731 753 774 811 833 854 897 919 940 978 999 1021 1060 1082 1103 1143 1164 1186 1227 1248 1269 1309 1331 1352 1393 1415 1436 1475 1496 1518 1558 1580 1601 1639 1661 1682 1724 1747 1767 1806 1828 1848 1891 1913 1934 1971 1993 2013 2054 2076 2097 2137 2159 2179 2219 2240 2261
2 3 1 1 1 0 1 1
2 4 0 1 0 1 1 0
2 5 0 1 0 0 0 1
2 6 1 1 0 1 0 0
2 8 0 0 1 0 1 0
2 9 0 1 0 1 1 0
2 10 1 0 1 1 0 0
2 11 0 0 0 1 1 1
2 13 0 0 1 1 0 0
2 14 1 1 0 1 1 0
2 15 1 0 1 0 1 1
2 16 0 0 0 1 1 0
2 17 0 0 0 0 0 1
2 18 0 1 1 0 0 0
2 20 0 0 0 0 1 0
2 21 0 0 1 1 0 0
2 22 1 0 0 1 0 1
2 23 0 0 0 1 0 0
2 24 0 1 1 0 1 0
2 25 1 1 0 1 0 0
2 26 0 0 0 0 1 0
2 27 0 1 1 1 1 0
2 28 0 0 0 1 1 1
3 13 0 0 0 0 1 1
3 14 0 0 1 0 0 0
3 15 0 1 1 1 1 1
3 16 0 1 1 1 0 0
3 17 1 1 0 0 0 1
3 18 1 1 0 1 1 0
3 19 0 0 1 1 0 1
3 20 1 0 0 1 1 0
3 22 0 0 0 0 1 1
3 23 1 0 1 1 1 1
3 24 1 1 1 0 1 1
3 25 0 1 0 1 1 0
3 27 1 1 0 0 0 1
3 28 1 1 0 1 1 0
3 29 0 0 1 0 1 0
3 30 1 1 0 0 1 1
4 1 1 1 1 0 1 1
4 2 0 1 0 1 1 0
4 3 0 1 0 0 0 1
4 4 1 1 0 1 0 0
4 6 0 0 0 0 1 1
4 7 1 1 0 0 0 1
4 8 0 0 0 1 0 0
4 9 1 0 0 0 1 0
4 10 0 1 1 0 1 0
4 11 1 0 0 0 0 1
4 13 0 1 0 0 1 0
4 14 1 1 0 1 1 1
4 15 0 0 1 0 1 1
4 16 1 1 0 1 1 1
4 17 0 0 0 0 0 1
4 18 0 1 1 0 0 0
4 20 0 0 0 1 0 0
4 21 1 1 1 0 0 0
4 22 1 1 0 1 1 0
4 23 0 0 0 0 1 0
4 24 0 0 1 1 0 0
4 25 1 0 0 1 0 1
4 26 0 0 0 0 1 0
4 27 0 1 1 1 1 0
4 28 0 0 0 1 1 1
5 25 0 0 0 0 1 1
5 26 0 0 1 0 0 0
5 27 0 1 1 1 1 1
5 28 0 1 1 1 0 0
5 29 1 1 0 0 0 1
5 30 1 1 0 1 1 0
6 1 1 1 1 0 1 1
6 2 0 1 0 1 1 0
6 3 0 1 0 0 0 1
6 4 1 1 0 1 0 0
6 6 0 0 0 0 1 1
6 7 1 1 0 0 0 1
6 8 0 0 0 1 0 0
6 9 1 0 0 0 1 0
6 10 0 1 1 0 1 0
6 11 1 0 0 0 0 1
6 13 0 1 1 0 1 0
6 14 1 1 0 1 0 0
6 15 0 0 1 1 1 1
6 16 0 1 1 1 0 0
6 17 0 0 0 0 0 1
6 18 0 1 1 0 0 0
6 20 0 0 0 1 0 0
6 21 0 0 1 1 0 0
6 22 0 0 0 1 0 1
6 23 0 0 0 0 1 0
6 24 1 0 0 0 1 0
6 25 0 0 0 1 1 1
6 26 0 0 0 0 1 0
6 27 0 1 1 1 1 0
6 28 0 0 0 1 1 1
7 25 0 0 0 0 1 1
7 26 0 0 1 0 0 0
7 27 0 1 1 1 1 1
7 28 0 1 1 1 0 0
7 29 1 1 0 0 0 1
7 30 1 1 0 1 1 0
8 3 1 1 1 0 1 1
8 4 0 1 0 1 1 0
8 5 0 1 0 0 0 1
8 6 1 1 0 1 0 0
8 8 0 0 0 0 1 1
8 9 1 1 0 0 0 1
8 10 0 0 0 1 0 0
8 11 1 0 0 0 1 0
8 12 0 1 1 0 1 0
8 13 1 0 0 0 0 1
8 15 0 1 0 0 1 0
8 16 1 1 0 1 1 1
8 17 0 0 1 0 1 1
8 18 1 1 0 1 1 1
8 19 0 0 0 0 0 1
8 20 0 1 1 0 0 0
8 22 0 0 0 0 1 1
8 23 1 0 0 0 0 1
8 24 0 0 0 0 0 1
8 25 1 0 1 1 1 0
8 26 0 0 0 1 0 0
8 27 0 1 1 0 1 1
8 28 1 0 0 0 0 1
9 23 0 0 0 0 1 1
9 24 0 0 1 0 0 0
9 25 0 1 1 1 1 1
9 26 0 1 1 1 0 0
9 27 1 1 0 0 0 1
9 28 1 1 0 1 1 0
9 29 0 0 1 1 0 1
9 30 1 0 0 1 1 0
10 2 1 1 0 0 0 1
10 3 1 1 0 1 1 0
10 5 1 1 1 0 1 1
10 6 0 1 0 1 1 0
10 7 0 1 0 0 0 1
10 8 1 1 0 1 0 0
10 10 0 0 0 0 1 1
10 11 1 1 0 0 0 1
10 12 0 0 0 1 0 0
10 13 1 0 0 0 1 0
10 14 0 1 1 0 1 0
10 15 1 0 0 0 0 1
10 17 0 0 1 1 0 0
10 18 1 1 0 1 1 0
10 19 0 0 1 1 1 1
10 20 1 1 0 1 0 1
10 21 0 0 0 0 0 1
10 22 0 1 1 0 0 0
10 24 0 0 0 0 1 1
10 25 1 0 1 0 0 1
10 26 0 1 0 1 1 0
10 27 0 0 0 0 1 0
10 28 0 0 1 1 0 1
11 26 0 0 0 0 1 1
11 27 0 0 1 0 0 0
11 28 0 1 1 1 1 1
11 29 0 1 1 1 0 0
11 30 0 0 1 0 0 1
12 3 0 0 1 0 1 0
12 4 1 0 0 1 0 1
12 5 0 0 0 0 1 1
12 6 0 0 1 1 1 1
12 8 0 1 1 0 0 1
12 9 1 1 0 0 1 0
12 10 0 0 1 0 1 1
12 11 1 0 0 1 0 1
12 13 0 1 0 1 0 1
12 14 1 1 0 1 1 0
12 15 0 1 1 0 1 0
12 16 1 0 0 0 0 1
12 17 0 0 0 0 0 1
12 18 0 1 1 0 0 0
12 20 0 0 0 0 1 0
12 21 1 0 1 1 1 1
12 22 0 0 0 1 0 1
12 23 0 0 0 0 1 0
12 24 1 1 1 0 0 1
12 25 1 1 0 1 1 1
12 26 0 0 0 1 0 0
12 27 0 0 1 0 1 1
12 28 1 0 0 0 0 1
13 13 0 0 0 0 1 1
13 14 0 0 1 0 0 0
13 15 0 0 1 0 1 1
13 16 1 0 0 0 0 1
13 17 0 0 1 1 0 1
13 18 1 1 0 1 1 1
13 19 0 0 1 1 0 1
13 20 1 0 0 1 1 0
13 22 0 0 1 1 1 0
13 23 0 1 0 1 1 0
13 24 0 1 1 0 1 0
13 25 1 0 0 0 0 1
13 27 0 1 0 0 1 1
13 28 1 1 0 1 0 0
13 29 0 0 0 0 0 1
13 30 1 0 0 0 0 1
14 1 1 1 1 0 1 1
14 2 0 1 0 1 1 0
14 3 0 1 0 0 0 1
14 4 1 1 0 1 0 0
14 6 0 0 0 0 1 1
14 7 1 1 0 0 0 1
14 8 0 0 0 1 0 0
14 9 1 0 0 0 1 0
14 10 0 1 1 0 1 0
14 11 1 0 0 0 0 1
14 13 0 1 1 0 1 0
14 14 1 1 0 1 0 0
14 15 0 0 1 1 1 1
14 16 0 1 1 1 0 0
14 17 0 0 0 0 0 1
14 18 0 1 1 0 0 0
14 20 0 0 0 1 0 0
14 21 0 0 1 0 1 1
14 22 1 0 0 1 1 0
14 23 0 0 0 0 1 1
14 24 0 0 1 1 0 1
14 25 1 0 0 0 1 1
14 26 0 0 0 1 0 0
14 27 0 0 1 0 1 1
14 28 1 0 0 0 0 1
15 15 0 0 0 0 1 1
15 16 0 0 1 0 0 0
15 17 0 1 1 1 1 1
15 18 0 1 1 1 0 0
15 19 1 1 0 0 0 1
15 20 1 1 0 1 1 0
15 22 0 0 0 0 1 1
15 23 1 0 1 1 1 1
15 24 0 0 0 1 0 0
15 25 1 0 0 0 1 0
15 27 0 0 1 1 0 1
15 28 0 1 1 1 0 0
15 29 0 0 1 1 0 1
15 30 1 0 0 1 1 0
16 2 1 1 1 0 1 1
16 3 0 1 0 1 1 0
16 4 0 1 0 0 0 1
16 5 1 1 0 1 0 0
16 7 0 0 0 0 1 1
16 8 1 1 0 0 0 1
16 9 0 0 0 1 0 0
16 10 1 0 0 0 1 0
16 11 0 1 1 0 1 0
16 12 1 0 0 0 0 1
16 14 0 1 0 0 1 0
16 15 1 1 0 1 1 1
16 16 0 0 1 0 1 1
16 17 1 1 0 1 1 1
16 18 0 0 0 0 0 1
16 19 0 1 1 0 0 0
16 21 0 0 0 0 1 1
16 22 1 0 1 0 0 1
16 23 0 0 0 0 1 1
16 24 0 1 1 1 1 0
16 25 0 1 0 1 1 0
16 26 0 0 0 0 1 0
16 27 0 0 1 1 1 0
16 28 0 0 0 1 1 1
17 25 0 0 0 0 1 1
17 26 0 0 1 0 0 0
17 27 0 1 1 1 1 1
17 28 0 1 1 1 0 0
17 29 1 1 0 0 0 1
17 30 1 1 0 1 1 0
18 1 0 0 1 1 0 1
18 2 1 0 0 1 1 0
18 4 0 0 0 0 1 1
18 5 1 0 1 1 1 1
18 6 1 1 1 0 1 1
18 7 0 1 0 1 1 0
18 9 0 0 0 1 0 0
18 10 1 0 0 0 1 0
18 11 0 1 1 0 1 0
18 12 1 0 0 0 0 1
18 14 0 0 1 1 1 1
18 15 1 1 0 1 0 1
18 16 0 0 1 0 1 0
18 17 0 1 0 1 1 0
18 18 0 0 0 0 0 1
18 19 0 1 1 0 0 0
18 21 0 0 0 1 0 0
18 22 1 1 1 0 0 1
18 23 1 0 0 1 1 0
18 24 0 0 0 0 1 1
18 25 1 1 1 0 0 0
18 26 0 0 0 1 0 0
18 27 0 1 1 1 1 1
18 28 1 0 0 0 0 1
19 24 0 0 0 0 1 1
19 25 0 0 1 0 0 0
19 26 0 1 1 1 1 1
19 27 0 1 1 1 0 0
19 28 1 1 0 0 0 1
19 29 1 1 0 1 1 0
19 30 0 0 1 0 0 1
20 2 0 0 1 1 0 1
20 3 1 0 0 1 1 0
20 5 1 1 1 0 1 1
20 6 0 1 0 1 1 0
20 7 0 1 0 0 0 1
20 8 1 1 0 1 0 0
20 10 0 0 0 0 1 1
20 11 1 1 0 0 0 1
20 12 0 0 0 1 0 0
20 13 1 0 0 0 1 0
20 14 0 1 1 0 1 0
20 15 1 0 0 0 0 1
20 17 0 0 1 1 0 0
20 18 1 1 0 1 1 0
20 19 1 0 1 0 1 1
20 20 0 0 0 1 1 0
20 21 0 0 0 0 0 1
20 22 0 1 1 0 0 0
20 24 0 0 0 0 1 1
20 25 1 0 1 1 0 0
20 26 0 0 0 0 1 1
20 27 0 1 0 0 1 1
20 28 1 0 0 0 0 1
21 24 0 0 0 0 1 1
21 25 0 0 1 0 0 0
21 26 0 1 1 1 1 1
21 27 0 1 1 1 0 0
21 28 1 1 0 0 0 1
21 29 1 1 0 1 1 0
21 30 0 0 1 0 0 1
22 1 0 0 0 0 1 1
22 2 1 0 1 1 1 1
22 3 1 1 1 0 1 1
22 4 0 1 0 1 1 0
22 5 0 0 1 0 1 0
22 6 0 0 0 1 0 1
22 8 0 0 0 1 0 0
22 9 1 0 0 0 1 0
22 10 0 1 1 0 1 0
22 11 1 0 0 0 0 1
22 13 0 1 0 1 0 1
22 14 1 1 0 1 1 0
22 15 0 1 1 0 1 0
22 16 1 0 0 0 0 1
22 17 0 0 0 0 0 1
22 18 0 1 1 0 0 0
22 20 0 0 0 1 0 0
22 21 1 1 1 0 0 1
22 22 0 1 1 1 0 0
22 23 0 0 0 1 0 0
22 24 0 0 1 1 0 0
22 25 1 1 0 1 1 0
22 26 0 0 0 0 1 1
22 27 0 1 0 0 1 1
22 28 1 0 0 0 0 1
23 25 0 0 0 0 1 1
23 26 0 0 1 0 0 0
23 27 0 1 1 1 1 1
23 28 0 1 1 1 0 0
23 29 1 1 0 0 0 1
23 30 1 1 0 1 1 0
24 1 1 1 1 0 1 1
24 2 0 1 0 1 1 0
24 3 0 1 0 0 0 1
24 4 1 1 0 1 0 0
24 6 0 0 0 0 1 1
24 7 1 1 0 0 0 1
24 8 0 0 0 1 0 0
24 9 1 0 0 0 1 0
24 10 0 1 1 0 1 0
24 11 1 0 0 0 0 1
24 13 0 1 1 0 1 0
24 14 1 1 0 1 0 0
24 15 0 0 1 1 1 1
24 16 0 1 1 1 0 0
24 17 0 0 0 0 0 1
24 18 0 1 1 0 0 0
24 20 0 0 0 1 0 0
24 21 0 0 1 0 1 1
24 22 1 1 0 1 1 0
24 23 0 0 0 0 1 0
24 24 1 1 1 0 1 1
24 25 0 1 0 1 1 0
24 26 0 0 0 0 1 1
24 27 0 1 0 0 1 1
24 28 1 0 0 0 0 1
25 23 0 0 0 0 1 1
25 24 0 0 1 0 0 0
25 25 0 1 1 1 1 1
25 26 0 1 1 1 0 0
25 27 1 1 0 0 0 1
25 28 1 1 0 1 1 0
25 29 0 0 1 1 0 1
25 30 1 0 0 1 1 0
26 2 1 1 1 0 1 1
26 3 0 1 0 1 1 0
26 4 0 1 0 0 0 1
26 5 1 1 0 1 0 0
26 7 0 0 0 0 1 1
26 8 1 1 0 0 0 1
26 9 0 0 0 1 0 0
26 10 1 0 0 0 1 0
26 11 0 1 1 0 1 0
26 12 1 0 0 0 0 1
26 14 0 0 1 1 0 0
26 15 1 1 0 1 1 0
26 16 1 0 1 0 1 1
26 17 0 0 0 1 1 0
26 18 0 0 0 0 0 1
26 19 0 1 1 0 0 0
26 21 0 0 0 1 0 0
26 22 0 0 1 1 1 1
26 23 0 1 1 1 0 0
26 24 0 0 0 0 1 1
26 25 1 1 1 1 1 0
26 26 0 0 0 0 0 1
26 27 0 1 0 0 1 1
26 28 0 1 0 1 1 0
