0.10
42 62 90 110 142 162 193 214 245 266 297 318 349 370 401 422 452 474 504 525 556 577 608 629 660 682 712 733 764 784 816 837 868 888 919 940 971 992 1024 1044 1075 1096 1127 1148 1179 1199 1230 1252 1283 1304 1334 1356 1386 1407 1438 1460 1490 1511 1542 1563 1594 1615 1642 1662
74 94 114 152 174 195 234 255 276 319 340 361 399 420 442 484 506 527 565 586 607 648 670 691 730 751 773 813 834 856 897 917 938 979 1001 1022 1061 1082 1103 1144 1166 1187 1227 1249 1269 1310 1332 1353 1392 1414 1435 1476 1498 1519 1558 1580 1601 1640 1662 1683 1724 1746 1766 1807 1828 1850 1889 1911 1932 1973 1994 2014 2053 2076 2097 2139 2160 2180 2218 2238 2258
2 4 1 1 1 0 0 0
2 5 1 1 0 0 1 1
2 6 0 1 0 0 0 0
2 7 1 0 0 1 1 0
2 8 0 1 0 0 1 1
2 9 1 0 0 0 0 0
2 10 1 0 1 1 0 0
2 11 1 0 0 0 0 1
2 12 0 1 0 0 0 0
2 14 0 0 0 0 1 1
2 15 0 0 1 0 0 0
2 16 1 1 0 0 0 0
2 17 0 1 1 1 0 1
2 18 1 1 0 1 1 0
2 21 1 1 1 0 0 0
2 22 1 0 0 1 0 1
2 23 1 1 0 0 1 0
2 24 0 1 0 0 0 1
2 26 1 0 0 1 1 0
2 27 0 0 1 0 1 0
2 28 1 1 0 0 1 0
2 29 0 1 1 1 1 1
3 2 0 1 1 1 1 0
3 3 0 1 0 0 0 1
3 4 1 1 0 1 1 0
3 5 0 0 1 1 1 0
3 7 1 1 0 0 1 0
3 8 0 1 1 1 1 1
3 9 1 1 1 1 0 1
3 10 0 1 1 0 0 0
3 12 1 1 0 1 0 0
3 13 1 0 1 0 0 1
3 14 1 1 0 1 1 0
3 15 0 0 1 1 1 0
3 16 1 0 0 0 1 1
3 17 1 1 1 0 1 1
3 18 0 0 0 0 0 1
3 19 0 1 1 0 0 0
4 4 1 1 1 0 0 0
4 5 1 1 0 0 1 1
4 6 0 1 0 0 0 0
4 7 1 0 1 1 0 0
4 8 1 0 0 0 0 1
4 9 0 1 0 0 0 0
4 10 1 1 0 1 1 0
4 11 0 0 0 1 1 1
4 12 1 0 0 0 0 0
4 14 0 0 0 0 1 1
4 15 0 0 1 0 0 0
4 16 1 1 1 1 1 0
4 17 0 1 1 0 0 1
4 18 1 1 1 1 1 0
4 19 0 1 0 0 1 0
4 21 0 0 1 1 0 0
4 22 0 1 0 0 1 1
4 23 0 1 0 1 0 0
4 24 1 0 0 0 0 0
4 25 0 0 1 1 1 0
4 26 0 1 1 0 0 0
4 28 1 0 0 1 1 0
4 29 0 0 1 0 1 0
4 30 1 1 0 0 1 0
4 31 0 1 1 1 1 1
5 2 1 1 0 1 1 0
5 3 0 0 1 1 1 0
5 4 1 0 0 0 1 1
5 5 1 1 1 0 1 1
5 6 0 0 0 0 0 1
5 7 0 1 1 0 0 0
6 4 1 1 1 0 0 0
6 5 1 1 0 0 1 1
6 6 0 1 0 0 0 0
6 7 1 1 1 0 0 0
6 8 0 1 0 1 0 0
6 9 0 1 0 0 0 0
6 10 1 0 1 0 0 0
6 11 1 0 0 0 0 1
6 12 1 0 0 0 0 0
6 14 0 0 0 0 1 1
6 15 0 0 1 0 0 0
6 16 1 0 0 0 1 1
6 17 1 1 1 0 0 1
6 18 1 0 0 1 1 0
6 19 0 1 0 0 1 1
6 21 0 0 1 1 0 0
6 22 0 1 0 0 1 1
6 23 0 1 0 1 0 0
6 24 1 0 0 0 0 0
6 25 0 0 1 1 1 0
6 26 0 1 1 0 0 0
6 28 1 0 0 1 1 0
6 29 0 0 1 0 1 0
6 30 1 1 0 0 1 0
6 31 0 1 1 1 1 1
7 2 1 1 0 1 1 0
7 3 0 0 1 1 1 0
7 4 1 0 0 0 1 1
7 5 1 1 1 0 1 1
7 6 0 0 0 0 0 1
7 7 0 1 1 0 0 0
8 4 0 0 1 1 0 0
8 5 0 1 1 0 1 1
8 6 1 0 0 0 0 0
8 7 1 1 0 1 0 1
8 8 0 0 1 0 0 0
8 9 0 0 1 1 0 0
8 10 0 1 1 0 0 0
8 12 0 0 0 0 1 1
8 13 0 0 1 0 0 0
8 14 1 1 1 1 1 0
8 15 0 1 1 0 0 1
8 16 1 1 1 1 1 0
8 17 0 1 0 0 1 0
8 19 0 0 1 1 0 0
8 20 0 1 0 0 1 1
8 21 0 1 0 1 0 0
8 22 1 0 0 0 0 0
8 23 0 0 1 1 1 0
8 24 0 1 1 0 0 0
8 26 1 0 0 1 1 0
8 27 0 0 1 0 1 0
8 28 1 1 0 0 1 0
8 29 0 1 1 1 1 1
9 2 1 1 0 1 0 0
9 3 1 0 1 0 0 1
9 4 1 1 0 1 1 0
9 5 0 0 1 1 1 0
9 6 1 0 0 0 1 1
9 7 1 1 1 0 1 1
9 8 0 0 0 0 0 1
9 9 0 1 1 0 0 0
10 4 1 0 1 0 0 1
10 5 0 1 0 0 0 0
10 6 1 1 0 0 1 0
10 7 0 0 1 1 0 1
10 8 0 1 1 0 0 0
10 10 0 0 0 0 1 1
10 11 0 0 1 0 0 0
10 12 1 0 1 1 1 0
10 13 1 1 1 0 0 1
10 14 1 1 0 1 1 0
10 15 1 0 0 0 0 1
10 17 0 0 1 1 0 0
10 18 0 1 0 0 1 1
10 19 0 1 0 1 0 0
10 20 1 0 0 0 0 0
10 21 0 0 1 1 1 0
10 22 0 1 1 0 0 0
10 24 1 0 0 1 1 0
10 25 0 0 1 0 1 0
10 26 1 1 0 0 1 0
10 27 0 1 1 1 1 1
10 29 1 1 0 1 1 0
10 30 0 0 1 1 1 0
11 2 0 0 1 0 0 1
11 3 1 0 0 0 1 1
11 4 1 1 1 0 1 1
11 5 0 0 0 0 0 1
11 6 0 1 1 0 0 0
12 4 0 0 1 1 0 0
12 5 0 1 1 0 0 1
12 6 1 0 0 0 0 0
12 7 1 1 1 1 1 0
12 8 0 0 1 1 1 1
12 9 0 1 0 0 0 0
12 10 1 0 1 0 0 0
12 11 1 1 1 1 0 1
12 12 0 1 0 0 0 0
12 14 0 0 0 0 1 1
12 15 0 0 1 0 0 0
12 16 0 0 1 1 0 0
12 17 0 1 0 0 1 1
12 18 1 1 0 1 1 0
12 19 1 0 1 0 1 0
12 21 1 0 1 1 0 0
12 22 0 1 1 0 0 1
12 23 0 1 0 1 1 0
12 24 0 0 1 0 1 1
12 26 1 1 1 0 0 1
12 27 0 1 1 0 0 0
12 28 1 0 1 1 0 0
12 29 0 1 0 0 0 1
13 2 0 0 1 1 0 0
13 3 0 0 1 0 0 0
13 4 1 0 0 1 1 0
13 5 0 1 1 0 1 0
13 7 0 0 1 1 0 0
13 8 0 1 0 0 1 1
13 9 1 1 0 0 1 0
13 10 1 1 0 0 0 1
13 12 1 1 0 1 0 0
13 13 1 0 1 0 0 1
13 14 1 1 1 1 1 0
13 15 1 0 1 0 0 1
13 16 0 0 1 1 0 0
13 17 0 1 1 0 0 1
13 18 0 0 0 0 0 1
13 19 0 1 1 0 0 0
14 4 0 0 1 1 0 0
14 5 0 1 1 0 0 1
14 6 1 0 0 0 0 0
14 7 0 1 1 1 0 0
14 8 1 0 1 0 0 1
14 9 0 1 1 0 0 0
14 10 1 1 0 1 0 0
14 11 0 1 1 0 0 1
14 12 1 0 0 0 0 0
14 14 0 0 0 0 1 1
14 15 0 0 1 0 0 0
14 16 1 0 0 0 1 1
14 17 1 1 1 0 0 1
14 18 1 0 0 1 1 0
14 19 0 1 0 0 1 1
14 21 0 0 1 1 0 0
14 22 0 1 0 0 1 1
14 23 0 1 0 1 0 0
14 24 1 0 0 0 0 0
14 25 0 0 1 1 1 0
14 26 0 1 1 0 0 0
14 28 1 0 0 1 1 0
14 29 0 0 1 0 1 0
14 30 1 1 0 0 1 0
14 31 0 1 1 1 1 1
15 2 1 1 0 1 0 0
15 3 1 0 1 0 0 1
15 4 1 0 0 0 1 1
15 5 1 0 1 0 0 1
15 7 0 1 0 1 0 0
15 8 1 0 0 0 0 0
15 9 1 1 1 1 0 1
15 10 0 1 1 0 0 0
15 12 1 1 0 1 1 0
15 13 0 0 1 1 1 0
15 14 1 0 0 0 1 1
15 15 1 1 1 0 1 1
15 16 0 0 0 0 0 1
15 17 0 1 1 0 0 0
16 4 1 1 1 0 0 0
16 5 1 1 0 0 0 1
16 6 0 1 0 0 0 0
16 7 1 1 0 0 1 0
16 8 1 1 0 0 1 1
16 9 0 1 1 0 0 0
16 10 0 0 1 1 0 1
16 11 0 1 1 0 0 0
16 13 0 0 0 0 1 1
16 14 0 0 1 0 0 0
16 15 1 1 1 1 1 0
16 16 0 1 1 0 0 1
16 17 1 1 1 1 1 0
16 18 0 1 0 0 1 0
16 20 0 0 1 1 0 0
16 21 0 1 0 0 1 1
16 22 0 1 0 1 0 0
16 23 1 0 0 0 0 0
16 24 0 0 1 1 1 0
16 25 0 1 1 0 0 0
16 27 1 0 0 1 1 0
16 28 0 0 1 0 1 0
16 29 1 1 0 0 1 0
16 30 0 1 1 1 1 1
17 2 1 1 0 1 1 0
17 3 0 0 1 1 1 0
17 4 1 0 0 0 1 1
17 5 1 1 1 0 1 1
17 6 0 0 0 0 0 1
17 7 0 1 1 0 0 0
18 4 0 0 1 1 0 0
18 5 1 1 1 0 1 1
18 6 1 0 0 0 0 0
18 7 0 0 0 1 1 1
18 8 0 1 1 0 0 0
18 9 1 1 0 1 0 0
18 10 0 0 1 1 1 1
18 11 1 0 0 0 0 0
18 13 0 0 0 0 1 1
18 14 0 0 1 0 0 0
18 15 1 1 0 0 1 0
18 16 0 1 0 0 0 1
18 17 1 0 1 1 1 0
18 18 1 1 1 0 0 1
18 20 0 0 1 1 0 0
18 21 0 1 0 0 1 1
18 22 0 1 0 1 0 0
18 23 1 0 0 0 0 0
18 25 1 1 0 0 1 0
18 26 0 1 1 1 1 1
18 27 1 1 1 1 0 1
18 28 0 1 1 0 0 0
18 30 1 1 0 1 0 0
18 31 1 0 1 0 0 1
19 2 0 0 1 0 0 1
19 3 1 1 0 1 1 0
19 4 0 0 1 1 1 0
19 5 1 0 0 0 1 1
19 6 1 1 1 0 1 1
19 7 0 0 0 0 0 1
19 8 0 1 1 0 0 0
20 4 0 0 1 1 0 0
20 5 0 1 1 0 1 0
20 6 0 1 1 0 0 0
20 7 1 0 0 1 0 1
20 8 0 1 1 0 0 0
20 10 0 0 0 0 1 1
20 11 0 0 1 0 0 0
20 12 1 1 0 0 0 0
20 13 0 1 1 1 0 1
20 14 1 1 0 1 1 0
20 15 1 0 0 0 0 1
20 17 0 0 1 1 0 0
20 18 0 1 0 0 1 1
20 19 0 1 0 1 0 0
20 20 1 0 0 0 0 0
20 21 0 0 1 1 1 0
20 22 0 1 1 0 0 0
20 24 1 0 0 1 1 0
20 25 0 0 1 0 1 0
20 26 1 1 0 0 1 0
20 27 0 1 1 1 1 1
20 29 1 1 0 1 0 0
20 30 1 0 1 0 0 1
21 2 0 0 1 0 0 1
21 3 1 1 0 1 1 0
21 4 0 0 1 1 1 0
21 5 1 0 0 0 1 1
21 6 1 1 1 0 1 1
21 7 0 0 0 0 0 1
21 8 0 1 1 0 0 0
22 4 0 0 1 1 0 0
22 5 0 1 1 0 1 0
22 6 0 1 1 0 0 0
22 7 1 1 0 1 1 0
22 8 1 0 0 0 0 1
22 9 1 0 0 0 0 0
22 10 1 0 0 0 1 1
22 11 0 0 1 1 1 1
22 12 1 0 0 0 0 0
22 14 0 0 0 0 1 1
22 15 0 0 1 0 0 0
22 16 0 0 1 1 0 0
22 17 0 1 0 0 1 1
22 18 1 1 0 1 1 0
22 19 1 0 1 0 1 0
22 21 0 0 1 1 0 0
22 22 0 1 0 0 1 1
22 23 0 1 0 1 0 0
22 24 1 0 0 0 0 0
22 26 1 0 1 0 0 0
22 27 0 1 0 0 0 1
22 28 1 1 0 0 1 0
22 29 0 1 1 1 1 1
22 30 1 1 1 1 0 1
22 31 0 1 1 0 0 0
23 2 1 1 0 1 1 0
23 3 0 0 1 1 1 0
23 4 1 0 0 0 1 1
23 5 1 1 1 0 1 1
23 6 0 0 0 0 0 1
23 7 0 1 1 0 0 0
24 4 0 0 1 1 0 0
24 5 0 1 1 0 1 0
24 6 0 1 1 0 0 0
24 7 1 1 0 0 1 0
24 8 0 1 1 1 1 1
24 9 0 1 0 0 0 0
24 10 1 1 0 1 1 0
24 11 0 1 1 0 0 1
24 12 1 0 0 0 0 0
24 14 0 0 0 0 1 1
24 15 0 0 1 0 0 0
24 16 1 0 0 0 1 1
24 17 1 1 1 0 0 1
24 18 1 0 0 1 1 0
24 19 0 1 0 0 1 1
24 21 0 0 1 1 0 0
24 22 0 1 0 0 1 1
24 23 0 1 0 1 0 0
24 24 1 0 0 0 0 0
24 25 0 0 1 1 1 0
24 26 0 1 1 0 0 0
24 28 1 0 0 1 1 0
24 29 0 0 1 0 1 0
24 30 1 1 0 0 1 0
24 31 0 1 1 1 1 1
25 2 1 1 0 1 0 0
25 3 1 0 1 0 0 1
25 4 1 1 0 1 1 0
25 5 0 0 1 1 1 0
25 6 1 0 0 0 1 1
25 7 1 1 1 0 1 1
25 8 0 0 0 0 0 1
25 9 0 1 1 0 0 0
26 4 1 1 0 0 1 0
26 5 0 1 1 0 1 0
26 6 0 0 1 0 0 0
26 7 1 1 0 1 1 1
26 8 0 1 1 0 0 0
26 9 1 0 0 0 1 1
26 10 1 1 1 0 0 1
26 11 1 0 0 0 0 0
26 13 0 0 0 0 1 1
26 14 0 0 1 0 0 0
26 15 1 1 0 0 0 0
26 16 0 1 1 1 0 1
26 17 1 1 0 1 1 0
26 18 1 0 0 0 0 1
26 20 0 0 1 1 0 0
26 21 0 1 0 0 1 1
26 22 0 1 0 1 0 0
26 23 1 0 0 0 0 0
26 24 0 0 1 1 1 0
26 25 0 1 1 0 0 0
26 27 1 0 0 1 1 0
26 29 1 1 0 0 1 0
26 30 0 1 1 1 1 1
2 19 1 0 0 0 0 1
26 28 0 0 1 0 1 0
