0.10
50 71 101 122 152 173 203 225 256 277 307 328 359 380 411 432 463 485 516 536 567 587 619 640 671 692 723 743 775 797 827 848 878 899 930 951 983 1003 1033 1055 1087 1107 1138 1158 1190 1211 1241 1263 1293 1314 1346 1367 1397 1419 1449 1470 1501 1522 1553 1574 1605 1626 1657 1678
37 58 79 119 140 162 203 224 246 286 307 327 367 388 409 449 470 492 533 554 576 616 637 659 698 721 741 781 802 823 863 885 907 946 968 989 1029 1050 1071 1112 1134 1155 1195 1216 1238 1278 1299 1320 1360 1381 1403 1446 1467 1487 1527 1548 1569 1608 1629 1650 1691 1713 1734 1776 1797 1818 1857 1879 1900 1941 1962 1983 2023 2045 2066 2107 2129 2151 2184 2205 2226 2273 2294 2315
2 4 1 1 1 0 0 1
2 5 1 1 0 1 0 0
2 6 0 1 1 0 1 0
2 7 1 0 0 0 0 1
2 9 0 0 1 0 1 0
2 10 1 0 0 1 0 1
2 11 0 0 0 0 1 1
2 12 0 0 1 1 1 1
2 14 1 1 0 0 0 1
2 15 0 0 0 1 1 1
2 16 0 0 0 1 0 0
2 17 1 0 0 0 1 0
2 19 0 1 1 0 0 1
2 20 1 1 0 0 1 0
2 21 0 0 1 0 1 1
2 22 1 0 0 1 0 1
2 24 0 1 0 1 0 1
2 25 1 1 0 1 1 0
2 26 1 0 1 1 1 1
2 27 0 0 0 1 0 1
3 11 1 0 1 0 1 0
3 12 1 0 0 1 0 0
3 13 1 1 0 0 0 1
3 14 1 1 0 1 1 0
3 16 1 0 1 1 0 0
3 17 0 0 0 1 1 0
3 18 0 0 0 0 0 1
3 19 0 1 1 0 1 0
3 20 1 1 0 0 1 1
3 22 0 0 0 0 1 1
3 23 0 1 0 1 0 0
3 24 1 1 1 1 1 0
3 25 1 0 0 0 0 1
4 9 1 1 1 0 1 0
4 10 0 1 0 1 1 0
4 11 0 0 0 0 1 0
4 12 1 0 1 1 1 1
4 13 0 0 0 0 0 1
4 14 1 1 1 0 1 0
4 16 0 1 0 0 1 1
4 17 1 1 0 1 0 0
4 18 0 0 0 0 0 1
4 19 1 0 0 0 0 1
4 21 1 0 1 1 1 0
4 22 1 1 0 1 1 0
4 23 1 1 1 1 1 0
4 24 1 0 0 0 0 1
6 4 0 1 0 1 0 1
6 5 1 1 0 1 1 0
6 6 0 1 1 0 1 0
6 7 1 0 0 0 0 1
6 8 0 0 0 0 0 1
6 9 0 1 1 0 0 0
6 11 0 0 0 0 1 1
6 12 1 1 1 0 1 0
6 13 0 1 0 1 1 0
6 14 0 0 0 0 1 0
6 15 0 0 1 1 0 1
6 16 1 0 0 1 1 0
6 17 0 0 0 0 0 1
6 18 0 1 1 0 1 0
6 19 1 1 0 1 0 0
6 22 1 0 1 1 1 1
6 23 0 0 0 0 0 1
6 24 1 1 1 0 1 0
6 26 0 1 1 0 0 1
6 27 1 1 0 0 1 0
6 28 0 0 1 1 0 1
6 29 1 0 0 0 0 1
7 4 0 0 0 0 1 1
7 5 0 0 1 0 0 0
7 6 0 1 1 1 1 1
7 7 0 1 1 1 0 0
7 8 1 1 0 0 0 1
7 9 1 1 0 1 1 0
7 11 0 0 0 0 1 1
7 12 1 0 1 1 1 1
7 13 0 0 0 1 0 0
7 14 1 0 0 0 1 0
7 16 0 0 1 1 0 0
7 17 1 1 0 1 1 0
7 18 0 0 0 0 1 1
7 19 0 1 1 0 1 1
7 21 0 0 0 0 1 1
7 22 1 0 1 1 1 1
7 23 1 1 1 0 1 1
7 24 0 1 0 1 1 0
7 25 0 0 1 0 1 0
7 26 0 0 0 1 0 1
7 28 0 0 0 1 0 0
7 29 1 0 0 0 1 0
7 30 0 1 1 0 1 0
7 31 1 0 0 0 0 1
8 4 0 0 1 0 1 0
8 5 1 0 0 1 0 1
8 6 0 0 0 0 1 1
8 7 0 0 1 1 1 1
8 9 0 1 1 0 0 1
8 10 1 1 0 0 1 0
8 11 0 0 1 0 1 1
8 12 1 0 0 1 0 1
8 14 0 1 0 1 0 1
8 15 1 1 0 1 1 0
8 16 0 1 1 0 1 0
8 17 1 0 0 0 0 1
8 18 0 0 0 0 0 1
8 19 0 1 1 0 0 0
8 21 0 0 0 0 0 1
8 22 1 0 0 0 1 0
8 23 0 0 0 1 1 1
8 24 0 0 0 0 1 0
8 25 0 0 1 1 0 0
8 26 1 0 0 1 0 1
8 27 0 0 0 1 0 0
8 28 0 0 1 0 1 1
8 29 1 0 0 0 0 1
9 14 0 0 0 0 1 1
9 15 0 0 1 0 0 0
9 16 0 1 1 0 0 1
9 17 1 1 0 0 1 0
9 18 0 0 1 1 0 1
9 19 1 0 0 0 0 1
9 20 0 0 1 1 0 1
9 21 1 0 0 1 1 0
9 23 0 0 1 1 1 0
9 24 0 1 0 1 1 0
9 25 0 1 1 0 1 0
9 26 1 0 0 0 0 1
9 28 0 1 0 0 1 1
9 29 1 1 0 1 0 0
9 30 0 0 0 0 0 1
9 31 1 0 0 0 0 1
11 3 0 1 1 0 1 0
11 4 1 0 0 0 0 1
11 6 0 1 0 1 0 1
11 7 1 1 0 1 1 0
11 8 0 1 1 0 1 0
11 9 1 0 0 0 0 1
11 10 0 0 0 0 0 1
11 11 0 1 1 0 0 0
11 13 0 0 0 0 0 1
11 14 1 1 1 1 0 0
11 15 0 0 0 0 1 1
11 16 0 1 0 0 1 1
11 17 1 0 0 0 0 1
11 20 1 0 1 1 1 1
11 21 0 0 0 0 0 1
11 22 1 1 1 0 1 0
11 24 0 1 1 0 0 1
11 25 1 1 0 0 1 0
11 26 0 0 1 1 0 1
11 27 1 0 0 0 0 1
11 28 0 0 1 1 0 1
11 29 1 0 0 1 1 0
12 5 0 0 0 0 1 1
12 6 0 0 1 0 0 0
12 7 0 1 1 1 1 1
12 8 0 1 1 1 0 0
12 9 1 1 0 0 0 1
12 10 1 1 0 1 1 0
12 12 0 0 0 0 1 1
12 13 1 0 1 1 1 1
12 14 0 0 0 1 0 0
12 15 1 0 0 0 1 0
12 17 0 0 1 1 0 0
12 18 1 1 0 1 1 0
12 19 0 0 0 0 1 1
12 20 0 1 1 0 1 1
12 22 0 0 0 0 1 1
12 23 1 0 1 1 1 1
12 24 1 1 1 0 1 1
12 25 0 1 0 1 1 0
12 26 0 0 1 0 1 0
12 27 0 0 0 1 0 1
12 29 0 0 0 1 0 0
12 30 1 0 0 0 1 0
12 31 0 0 1 0 0 1
13 4 1 1 1 0 1 1
13 5 0 1 0 1 1 0
13 6 0 1 0 0 0 1
13 7 1 1 0 1 0 0
13 9 0 0 0 0 1 1
13 10 1 1 0 0 0 1
13 11 0 0 0 1 0 0
13 12 1 0 0 0 1 0
13 13 0 1 1 0 1 0
13 14 1 0 0 0 0 1
13 16 0 0 1 1 0 0
13 17 1 1 0 1 1 0
13 18 1 0 1 0 1 1
13 19 0 0 0 1 1 0
13 20 0 0 0 0 0 1
13 21 0 1 1 0 0 0
13 23 0 0 0 0 1 0
13 24 1 0 1 1 1 1
13 25 0 0 0 1 0 0
13 26 1 0 1 1 0 0
13 27 1 1 0 0 1 1
13 28 0 0 0 0 1 0
13 29 1 0 1 0 0 1
14 9 0 0 0 0 1 1
14 10 0 0 1 0 0 0
14 11 0 0 1 0 1 1
14 12 1 0 0 0 0 1
14 13 0 0 0 0 1 1
14 14 1 0 1 1 1 1
14 15 0 0 1 1 0 1
14 16 1 0 0 1 1 0
14 18 0 0 0 0 1 1
14 19 1 0 1 1 1 1
14 20 1 1 1 0 1 1
14 21 0 1 0 1 1 0
14 23 0 1 0 0 0 1
14 24 1 1 0 1 0 1
14 25 1 1 1 0 1 0
14 26 1 1 0 0 1 1
14 28 0 1 1 1 1 0
14 29 1 1 0 1 1 0
14 30 0 1 1 0 0 1
14 31 1 0 0 0 0 1
15 2 1 1 1 0 1 1
15 3 0 1 0 1 1 0
15 4 0 1 0 0 0 1
15 5 1 1 0 1 0 0
15 7 0 0 0 0 1 1
15 8 1 1 0 0 0 1
15 9 0 0 0 1 0 0
15 10 1 0 0 0 1 0
15 11 0 1 1 0 1 0
15 12 1 0 0 0 0 1
15 14 0 0 1 1 0 0
15 15 1 1 0 1 1 0
15 16 0 0 1 1 1 1
15 17 1 1 0 1 0 1
15 18 0 0 0 0 0 1
15 19 0 1 1 0 0 0
15 21 0 0 0 0 1 1
15 22 0 0 1 1 0 0
15 23 0 0 0 1 0 1
15 24 0 0 0 0 1 1
15 25 0 1 0 0 1 1
15 26 1 0 0 0 0 1
15 27 0 0 0 1 0 0
15 28 1 0 0 0 1 0
15 29 0 1 0 1 1 0
16 16 0 0 0 0 1 1
16 17 0 0 1 0 0 0
16 18 0 1 1 1 1 1
16 19 0 1 1 1 0 0
16 20 1 1 0 0 0 1
16 21 1 1 0 1 1 0
16 23 0 0 0 0 1 1
16 24 1 0 1 1 1 1
16 25 0 0 0 1 0 0
16 26 1 0 0 0 1 0
16 28 0 0 1 1 0 1
16 29 0 1 1 1 0 0
16 30 0 0 1 1 0 1
16 31 1 0 0 1 1 0
17 3 1 1 1 0 1 1
17 4 0 1 0 1 1 0
17 5 0 1 0 0 0 1
17 6 1 1 0 1 0 0
17 8 0 0 0 0 1 1
17 9 1 1 0 0 0 1
17 10 0 0 0 1 0 0
17 11 1 0 0 0 1 0
17 12 0 1 1 0 1 0
17 13 1 0 0 0 0 1
17 15 0 0 1 1 0 0
17 16 1 1 0 1 1 0
17 17 1 0 1 0 1 1
17 18 0 0 0 1 1 0
17 19 0 0 0 0 0 1
17 20 0 1 1 0 0 0
17 22 0 0 0 0 1 0
17 23 0 0 1 1 0 0
17 24 1 0 0 1 1 1
17 25 0 0 0 0 1 1
17 26 1 0 1 1 0 0
17 27 0 0 0 1 0 0
17 28 1 0 0 0 1 0
17 29 0 0 0 1 0 1
18 26 0 0 0 0 1 1
18 27 0 0 1 0 0 0
18 28 0 1 1 1 1 1
18 29 0 1 1 1 0 0
18 30 1 1 0 0 0 1
18 31 1 1 0 1 1 0
20 3 0 0 0 0 1 1
20 4 0 0 1 0 0 0
20 5 0 0 0 0 1 1
20 6 1 0 1 0 0 1
20 7 0 1 0 1 1 0
20 8 1 0 1 0 1 0
20 9 1 0 0 1 1 1
20 11 1 1 1 1 1 1
20 12 0 1 0 1 1 0
20 13 1 0 0 0 1 0
20 14 0 0 0 1 1 0
20 16 0 0 0 0 1 1
20 17 0 1 1 1 0 0
20 18 0 0 0 0 1 1
20 19 0 0 1 1 0 0
20 20 0 1 0 1 1 0
20 22 0 0 0 0 1 1
20 23 0 0 1 1 1 1
20 24 0 0 0 0 0 1
20 25 0 1 1 0 0 0
20 27 1 0 1 1 1 1
20 28 0 0 0 0 0 1
20 29 1 1 1 0 1 0
21 3 1 1 1 0 1 1
21 4 0 1 0 1 1 0
21 5 0 1 0 0 0 1
21 6 1 1 0 1 0 0
21 8 0 0 0 0 1 1
21 9 1 1 0 0 0 1
21 10 0 0 0 1 0 0
21 11 1 0 0 0 1 0
21 12 0 1 1 0 1 0
21 13 1 0 0 0 0 1
21 15 0 0 1 1 0 0
21 16 1 1 0 1 1 0
21 17 1 0 1 0 1 1
21 18 0 0 0 1 1 0
21 19 0 0 0 0 0 1
21 20 0 1 1 0 0 0
21 22 0 0 0 1 0 0
21 23 0 0 1 0 1 1
21 24 1 0 0 1 1 0
21 25 0 0 0 1 0 0
21 26 1 0 1 1 0 0
21 27 1 1 0 0 1 1
21 28 0 0 0 0 1 0
21 29 0 1 1 0 1 1
22 26 0 0 0 0 1 1
22 27 0 0 1 0 0 0
22 28 0 1 1 1 1 1
22 29 0 1 1 1 0 0
22 30 1 1 0 0 0 1
22 31 1 1 0 1 1 0
23 3 1 1 1 0 1 1
23 4 0 1 0 1 1 0
23 5 0 1 0 0 0 1
23 6 1 1 0 1 0 0
23 8 0 0 0 0 1 1
23 9 1 1 0 0 0 1
23 10 0 0 0 1 0 0
23 11 1 0 0 0 1 0
23 12 0 1 1 0 1 0
23 13 1 0 0 0 0 1
23 15 1 0 1 1 0 0
23 16 1 1 0 1 1 0
23 17 0 0 1 1 0 1
23 18 1 0 0 1 1 0
23 19 0 0 0 0 0 1
23 20 0 1 1 0 0 0
23 22 0 0 0 0 1 0
23 23 0 0 1 1 0 0
23 24 1 0 0 1 0 1
23 25 0 0 0 0 1 0
23 26 0 0 1 0 1 0
23 27 0 1 0 1 1 0
23 28 0 0 0 0 1 0
23 29 0 1 1 0 1 1
24 26 0 0 0 0 1 1
24 27 0 0 1 0 0 0
24 28 0 1 1 1 1 1
24 29 0 1 1 1 0 0
24 30 1 1 0 0 0 1
24 31 1 1 0 1 1 0
25 4 0 0 0 0 1 1
25 5 1 0 1 1 1 1
25 6 0 0 0 1 0 0
25 7 1 0 0 0 1 0
25 9 0 0 1 0 1 1
25 10 1 0 0 1 1 0
25 11 0 1 1 0 1 0
25 12 1 1 0 1 0 0
25 14 0 0 1 1 0 0
25 15 1 1 0 1 1 0
25 16 1 0 1 0 1 1
25 17 0 0 0 1 1 0
25 18 0 0 0 0 0 1
25 19 0 1 1 0 0 0
25 21 0 0 0 1 0 0
25 22 0 0 1 1 0 0
25 23 0 0 0 1 1 0
25 24 0 0 0 0 1 0
25 25 0 1 0 1 0 1
25 26 1 1 0 1 1 0
25 27 0 0 0 0 1 1
25 28 0 0 1 1 0 1
25 29 1 0 0 1 1 0
26 26 0 0 0 0 1 1
26 27 0 0 1 0 0 0
26 28 0 1 1 1 1 1
26 29 0 1 1 1 0 0
26 30 1 1 0 0 0 1
26 31 1 1 0 1 1 0
27 2 1 0 0 0 1 0
27 3 0 0 1 0 0 0
