-0.30
32 52 80 102 133 153 183 205 236 257 288 309 340 360 393 414 488 516 547 567 600 621 652 673 703 725 756 776 808 829 859 879 910 932 962 983 1015 1035 1062 1088 1119 1139 1166 1186 1221 1242 1272 1293 1325 1345 1376 1399 1426 1446 1480 1501 1531 1552 1579 1599 1626 1646
65 85 105 143 164 186 227 248 269 310 331 352 393 415 436 476 497 518 556 576 596 634 654 674 712 732 752 790 810 830 868 888 908 946 966 986 1024 1044 1064 1102 1122 1142 1180 1200 1220 1258 1278 1298 1336 1356 1376 1414 1434 1454 1492 1512 1532 1570 1590 1610 1648 1668 1688 1726 1746 1766 1804 1824 1844 1882 1902 1922 1960 1980 2000 2038 2058 2078 2116 2136 2156 2189 2211 2231 2271 2290 2310
2 2 1 1 0 1 1 0
2 3 0 0 1 1 1 0
2 4 1 0 0 0 1 1
2 5 1 1 1 0 1 1
2 6 0 0 0 0 0 1
2 7 0 1 1 0 0 0
3 4 0 0 1 1 1 0
3 5 0 1 0 0 0 0
3 6 1 1 0 0 1 0
3 7 0 0 1 1 1 0
3 8 0 1 1 0 0 0
3 9 0 0 0 0 1 1
3 10 0 0 1 0 0 0
3 11 1 0 0 0 1 1
3 12 1 1 1 0 0 1
3 13 1 0 0 1 1 0
3 14 0 1 0 0 1 1
3 16 0 0 1 1 0 0
3 17 0 1 0 0 1 1
3 18 0 1 0 1 0 0
3 19 1 0 0 0 0 0
3 20 0 0 1 1 1 0
3 21 0 1 1 0 0 0
3 23 1 0 0 1 1 0
3 24 0 0 1 0 1 0
3 25 1 1 0 0 1 0
3 26 0 1 1 1 1 1
3 28 1 1 0 1 0 0
3 29 1 0 1 0 0 1
4 2 0 0 1 0 0 1
4 3 1 0 0 0 1 1
4 4 1 0 1 0 0 1
4 6 0 1 0 1 0 0
4 7 1 0 0 0 0 0
4 8 1 1 1 1 0 1
4 10 1 1 0 1 0 0
4 11 1 0 1 0 0 1
4 12 1 1 0 1 1 0
4 13 0 0 1 1 1 0
4 14 1 0 0 0 1 1
4 15 1 1 1 0 1 1
4 16 0 0 0 0 0 1
4 17 0 1 1 0 0 0
5 4 1 1 0 1 1 0
5 5 1 0 1 1 0 1
5 6 0 0 1 0 0 0
5 7 1 0 0 1 0 1
5 8 0 1 1 0 0 0
5 9 0 0 0 0 1 1
5 10 0 0 1 0 0 0
5 11 1 1 0 0 0 0
5 12 0 1 1 1 0 1
5 13 1 1 0 1 1 0
5 14 1 0 0 0 0 1
5 16 0 0 1 1 0 0
5 17 0 1 0 0 1 1
5 18 0 1 0 1 0 0
5 19 1 0 0 0 0 0
5 20 0 0 1 1 1 0
5 21 0 1 1 0 0 0
5 23 1 0 0 1 1 0
5 24 0 0 1 0 1 0
5 25 1 1 0 0 1 0
5 26 0 1 1 1 1 1
5 28 1 1 0 1 1 0
5 29 0 0 1 1 1 0
6 2 0 0 1 0 0 1
6 3 1 0 0 0 1 1
6 4 1 1 1 0 1 1
6 5 0 0 0 0 0 1
6 6 0 1 1 0 0 0
28 27 0 0 0 0 0 1
28 28 0 1 0 1 0 0
28 29 0 1 0 1 0 0
28 30 0 1 0 1 0 0
