-0.30
40 61 92 114 144 165 195 216 247 269 299 320 351 372 403 424 455 475 506 527 558 580 610 631 662 682 714 735 765 787 818 838 869 890 920 942 973 994 1024 1045 1078 1098 1129 1150 1180 1201 1232 1253 1284 1305 1336 1357 1387 1408 1439 1460 1491 1512 1543 1564 1595 1615 1646 1667
11 32 53 92 115 136 175 197 219 259 280 301 341 362 383 426 447 469 509 530 551 587 608 630 670 692 714 752 773 795 835 856 878 918 939 960 996 1017 1039 1079 1099 1121 1161 1183 1203 1242 1264 1285 1324 1346 1368 1408 1428 1450 1489 1511 1533 1572 1594 1615 1654 1676 1697 1736 1757 1779 1819 1841 1862 1901 1922 1943 1982 2003 2024 2063 2084 2105 2144 2165 2186 2225 2246 2267
3 6 1 1 1 0 1 0
3 7 0 1 0 1 1 0
3 8 0 0 0 0 0 1
3 9 1 1 1 0 1 0
3 10 1 0 1 1 0 0
3 11 0 0 0 1 1 0
3 13 0 0 0 0 1 0
3 14 0 0 1 0 0 1
3 15 0 0 1 1 0 1
3 16 1 1 0 1 1 1
3 17 1 0 0 0 1 0
3 18 1 1 0 1 1 0
3 20 1 1 1 0 1 1
3 21 0 1 0 1 1 0
3 22 0 0 1 0 1 0
3 23 1 0 0 1 0 1
3 24 0 0 0 0 1 1
3 25 0 0 1 1 1 1
3 26 0 0 1 0 0 1
3 27 0 1 0 0 0 0
5 4 0 0 0 0 1 1
5 5 1 1 0 0 0 1
5 6 0 0 0 1 0 0
5 7 1 0 0 0 1 0
5 8 0 1 1 0 1 0
5 9 1 0 0 0 0 1
5 11 0 0 1 1 0 0
5 12 1 1 0 1 1 0
5 13 1 0 1 0 1 1
5 14 0 0 0 1 1 0
5 15 0 0 0 0 0 1
5 16 0 1 1 0 0 0
5 18 0 0 0 0 1 0
5 19 1 0 1 1 1 1
5 20 1 0 1 1 0 0
5 21 1 1 0 0 1 1
5 22 0 0 0 0 1 0
5 23 1 0 1 0 0 1
5 26 1 0 1 1 0 0
5 27 0 0 0 1 1 0
5 28 0 0 1 1 0 1
5 29 1 0 0 0 0 1
6 11 0 0 0 0 1 1
6 12 0 0 1 0 0 0
6 13 0 0 0 0 1 1
6 14 1 0 1 1 1 1
6 15 1 1 1 0 1 1
6 16 0 1 0 1 1 0
6 18 0 1 0 0 0 1
6 19 1 1 0 1 0 1
6 20 1 1 1 0 1 0
6 21 1 1 0 0 1 1
6 23 0 1 1 1 1 0
6 24 1 1 0 1 1 0
6 25 0 1 1 0 0 1
6 26 1 0 0 0 0 1
6 28 1 1 1 0 1 1
6 29 0 1 0 1 1 0
6 30 0 1 0 0 0 1
6 31 1 1 0 1 0 0
8 4 1 1 1 0 0 1
8 5 0 1 1 1 0 0
8 6 1 0 0 0 1 0
8 7 0 1 0 1 1 0
8 8 0 0 0 0 0 1
8 9 0 0 1 1 1 1
8 10 0 1 1 1 0 0
8 11 0 0 0 0 0 1
8 12 0 1 1 0 0 0
8 14 0 0 0 0 1 0
8 15 1 1 1 0 0 0
8 16 0 0 0 1 0 0
8 17 1 0 1 1 0 0
8 18 1 1 0 0 1 1
8 19 0 0 0 0 1 0
8 20 0 0 1 1 0 1
8 21 1 0 0 1 1 0
8 24 1 0 1 1 0 0
8 25 0 0 0 1 1 0
8 26 0 0 1 1 0 1
8 27 1 0 0 0 0 1
8 28 0 0 1 1 0 1
8 29 1 0 0 1 1 0
9 11 0 0 0 0 1 1
9 12 0 0 1 0 0 0
9 13 1 1 0 0 0 1
9 14 0 1 0 1 1 0
9 15 1 1 1 0 1 1
9 16 0 1 0 1 1 0
9 18 0 0 0 0 1 1
9 19 0 1 0 1 0 0
9 20 1 1 1 1 1 0
9 21 1 0 0 0 0 1
9 23 1 1 1 0 0 1
9 24 1 1 0 1 0 0
9 25 0 1 1 0 1 0
9 26 1 0 0 0 0 1
9 28 1 0 1 1 0 1
9 29 0 0 0 1 0 1
9 30 0 0 0 0 1 1
9 31 0 1 1 1 0 1
10 3 0 0 1 1 0 1
10 4 0 1 1 1 0 0
10 5 0 0 1 0 1 0
10 6 1 1 0 0 1 1
10 8 1 1 1 0 1 1
10 9 0 1 0 1 1 0
10 10 0 1 0 0 0 1
10 11 1 1 0 1 0 0
10 13 0 0 1 0 1 0
10 14 0 1 0 1 1 0
10 15 1 0 1 1 0 0
10 16 0 0 0 1 1 1
10 18 0 0 1 1 0 0
10 19 1 1 0 1 1 0
10 20 1 0 1 0 1 1
10 21 0 0 0 1 1 0
10 22 0 0 0 0 0 1
10 23 0 1 1 0 0 0
10 25 0 0 0 0 1 0
10 26 0 0 1 1 1 1
10 27 1 0 0 1 1 0
10 28 0 0 0 0 1 0
10 29 0 0 1 1 0 1
11 21 0 0 0 0 1 1
11 22 0 0 1 0 0 0
11 23 0 0 0 0 1 1
11 24 1 0 1 1 1 1
11 25 1 1 1 0 1 1
11 26 0 1 0 1 1 0
11 28 0 0 0 0 1 1
11 29 1 0 1 0 0 1
11 30 1 1 0 0 0 1
11 31 1 1 0 1 1 0
13 2 0 0 0 0 1 1
13 3 0 0 1 0 0 0
13 4 0 0 0 0 1 1
13 5 1 0 1 0 0 1
13 6 0 1 0 1 1 0
13 7 1 0 1 0 1 0
13 8 1 0 0 1 1 1
13 10 1 1 1 1 1 1
13 11 0 1 0 1 1 0
13 12 1 0 0 0 1 0
13 13 0 0 0 1 1 0
13 15 0 0 0 0 1 1
13 16 0 1 1 1 0 0
13 17 0 0 0 0 1 1
13 18 0 0 1 1 0 0
13 19 0 1 0 1 1 0
13 21 0 0 0 0 1 1
13 22 0 0 1 1 1 1
13 23 0 0 0 0 0 1
13 24 0 1 1 0 0 0
13 26 0 0 0 0 0 1
13 27 1 1 1 0 1 0
13 28 1 0 1 1 0 0
13 29 0 0 0 1 1 0
14 5 1 1 1 0 1 1
14 6 0 1 0 1 1 0
14 8 0 1 1 0 0 1
14 9 1 1 0 0 1 0
14 10 0 0 1 0 1 1
14 11 1 0 0 1 0 1
14 13 0 0 0 0 1 1
14 14 0 1 1 1 0 0
14 15 0 0 1 1 0 0
14 16 1 1 0 1 1 0
14 17 0 0 1 1 1 1
14 18 1 1 0 1 0 1
14 19 0 0 0 0 0 1
14 20 0 1 1 0 0 0
14 22 0 0 0 1 0 0
14 23 0 0 1 1 0 0
14 24 0 0 0 0 1 1
14 25 1 0 1 1 0 0
14 26 1 1 0 1 1 0
14 27 0 0 0 0 1 1
14 28 1 1 1 1 1 1
14 29 0 1 0 1 1 0
15 27 0 0 0 0 1 1
15 28 0 0 1 0 0 0
15 29 1 1 0 0 0 1
15 30 0 1 0 1 1 0
15 31 0 0 1 0 0 1
16 3 0 1 1 0 1 0
16 4 1 0 0 0 0 1
16 6 1 0 1 1 0 1
16 7 0 0 0 1 0 1
16 8 0 0 0 0 1 1
16 9 0 1 1 1 0 1
16 11 1 1 1 0 0 1
16 12 0 1 1 1 0 0
16 13 1 0 0 0 1 0
16 14 0 1 0 1 1 0
16 15 0 0 0 0 0 1
16 16 0 0 1 1 1 1
16 17 0 1 1 1 0 0
16 18 0 0 0 0 0 1
16 19 0 1 1 0 0 0
16 21 0 0 0 1 0 0
16 22 0 0 1 0 1 1
16 23 0 0 0 1 0 1
16 24 0 0 0 0 0 1
16 25 0 1 0 0 1 1
16 26 0 0 0 1 1 0
16 27 0 0 0 1 0 0
16 28 0 0 1 0 1 1
16 29 1 0 0 0 0 1
17 17 0 0 0 0 1 1
17 18 0 0 1 0 0 0
17 19 1 1 0 0 0 1
17 20 0 1 0 1 1 0
17 21 1 1 1 0 1 1
17 22 0 1 0 1 1 0
17 24 0 0 0 0 1 1
17 25 0 1 0 1 0 0
17 26 1 1 1 1 1 0
17 27 1 0 0 0 0 1
17 29 1 1 1 0 0 1
17 30 1 1 0 1 0 0
17 31 0 0 1 0 0 1
18 4 1 1 1 0 1 1
18 5 0 1 0 1 1 0
18 7 0 1 1 0 0 1
18 8 1 1 0 0 1 0
18 9 0 0 1 0 1 1
18 10 1 0 0 1 0 1
18 12 0 0 0 0 1 1
18 13 0 1 1 1 0 0
18 14 0 0 1 1 0 0
18 15 1 1 0 1 1 0
18 16 0 0 1 1 1 1
18 17 1 1 0 1 0 1
18 18 0 0 0 0 0 1
18 19 0 1 1 0 0 0
18 21 0 0 0 0 1 0
18 22 1 1 1 0 0 1
18 23 1 0 0 1 1 1
18 24 0 0 0 0 1 1
18 25 0 0 1 1 0 1
18 26 0 1 1 1 0 0
18 27 0 0 0 1 0 0
18 28 0 1 1 1 1 1
18 29 1 0 0 0 0 1
19 27 0 0 0 0 1 1
19 28 0 0 1 0 0 0
19 29 1 1 0 0 0 1
19 30 0 1 0 1 1 0
19 31 0 0 1 0 0 1
20 2 1 1 1 0 0 1
20 3 1 1 0 1 0 0
20 4 0 1 1 0 1 0
20 5 1 0 0 0 0 1
20 7 1 0 1 1 0 1
20 8 0 0 0 1 0 1
20 9 0 0 0 0 1 1
20 10 0 1 1 1 0 1
20 12 1 1 1 0 0 1
20 13 0 1 1 1 0 0
20 14 1 0 0 0 1 0
20 15 0 1 0 1 1 0
20 16 0 0 0 0 0 1
20 17 0 0 1 1 1 1
20 18 0 1 1 1 0 0
20 19 0 0 0 0 0 1
20 20 0 1 1 0 0 0
20 22 0 0 0 1 0 0
20 23 0 1 0 0 1 1
20 24 1 1 0 0 1 1
20 25 0 0 0 0 1 0
20 26 0 1 0 0 1 0
20 27 0 0 0 0 1 1
20 28 1 0 1 1 1 0
20 29 0 1 0 1 1 0
21 21 0 0 0 0 1 1
21 22 0 0 1 0 0 0
21 23 1 1 0 0 0 1
21 24 0 1 0 1 1 0
21 25 1 1 1 0 1 1
21 26 0 1 0 1 1 0
21 28 0 0 0 0 1 1
21 29 0 1 0 1 0 0
21 30 1 1 1 1 1 0
21 31 1 0 0 0 0 1
22 3 0 1 1 0 1 0
22 4 1 0 0 0 0 1
22 6 1 0 1 1 0 1
22 7 0 0 0 1 0 1
22 8 0 0 0 0 1 1
22 9 0 1 1 1 0 1
22 11 1 1 1 0 0 1
22 12 0 1 1 1 0 0
22 13 1 0 0 0 1 0
22 14 0 1 0 1 1 0
22 15 0 0 0 0 0 1
22 16 0 0 1 1 1 1
22 17 0 1 1 1 0 0
22 18 0 0 0 0 0 1
22 19 0 1 1 0 0 0
22 21 0 0 0 1 0 0
22 22 0 0 1 1 0 1
22 23 1 0 0 0 1 1
22 24 0 0 0 1 0 0
22 25 0 0 1 1 0 1
22 26 1 0 0 0 1 1
22 27 0 0 0 0 0 1
22 28 0 0 1 0 1 1
22 29 1 1 0 1 0 0
23 17 0 0 0 0 1 1
23 18 0 0 1 0 0 0
23 19 1 1 0 0 0 1
23 20 0 1 0 1 1 0
23 21 1 1 1 0 1 1
23 22 0 1 0 1 1 0
23 24 0 0 0 0 1 1
23 25 0 1 0 1 0 0
23 26 1 1 1 1 1 0
23 27 1 0 0 0 0 1
23 29 1 1 1 0 0 1
23 30 1 1 0 1 0 0
23 31 0 0 1 0 0 1
