0.20
26 46 74 95 125 146 177 198 229 250 281 302 333 354 385 405 436 458 488 509 540 561 592 612 644 665 696 716 747 768 800 820 851 872 902 923 954 975 1006 1028 1058 1079 1110 1131 1162 1184 1214 1235 1266 1287 1317 1338 1370 1390 1422 1442 1473 1495 1525 1545 1576 1598 1625 1645
97 117 137 175 196 218 256 276 296 339 361 382 424 446 467 505 525 545 586 607 628 669 691 712 751 772 793 832 854 875 913 933 953 995 1016 1038 1077 1098 1120 1159 1179 1201 1242 1263 1284 1323 1345 1366 1406 1427 1449 1488 1509 1530 1571 1593 1613 1652 1674 1695 1735 1756 1778 1817 1839 1860 1898 1918 1938 1976 1996 2016 2054 2074 2094 2132 2152 2172 2210 2230 2250
2 6 0 0 0 0 1 0
2 7 0 0 1 0 0 1
2 8 1 1 1 0 0 1
2 9 0 1 1 0 0 0
2 10 1 0 1 1 0 0
2 11 0 1 0 0 0 1
2 12 1 1 0 0 1 0
2 13 0 1 1 1 1 1
2 15 1 1 0 1 1 0
2 16 0 1 0 1 0 0
2 17 1 1 1 1 1 0
2 18 1 0 1 0 0 1
2 19 0 0 1 0 0 1
2 20 0 1 0 0 0 0
2 22 1 1 0 0 0 0
2 23 1 0 0 1 0 1
2 24 0 1 0 1 1 1
2 25 0 0 1 0 0 0
2 26 1 1 0 0 1 0
2 27 0 1 0 1 1 1
4 4 0 0 1 1 0 0
4 5 1 0 1 0 0 1
4 6 1 1 0 0 0 0
4 7 1 0 0 1 0 1
4 10 0 0 1 1 0 1
4 11 0 1 0 0 0 0
4 12 0 1 1 1 1 0
4 13 1 0 0 1 0 1
4 14 1 1 1 1 0 1
4 15 0 1 0 0 0 0
4 17 0 0 0 0 1 1
4 18 0 0 1 0 0 0
4 19 1 1 0 0 0 0
4 20 0 1 1 1 0 1
4 21 1 1 0 1 1 0
4 22 1 0 0 0 0 1
4 24 0 0 1 1 0 0
4 25 0 1 0 0 1 1
4 26 0 1 0 1 0 0
4 27 1 0 0 0 0 0
4 28 0 0 1 1 1 0
4 29 0 1 1 0 0 0
5 2 1 0 0 1 1 0
5 3 0 0 1 0 1 0
5 4 1 1 0 0 1 0
5 5 0 1 1 1 1 1
5 7 0 0 1 1 0 0
5 8 0 0 1 0 1 1
5 9 1 1 0 1 1 0
5 10 1 1 0 0 1 1
5 12 0 1 1 1 1 0
5 13 0 1 0 1 1 1
5 14 1 0 1 1 1 0
5 15 0 0 1 0 1 0
5 17 1 1 0 0 1 0
5 18 0 1 1 1 1 1
5 19 1 1 1 1 0 1
5 20 0 1 1 0 0 0
5 21 0 0 0 0 0 1
5 22 0 1 1 0 0 0
7 4 1 1 0 1 0 0
7 5 1 0 1 0 0 1
7 6 0 0 1 1 0 0
7 7 1 0 1 0 0 1
7 8 1 1 0 0 0 0
7 9 1 0 0 1 0 1
7 12 1 1 0 1 0 0
7 13 1 0 1 0 0 1
7 14 0 1 0 0 0 0
7 15 0 1 1 1 1 0
7 16 1 0 0 1 0 1
7 17 1 0 0 0 0 0
7 18 0 0 0 1 1 1
7 19 0 1 0 0 0 0
7 21 0 0 0 0 1 1
7 22 0 0 1 0 0 0
7 23 1 0 0 0 1 1
7 24 1 1 1 0 0 1
7 25 0 0 1 0 0 0
7 26 1 1 0 0 1 0
7 27 0 1 0 1 0 0
7 28 1 0 0 0 1 1
7 29 0 0 1 1 1 1
8 2 1 0 1 0 1 1
8 3 0 1 1 0 0 0
8 4 1 0 1 0 0 0
8 5 1 0 1 1 0 1
8 7 0 0 1 1 0 0
8 8 0 1 0 0 1 1
8 9 1 0 0 1 1 0
8 10 0 0 1 1 1 1
8 12 0 0 1 1 0 0
8 13 1 1 0 1 1 1
8 14 1 0 0 0 1 0
8 15 0 1 1 0 0 0
8 17 1 1 0 0 1 0
8 18 0 1 1 1 1 1
8 19 1 1 0 0 1 0
8 20 0 0 1 1 1 0
8 21 0 0 0 0 0 1
8 22 0 1 1 0 0 0
9 4 1 0 1 0 0 1
9 5 0 1 0 0 0 0
9 6 1 1 0 1 0 0
9 7 1 1 1 0 0 1
9 8 0 1 0 0 0 0
9 10 0 0 0 0 1 1
9 11 0 0 1 0 0 0
9 12 1 1 0 0 0 0
9 13 0 1 1 1 0 1
9 14 1 1 0 1 1 0
9 15 1 0 0 0 0 1
9 17 1 1 1 0 0 0
9 18 1 0 0 1 0 1
9 19 1 1 0 0 1 0
9 20 0 1 0 0 0 1
9 22 1 0 0 1 1 0
9 23 0 0 1 0 1 0
9 24 1 1 0 0 1 0
9 25 0 1 1 1 1 1
9 27 0 1 1 1 1 0
9 28 0 1 0 0 0 1
9 29 1 0 0 0 1 1
9 30 1 0 1 0 0 1
10 2 1 1 0 1 1 0
10 3 0 0 1 1 1 0
10 4 0 0 1 1 0 1
10 5 0 1 1 0 0 0
10 7 1 1 0 0 1 0
10 8 0 1 1 1 1 1
10 9 1 1 1 1 0 1
10 10 0 1 1 0 0 0
10 11 0 0 0 0 0 1
10 12 0 1 1 0 0 0
12 4 1 1 0 0 0 0
12 5 1 0 0 1 0 1
12 6 0 1 0 1 1 1
12 7 0 0 1 0 0 0
12 9 0 0 0 0 1 1
12 10 0 0 1 0 0 0
12 11 1 1 1 0 0 1
12 12 0 1 1 0 0 0
12 14 1 1 0 0 1 0
12 15 1 0 0 0 0 1
12 16 0 1 1 0 0 0
12 17 1 0 0 0 1 1
12 18 0 1 1 0 0 0
12 20 1 1 0 0 0 0
12 21 0 1 0 1 0 0
12 22 1 1 0 0 1 0
12 23 1 1 1 1 1 1
12 25 1 1 1 1 0 0
12 26 0 1 0 1 0 1
12 27 1 1 0 0 1 0
12 28 0 0 1 1 0 1
12 29 0 1 1 0 0 0
12 30 0 0 0 0 0 1
12 31 0 1 1 0 0 0
13 4 1 1 0 0 1 0
13 5 1 1 1 1 1 1
13 6 0 1 1 0 0 0
13 7 1 1 0 1 1 0
13 8 1 0 0 1 0 1
13 9 0 1 1 0 0 0
13 10 1 0 0 0 0 1
13 11 1 0 0 0 0 0
13 13 0 0 0 0 1 1
13 14 0 0 1 0 0 0
13 15 1 0 1 1 1 0
13 16 1 1 1 0 0 1
13 17 1 1 0 1 1 0
13 18 1 0 0 0 0 1
13 19 1 0 0 0 1 1
13 20 0 1 1 0 0 0
13 22 1 0 1 1 0 0
13 23 0 1 1 0 0 1
13 24 0 1 0 1 1 0
13 25 0 0 1 0 1 1
13 27 1 1 0 0 1 0
13 28 0 1 1 1 1 1
14 2 0 0 1 0 0 1
14 3 1 1 0 0 1 0
14 4 0 0 1 1 1 0
14 5 0 0 0 0 0 1
14 6 0 1 1 0 0 0
15 4 0 0 1 1 0 0
15 5 0 1 1 0 0 1
15 6 1 0 0 0 0 0
15 7 1 1 0 0 0 0
15 8 0 1 1 0 1 0
15 9 0 0 1 0 0 0
15 10 1 0 1 0 0 0
15 11 0 1 1 0 0 1
15 12 1 0 0 0 0 0
15 14 0 0 0 0 1 1
15 15 0 0 1 0 0 0
15 16 1 0 0 0 1 1
15 17 1 1 1 0 0 1
15 18 0 0 1 0 0 0
15 19 1 1 0 0 1 0
15 20 0 1 0 1 0 0
15 21 1 0 0 0 1 1
15 22 0 0 1 1 1 1
15 24 1 0 1 0 1 1
15 25 0 1 1 0 0 0
15 26 1 0 1 0 0 0
15 27 1 0 1 1 0 1
15 29 0 0 1 1 0 0
15 30 0 1 0 0 1 1
16 2 0 0 1 0 0 1
16 3 1 0 0 1 1 0
16 4 0 0 1 1 1 1
16 6 0 0 1 1 0 0
16 7 1 1 0 1 1 1
16 8 1 0 0 0 1 0
16 9 0 1 1 0 0 0
16 11 1 1 0 0 1 0
16 12 0 1 1 1 1 1
16 13 1 1 0 0 1 0
16 14 0 0 1 1 1 0
16 15 0 0 0 0 0 1
16 16 0 1 1 0 0 0
17 4 0 0 1 1 0 0
17 5 1 1 1 0 1 1
17 6 1 0 0 0 0 0
17 7 1 0 0 0 1 1
17 8 1 0 1 0 0 1
17 9 0 1 1 0 0 0
17 10 1 1 1 1 0 0
17 11 0 0 1 1 1 1
17 12 0 1 0 0 0 0
17 14 0 0 0 0 1 1
17 15 0 0 1 0 0 0
17 16 1 0 1 1 1 0
17 17 1 1 1 0 0 1
17 18 1 1 0 1 1 0
17 19 1 0 0 0 0 1
17 20 1 0 0 0 1 1
17 21 0 1 1 0 0 0
17 23 1 0 1 1 0 0
17 24 0 1 1 0 0 1
17 25 0 1 0 1 1 0
17 26 0 0 1 0 1 1
17 28 1 1 0 0 1 0
17 29 0 1 1 1 1 1
18 2 0 0 1 0 0 1
18 3 1 1 0 0 1 0
18 4 0 0 1 1 1 0
18 5 0 0 0 0 0 1
18 6 0 1 1 0 0 0
19 4 1 1 0 0 1 0
19 5 1 1 0 1 0 1
19 6 0 1 1 0 0 0
19 7 0 1 0 0 1 0
19 8 0 1 0 0 0 0
19 9 0 1 1 1 1 0
19 10 0 1 1 0 1 0
19 11 1 0 0 0 0 0
19 13 0 0 0 0 1 1
19 14 0 0 1 0 0 0
19 15 1 0 0 0 1 1
19 16 1 1 1 0 0 1
19 17 0 0 1 0 0 0
19 18 1 1 0 0 1 0
19 19 0 1 0 1 0 0
19 20 1 0 0 0 1 1
19 21 0 0 1 1 1 1
19 23 1 0 1 0 1 1
19 24 0 1 1 0 0 0
19 25 1 0 1 0 0 0
19 26 1 0 1 1 0 1
19 28 0 0 1 1 0 0
19 29 0 1 0 0 1 1
19 30 1 0 0 1 1 0
19 31 0 0 1 1 1 1
20 2 0 0 1 1 0 0
20 3 1 1 0 1 1 1
20 4 1 0 0 0 1 0
20 5 0 1 1 0 0 0
20 7 1 1 0 0 1 0
20 8 0 1 1 1 1 1
20 9 1 1 0 0 1 0
20 10 0 0 1 1 1 0
20 11 0 0 0 0 0 1
20 12 0 1 1 0 0 0
21 4 1 0 0 1 1 0
21 5 0 1 1 0 0 1
21 6 0 0 1 0 0 0
21 7 0 1 1 1 0 0
21 8 1 0 1 0 0 1
21 9 1 0 0 0 0 0
21 10 0 1 1 1 0 0
21 11 1 0 1 0 0 1
21 12 1 0 0 0 0 0
21 14 0 0 0 0 1 1
21 15 0 0 1 0 0 0
21 16 1 0 0 0 1 1
21 17 1 1 1 0 0 1
21 18 0 0 1 0 0 0
21 19 1 1 0 0 1 0
21 20 0 1 0 1 0 0
21 21 1 0 0 0 1 1
21 22 0 0 1 1 1 1
21 24 1 0 1 0 1 1
21 25 0 1 1 0 0 0
21 26 1 0 1 0 0 0
21 27 1 0 1 1 0 1
21 29 0 0 1 1 0 0
21 30 0 1 0 0 1 1
22 2 0 0 1 0 0 1
22 3 1 0 0 1 1 0
22 4 0 0 1 1 1 1
22 6 0 0 1 1 0 0
22 7 1 1 0 1 1 1
22 8 1 0 0 0 1 0
22 9 0 1 1 0 0 0
22 11 1 1 0 0 1 0
22 12 0 1 1 1 1 1
22 13 1 1 0 0 1 0
22 14 0 0 1 1 1 0
22 15 0 0 0 0 0 1
22 16 0 1 1 0 0 0
