0.20
35 56 86 104 136 157 190 209 240 261 289 310 344 365 395 416 446 469 500 521 552 573 603 623 654 677 707 728 756 778 808 829 861 882 915 936 967 986 1017 1037 1068 1089 1121 1142 1172 1193 1224 1244 1275 1295 1327 1349 1379 1401 1430 1452 1483 1504 1534 1556 1586 1608 1639 1660
59 80 101 141 162 185 223 245 267 307 329 350 390 411 433 474 495 517 557 578 599 639 660 681 721 742 763 803 824 845 885 906 927 967 988 1009 1049 1070 1091 1131 1152 1173 1213 1234 1255 1295 1316 1337 1377 1398 1419 1459 1480 1501 1541 1562 1583 1623 1644 1665 1705 1726 1747 1787 1808 1835 1875 1896 1917 1957 1978 1999 2039 2060 2081 2121 2142 2163 2186 2207 2228 2274 2295 2316
2 25 0 0 0 0 1 1
2 26 0 0 1 0 0 0
2 27 0 1 1 1 1 1
2 28 0 1 1 1 0 0
2 29 1 1 0 0 0 1
2 30 1 1 0 1 1 0
3 3 0 0 1 1 0 1
3 4 1 0 0 1 1 0
3 6 1 1 1 0 1 1
3 7 0 1 0 1 1 0
3 8 0 1 0 0 0 1
3 9 1 1 0 1 0 0
3 11 0 0 0 0 1 1
3 12 1 1 0 0 0 1
3 13 0 0 0 1 0 0
3 14 1 0 0 0 1 0
3 15 0 1 1 0 1 0
3 16 1 0 0 0 0 1
3 18 0 1 1 0 1 0
3 19 1 1 0 1 0 0
3 20 0 0 1 1 1 1
3 21 0 1 1 1 0 0
3 22 0 0 0 0 0 1
3 23 0 1 1 0 0 0
3 24 0 0 0 0 1 1
3 25 1 1 0 0 0 1
3 26 0 1 0 1 1 0
3 27 0 0 0 0 1 0
3 28 1 1 0 0 0 1
4 15 0 0 0 0 1 1
4 16 0 0 1 0 0 0
4 17 0 1 1 1 1 1
4 18 0 1 1 1 0 0
4 19 1 1 0 0 0 1
4 20 1 1 0 1 1 0
4 21 0 0 1 1 0 1
4 22 1 0 0 1 1 0
4 24 1 0 1 1 1 1
4 25 0 0 0 1 0 0
4 26 1 0 0 0 1 0
4 28 0 0 1 1 0 1
4 29 0 1 1 1 0 0
4 30 0 0 1 0 0 1
5 3 1 1 0 0 0 1
5 4 1 1 0 1 1 0
5 6 1 1 1 0 1 1
5 7 0 1 0 1 1 0
5 8 0 1 0 0 0 1
5 9 1 1 0 1 0 0
5 11 0 0 0 0 1 1
5 12 1 1 0 0 0 1
5 13 0 0 0 1 0 0
5 14 1 0 0 0 1 0
5 15 0 1 1 0 1 0
5 16 1 0 0 0 0 1
5 18 0 0 1 1 0 0
5 19 1 1 0 1 1 0
5 20 1 0 1 0 1 1
5 21 0 0 0 1 1 0
5 22 0 0 0 0 0 1
5 23 0 1 1 0 0 0
5 24 0 0 0 0 1 1
5 25 1 0 1 1 0 0
5 26 0 0 0 0 0 1
5 27 1 0 1 1 0 1
5 28 1 1 0 1 1 0
6 26 0 0 0 0 1 1
6 27 0 0 1 0 0 0
6 28 0 1 1 1 1 1
6 29 0 1 1 1 0 0
6 30 0 0 1 0 0 1
27 2 1 0 0 0 1 0
27 3 1 0 0 0 1 0
27 4 1 0 0 0 1 0
27 5 0 0 1 0 0 0
