37 57 88 107 138 158 189 210 238 259 290 311 342 364 395 418 447 467 498 518 549 569 603 622 653 672 706 727 758 778 811 831 862 883 913 933 967 987 1017 1037 1069 1090 1124 1145 1171 1191 1222 1246 1278 1298 1328 1347 1379 1401 1433 1452 1483 1506 1537 1556 1588 1607 1638 1658
58 79 100 141 163 185 225 247 268 309 330 350 391 413 434 475 496 517 558 579 600 641 662 683 724 745 766 807 828 849 890 911 932 973 994 1015 1056 1077 1098 1139 1160 1181 1222 1243 1264 1305 1326 1347 1388 1409 1430 1471 1492 1513 1554 1575 1596 1637 1658 1679 1720 1741 1762 1803 1824 1845 1886 1907 1928 1969 1990 2011 2052 2073 2094 2135 2156 2177 2218 2239 2260
2 26 0 0 0 0 0 1
2 29 0 1 0 0 0 0
2 30 1 0 0 0 0 1
2 31 0 1 0 1 0 0
3 3 0 0 0 0 0 1
3 4 0 0 0 1 1 0
3 6 1 0 1 0 1 1
3 7 0 0 0 0 1 0
3 8 0 0 0 0 0 1
3 9 0 1 0 0 0 0
3 12 1 0 0 0 0 1
3 13 0 0 0 1 0 0
3 14 1 0 0 0 1 0
3 15 0 1 1 0 1 0
3 16 1 0 0 0 0 1
3 19 0 1 0 1 0 0
3 20 0 0 1 1 1 1
3 21 0 0 1 1 0 0
3 23 0 0 1 0 0 0
3 26 1 1 0 0 0 1
3 27 0 1 0 1 0 0
3 28 0 0 0 0 1 0
3 29 0 0 0 0 0 1
4 15 0 0 0 0 1 0
4 17 0 1 1 1 0 0
4 18 0 1 1 0 0 0
4 19 1 1 0 0 0 0
4 20 1 1 0 1 1 0
4 21 0 0 0 0 0 1
4 22 1 0 0 1 1 0
4 24 0 0 0 0 1 0
4 25 1 0 1 1 1 0
4 30 0 1 0 1 0 0
4 31 0 0 1 0 0 1
5 3 1 0 0 0 0 0
5 4 0 0 0 0 1 0
5 6 0 1 1 0 0 0
5 9 1 1 0 0 0 0
5 12 0 0 0 0 0 1
5 14 1 0 0 0 0 0
5 16 1 0 0 0 0 0
5 18 0 0 1 0 0 0
5 19 1 1 0 0 0 0
5 20 0 0 1 0 1 0
5 21 0 0 0 1 0 0
5 28 0 0 1 0 0 0
5 29 1 0 0 0 0 0
6 29 0 0 0 0 0 1
6 30 0 0 1 0 0 0
6 31 0 0 1 0 0 0
