0.10
28 48 76 97 128 148 179 201 232 253 284 304 335 356 388 409 439 460 492 513 543 564 595 616 647 668 699 720 751 772 802 823 855 876 907 928 959 979 1011 1032 1063 1083 1115 1136 1167 1187 1218 1239 1271 1292 1322 1343 1374 1394 1426 1447 1479 1499 1531 1551 1582 1602 1629 1649
38 58 78 116 139 159 204 224 244 282 304 325 366 388 409 449 470 492 533 554 576 615 637 658 699 720 741 781 802 823 865 886 907 948 969 990 1030 1051 1073 1113 1135 1155 1197 1218 1239 1279 1300 1322 1362 1384 1405 1445 1467 1488 1529 1551 1571 1612 1633 1654 1695 1716 1738 1778 1800 1820 1862 1884 1905 1945 1967 1987 2028 2050 2071 2112 2133 2154 2192 2212 2237 2275 2295 2315
2 15 1 0 1 0 0 0
2 16 1 0 0 1 0 1
2 17 1 0 0 1 0 1
2 18 0 1 0 0 0 0
4 4 0 0 0 1 1 0
4 5 1 0 1 0 0 0
4 6 1 1 1 1 0 1
4 7 1 1 0 1 1 0
4 8 1 0 1 0 1 0
4 10 1 0 1 1 0 0
4 11 0 1 1 0 0 1
4 12 0 1 0 1 1 0
4 13 0 0 1 0 1 1
4 15 0 1 0 1 0 0
4 16 1 0 0 0 0 0
4 17 1 1 1 0 0 0
4 18 0 0 1 1 1 0
4 20 1 1 1 0 0 1
4 21 0 1 1 0 0 0
4 22 1 0 1 1 0 0
4 23 0 1 0 0 0 1
4 25 0 0 1 1 0 0
4 26 0 1 0 0 1 1
4 27 1 0 0 1 1 0
4 28 0 0 1 1 1 1
4 30 0 0 1 1 0 0
4 31 1 1 0 0 1 1
5 2 0 0 1 0 0 1
5 3 1 0 0 0 1 0
5 4 0 1 1 0 0 0
5 6 0 1 1 1 1 0
5 7 0 1 0 0 1 1
5 8 1 1 0 0 0 0
5 9 1 0 0 1 0 1
5 11 1 1 0 1 1 0
5 12 0 0 1 1 1 0
5 13 1 0 0 1 0 0
5 14 0 1 0 1 0 1
5 15 0 0 0 0 1 0
5 17 1 0 0 0 1 1
5 19 1 1 0 1 1 0
5 20 0 0 1 0 1 1
5 21 1 1 0 1 1 0
5 22 0 0 1 1 0 1
5 24 1 1 0 1 1 0
5 25 1 0 1 0 1 0
5 26 1 1 0 1 1 0
5 27 1 1 0 1 0 1
6 2 0 0 0 0 1 0
6 3 0 0 1 0 0 1
6 4 1 0 1 1 0 0
6 5 0 1 1 0 0 1
6 6 0 1 0 1 1 0
6 7 0 0 1 0 1 1
6 9 1 1 1 0 0 1
6 10 0 1 1 0 0 0
6 11 1 0 1 1 0 0
6 12 0 1 0 0 0 1
6 14 1 1 0 1 1 0
6 15 0 1 0 0 1 1
6 16 1 0 1 0 1 1
6 17 1 0 1 0 1 0
6 19 0 0 0 1 1 0
6 20 1 0 0 0 1 1
6 21 0 1 0 0 0 0
6 22 1 1 1 0 1 0
6 23 0 1 1 0 0 0
6 24 1 0 1 0 0 1
6 25 0 0 1 0 0 0
6 26 0 0 0 1 1 0
6 28 1 0 0 0 1 1
6 29 0 1 0 0 0 0
6 30 1 0 0 0 1 1
6 31 1 0 0 0 0 0
7 2 1 1 0 1 0 0
7 3 0 1 1 0 0 1
7 4 1 1 1 0 0 1
7 5 0 1 1 0 0 0
7 6 0 0 1 0 0 1
7 7 0 1 0 0 0 0
7 9 0 0 1 1 0 0
7 10 0 1 0 0 1 1
7 12 1 1 0 1 1 1
7 13 0 1 0 0 0 0
7 14 1 0 0 0 1 1
7 15 1 1 1 0 0 1
7 17 1 0 1 1 0 0
7 18 0 1 1 0 0 1
7 19 0 1 0 1 1 0
7 20 0 0 1 0 1 1
7 22 0 1 0 1 0 0
7 23 1 0 0 0 0 0
7 24 1 1 1 0 0 0
7 25 0 0 1 1 1 0
7 27 1 1 1 0 0 1
7 28 0 1 1 0 0 0
7 29 1 0 1 1 0 0
7 30 0 1 0 0 0 1
8 2 0 0 1 1 0 0
8 3 1 1 0 1 1 1
8 4 1 0 0 0 1 0
8 5 0 1 1 0 0 0
8 7 1 1 0 1 1 0
8 8 0 0 1 1 1 0
8 9 1 0 0 1 0 0
8 10 0 1 0 1 0 1
8 12 1 1 0 1 1 0
8 13 0 1 0 1 1 1
8 14 1 1 0 1 0 0
8 15 1 1 1 0 0 1
8 16 1 1 0 0 1 0
8 17 1 1 1 1 1 1
8 19 1 1 0 1 1 0
8 20 1 0 0 1 0 1
8 21 1 0 0 0 1 1
8 22 0 1 0 0 0 1
8 24 1 0 0 1 1 0
8 26 0 0 1 1 1 0
8 27 1 0 1 0 0 0
8 28 1 1 0 0 1 1
8 29 0 0 0 0 1 0
9 2 1 1 0 1 1 0
9 3 1 0 0 0 1 0
9 4 1 1 0 0 1 0
9 5 0 1 0 0 0 1
9 7 1 0 0 1 1 0
9 8 0 1 1 0 0 1
9 9 1 0 1 0 0 0
9 10 1 0 0 1 0 1
9 12 1 0 1 0 1 0
9 13 1 1 0 1 1 0
9 14 1 0 1 0 1 0
9 16 1 0 1 1 0 0
9 17 0 1 1 0 0 1
9 18 0 1 0 1 1 0
9 19 0 0 1 0 1 1
9 21 0 1 0 1 0 0
9 22 1 0 0 0 0 0
9 23 1 1 1 0 0 0
9 24 0 0 1 1 1 0
9 26 1 1 1 0 0 1
9 27 0 1 1 0 0 0
9 28 1 0 1 1 0 0
9 29 0 1 0 0 0 1
10 2 1 1 0 1 1 0
10 3 0 0 1 1 1 0
10 4 0 0 1 1 0 1
10 5 0 1 1 0 0 0
10 7 1 1 0 0 1 0
10 8 0 1 0 0 0 1
10 10 1 1 1 0 0 0
10 11 1 1 0 0 0 1
10 12 1 1 1 1 1 0
10 13 0 1 1 0 1 1
10 15 1 1 0 0 1 0
10 16 1 0 0 1 0 1
10 17 0 0 1 1 0 0
10 18 0 1 1 0 1 1
10 20 0 1 0 1 0 0
10 21 0 0 1 0 0 0
10 22 1 1 0 1 1 0
10 23 0 1 0 1 0 0
10 25 0 1 0 1 1 1
10 26 0 1 1 0 0 0
10 27 1 1 1 0 0 0
10 28 0 1 0 1 0 1
10 30 1 1 0 1 0 0
10 31 0 0 1 0 1 0
11 2 0 0 1 0 0 1
11 3 0 0 1 1 0 0
11 4 1 1 1 0 0 1
11 6 1 1 0 0 1 0
11 7 0 0 1 1 0 1
11 8 0 0 1 1 1 0
11 9 0 0 0 0 1 0
11 11 1 1 0 0 1 1
11 12 0 1 0 0 0 0
11 14 0 0 1 1 0 0
11 15 0 1 0 0 1 1
11 16 1 1 0 1 1 0
11 17 1 0 1 0 1 0
11 19 1 0 1 1 0 0
11 20 0 1 1 0 0 1
11 21 0 1 0 1 1 0
11 22 0 0 1 0 1 1
11 24 1 1 1 0 0 1
11 25 0 1 1 0 0 0
11 26 1 0 1 1 0 0
11 27 0 1 0 0 0 1
11 29 0 0 1 1 0 0
11 30 0 0 1 0 0 0
12 2 0 0 1 0 0 1
12 3 1 0 0 1 1 0
12 4 0 1 1 0 1 0
12 6 0 0 1 1 0 0
12 7 0 1 0 0 1 1
12 8 1 1 0 0 1 0
12 9 1 1 0 0 0 1
12 11 1 0 1 0 1 1
12 12 1 0 1 0 0 1
12 13 0 0 1 1 0 0
12 14 1 0 0 0 0 0
12 16 1 0 1 0 0 0
12 17 1 1 1 1 0 1
12 18 1 1 0 1 1 0
12 19 1 0 1 0 1 0
12 21 1 1 0 0 0 0
12 22 1 0 1 0 0 1
12 23 1 1 0 1 0 0
12 24 0 0 1 0 1 1
12 26 1 0 1 1 0 0
12 27 0 1 1 0 0 1
12 28 0 1 0 1 1 0
12 29 0 0 1 0 1 1
13 2 1 1 1 0 0 1
13 3 0 1 1 0 0 0
13 4 1 0 1 1 0 0
13 5 0 1 0 0 0 1
13 7 1 0 0 1 1 0
13 8 0 0 1 0 1 0
13 9 0 0 1 1 0 0
13 10 0 1 0 0 1 1
13 11 0 0 1 1 0 0
13 12 1 1 0 1 1 1
13 14 1 1 0 0 1 0
13 15 0 1 1 1 1 1
13 16 1 1 0 0 1 0
13 17 0 0 1 1 1 0
13 18 0 0 0 1 0 0
13 20 0 0 1 1 0 0
13 21 0 1 0 0 1 1
13 22 0 1 0 1 0 0
13 23 1 0 0 0 0 0
13 24 0 0 1 1 1 0
13 25 0 1 1 0 0 0
13 27 1 0 0 1 1 0
13 28 0 0 1 0 1 0
13 29 1 1 0 0 1 0
13 30 0 1 1 1 1 1
14 2 1 1 0 0 1 0
14 3 0 1 0 0 0 1
14 5 0 0 1 1 0 0
14 6 0 1 0 0 1 1
14 7 0 1 0 1 0 0
14 8 1 0 0 0 0 0
14 10 0 1 0 1 0 0
14 11 1 0 0 0 0 0
14 12 1 1 1 0 0 0
14 13 0 0 1 1 1 0
14 15 1 1 0 1 1 0
14 16 0 1 0 1 0 0
14 17 1 1 0 1 1 0
14 18 1 1 1 0 1 1
14 20 1 0 0 1 1 0
14 22 0 0 1 1 0 0
14 23 1 1 0 1 1 1
14 24 1 1 0 1 1 0
14 25 1 1 0 1 0 1
14 27 1 1 0 1 1 0
14 28 0 0 1 1 1 0
14 29 1 0 0 0 1 1
14 30 1 1 1 0 1 1
15 2 1 1 0 0 0 0
15 3 1 0 0 1 0 1
15 4 1 1 0 0 1 0
15 5 1 0 0 0 1 0
15 7 1 1 0 1 1 1
15 8 1 1 1 1 1 0
15 9 0 0 1 1 1 1
15 11 1 0 0 1 1 0
15 13 1 0 1 1 0 0
15 14 0 1 1 0 0 1
15 15 0 1 0 1 1 0
15 16 0 0 1 0 1 1
15 18 1 1 1 0 0 1
15 19 0 1 1 0 0 0
15 20 1 0 1 1 0 0
15 21 0 1 0 0 0 1
15 23 0 0 1 1 0 0
15 24 0 1 0 0 1 1
15 25 1 0 0 1 1 0
15 26 0 0 1 1 1 1
15 28 0 0 1 1 0 0
15 29 1 1 0 1 1 1
15 30 1 0 0 0 1 0
15 31 0 1 1 0 0 0
16 2 0 1 1 1 1 0
16 3 0 1 0 0 1 1
16 4 1 1 0 0 0 0
16 5 1 0 0 1 0 1
16 7 1 1 0 1 1 0
16 8 0 0 1 1 1 0
16 9 1 0 0 1 0 0
16 10 0 1 0 1 0 1
16 11 0 0 0 0 1 0
16 12 0 1 1 0 0 0
17 4 1 1 0 0 0 0
17 5 0 0 1 0 1 1
17 6 0 1 1 1 1 0
17 7 0 1 1 0 1 0
17 9 1 1 0 1 1 0
17 10 0 0 1 1 1 0
17 11 1 0 0 1 0 0
17 12 0 1 0 1 0 1
17 14 1 0 0 1 0 0
17 15 0 1 0 1 0 1
17 16 1 0 0 1 1 1
17 17 1 1 1 0 0 0
17 18 0 1 0 0 0 1
17 20 0 0 1 1 0 0
17 21 0 1 0 0 1 1
17 22 0 1 0 1 0 0
17 23 1 0 0 0 0 0
17 24 0 0 1 1 1 0
17 25 0 1 1 0 0 0
17 27 1 0 0 1 1 0
17 28 0 0 1 0 1 0
17 29 1 1 0 0 1 0
17 30 0 1 1 1 1 1
17 31 0 0 0 1 0 0
18 2 0 0 1 1 0 0
18 3 0 1 0 0 1 1
18 4 0 1 0 1 0 0
18 5 1 0 0 0 0 0
18 7 1 1 1 0 0 0
18 8 1 1 0 0 0 1
18 9 1 1 1 1 1 0
18 10 0 1 1 0 1 1
18 12 1 1 0 1 1 0
18 13 0 1 0 1 0 0
18 14 1 1 0 1 1 0
18 15 1 1 1 0 1 1
18 17 0 0 1 1 0 1
18 18 0 0 1 0 0 0
18 20 1 0 1 1 0 0
18 21 0 1 1 0 0 1
18 22 0 1 0 1 1 0
18 23 0 0 1 0 1 1
18 25 0 1 1 1 1 0
18 26 0 1 0 0 0 1
18 27 1 1 0 1 1 0
18 28 0 0 1 1 1 0
18 30 1 1 1 1 0 1
18 31 0 1 1 0 0 0
19 2 0 0 1 0 0 1
19 3 1 1 0 0 1 0
19 4 0 0 1 1 1 0
19 6 1 1 1 0 0 0
19 7 1 0 0 1 0 1
19 8 1 1 0 0 1 0
19 9 0 1 0 0 0 1
19 11 1 1 0 0 0 0
19 12 1 0 0 1 0 1
19 13 1 1 0 0 1 0
19 14 1 0 0 0 1 0
19 16 1 0 0 1 1 0
19 18 1 1 0 1 0 0
19 19 0 1 1 0 0 1
19 20 1 0 0 0 1 1
19 21 0 1 1 0 0 0
19 22 0 0 0 0 1 0
19 24 1 1 0 1 1 0
19 25 1 0 0 1 0 1
19 26 1 1 1 1 1 0
19 28 0 1 0 1 0 0
19 29 0 0 1 0 0 0
20 2 0 0 1 1 0 0
20 3 0 1 0 0 1 1
20 4 0 1 0 1 0 0
20 5 1 0 0 0 0 0
20 7 1 1 1 0 0 0
20 8 0 1 0 1 0 0
20 9 1 1 1 0 0 0
20 10 0 1 0 0 1 0
20 12 0 1 0 1 1 1
20 14 0 0 1 1 0 0
20 15 0 0 1 0 0 0
20 16 1 0 0 1 1 0
20 17 0 1 1 0 1 0
20 18 0 0 0 0 1 0
20 20 1 1 1 1 1 0
20 21 0 1 0 0 1 1
20 22 1 1 0 1 0 0
20 23 0 0 1 0 1 1
20 25 1 0 1 0 0 0
20 26 0 1 1 0 1 0
20 27 1 1 1 0 0 0
20 28 0 0 1 1 0 1
20 29 1 0 0 1 1 0
20 30 0 1 1 0 1 0
21 2 1 0 1 1 0 0
21 3 0 1 1 0 0 1
21 4 0 1 0 1 1 0
21 5 0 0 1 0 1 1
21 7 1 1 0 0 1 0
21 8 0 1 1 1 1 1
21 9 1 0 0 0 1 1
21 12 1 1 0 0 1 0
21 13 0 1 1 1 1 1
21 14 1 1 0 0 1 0
21 15 0 1 0 1 0 0
21 17 1 0 0 1 1 0
21 19 0 1 1 1 1 0
21 20 0 1 0 0 0 1
21 21 1 0 0 1 1 0
21 22 1 0 0 1 0 1
21 24 1 1 0 0 1 0
21 25 0 1 0 0 0 1
21 27 0 0 1 1 1 0
21 28 1 0 1 0 0 0
21 29 1 1 0 0 1 1
21 30 0 0 0 0 1 0
22 2 1 0 1 1 0 0
22 3 1 0 0 1 0 1
22 4 1 1 0 0 1 0
22 5 1 0 1 1 0 1
22 7 0 1 0 1 0 0
22 8 0 0 1 0 0 0
22 10 1 1 0 0 1 0
22 11 0 1 1 1 1 1
22 12 1 1 0 0 1 0
22 13 0 1 0 1 0 0
22 15 0 0 1 1 0 0
22 16 0 1 0 0 1 1
22 17 0 1 0 1 0 0
22 18 1 0 0 0 0 0
22 20 1 1 1 0 0 1
22 21 0 1 1 0 0 0
22 22 1 0 1 1 0 0
22 23 0 1 0 0 0 1
22 25 1 1 0 1 1 0
22 26 0 1 0 1 0 0
22 27 1 0 1 1 1 0
22 28 0 0 1 1 1 1
22 30 0 1 0 1 1 1
23 2 0 0 1 1 0 0
23 3 1 0 1 0 0 1
23 5 1 0 0 1 1 0
23 7 0 0 1 1 0 0
23 8 0 1 0 0 1 1
23 9 0 0 1 1 0 0
23 10 1 1 0 1 1 1
23 12 1 1 0 0 1 0
23 13 0 1 1 1 1 1
23 14 1 0 0 0 1 1
23 15 0 0 1 1 1 1
23 16 0 0 0 0 1 0
23 18 1 0 1 1 0 0
23 19 1 0 1 0 0 1
23 20 1 0 0 1 1 0
23 21 0 1 0 1 0 0
23 23 1 0 0 0 1 1
23 25 1 1 1 1 0 0
23 26 0 1 1 1 0 1
23 27 1 0 1 1 0 1
23 28 0 0 1 0 0 0
23 30 1 1 0 0 1 0
23 31 0 1 0 0 0 1
24 2 0 0 1 0 0 1
24 3 1 1 0 1 1 0
24 4 0 1 0 0 0 1
24 6 1 0 0 1 1 0
24 8 1 1 1 1 1 0
24 9 1 0 1 0 0 1
24 10 1 1 0 1 1 0
24 11 0 1 0 1 0 0
24 13 1 0 1 1 0 0
24 14 0 1 1 0 0 1
24 15 0 1 0 1 1 0
24 16 0 0 1 0 1 1
24 18 0 1 0 1 0 0
24 19 1 0 0 0 0 0
24 20 1 1 1 0 0 0
24 21 0 0 1 1 1 0
24 23 1 1 1 0 0 1
24 24 0 1 1 0 0 0
24 25 1 0 1 1 0 0
24 26 0 1 0 0 0 1
24 28 0 0 1 1 0 0
24 29 1 1 0 1 1 1
24 30 1 0 0 0 1 0
24 31 0 1 1 0 0 0
25 2 0 1 0 1 1 0
25 3 0 0 1 0 1 1
25 4 1 0 0 1 0 0
25 5 0 1 0 1 0 1
25 6 0 0 0 0 1 0
25 7 0 1 1 0 0 0
25 8 1 0 1 0 1 1
25 9 0 1 0 1 0 1
25 11 1 1 0 0 0 0
25 12 1 0 0 1 0 1
25 13 1 1 0 0 1 0
25 14 1 0 0 0 1 0
25 16 1 1 0 1 1 0
25 17 1 0 1 0 1 0
25 18 1 1 1 1 1 0
25 19 0 0 1 1 1 1
25 21 0 0 1 1 0 0
25 22 0 1 0 0 1 1
25 23 0 0 0 0 1 0
25 25 0 1 0 1 0 0
25 26 0 0 1 0 0 0
25 28 1 0 1 1 0 0
25 29 0 1 1 0 0 1
25 30 0 1 0 1 1 0
25 31 0 0 1 0 1 1
26 2 1 1 0 0 1 0
26 3 0 1 1 1 1 1
26 4 1 0 0 0 1 1
26 5 0 0 1 1 1 1
26 7 0 1 0 1 1 1
26 9 0 0 1 1 0 0
26 10 0 1 0 0 1 1
26 11 1 1 0 0 1 0
26 12 1 1 0 0 0 1
26 13 0 0 0 0 1 0
26 15 1 1 0 1 1 0
26 16 1 0 0 1 0 1
26 17 1 1 1 1 1 0
26 19 0 1 0 1 0 0
26 20 0 0 1 0 0 0
26 22 0 0 0 1 1 0
26 23 0 1 1 1 0 0
26 24 1 1 1 0 0 1
26 25 1 1 0 1 1 0
26 26 0 1 0 1 0 0
26 27 1 0 0 0 0 0
26 28 0 0 0 1 1 0
27 30 0 0 0 0 0 1
27 31 1 1 1 0 0 1
21 10 0 0 1 1 1 1
