0.10
34 55 86 107 138 159 189 211 242 263 294 314 346 367 398 418 449 471 502 523 554 575 605 626 657 678 709 730 762 782 813 834 865 886 917 938 968 990 1020 1042 1072 1093 1124 1146 1176 1197 1228 1249 1280 1301 1332 1353 1384 1405 1436 1457 1487 1509 1540 1560 1591 1612 1643 1664
69 90 111 151 173 194 234 255 276 317 339 359 400 421 442 482 503 525 565 586 608 647 669 690 731 752 773 812 834 856 897 918 939 979 1001 1022 1062 1083 1105 1145 1167 1187 1228 1251 1272 1311 1332 1354 1394 1416 1437 1477 1499 1520 1561 1582 1604 1643 1665 1686 1727 1749 1770 1810 1831 1852 1893 1915 1937 1976 1998 2019 2059 2081 2103 2144 2165 2186 2226 2247 2268
2 2 1 0 0 0 1 0
2 3 1 1 0 1 1 0
2 5 0 1 1 0 0 1
2 6 0 0 0 1 1 0
2 7 1 0 0 0 1 0
2 8 1 1 0 1 1 0
2 10 1 0 0 0 0 0
2 11 0 1 0 0 1 0
2 12 0 0 0 1 1 1
2 13 1 0 0 0 1 0
2 14 0 0 0 1 1 1
2 16 0 1 1 0 0 1
2 17 0 0 0 1 1 0
2 18 1 0 0 0 1 0
2 19 1 1 0 1 1 0
2 21 1 0 0 0 0 0
2 22 0 1 1 1 0 0
2 23 0 0 0 1 0 0
2 24 1 0 0 0 0 1
2 26 0 1 1 0 0 1
2 27 0 0 0 1 1 0
2 28 1 0 0 0 1 0
2 29 1 1 0 1 1 0
2 30 0 0 0 0 0 1
2 31 0 1 1 0 0 0
3 2 1 0 0 0 1 0
3 3 0 1 0 1 1 0
3 5 1 0 0 0 0 0
3 6 0 0 1 1 0 0
3 7 0 1 0 1 1 0
3 8 1 1 1 0 1 1
3 9 0 1 0 1 1 0
3 10 0 0 1 0 1 0
3 11 0 0 0 1 0 1
3 13 1 0 1 0 0 1
3 14 0 0 0 0 0 1
3 15 1 0 1 1 0 0
3 16 0 1 0 1 0 1
3 17 1 0 0 0 0 1
3 19 0 1 0 0 0 0
3 20 0 1 1 0 0 1
3 21 0 0 0 1 1 0
3 22 0 1 1 0 0 1
3 23 1 1 0 1 1 0
3 25 1 1 1 0 1 0
3 27 0 0 0 0 1 1
3 28 0 0 1 0 0 0
3 29 1 1 1 0 0 1
3 30 1 1 0 1 0 1
3 31 0 0 1 0 0 1
4 6 1 0 0 0 0 0
4 7 0 0 0 0 1 1
4 8 1 1 1 1 0 0
4 9 0 0 0 0 1 0
4 10 0 1 1 1 0 0
4 11 1 1 0 0 0 0
4 13 0 0 1 1 0 1
4 14 1 1 0 1 1 1
4 15 0 0 1 1 0 1
4 16 1 1 0 0 1 1
4 18 0 1 0 0 0 0
4 19 0 0 1 1 0 0
4 20 0 1 0 1 1 0
4 21 0 0 1 1 1 0
4 22 1 1 0 1 1 0
4 23 1 0 1 1 0 0
4 24 0 1 0 1 1 0
4 26 1 0 0 0 0 0
4 27 0 0 1 1 0 0
4 28 0 1 0 1 1 0
4 29 0 1 1 0 1 0
4 30 1 1 0 0 1 1
4 31 0 0 1 0 0 1
5 3 0 0 1 0 1 0
5 4 0 1 1 1 0 0
5 6 1 1 1 0 0 1
5 7 1 1 0 1 1 1
5 8 0 0 1 0 1 0
5 9 0 0 0 1 0 1
5 11 1 0 1 0 1 0
5 12 0 1 1 1 0 1
5 13 0 0 0 0 1 1
5 14 0 1 0 0 0 0
5 15 0 0 1 0 1 0
5 16 0 1 1 1 0 1
5 17 0 0 0 0 1 0
5 18 1 0 1 1 1 1
5 20 1 1 0 1 0 0
5 22 1 1 0 0 0 0
5 23 0 0 0 0 1 1
5 24 1 1 1 1 0 0
5 25 0 1 1 1 1 1
5 26 1 1 0 1 1 0
5 28 1 0 0 0 0 0
5 29 0 0 0 0 1 1
5 30 1 1 1 1 0 0
5 31 0 1 1 1 1 0
6 2 0 0 0 1 0 0
6 3 1 0 0 0 1 0
6 5 1 1 1 0 1 0
6 6 1 1 0 1 0 0
6 8 1 1 1 0 1 0
6 9 0 1 0 1 1 0
6 10 0 0 1 0 1 0
6 11 0 1 1 1 0 0
6 13 1 0 1 1 0 0
6 14 0 0 0 1 0 1
6 15 0 0 1 1 0 1
6 16 1 0 0 1 0 1
6 18 1 1 1 0 1 0
6 19 1 1 0 1 0 0
6 20 0 1 1 0 0 1
6 21 1 0 0 0 0 1
6 23 0 1 0 0 0 0
6 24 1 0 1 1 0 0
6 25 1 0 0 1 0 1
6 26 0 0 1 0 1 1
6 27 1 0 0 1 1 0
6 29 0 0 0 0 1 1
6 30 1 0 0 0 0 1
6 31 0 0 1 0 0 1
7 4 1 1 0 0 0 1
7 5 1 1 0 1 1 0
7 6 0 0 1 0 1 0
7 7 1 1 0 0 1 1
7 9 0 0 1 0 1 0
7 10 1 1 0 1 1 0
7 12 1 0 0 0 1 0
7 13 1 1 0 1 1 0
7 14 0 0 0 0 0 1
7 15 1 0 0 0 1 0
7 17 0 1 1 1 1 0
7 18 0 0 0 1 0 1
7 19 1 0 1 0 0 1
7 20 0 1 0 1 1 0
7 22 1 1 0 1 0 0
7 24 0 0 1 0 1 0
7 25 1 0 0 1 0 1
7 26 0 0 0 0 1 1
7 27 0 0 1 1 1 1
7 29 1 1 0 0 0 1
7 30 0 0 0 1 1 1
7 31 0 0 1 0 0 1
8 2 1 1 1 0 1 1
8 3 0 1 0 1 1 0
8 4 1 1 0 0 0 1
8 5 1 1 0 1 1 0
8 7 1 1 0 1 0 0
8 9 1 0 1 1 0 0
8 10 0 0 0 1 1 0
8 11 0 1 0 1 0 1
8 12 1 1 0 1 0 0
8 14 1 0 0 0 1 0
8 15 0 1 0 1 1 0
8 16 1 0 0 0 1 0
8 17 1 1 0 0 1 1
8 19 0 1 1 1 0 0
8 20 0 0 0 1 0 0
8 21 1 0 0 0 0 1
8 23 0 1 0 0 1 1
8 24 1 1 0 1 0 0
8 25 0 0 0 0 1 1
8 26 1 0 1 0 0 1
8 28 1 1 0 0 0 1
8 29 0 1 0 1 1 0
8 30 0 0 0 0 1 1
8 31 1 0 1 1 1 1
9 3 0 0 0 0 1 1
9 4 0 0 1 1 1 1
9 6 0 1 1 0 0 1
9 7 1 1 0 0 1 0
9 8 0 0 1 0 1 1
9 9 1 0 0 1 0 1
9 11 0 1 0 0 0 0
9 12 1 1 1 0 1 0
9 13 0 1 1 0 0 1
9 14 1 1 0 0 1 0
9 16 0 0 0 0 1 1
9 17 1 0 0 0 0 1
9 18 1 0 0 0 1 0
9 20 1 1 1 0 1 0
9 21 0 1 0 1 1 0
9 22 0 0 0 0 0 1
9 23 1 1 1 0 1 0
9 24 1 0 1 1 0 0
9 25 0 0 0 1 1 0
9 27 0 1 0 0 0 0
9 28 1 0 0 0 1 0
9 29 1 1 0 0 1 1
9 30 0 0 1 1 1 1
9 31 1 1 0 1 0 1
10 4 0 0 1 1 1 1
10 5 0 0 0 1 1 0
10 6 0 0 1 1 1 1
10 7 1 0 0 0 1 1
10 8 1 0 0 0 1 0
10 9 1 1 0 1 0 0
10 11 1 0 1 0 1 0
10 12 0 1 1 1 0 1
10 14 1 0 1 0 1 0
10 15 1 0 0 1 0 0
10 16 1 1 0 0 0 1
10 17 1 1 0 1 1 0
10 19 0 0 0 0 1 1
10 20 0 1 0 1 0 0
10 21 1 1 1 1 1 0
10 22 1 0 0 0 0 1
10 24 1 1 1 0 0 1
10 25 1 1 0 1 0 0
10 26 0 1 1 0 1 0
10 27 1 0 0 0 0 1
10 29 0 0 1 0 1 0
10 30 1 0 0 1 0 1
10 31 0 0 1 0 0 1
11 3 1 0 0 0 0 0
11 4 0 0 0 0 1 0
11 5 0 0 1 0 0 1
11 6 1 1 1 0 1 1
11 7 0 1 0 1 1 0
11 8 0 0 1 0 1 0
11 9 1 0 0 1 0 1
11 10 0 0 0 0 1 1
11 11 0 0 1 1 1 1
11 13 1 0 1 1 0 0
11 14 1 1 0 1 1 0
11 15 0 1 0 0 1 1
11 16 0 0 0 1 1 0
11 17 0 0 1 0 0 1
11 18 0 1 0 0 0 0
11 20 0 0 1 1 0 1
11 21 1 1 0 1 1 1
11 22 0 0 1 1 1 1
11 23 0 1 1 1 0 0
11 25 0 0 1 0 1 1
11 26 0 1 1 1 0 0
11 28 0 0 1 1 0 1
11 29 1 1 0 1 1 1
11 30 1 0 0 0 1 0
11 31 1 1 0 1 1 0
12 2 0 0 0 1 0 0
12 3 0 1 1 1 0 1
12 5 1 0 0 0 1 0
12 6 0 0 0 1 1 1
12 7 0 0 1 1 1 0
12 8 0 1 0 1 1 0
12 9 0 0 1 0 0 1
12 10 0 1 0 0 0 0
12 12 1 0 0 0 0 0
12 13 0 0 0 0 1 0
12 14 0 0 1 0 0 1
12 15 0 0 0 0 0 1
12 16 1 0 1 1 0 1
12 17 0 1 1 1 1 0
12 18 0 1 0 1 1 0
12 20 0 1 0 1 0 0
12 21 0 0 0 0 1 0
12 22 1 0 0 0 0 1
12 24 0 0 0 1 0 0
12 25 0 1 1 1 0 0
12 26 0 0 1 0 1 0
12 27 1 0 0 1 0 1
12 28 0 0 0 0 1 1
12 29 0 0 1 1 1 1
12 30 0 0 1 0 0 1
12 31 0 1 0 0 0 0
13 4 1 0 0 0 1 0
13 5 1 1 0 1 1 0
13 7 1 1 1 0 1 1
13 8 0 1 0 1 1 0
13 9 0 0 0 1 0 0
13 10 1 0 0 0 1 0
13 11 1 0 0 0 1 0
13 12 0 1 0 1 1 0
13 13 0 0 1 0 0 1
13 14 0 1 0 0 0 0
13 16 0 0 1 0 1 0
13 17 0 1 1 1 0 0
13 18 1 1 1 0 0 1
13 19 0 1 1 1 0 1
13 21 0 1 0 0 0 0
13 22 0 0 0 0 1 0
13 23 0 0 1 0 0 1
13 24 0 0 1 1 0 1
13 25 1 1 0 1 1 1
13 26 1 0 0 0 1 0
13 27 1 1 0 1 1 0
13 29 1 1 1 0 0 0
13 30 0 1 0 1 1 0
13 31 0 0 1 0 0 1
14 2 1 1 1 0 1 1
14 3 0 1 0 1 1 0
14 4 0 0 0 1 0 0
14 5 1 0 0 0 1 0
14 6 0 1 1 0 1 0
14 7 1 0 0 0 0 1
14 8 0 0 1 0 0 1
14 9 0 1 0 0 0 0
14 11 1 0 1 1 0 1
14 12 1 1 0 1 1 0
14 14 0 1 0 0 0 0
14 15 0 0 0 0 1 0
14 16 0 0 1 0 0 1
14 17 0 0 0 0 1 0
14 18 0 1 0 0 1 0
14 19 0 0 1 1 0 1
14 20 1 1 0 1 1 0
14 21 0 0 0 1 0 0
14 22 1 0 0 0 1 0
14 23 0 0 1 0 0 1
14 24 0 1 0 0 0 0
14 26 1 0 0 0 0 0
14 27 0 0 0 0 1 0
14 28 0 0 1 0 0 1
14 29 0 0 1 1 0 1
14 30 1 1 0 1 1 1
14 31 0 0 1 0 0 1
15 2 1 0 0 0 0 0
15 3 0 0 0 0 1 0
15 4 0 0 1 0 0 1
15 5 0 1 0 0 1 0
15 6 0 0 0 1 1 1
15 7 1 0 0 0 1 0
15 8 0 0 0 1 1 1
15 10 0 0 1 1 0 1
15 11 1 1 0 1 1 1
15 12 1 0 0 0 1 0
15 13 1 1 0 1 1 0
15 15 0 0 0 1 0 0
15 16 1 0 0 0 1 0
15 17 0 1 1 0 1 0
15 18 1 0 0 0 0 1
15 19 0 0 1 0 0 1
15 20 0 1 0 0 0 0
15 22 1 1 1 0 1 0
15 23 0 1 1 0 0 1
15 24 1 0 0 1 1 0
15 26 0 0 0 0 1 0
15 27 0 0 1 0 0 1
15 28 0 0 1 1 0 1
15 29 1 1 0 1 1 1
15 30 1 0 0 0 1 0
15 31 1 1 0 1 1 0
16 2 0 0 0 0 1 0
16 3 1 0 1 0 0 1
16 4 1 0 0 0 1 0
16 5 0 0 0 1 1 1
16 6 0 1 1 1 1 0
16 8 0 0 0 0 1 1
16 9 1 0 0 0 1 0
16 10 1 1 0 1 1 0
16 12 1 0 1 1 0 1
16 13 0 0 1 0 1 0
16 14 1 0 0 0 0 1
16 15 0 0 0 0 1 1
16 16 0 1 0 0 0 0
16 17 0 0 0 0 1 0
16 18 0 0 1 0 0 1
16 19 1 1 1 0 1 1
16 20 0 1 0 1 1 0
16 21 1 1 1 1 1 0
16 22 1 1 0 1 0 0
16 23 0 1 1 0 0 1
16 24 1 0 0 0 0 1
16 26 0 0 0 1 0 0
16 27 1 0 0 0 1 0
16 28 0 1 1 0 1 0
16 29 1 0 0 0 0 1
16 30 0 0 1 0 0 1
16 31 0 1 0 0 0 0
17 3 1 0 0 0 1 0
17 4 0 0 0 1 1 1
17 5 0 1 1 1 1 0
17 7 0 0 0 0 1 1
17 8 0 1 1 1 1 0
17 10 0 1 0 0 0 0
17 11 0 0 0 0 1 1
17 12 1 0 0 0 0 1
17 13 0 0 1 0 1 0
17 14 0 1 1 1 0 0
17 16 1 1 1 0 0 1
17 17 1 1 0 1 1 1
17 18 0 0 1 0 1 0
17 19 0 0 0 1 0 1
17 21 1 1 0 1 0 0
17 23 0 0 0 0 1 1
17 24 1 1 1 0 1 0
17 25 0 0 1 1 1 1
17 26 1 1 0 1 0 0
17 28 1 1 1 0 1 1
17 29 0 1 0 1 1 0
17 30 1 1 0 0 0 1
17 31 1 1 0 1 1 0
18 2 1 1 0 1 0 0
18 4 0 0 0 0 1 1
18 5 0 1 0 1 0 0
18 6 1 1 1 1 1 0
18 7 1 0 0 0 0 1
18 9 0 0 1 0 1 0
18 10 1 0 0 1 0 1
18 11 0 0 0 0 1 1
18 12 0 0 1 1 1 1
18 14 0 0 0 0 1 1
18 15 0 1 0 1 0 1
18 16 0 0 1 0 1 1
18 17 1 0 0 0 0 1
18 19 0 1 1 0 1 0
18 20 1 1 0 0 1 1
18 21 1 0 0 0 1 0
18 22 0 1 0 1 1 0
18 24 0 1 1 0 0 1
18 25 1 1 0 0 1 0
18 26 0 0 1 0 1 1
18 27 1 0 0 1 0 1
18 29 0 0 0 0 1 0
18 30 1 0 1 0 0 1
18 31 0 0 1 0 0 1
19 6 0 0 0 0 1 1
19 7 0 1 0 0 0 0
19 8 1 0 1 1 0 1
19 9 0 0 0 1 1 1
19 10 0 0 0 0 1 1
19 11 1 0 0 0 0 1
19 13 1 1 1 0 1 1
19 14 0 1 0 1 1 0
19 15 1 1 0 0 0 1
19 16 1 1 0 1 1 0
19 18 0 0 1 0 1 1
19 19 1 0 0 0 0 1
19 20 0 1 0 0 1 1
19 21 0 0 0 1 1 0
19 23 0 1 0 0 0 0
19 24 0 1 1 1 0 0
19 25 0 0 0 1 0 0
19 26 1 0 0 0 0 1
19 28 1 1 1 1 1 0
19 29 1 1 0 1 1 0
19 30 1 0 1 1 0 1
19 31 0 1 0 1 1 0
20 2 1 0 0 0 1 0
20 3 1 1 0 1 1 0
20 5 0 0 0 1 0 0
20 6 1 0 0 0 1 0
20 7 0 1 1 0 1 0
20 8 1 0 0 0 0 1
20 9 0 0 1 0 0 1
20 10 0 1 0 0 0 0
20 12 0 0 1 0 0 1
20 13 0 1 0 1 0 1
20 14 0 0 0 1 0 1
20 15 0 1 0 0 1 1
20 16 0 0 0 1 1 0
20 18 1 0 1 0 1 0
20 19 1 0 0 1 0 0
20 20 1 1 0 0 0 1
20 21 1 1 0 1 1 0
20 23 0 1 0 1 0 0
20 24 0 0 0 1 1 1
20 25 1 0 0 0 1 0
20 26 0 1 0 1 1 0
20 28 0 1 1 0 0 1
20 29 0 0 0 1 1 0
21 4 1 0 0 0 0 0
21 5 0 0 0 0 1 0
21 6 0 0 1 0 0 1
21 7 1 1 1 0 1 1
21 8 0 1 0 1 1 0
21 9 1 1 1 1 1 0
21 10 1 1 0 1 0 0
21 11 0 1 1 0 0 1
21 12 1 0 0 0 0 1
21 14 0 0 0 1 0 0
21 15 1 0 0 0 1 0
21 16 0 1 1 0 1 0
21 17 1 0 0 0 0 1
21 18 0 0 1 0 0 1
21 19 0 1 0 0 0 0
21 21 1 0 0 0 0 0
21 22 0 0 0 0 1 0
21 23 0 0 1 0 0 1
21 24 0 1 0 0 1 0
21 25 0 0 0 1 1 1
21 26 1 0 0 0 1 0
21 27 0 0 0 1 1 1
21 29 0 0 1 1 0 1
21 30 1 1 0 1 1 1
21 31 0 0 1 0 0 1
22 5 1 0 0 0 1 0
22 6 1 1 0 1 1 0
22 8 1 1 1 0 1 1
22 9 0 1 0 1 1 0
22 10 0 0 1 0 1 0
22 11 1 0 0 1 0 1
22 12 0 0 0 0 1 1
22 13 0 0 1 1 1 1
22 14 0 0 1 0 0 1
22 15 0 1 0 0 0 0
22 17 1 0 0 0 0 0
22 18 0 0 0 0 1 0
22 19 0 0 1 0 0 1
22 20 1 1 1 0 1 1
22 21 0 1 0 1 1 0
22 22 1 0 0 0 1 0
22 23 1 1 0 0 1 1
22 24 0 1 1 0 0 1
22 25 1 1 0 0 1 0
22 27 1 1 1 1 0 0
22 28 0 0 0 0 1 0
22 29 0 1 1 1 0 0
22 30 0 0 1 0 0 1
22 31 0 1 0 0 0 0
23 2 0 0 1 0 1 0
23 3 0 0 0 1 0 1
23 4 1 0 1 0 1 1
23 5 1 1 0 1 0 1
23 6 0 0 1 0 0 1
23 7 0 1 0 0 0 0
23 9 1 0 0 0 0 0
23 10 0 0 0 0 1 0
23 11 0 0 1 0 0 1
23 12 1 1 1 0 1 1
23 13 0 1 0 1 1 0
23 14 1 1 1 0 1 1
23 15 0 1 0 1 1 0
23 16 0 0 1 1 0 1
23 17 0 1 1 1 0 0
23 19 0 1 0 1 0 1
23 20 0 0 0 1 1 1
23 21 0 0 1 1 0 0
23 22 1 1 0 1 1 0
23 23 0 0 1 0 0 1
23 24 0 1 0 0 0 0
23 26 1 0 0 0 0 0
23 27 0 0 0 0 1 0
23 28 0 0 1 0 0 1
23 29 0 0 1 1 0 1
23 30 1 1 0 1 1 1
23 31 0 0 1 0 0 1
24 6 1 0 0 0 0 0
24 7 0 0 0 0 1 0
24 8 0 0 1 0 0 1
24 9 1 1 1 0 1 1
24 10 0 1 0 1 1 0
24 11 0 0 1 0 1 0
24 12 1 0 0 1 0 1
24 13 0 0 0 0 1 1
24 14 0 0 1 1 1 1
24 16 0 0 1 0 1 0
24 17 0 0 0 1 0 1
24 18 0 0 1 0 1 1
24 19 0 1 1 1 0 0
24 20 0 0 1 0 0 1
24 21 0 1 0 0 0 0
24 23 1 0 0 0 0 0
24 24 0 0 0 0 1 0
24 25 0 0 1 0 0 1
24 26 1 1 1 0 1 1
24 27 0 1 0 1 1 0
24 28 0 0 1 0 1 0
24 29 1 0 0 1 0 1
24 30 0 0 0 0 1 1
24 31 0 0 1 1 1 1
25 4 0 1 0 0 0 1
25 5 1 1 0 1 0 1
25 6 1 1 1 0 1 0
25 7 1 1 0 0 1 1
25 9 0 0 1 0 1 0
25 10 0 0 0 1 0 1
25 11 0 0 0 0 1 0
25 12 0 1 0 1 1 1
25 13 0 0 1 0 0 1
25 14 0 1 0 0 0 0
25 16 1 0 0 0 0 0
25 17 0 0 0 0 1 0
25 18 0 0 1 0 0 1
25 19 1 1 1 0 1 1
25 20 0 1 0 1 1 0
25 21 0 0 1 0 1 0
25 22 1 0 0 1 0 1
25 23 0 0 0 0 1 1
25 24 0 0 1 1 1 1
25 26 0 0 1 0 1 0
25 27 0 0 0 1 0 1
25 28 0 0 1 1 0 1
25 29 1 0 0 1 1 0
25 30 0 0 1 0 0 1
25 31 0 1 0 0 0 0
26 3 1 0 0 0 1 0
26 4 0 1 0 1 1 0
26 5 0 0 1 0 0 1
26 6 0 1 0 0 0 0
26 8 1 0 0 0 0 0
26 9 0 0 0 0 1 0
26 10 0 0 1 0 0 1
26 11 1 1 1 0 1 1
26 12 0 1 0 1 1 0
26 13 1 1 1 1 1 0
26 14 1 1 0 1 0 0
26 15 0 1 1 0 0 1
26 16 1 0 0 0 0 1
26 18 0 1 1 0 0 1
26 19 1 0 0 0 0 1
26 20 0 0 0 0 1 1
26 21 0 0 1 1 0 1
26 22 1 1 0 1 1 1
26 23 0 0 1 0 0 1
26 24 0 1 0 0 0 0
26 26 1 0 0 0 0 0
26 27 0 0 0 0 1 0
26 28 0 0 1 0 0 1
26 29 1 1 1 0 1 1
26 30 0 1 0 1 1 0
26 31 0 0 1 0 0 1
