0.10
30 51 88 108 139 159 190 211 242 263 295 315 346 367 398 419 450 471 502 522 554 574 606 626 657 678 710 730 761 782 813 834 865 886 917 938 969 990 1021 1042 1073 1094 1125 1146 1176 1197 1229 1249 1281 1302 1333 1353 1385 1405 1437 1457 1488 1509 1541 1561 1593 1613 1644 1664
22 48 69 110 131 152 193 214 235 276 297 318 360 382 403 443 464 485 527 548 570 609 630 652 692 714 735 775 796 817 859 880 901 942 963 984 1024 1045 1067 1107 1128 1149 1191 1212 1233 1273 1295 1316 1356 1377 1398 1439 1460 1481 1523 1544 1565 1605 1627 1648 1689 1710 1732 1772 1793 1815 1855 1877 1898 1938 1960 1981 2022 2043 2065 2105 2127 2147 2187 2211 2231 2272 2293 2314
2 15 0 0 0 0 1 0
2 16 1 0 1 1 0 0
2 17 1 0 1 1 0 0
2 18 0 0 0 1 0 1
4 2 0 1 1 1 1 0
4 3 1 0 0 0 0 1
4 5 1 1 1 0 0 1
4 6 1 1 0 1 0 0
4 7 0 1 1 0 1 0
4 8 1 0 0 0 0 1
4 10 0 0 1 0 1 0
4 11 1 0 0 1 0 1
4 12 0 0 0 0 1 1
4 13 0 0 1 1 1 1
4 15 1 1 0 0 0 1
4 16 0 0 0 1 1 1
4 17 0 0 0 1 0 0
4 18 1 0 0 0 1 0
4 20 0 1 1 0 0 1
4 21 1 1 0 0 1 0
4 22 0 0 1 0 1 1
4 23 1 0 0 1 0 1
4 25 0 1 0 1 0 1
4 26 1 1 0 1 1 0
4 27 1 0 1 1 1 1
4 28 0 0 0 1 0 1
4 29 1 1 0 0 0 0
5 6 1 0 1 1 1 0
5 7 1 1 0 1 1 0
5 8 0 1 0 1 0 1
5 9 1 1 0 1 1 0
5 11 1 0 1 0 0 1
5 12 1 1 0 1 1 0
5 13 0 1 1 0 0 1
5 14 1 1 0 1 1 0
5 16 0 1 1 1 0 0
5 18 0 1 0 0 0 0
5 19 1 0 1 0 1 0
5 20 1 0 0 1 0 0
5 21 1 1 0 0 0 1
5 22 1 1 0 1 1 0
5 24 1 0 1 1 0 0
5 25 0 0 0 1 1 0
5 26 0 1 1 0 1 0
5 27 1 1 0 0 1 1
5 29 0 0 0 0 1 1
5 30 0 1 0 1 0 0
5 31 0 0 1 0 0 1
6 2 0 0 0 1 0 0
6 3 0 1 1 1 0 0
6 4 0 0 0 0 1 0
6 5 0 1 1 1 0 0
6 7 1 1 0 0 0 0
6 8 0 0 0 0 0 1
6 9 0 0 1 1 0 1
6 10 0 0 0 0 1 1
6 11 0 1 0 1 1 1
6 12 0 0 0 0 1 0
6 13 0 1 1 1 0 0
6 14 1 1 0 0 0 0
6 16 0 1 0 1 0 1
6 17 0 1 1 1 0 1
6 18 0 1 1 0 1 0
6 19 1 1 0 1 1 0
6 21 0 0 1 0 1 0
6 22 1 0 0 1 0 1
6 23 0 0 0 0 1 1
6 24 0 0 1 1 1 1
6 26 0 1 1 0 0 1
6 27 1 1 0 0 1 0
6 28 0 0 1 0 1 1
6 29 1 0 0 1 0 1
6 30 0 0 1 0 0 1
6 31 0 1 0 0 0 0
7 3 0 0 1 0 1 0
7 4 1 0 0 1 0 1
7 5 0 0 0 0 1 1
7 6 0 0 1 1 1 1
7 8 1 1 0 0 0 1
7 9 0 0 0 1 1 1
7 10 0 0 0 1 0 0
7 11 1 0 0 0 1 0
7 13 0 1 1 0 0 1
7 14 1 1 0 0 1 0
7 15 0 0 1 0 1 1
7 16 1 0 0 1 0 1
7 18 0 0 1 1 1 1
7 19 0 1 1 1 0 0
7 20 0 0 0 0 1 0
7 21 1 1 1 1 1 0
7 23 0 1 1 0 1 0
7 24 1 0 0 0 0 1
7 26 0 0 0 0 1 0
7 27 0 0 1 0 0 1
7 28 0 0 0 0 1 1
7 29 0 0 1 1 1 1
7 30 0 0 1 0 1 1
7 31 1 0 0 1 1 0
8 4 0 1 0 0 0 0
8 5 0 1 1 1 1 0
8 6 0 0 0 1 0 1
8 7 1 1 0 0 0 1
8 9 1 1 0 1 0 0
8 11 0 0 1 0 1 0
8 12 0 1 1 1 0 0
8 13 1 0 1 1 0 0
8 14 1 1 0 1 1 0
8 16 1 1 1 1 1 1
8 17 0 1 0 1 1 0
8 18 0 0 1 1 1 1
8 19 1 0 0 1 1 0
8 20 1 1 1 0 1 0
8 21 1 1 0 1 1 0
8 23 1 0 1 0 1 0
8 24 1 0 0 1 0 0
8 25 1 1 0 0 0 1
8 26 1 1 0 1 1 0
8 28 0 0 0 0 1 1
8 29 0 1 0 1 0 0
8 30 1 1 1 1 1 0
8 31 1 0 0 0 0 1
9 4 0 0 1 0 1 0
9 5 1 0 0 1 0 1
9 6 0 0 0 0 1 1
9 7 0 0 1 1 1 1
9 9 1 1 0 0 0 1
9 10 0 0 0 1 1 1
9 11 0 0 0 1 0 0
9 12 1 0 0 0 1 0
9 14 0 1 1 0 0 1
9 15 1 1 0 0 1 0
9 16 0 0 1 0 1 1
9 17 1 0 0 1 0 1
9 19 0 1 0 1 0 1
9 20 1 1 0 1 1 0
9 21 0 1 0 1 0 1
9 23 1 0 1 1 0 0
9 24 0 0 0 1 0 1
9 25 0 0 1 0 1 1
9 26 1 1 0 1 0 0
9 28 0 0 1 0 1 0
9 29 0 1 0 1 1 0
9 30 0 1 0 1 0 0
9 31 1 1 0 1 1 0
10 2 0 1 0 0 0 1
10 3 1 0 0 1 1 0
10 5 1 0 1 0 1 0
10 6 0 0 0 1 1 1
10 7 0 0 0 0 1 1
10 8 1 1 1 0 1 0
10 10 1 0 0 0 1 0
10 11 1 1 0 1 1 0
10 12 0 0 0 0 0 1
10 13 1 0 0 0 1 0
10 15 0 1 1 0 1 1
10 16 1 0 0 0 0 1
10 17 1 0 1 1 0 0
10 18 0 1 0 1 1 0
10 20 0 1 1 0 1 1
10 21 1 1 0 1 1 1
10 22 0 0 1 1 1 0
10 23 0 0 0 1 1 1
10 25 0 0 1 0 1 0
10 26 0 1 0 1 1 0
10 28 0 0 0 0 1 1
10 29 1 0 1 0 0 1
10 30 1 1 0 0 0 1
10 31 1 1 0 1 1 0
11 3 0 0 0 0 0 1
11 4 1 0 0 0 0 1
11 6 0 0 1 0 1 0
11 7 1 0 0 1 0 1
11 8 0 0 0 0 1 1
11 9 0 0 1 1 1 1
11 11 0 1 1 0 0 1
11 12 1 1 0 0 1 0
11 13 0 0 1 0 1 1
11 14 1 0 0 1 0 1
11 16 0 1 0 1 0 1
11 17 1 1 0 1 1 0
11 18 0 1 1 0 1 0
11 19 1 0 0 0 0 1
11 21 0 0 0 0 1 0
11 22 0 1 1 1 1 0
11 24 0 1 0 0 0 0
11 25 1 1 0 0 0 1
11 26 1 0 1 0 0 1
11 27 0 1 0 1 1 0
11 29 0 0 1 1 1 1
11 30 1 0 0 0 0 1
11 31 0 0 1 0 0 1
12 4 0 1 1 0 0 1
12 5 1 1 0 0 1 0
12 6 0 0 1 0 1 1
12 7 1 0 0 1 0 1
12 9 0 1 1 0 0 1
12 10 1 0 0 1 1 0
12 11 0 0 1 1 0 1
12 12 0 0 0 1 1 0
12 14 0 1 0 1 0 1
12 15 1 1 0 1 1 0
12 16 1 0 1 1 1 1
12 17 0 0 0 1 0 1
12 19 0 0 0 1 0 0
12 20 1 0 0 0 0 1
12 21 0 0 1 1 0 1
12 22 0 1 1 1 0 1
12 24 0 0 1 1 1 0
12 25 0 1 0 1 1 0
12 26 0 1 1 0 1 0
12 27 1 0 0 0 0 1
12 29 0 1 0 0 1 1
12 30 1 1 0 1 0 0
12 31 0 0 1 0 0 1
13 3 1 1 1 0 1 1
13 4 0 1 0 1 1 0
13 5 0 1 0 0 0 1
13 6 1 1 0 1 0 0
13 8 0 0 0 0 1 1
13 9 1 1 0 0 0 1
13 10 0 0 0 1 0 0
13 11 1 0 0 0 1 0
13 12 0 1 1 0 1 0
13 13 1 0 0 0 0 1
13 15 1 0 0 0 0 0
13 16 1 1 0 0 0 1
13 17 0 1 0 1 1 0
13 18 1 1 1 0 1 1
13 19 0 1 0 1 1 0
13 21 1 1 1 1 1 0
13 22 1 0 0 0 0 1
13 23 0 1 1 0 1 0
13 24 1 0 0 0 0 1
13 25 0 1 0 0 0 1
13 26 1 1 0 1 0 0
13 28 0 0 1 0 1 0
13 29 1 0 0 1 0 1
13 30 0 0 0 0 1 1
13 31 0 0 1 1 1 1
14 3 0 1 1 1 1 1
14 4 0 1 1 1 0 0
14 5 1 1 0 0 0 1
14 6 1 1 0 1 1 0
14 8 1 0 1 1 1 0
14 9 1 1 0 1 1 0
14 10 1 1 1 1 1 0
14 11 1 0 0 0 0 1
14 13 1 1 0 1 0 0
14 15 0 1 1 1 1 1
14 16 1 1 0 1 1 0
14 17 1 0 0 0 1 0
14 18 1 1 0 1 1 0
14 20 1 1 0 0 0 1
14 21 0 0 0 1 1 1
14 22 0 0 0 1 0 0
14 23 1 0 0 0 1 0
14 25 0 0 0 1 0 0
14 26 1 0 0 0 1 0
14 27 0 1 1 0 1 0
14 28 1 0 0 0 0 1
14 30 0 0 1 0 1 0
14 31 0 1 0 1 1 0
15 2 0 0 0 0 1 1
15 3 0 1 0 1 0 0
15 4 1 1 1 1 1 0
15 5 1 0 0 0 0 1
15 7 1 1 1 0 0 1
15 8 1 1 0 1 0 0
15 9 0 1 1 0 1 0
15 10 1 0 0 0 0 1
15 12 0 0 1 0 1 0
15 13 1 0 0 1 0 1
15 14 0 0 0 0 1 1
15 15 0 0 1 1 1 1
15 17 0 1 1 0 0 1
15 18 1 1 0 0 1 0
15 19 0 0 1 0 1 1
15 20 1 0 0 1 0 1
15 22 1 1 0 1 0 0
15 24 1 1 1 0 0 1
15 25 1 1 0 1 1 1
15 26 1 1 1 1 1 0
15 28 0 1 0 1 0 0
15 29 0 1 0 1 1 0
15 30 1 0 1 1 0 0
15 31 0 0 0 1 1 0
16 21 0 0 0 0 1 1
16 22 0 1 0 0 0 0
16 23 1 0 1 0 1 0
16 24 1 0 0 1 0 0
16 25 1 1 0 0 0 1
16 26 1 1 0 1 1 0
16 28 1 0 1 1 0 0
16 29 0 0 0 1 1 0
16 30 0 1 1 0 1 0
16 31 1 1 0 0 1 1
17 2 1 0 0 0 0 0
17 3 1 1 1 0 1 1
17 4 0 1 0 1 1 0
17 5 0 1 0 0 0 1
17 6 1 1 0 1 0 0
17 8 0 0 0 0 1 1
17 9 1 1 0 0 0 1
17 10 0 0 0 1 0 0
17 11 1 0 0 0 1 0
17 12 0 1 1 0 1 0
17 13 1 0 0 0 0 1
17 15 0 0 1 0 1 0
17 16 0 0 0 1 1 1
17 17 1 1 1 1 0 0
17 18 1 0 1 0 1 0
17 19 1 0 0 1 0 0
17 21 1 0 1 0 1 0
17 22 1 0 0 1 0 0
17 23 1 1 0 0 0 1
17 24 1 1 0 1 1 0
17 26 0 1 0 0 1 1
17 27 1 1 0 0 1 1
17 28 0 1 1 0 0 1
17 29 0 0 0 1 1 0
18 2 0 0 0 0 1 1
18 3 1 0 1 1 1 1
18 5 1 1 0 0 0 1
18 6 1 1 0 1 1 0
18 7 0 0 1 0 1 0
18 8 1 1 0 0 1 1
18 10 0 1 1 0 0 1
18 11 1 1 0 0 1 0
18 12 0 0 1 0 1 1
18 13 1 0 0 1 0 1
18 15 0 0 0 0 0 1
18 16 1 0 1 0 0 1
18 18 0 1 1 1 1 1
18 19 1 1 0 1 1 0
18 20 1 0 0 0 1 0
18 21 1 1 0 1 1 0
18 23 0 1 1 0 1 1
18 24 1 1 0 1 1 1
18 25 0 0 1 1 1 0
18 26 0 0 0 1 1 1
18 28 0 0 0 1 0 0
18 29 1 0 0 0 1 0
18 30 0 1 1 0 1 0
18 31 1 0 0 0 0 1
19 4 0 0 0 0 0 1
19 5 1 0 0 0 1 0
19 7 1 1 0 1 1 1
19 8 1 0 1 1 0 0
19 9 1 1 0 1 1 0
19 11 0 1 0 0 0 0
19 12 0 0 0 0 1 1
19 13 0 1 1 1 0 0
19 14 0 0 1 0 1 1
19 15 1 0 0 1 1 0
19 17 1 1 0 1 0 0
19 19 0 1 0 1 0 0
19 20 0 1 0 1 1 0
19 21 1 0 1 1 0 0
19 22 0 0 0 1 1 0
19 24 0 0 1 0 1 0
19 25 0 1 0 1 1 0
19 26 1 0 1 1 0 0
19 27 0 0 0 1 1 1
19 29 1 1 0 0 0 1
19 30 0 1 0 1 1 0
19 31 0 0 1 0 0 1
20 3 0 1 0 0 1 1
20 4 1 1 0 1 0 0
20 5 1 0 1 0 0 1
20 6 0 0 0 1 1 1
20 7 0 1 0 0 1 1
20 8 0 0 0 1 0 1
20 10 0 1 1 0 0 1
20 11 1 0 0 1 1 0
20 12 0 1 1 0 1 0
20 13 1 1 0 1 1 1
20 15 0 1 0 0 0 0
20 16 0 1 0 0 1 1
20 17 1 1 0 1 0 0
20 18 0 0 0 0 0 1
20 19 1 0 0 0 0 1
20 21 1 1 1 0 1 0
20 23 0 1 0 0 1 0
20 24 0 0 0 1 1 1
20 25 1 0 0 0 1 0
20 26 0 0 0 1 1 1
20 28 0 0 0 1 0 0
20 29 1 0 0 0 1 0
20 30 0 1 1 0 1 0
20 31 1 0 0 0 0 1
21 3 0 1 0 0 0 0
21 4 0 1 1 1 1 0
21 5 0 0 0 1 0 1
21 6 1 1 0 0 0 1
21 8 0 0 1 0 1 0
21 9 0 1 0 1 1 0
21 11 1 0 1 1 0 0
21 12 1 1 0 1 0 0
21 13 0 0 1 0 1 0
21 14 1 1 0 0 1 1
21 16 1 1 0 1 0 0
21 18 1 0 0 0 1 0
21 19 0 1 0 1 1 0
21 20 1 1 1 0 1 1
21 21 0 1 0 1 1 0
21 23 1 1 1 0 0 1
21 24 0 1 1 1 0 0
21 25 1 1 1 0 1 1
21 26 0 1 0 1 1 0
21 28 0 1 1 0 0 1
21 29 1 1 0 0 1 0
21 30 0 0 1 0 1 1
21 31 1 0 0 1 0 1
22 3 1 1 1 0 1 0
22 5 1 1 1 0 0 1
22 6 1 1 0 1 0 1
22 7 1 0 0 0 1 0
22 8 1 1 0 1 1 0
22 10 0 0 1 0 1 0
22 11 1 0 0 1 0 1
22 12 0 0 0 0 1 1
22 13 0 0 1 1 1 1
22 15 0 0 0 1 0 0
22 16 1 0 0 0 1 0
22 17 0 1 1 0 1 0
22 18 1 0 0 0 0 1
22 20 1 0 0 0 1 0
22 21 0 1 0 1 1 0
22 22 1 1 1 0 1 1
22 23 0 1 0 1 1 0
22 25 0 0 0 0 0 1
22 26 1 0 0 0 1 0
22 28 1 0 1 1 0 1
22 29 0 1 0 1 1 0
22 30 1 0 1 1 0 0
22 31 1 0 0 1 0 1
23 2 0 0 1 0 1 0
23 3 0 1 0 1 1 0
23 5 0 0 0 0 0 1
23 6 1 0 1 1 0 1
23 7 1 0 1 0 1 1
23 8 1 0 0 1 1 1
23 10 0 1 1 1 0 0
23 12 1 0 0 0 1 0
23 13 1 1 0 1 0 0
23 14 0 0 1 1 0 1
23 15 1 0 0 1 0 1
23 17 0 1 0 0 0 0
23 18 1 1 1 0 0 1
23 19 0 1 1 1 0 0
23 20 1 1 1 0 1 1
23 21 0 1 0 1 1 0
23 23 1 1 1 1 1 0
23 24 1 0 0 0 0 1
23 25 0 1 1 0 1 0
23 26 1 0 0 0 0 1
23 28 1 1 0 1 0 0
23 30 0 0 1 1 0 1
23 31 1 0 0 0 0 1
24 2 0 0 0 0 1 1
24 3 0 1 0 1 0 0
24 4 1 1 1 1 1 0
24 5 1 0 0 0 0 1
24 7 0 0 1 0 1 0
24 8 1 0 0 1 0 1
24 9 0 0 0 0 1 1
24 10 0 0 1 1 1 1
24 12 1 1 0 0 0 1
24 13 0 0 0 1 1 1
24 14 0 0 0 1 0 0
24 15 1 0 0 0 1 0
24 17 0 1 1 0 0 1
24 18 1 1 0 0 1 0
24 19 0 0 1 0 1 1
24 20 1 0 0 1 0 1
24 22 1 0 0 0 1 0
24 23 1 1 0 1 1 0
24 24 0 0 1 1 0 1
24 25 1 1 0 1 1 1
24 27 1 1 0 1 0 0
24 29 0 0 1 0 1 0
24 30 1 1 0 1 1 0
24 31 0 0 1 0 0 1
25 2 0 1 1 0 0 1
25 3 1 1 0 0 1 0
25 4 0 0 1 0 1 1
25 5 1 0 0 1 0 1
25 7 0 0 0 0 0 1
25 8 1 0 0 0 1 0
25 10 0 1 0 0 0 0
25 11 0 1 1 0 1 0
25 12 1 0 0 0 0 1
25 14 1 1 1 0 0 1
25 15 1 1 0 1 1 1
25 16 0 1 0 1 0 1
25 17 1 1 0 1 1 0
25 19 0 1 0 1 0 0
25 20 0 1 0 1 1 0
25 21 1 0 1 1 0 0
25 22 0 0 0 1 1 0
25 24 1 0 1 0 1 0
25 25 0 1 1 1 0 1
25 26 0 0 0 0 1 1
25 27 0 1 0 0 0 0
25 28 1 0 1 0 1 0
25 29 1 0 0 1 0 0
25 30 0 1 1 0 0 1
25 31 1 1 0 0 1 0
26 5 1 1 0 0 0 0
26 6 0 0 0 1 0 0
26 7 1 0 0 0 1 0
26 8 1 1 0 1 1 0
26 9 0 0 1 1 1 1
26 10 1 0 0 0 1 1
26 11 1 1 0 0 0 0
26 13 0 0 0 0 0 1
26 14 1 0 0 0 1 0
26 16 1 1 0 1 1 1
26 17 1 0 1 1 0 0
26 18 1 1 0 1 1 0
26 20 0 1 0 0 0 0
26 21 0 0 1 1 1 0
26 22 0 1 0 1 1 0
26 23 0 1 1 0 1 0
26 24 1 0 0 0 0 1
26 26 1 1 1 0 1 0
26 28 1 1 1 0 0 1
26 29 0 1 1 1 0 0
26 30 1 1 1 0 1 1
26 31 0 1 0 1 1 0
27 2 0 0 1 1 1 1
27 3 0 0 1 0 0 0
