0.10
28 48 76 97 128 149 180 201 232 254 284 305 336 357 388 409 440 461 492 513 544 565 596 616 648 669 700 721 751 772 803 824 855 876 907 928 958 980 1011 1031 1062 1084 1114 1136 1166 1187 1218 1238 1270 1291 1322 1343 1374 1395 1426 1447 1478 1499 1530 1551 1581 1603 1630 1650
68 88 108 146 167 188 228 249 271 311 333 353 395 416 437 476 498 519 560 581 603 642 664 685 725 747 768 808 829 850 891 913 934 974 996 1017 1057 1078 1099 1139 1161 1182 1224 1245 1266 1306 1327 1349 1389 1411 1432 1472 1494 1515 1555 1577 1599 1638 1660 1681 1722 1743 1764 1804 1827 1848 1889 1911 1932 1971 1993 2014 2054 2076 2097 2139 2161 2181 2219 2239 2259
2 2 0 0 0 0 1 1
2 3 0 0 1 0 0 0
2 4 1 1 0 1 1 0
2 5 0 1 0 1 0 0
2 6 1 1 0 0 0 0
2 7 0 0 1 0 1 1
2 9 0 0 1 1 0 0
2 10 1 0 0 0 0 0
2 11 1 0 0 0 1 1
2 12 0 0 0 1 0 0
2 14 1 1 0 1 1 0
2 15 0 1 0 1 0 0
2 16 1 1 0 0 0 0
2 17 0 0 1 0 1 1
2 19 1 1 1 0 0 0
2 20 0 1 0 1 0 0
2 21 1 1 1 0 0 0
2 22 0 1 0 0 1 0
2 23 0 0 0 1 0 0
2 25 1 1 0 1 1 0
2 26 0 1 0 1 0 0
2 27 1 1 0 0 0 0
2 28 0 0 1 0 1 1
2 30 1 1 0 1 1 0
2 31 0 1 0 1 0 0
3 2 0 0 1 0 0 1
3 3 1 0 1 1 1 0
3 4 0 0 1 1 1 1
3 5 0 0 0 0 0 1
3 6 0 1 1 0 0 0
3 8 0 1 0 1 1 1
3 10 1 1 0 1 1 0
3 11 0 0 1 0 1 1
3 12 1 1 0 0 0 0
3 13 0 0 1 0 1 1
3 14 0 0 0 0 1 0
3 16 0 0 1 1 0 0
3 17 1 0 1 0 1 0
3 18 1 0 0 1 0 1
3 19 0 0 1 0 0 0
3 20 0 0 1 1 0 1
3 22 1 0 1 0 0 0
3 23 0 1 0 0 0 1
3 24 1 1 0 0 1 0
3 25 0 1 1 1 1 1
3 26 1 1 0 0 1 0
3 27 1 0 0 0 0 1
3 28 0 0 0 1 0 0
3 30 1 1 0 0 1 0
3 31 0 1 0 1 0 0
4 2 0 0 1 0 0 1
4 3 0 1 1 1 1 0
4 4 0 1 0 0 1 1
4 5 1 1 0 0 1 0
4 6 1 0 0 0 0 1
4 7 0 0 0 1 0 0
4 9 1 1 0 0 1 0
4 10 1 0 0 1 0 1
4 11 1 1 0 1 1 0
4 12 1 1 0 0 0 1
4 13 1 1 0 0 1 0
4 14 1 0 0 0 0 1
4 15 0 0 0 0 1 0
4 17 0 1 1 1 1 0
4 18 1 0 1 0 0 1
4 19 1 1 1 1 1 0
4 20 1 0 1 0 0 1
4 22 0 0 0 1 1 0
4 23 1 0 0 0 1 1
4 24 0 1 0 0 0 0
4 25 1 0 0 1 1 1
4 26 0 1 1 0 0 0
4 27 0 0 0 1 0 0
5 2 1 1 0 0 1 1
5 3 1 0 0 1 1 1
5 4 0 1 1 0 0 0
5 5 0 0 0 1 0 0
5 7 1 1 0 1 1 0
5 8 1 1 1 0 1 1
5 9 1 0 0 1 1 1
5 10 0 1 1 0 0 0
5 11 0 0 0 1 1 0
5 13 1 0 0 1 1 0
5 15 1 1 1 1 0 1
5 16 0 1 0 0 0 0
5 17 1 0 1 0 1 1
5 18 0 1 0 0 0 1
5 19 0 0 0 0 1 0
5 20 0 1 1 0 0 0
5 21 1 0 1 0 1 1
5 22 0 1 0 1 0 1
5 24 1 0 1 0 0 0
5 25 0 1 0 0 0 1
5 26 1 1 1 1 1 0
5 29 1 0 0 0 1 1
5 30 0 1 0 0 0 1
6 2 0 0 1 0 0 1
6 3 0 0 1 1 0 0
6 4 0 1 1 0 0 0
6 6 1 1 0 1 0 0
6 7 0 1 1 0 0 1
6 8 1 0 1 1 0 0
6 9 1 0 0 1 0 1
6 10 0 0 0 0 1 0
6 12 0 0 1 1 0 0
6 13 0 0 1 0 1 1
6 14 1 0 0 1 1 0
6 15 0 1 0 1 1 1
6 17 1 0 1 1 0 0
6 18 1 0 1 0 0 1
6 19 1 0 1 0 0 0
6 20 1 0 0 1 0 1
6 22 1 0 0 0 1 1
6 23 0 1 0 0 0 1
6 24 1 1 0 0 1 0
6 25 0 1 0 1 1 1
6 27 1 0 0 1 1 0
6 28 0 1 0 1 1 1
6 30 0 1 0 1 0 0
6 31 1 0 0 0 0 0
7 2 0 0 1 0 0 1
7 3 1 1 1 0 0 0
7 4 0 0 1 1 1 0
7 6 1 1 1 0 0 1
7 7 0 1 1 0 0 0
7 8 1 0 1 1 0 0
7 9 0 1 0 0 0 1
7 11 1 0 0 1 1 0
7 13 1 1 0 0 1 0
7 14 0 0 1 1 0 1
7 15 1 0 1 0 0 0
7 16 1 1 0 0 1 1
7 18 0 1 0 1 0 0
7 19 0 0 1 0 0 0
7 20 1 1 0 1 1 0
7 23 1 1 0 1 1 0
7 24 0 1 0 0 0 1
7 26 0 1 1 1 1 0
7 27 0 1 0 0 0 1
7 28 1 1 0 1 1 0
7 29 0 0 1 1 1 0
8 2 1 1 1 1 0 1
8 3 0 1 1 0 0 0
8 4 1 1 0 0 1 0
8 7 0 0 1 1 0 1
8 8 0 1 1 0 0 0
8 9 1 0 0 1 1 0
8 10 0 1 1 0 1 0
8 12 0 0 1 1 0 0
8 13 1 0 0 0 0 0
8 14 1 0 0 0 1 1
8 16 0 1 1 1 1 0
8 17 0 1 0 1 0 0
8 18 1 1 0 0 1 0
8 19 0 1 0 1 0 0
8 21 1 0 0 1 1 0
8 22 1 0 1 0 1 0
8 23 1 1 0 0 0 0
8 24 1 0 0 1 0 1
8 26 1 0 0 1 1 0
8 28 1 1 0 1 1 0
8 29 0 0 1 1 1 0
8 30 1 1 0 0 1 0
8 31 0 1 1 1 1 1
9 2 1 0 1 1 1 0
9 3 1 1 1 0 0 1
9 4 0 1 1 1 1 0
9 5 0 1 0 1 0 0
9 6 0 0 0 0 1 0
9 8 1 1 0 0 0 0
9 9 1 0 0 1 0 1
9 10 0 1 0 1 1 1
9 11 0 0 1 0 0 0
9 12 1 1 0 0 1 0
9 13 0 1 0 1 1 1
9 15 0 1 0 1 0 0
9 16 0 0 1 1 0 0
9 17 0 1 1 0 0 0
9 19 0 1 0 1 1 0
9 20 0 0 1 0 1 1
9 21 0 1 0 1 1 1
9 22 0 0 0 0 1 0
9 24 1 0 1 1 0 0
9 25 0 1 1 0 0 1
9 26 0 1 0 1 1 0
9 27 0 0 1 0 1 1
9 29 1 1 1 0 0 1
9 30 0 1 1 0 0 0
10 2 0 0 1 0 0 1
10 3 1 0 1 1 0 0
10 4 0 1 0 0 0 1
10 6 0 0 1 1 0 0
10 7 0 1 0 0 1 1
10 8 1 0 0 1 1 0
10 9 0 0 1 1 1 1
10 11 0 0 1 1 0 0
10 12 1 1 0 1 1 1
10 13 1 0 0 0 1 0
10 14 0 1 1 0 0 0
10 16 1 1 0 1 1 0
10 17 0 0 1 1 1 0
10 18 1 0 0 1 0 0
10 19 0 1 0 1 0 1
10 21 1 0 1 0 1 1
10 22 0 1 0 1 0 1
10 24 1 0 0 1 1 0
10 25 0 1 0 1 0 0
10 26 0 1 1 1 0 0
10 27 1 1 1 0 0 1
10 28 1 1 0 0 0 0
10 29 1 1 1 0 0 1
11 2 1 1 0 1 1 0
11 3 0 1 0 1 0 0
11 4 1 1 1 1 1 0
11 5 1 0 1 0 0 1
11 7 1 0 0 0 1 1
11 8 0 1 1 0 0 1
11 10 1 0 0 0 1 1
11 11 1 1 1 0 0 1
11 12 1 1 1 1 1 0
11 13 1 0 1 0 0 1
11 15 0 0 0 0 1 0
11 16 0 0 1 0 0 1
11 17 1 1 0 0 0 0
11 18 0 1 1 0 1 0
11 19 1 1 0 1 1 0
11 20 1 0 0 1 0 1
11 22 1 1 1 0 0 1
11 23 0 1 1 0 0 0
11 24 1 0 1 1 0 0
11 25 0 1 0 0 0 1
11 26 1 1 0 0 1 0
11 27 0 1 1 1 1 1
11 28 0 0 1 0 0 1
11 29 0 1 0 0 0 0
11 30 0 0 0 1 0 0
12 2 0 0 0 0 1 0
12 3 0 0 1 0 0 1
12 4 1 1 1 0 0 1
12 5 0 1 1 0 0 0
12 6 1 0 1 1 0 0
12 7 0 1 0 0 0 1
12 8 1 0 0 0 1 1
12 9 1 0 0 0 0 0
12 11 0 0 1 1 0 0
12 12 0 1 0 0 0 0
12 13 1 0 0 0 1 0
12 15 1 1 0 0 1 0
12 16 1 1 0 0 1 1
12 17 1 0 1 1 0 1
12 18 0 0 1 0 0 0
12 19 0 0 1 0 0 1
12 20 0 1 0 0 0 0
12 21 0 0 0 1 0 0
12 23 0 0 0 0 1 0
12 24 0 0 1 0 0 1
12 25 1 1 0 0 1 0
12 26 1 1 0 0 0 1
12 27 1 1 1 0 0 0
12 28 0 1 0 1 0 0
12 30 1 0 1 0 1 1
12 31 1 0 0 0 0 0
13 2 0 0 1 0 0 1
13 3 1 1 0 0 1 0
13 4 0 0 0 1 1 1
13 6 1 1 0 1 1 0
13 7 0 1 0 1 0 0
13 8 1 1 1 1 1 0
13 9 1 0 1 0 0 1
13 10 0 0 1 0 0 1
13 11 0 1 0 0 0 0
13 12 0 0 0 0 1 0
13 14 1 0 1 0 1 1
13 15 0 0 1 1 1 1
13 16 1 0 0 0 1 1
13 17 0 1 0 0 0 1
13 19 0 0 0 0 1 0
13 20 0 0 1 0 0 1
13 22 0 1 0 1 0 0
13 23 0 1 0 1 0 0
13 24 1 0 0 0 0 0
13 25 1 1 0 0 1 0
13 26 0 1 1 1 1 1
13 28 1 1 0 1 1 0
13 29 0 1 0 1 0 0
14 2 0 0 1 0 0 1
14 3 1 1 1 1 1 0
14 4 1 0 1 0 0 1
14 5 0 0 1 0 0 1
14 6 0 1 0 0 0 0
14 7 0 0 0 1 0 0
14 9 0 0 0 0 1 0
14 10 0 0 1 0 0 1
14 11 0 1 0 1 0 0
14 12 1 0 0 0 0 0
14 13 1 1 0 1 1 0
14 14 1 0 1 0 0 1
14 15 0 1 0 0 1 0
14 16 0 1 0 0 0 0
14 17 0 0 1 0 0 1
14 18 0 1 0 0 0 0
14 19 0 0 0 0 1 0
14 21 1 1 0 1 1 0
14 22 1 0 1 1 0 1
14 24 0 0 0 0 1 0
14 25 0 0 1 0 0 1
14 26 0 0 1 1 0 0
14 27 0 1 0 0 1 1
14 28 0 1 0 1 0 0
14 29 1 0 0 0 0 0
14 30 1 1 0 0 1 0
14 31 0 1 1 1 1 1
15 2 1 1 0 1 1 0
15 3 0 1 0 1 0 0
15 4 1 1 1 1 1 0
15 5 1 0 1 0 0 1
15 6 0 0 1 0 0 1
15 7 0 1 0 0 0 0
15 9 1 1 0 1 0 0
15 10 0 0 1 0 1 1
15 11 0 1 0 1 1 1
15 13 0 0 0 0 1 0
15 14 0 0 1 0 0 1
15 16 0 1 0 0 1 1
15 17 0 1 0 1 0 0
15 18 1 0 0 0 0 0
15 20 1 1 0 1 1 0
15 21 0 1 0 1 0 0
15 22 1 1 1 1 1 0
15 23 1 0 1 0 0 1
15 25 1 1 1 0 0 0
15 26 0 1 0 1 0 0
15 27 1 1 1 0 0 0
15 28 0 1 0 0 1 0
15 29 0 0 1 0 0 1
15 30 0 1 0 0 0 0
15 31 0 0 0 1 0 0
16 2 0 0 0 0 1 0
16 3 0 0 1 0 0 1
16 4 0 0 1 1 0 0
16 5 0 1 0 0 1 1
16 6 0 1 0 1 0 0
16 7 1 0 0 0 0 0
16 9 0 0 1 1 0 0
16 10 0 0 1 0 1 1
16 11 1 0 0 1 1 0
16 12 1 1 0 1 1 1
16 13 1 1 0 0 1 0
16 14 0 1 1 1 1 1
16 15 0 0 1 0 0 1
16 16 0 1 0 0 0 0
16 17 0 0 0 0 1 0
16 18 0 1 1 0 0 0
16 19 0 0 1 1 0 0
16 20 0 1 0 0 0 1
16 21 1 0 1 1 0 1
16 23 1 1 0 1 1 0
16 24 0 1 0 1 0 0
16 25 0 1 1 0 0 0
16 27 1 1 0 0 1 1
16 28 1 1 1 0 0 0
16 29 0 1 0 1 0 0
16 30 0 0 1 1 0 1
16 31 0 1 0 0 0 0
17 2 1 1 0 1 1 0
17 4 1 1 0 0 1 0
17 5 0 1 1 1 1 1
17 7 1 0 0 1 1 0
17 8 1 1 1 0 0 1
17 9 0 1 0 1 1 1
17 10 0 1 1 0 0 0
17 12 1 0 0 1 1 0
17 14 1 0 1 0 0 0
17 15 0 1 0 0 0 1
17 16 1 1 1 1 1 0
17 17 0 0 1 1 1 1
17 19 1 0 0 0 1 1
17 20 0 1 0 0 0 1
17 21 0 0 1 1 0 0
17 22 0 1 1 0 0 0
17 23 0 0 0 0 1 0
17 25 1 1 0 0 1 1
17 26 0 1 1 0 0 0
17 28 1 1 0 0 1 1
17 29 1 1 1 0 0 0
17 30 0 1 0 1 0 0
18 2 0 0 1 0 0 1
18 4 0 1 0 0 0 0
18 6 1 0 1 1 0 0
18 7 0 1 1 0 0 1
18 8 0 1 0 1 1 0
18 9 0 0 1 0 1 1
18 11 1 1 0 0 1 0
18 12 0 1 0 1 0 0
18 13 0 1 1 1 1 0
18 14 0 1 0 0 1 1
18 16 0 0 1 1 0 0
18 17 0 1 1 0 0 1
18 18 1 0 1 0 1 0
18 19 0 1 1 0 0 0
18 21 1 1 1 0 0 1
18 22 0 1 1 0 0 0
18 23 1 0 1 1 0 0
18 24 0 1 0 0 0 1
18 26 0 0 1 1 0 0
18 27 1 1 0 1 1 1
18 28 1 0 0 0 1 0
18 29 0 1 1 0 0 0
18 31 1 0 0 1 1 0
19 2 1 1 0 0 1 0
19 3 1 0 1 1 0 1
19 4 1 1 0 1 1 0
19 5 1 1 0 1 1 1
19 7 0 0 1 1 0 0
19 8 1 0 0 0 0 0
19 9 1 0 0 0 1 1
19 10 0 0 0 0 1 0
19 12 1 1 0 0 0 0
19 13 0 1 1 0 1 0
19 14 0 0 1 1 0 0
19 15 0 1 1 0 0 1
19 17 1 1 0 1 1 0
19 18 0 0 1 1 1 0
19 19 1 1 0 0 1 0
19 20 0 1 1 1 1 1
19 22 0 0 1 1 0 0
19 23 0 1 1 0 0 0
19 24 1 1 1 0 0 0
19 25 1 0 1 1 0 1
19 26 0 0 0 0 1 0
19 27 0 1 1 0 0 0
20 4 1 1 0 0 0 0
20 5 0 0 1 0 1 1
20 7 1 1 0 0 1 0
20 8 0 1 0 1 0 0
20 9 1 1 1 0 0 0
20 10 1 0 0 0 1 0
20 12 1 1 0 1 1 0
20 13 0 0 1 1 1 0
20 14 1 0 0 1 0 0
20 15 0 1 0 1 0 1
20 17 1 1 0 0 0 0
20 18 0 1 1 0 1 0
20 19 1 0 1 0 0 0
20 20 1 0 1 0 1 0
20 21 0 0 1 0 0 1
20 23 0 0 0 0 1 0
20 24 0 0 1 0 0 1
20 25 0 0 1 1 0 0
20 26 0 1 0 0 1 1
20 27 0 1 0 1 0 0
20 28 1 0 0 0 0 0
20 30 1 1 0 1 1 0
20 31 0 1 0 1 0 0
21 2 0 0 1 0 0 1
21 3 1 1 1 1 1 0
21 4 1 0 1 0 0 1
21 6 1 1 1 0 0 0
21 7 0 1 0 1 0 0
21 8 1 1 1 0 0 0
21 9 0 1 0 0 1 0
21 10 0 0 1 0 0 1
21 11 0 1 0 0 0 0
21 12 0 0 0 1 0 0
21 14 0 0 0 0 1 0
21 15 0 0 1 0 0 1
21 16 0 0 1 1 0 0
21 17 0 1 0 0 1 1
21 18 0 1 0 1 0 0
21 19 1 0 0 0 0 0
21 21 0 0 1 1 0 0
21 22 0 0 1 0 1 1
21 23 1 0 0 1 1 0
21 24 1 1 0 1 1 1
21 25 1 1 0 0 1 0
21 26 0 1 1 1 1 1
21 27 0 0 1 0 0 1
21 28 0 1 0 0 0 0
21 29 0 0 0 1 0 0
22 2 0 0 0 0 1 0
22 3 0 0 1 0 0 1
22 4 1 0 0 0 1 1
22 5 0 1 0 0 0 0
22 6 1 0 0 1 1 1
22 8 0 1 0 1 1 0
22 9 0 0 1 0 1 1
22 10 0 1 1 1 1 0
22 11 0 1 0 1 0 0
22 12 1 1 0 0 1 0
22 13 0 1 1 1 1 1
22 14 0 0 1 0 0 1
22 15 0 1 0 0 0 0
22 16 0 0 0 1 0 0
22 18 0 0 0 0 1 0
22 19 0 0 1 0 0 1
22 20 1 1 1 0 0 1
22 21 0 1 1 0 0 0
22 22 1 0 1 1 0 0
22 23 0 1 0 0 0 1
22 24 1 1 0 0 1 0
22 25 0 1 1 1 1 1
22 27 1 1 0 1 1 0
22 28 0 1 0 1 0 0
23 2 0 0 1 0 0 1
23 3 1 1 1 1 1 0
23 4 1 0 1 0 0 1
23 5 0 0 1 0 0 1
23 6 0 1 0 0 0 0
23 7 0 0 0 1 0 0
23 9 0 0 0 0 1 0
23 10 0 0 1 0 0 1
23 11 1 1 0 1 1 0
23 12 1 0 0 0 0 1
23 13 1 1 1 0 0 0
23 14 1 0 1 0 1 0
23 16 1 0 0 0 1 1
23 17 1 0 1 0 0 1
23 18 1 1 0 0 1 0
23 19 0 1 1 1 1 1
23 20 1 1 0 0 1 0
23 21 0 1 1 1 1 1
23 22 0 0 1 0 0 1
23 23 0 1 0 0 0 0
23 24 0 0 0 1 0 0
23 26 0 0 0 0 1 0
23 27 0 0 1 0 0 1
23 28 1 0 1 1 1 0
23 29 0 1 1 1 0 1
23 30 1 0 1 0 0 0
23 31 0 1 0 0 0 1
24 2 1 1 1 0 0 1
24 3 0 1 1 0 0 0
24 4 1 0 1 1 0 0
24 5 0 1 0 0 0 1
24 6 1 1 0 0 1 0
24 7 0 1 1 1 1 1
24 8 0 0 1 0 0 1
24 9 0 1 0 0 0 0
24 10 0 0 0 1 0 0
24 12 0 0 0 0 1 0
24 13 0 0 1 0 0 1
24 14 1 0 0 0 1 1
24 15 0 1 1 0 0 1
24 16 1 0 1 0 0 0
24 17 0 1 0 0 0 1
24 19 1 1 1 0 0 1
24 20 0 1 1 0 0 0
24 21 1 0 1 1 0 0
24 22 0 1 0 0 0 1
24 23 1 1 0 0 1 0
24 24 0 1 1 1 1 1
24 25 0 0 1 0 0 1
24 26 0 1 0 0 0 0
24 27 0 0 0 1 0 0
25 2 0 0 0 0 1 0
25 3 0 0 1 0 0 1
25 4 1 1 0 1 0 0
25 5 1 0 1 0 0 1
25 6 1 0 1 0 0 0
25 7 0 1 0 0 0 1
25 9 1 1 1 0 0 1
25 10 0 1 1 0 0 0
25 11 1 0 1 1 0 0
25 12 0 1 0 0 0 1
25 13 1 1 0 0 1 0
25 14 0 1 1 1 1 1
25 15 0 0 1 0 0 1
25 16 0 1 0 0 0 0
25 17 0 0 0 1 0 0
25 19 0 0 0 0 1 0
25 20 0 0 1 0 0 1
25 21 1 1 1 0 1 0
25 22 0 1 0 0 0 0
25 23 1 0 1 0 0 0
25 24 0 1 0 0 0 1
25 26 0 1 1 1 1 0
25 27 0 1 0 1 1 1
25 28 1 0 1 1 1 0
25 29 0 0 1 0 1 0
26 2 0 0 1 0 0 1
26 3 1 1 0 0 1 0
26 4 0 1 1 1 1 1
26 5 0 0 1 0 0 1
26 6 0 1 0 0 0 0
26 7 0 0 0 1 0 0
26 9 0 0 0 0 1 0
26 10 0 0 1 0 0 1
26 11 1 1 1 1 1 0
26 12 1 0 1 0 0 1
26 13 0 1 1 0 0 0
26 14 0 0 1 1 0 0
26 15 0 0 1 0 1 1
26 17 0 0 1 1 0 0
26 18 0 0 1 0 1 1
26 19 1 0 0 1 1 0
26 20 1 1 0 1 1 1
26 21 1 1 0 0 1 0
26 22 0 1 1 1 1 1
26 23 0 0 1 0 0 1
26 24 0 1 0 0 0 0
26 25 0 0 0 1 0 0
26 27 0 0 0 0 1 0
26 28 0 0 1 0 0 1
26 29 1 1 0 0 1 0
26 30 0 1 0 1 0 0
5 27 0 0 1 1 1 1
7 21 0 1 0 1 0 0
8 5 0 0 1 1 1 0
13 21 1 1 0 0 1 0
15 15 0 0 1 1 0 0
17 3 0 0 1 1 1 0
18 3 0 0 1 1 0 1
