-0.20
49 69 100 121 152 173 204 226 256 277 308 330 361 384 412 433 464 485 516 537 568 589 620 641 672 693 724 745 776 797 828 849 880 901 931 953 984 1005 1035 1056 1087 1109 1140 1160 1191 1212 1243 1265 1295 1316 1346 1367 1399 1421 1451 1472 1503 1524 1555 1576 1603 1623 1650 1670
45 65 85 123 144 165 205 227 248 289 311 332 372 393 414 455 477 498 539 560 581 622 643 664 704 726 747 787 808 829 870 892 913 953 975 996 1036 1057 1079 1119 1140 1161 1202 1224 1245 1286 1307 1328 1368 1390 1411 1452 1473 1494 1534 1556 1577 1617 1639 1660 1700 1722 1743 1784 1805 1827 1866 1888 1909 1949 1971 1992 2031 2053 2074 2115 2136 2158 2196 2217 2238 2276 2296 2316
2 1 0 0 1 0 0 1
2 2 0 1 0 1 0 0
2 3 1 0 0 0 0 0
2 4 1 1 0 0 1 0
2 5 0 1 1 1 1 1
2 7 1 1 0 1 1 0
2 8 0 1 0 1 0 0
2 9 1 1 1 1 1 0
2 10 1 0 1 0 0 1
2 11 0 0 1 0 0 1
2 12 0 1 0 0 0 0
2 13 0 0 0 1 0 0
2 15 0 0 0 0 1 0
2 16 0 0 1 0 0 1
2 17 0 1 0 1 0 0
2 18 1 0 0 0 0 0
2 19 1 1 0 1 1 0
2 20 1 0 1 0 0 1
2 21 0 1 0 0 1 0
2 22 0 1 0 0 0 0
2 23 0 0 1 0 0 1
2 24 0 1 0 0 0 0
2 26 1 0 0 0 1 0
2 27 0 1 0 0 0 0
2 28 1 1 1 0 1 0
2 29 0 1 1 0 0 0
3 1 0 0 1 0 0 1
3 2 1 0 1 1 0 0
3 3 0 0 1 0 1 1
3 5 0 0 1 1 0 0
3 6 1 0 1 0 0 1
3 7 1 0 1 0 0 0
3 8 0 1 0 0 0 1
3 10 1 1 0 1 1 0
3 11 0 1 0 1 0 0
3 13 1 1 0 1 1 0
3 14 0 0 1 1 1 0
3 15 1 1 0 0 1 0
3 16 0 1 1 1 1 1
3 18 1 0 0 1 1 0
3 19 0 0 1 0 1 0
3 20 1 1 0 1 1 0
3 21 0 1 1 0 0 1
3 22 0 0 0 0 1 0
3 23 0 1 1 0 0 0
3 24 1 0 1 0 0 0
3 25 0 1 0 1 0 0
3 26 0 1 1 1 1 0
3 27 0 0 1 0 1 0
3 29 1 1 0 0 1 0
3 30 1 0 1 1 0 1
4 1 0 0 1 0 0 1
4 2 1 1 0 1 1 0
4 3 1 1 0 1 1 1
4 5 1 1 0 1 1 0
4 6 0 1 0 1 0 0
4 7 1 1 1 1 1 0
4 8 1 0 1 0 0 1
4 9 1 0 1 0 0 0
4 10 0 1 0 0 0 1
4 12 1 1 0 1 1 0
4 13 0 0 1 1 1 0
4 14 1 0 0 1 0 0
4 15 0 1 0 1 0 1
4 17 1 1 0 0 1 1
4 18 0 1 0 0 0 0
4 20 1 1 0 1 1 0
4 21 0 1 0 0 0 1
4 23 1 1 0 0 1 0
4 24 0 1 1 1 1 1
4 25 1 1 0 0 1 0
4 26 0 0 1 1 1 0
4 28 1 0 1 0 1 1
4 29 0 1 1 0 0 0
5 1 0 0 1 0 0 1
5 2 1 1 0 0 1 0
5 3 1 0 0 0 0 1
5 5 1 1 0 0 1 0
5 6 1 1 1 1 0 1
5 7 1 0 0 1 1 1
5 8 0 1 1 0 0 0
5 9 0 0 0 0 1 0
5 10 0 1 1 0 0 0
6 3 1 0 0 1 1 0
6 4 0 1 0 0 1 1
6 5 1 1 0 1 0 0
6 6 1 0 1 0 0 1
6 7 1 1 0 0 1 0
6 8 0 1 0 1 1 1
6 9 0 0 0 1 0 0
6 11 0 1 1 0 1 1
6 12 0 1 0 0 0 0
6 13 1 1 0 0 1 0
6 14 0 1 0 0 0 1
6 15 1 0 1 1 0 0
6 16 1 0 0 0 0 1
6 17 0 0 0 1 0 0
6 19 0 1 1 0 1 1
6 20 0 1 0 0 0 0
6 21 0 1 1 1 1 0
6 22 1 0 0 1 0 1
6 23 1 1 0 1 0 0
6 24 0 1 1 0 0 1
6 25 0 0 0 1 0 0
6 27 1 1 0 0 1 0
6 28 0 1 0 1 0 0
6 29 0 0 1 1 0 0
6 30 0 1 1 0 1 0
7 1 0 0 1 0 0 1
7 2 1 0 1 0 0 0
7 3 1 0 0 0 0 1
7 4 0 0 0 1 0 0
7 6 1 0 1 0 0 0
7 7 0 1 0 1 0 0
7 8 1 0 0 1 0 1
7 9 0 1 1 0 0 0
7 10 1 1 1 1 0 0
7 11 1 0 0 0 0 1
7 12 0 0 0 1 0 0
7 14 1 1 0 0 1 0
7 15 0 1 1 0 1 0
7 16 1 1 0 1 1 1
7 17 0 1 1 0 0 0
7 18 1 0 0 0 1 1
7 19 1 1 1 0 0 1
7 21 1 0 0 1 1 0
7 22 0 0 1 1 1 1
7 24 0 0 1 1 0 0
7 25 1 1 0 1 1 1
7 26 1 1 0 1 1 0
7 27 1 1 0 1 0 1
7 29 1 0 0 1 1 0
7 30 0 1 0 1 1 1
8 1 1 1 0 1 1 0
8 2 0 0 1 1 1 0
8 3 1 0 0 1 0 0
8 4 0 1 0 1 0 1
8 6 1 0 0 1 1 0
8 8 1 0 0 0 1 1
8 9 0 0 1 0 1 1
8 10 1 0 0 1 1 0
8 11 1 0 0 0 0 1
8 13 1 0 0 1 0 1
8 14 0 1 0 0 0 0
8 15 1 1 0 1 1 0
8 16 0 1 0 0 0 1
8 18 1 1 0 0 0 0
8 19 0 0 1 0 1 0
8 20 1 1 0 1 1 0
8 21 1 1 0 1 1 1
8 22 0 0 0 0 1 0
8 24 0 1 0 1 1 1
8 26 1 1 0 1 1 0
8 27 0 0 1 1 1 0
8 28 1 0 0 1 0 0
8 29 0 1 0 1 0 1
9 1 1 0 0 1 1 0
9 3 1 1 0 0 0 0
9 4 1 0 0 1 0 1
9 5 1 1 0 0 1 0
9 6 1 0 0 0 1 0
9 8 0 1 1 1 1 0
9 9 0 1 0 1 0 0
9 10 1 1 1 1 1 0
9 11 1 0 1 0 0 1
9 12 1 1 1 0 0 0
9 13 0 1 0 0 0 1
9 15 1 1 0 0 0 0
9 16 0 1 1 0 1 0
9 17 1 1 0 1 1 0
9 18 0 1 0 1 1 1
9 20 1 0 0 1 1 0
9 22 0 1 0 1 0 0
9 23 0 1 1 0 0 0
9 24 1 1 0 1 1 0
9 25 1 0 0 1 0 1
9 26 0 0 0 0 1 0
9 28 1 0 0 0 1 1
10 1 1 1 0 1 1 0
10 2 0 1 1 0 1 0
10 3 0 0 1 1 0 0
10 4 0 1 1 0 0 0
10 5 1 1 1 0 0 0
10 6 1 0 1 1 0 1
10 8 1 1 0 1 1 0
10 9 0 0 1 1 1 0
10 10 1 0 0 1 0 0
10 11 0 1 0 1 0 1
10 13 1 1 1 1 1 0
10 14 1 0 1 0 0 1
10 15 1 1 0 0 0 0
10 16 1 1 1 0 0 1
10 18 1 1 0 1 0 0
10 19 0 0 1 0 1 0
10 20 1 1 0 0 1 0
10 21 1 0 0 0 0 1
10 23 1 0 0 1 1 0
10 25 1 1 0 1 1 0
10 26 1 0 0 1 0 1
10 27 1 0 1 0 0 0
10 28 1 0 1 1 0 1
11 1 1 1 0 0 1 0
11 2 1 1 1 0 1 1
11 3 1 0 0 1 1 0
11 4 0 1 0 0 1 0
11 5 0 0 0 0 1 0
11 6 0 1 1 0 0 0
11 7 1 1 0 1 1 0
11 8 0 0 1 1 1 0
11 9 1 0 0 1 0 0
11 10 0 1 0 1 0 1
11 12 1 0 1 0 1 1
11 13 0 1 0 1 0 1
11 15 1 1 0 0 0 0
11 16 1 0 0 1 0 1
11 17 1 1 0 0 1 0
11 18 1 0 0 0 1 0
11 20 1 1 0 1 1 0
11 21 1 0 1 0 1 0
11 22 1 1 1 1 1 0
11 23 0 0 1 1 1 1
11 25 0 0 1 1 0 0
11 26 0 1 0 0 1 1
11 28 1 1 0 0 1 0
11 29 0 1 0 1 0 1
12 1 1 0 0 1 1 0
12 2 0 1 0 0 0 1
12 3 1 0 0 1 1 0
12 4 0 1 1 0 1 0
12 5 1 1 1 0 0 0
12 6 0 1 0 0 0 1
12 8 0 0 1 1 0 0
12 9 0 1 0 0 1 1
12 10 1 1 0 1 1 0
12 11 1 0 1 0 1 0
12 13 0 0 1 1 0 0
12 14 0 1 0 0 1 1
12 15 0 1 0 1 0 0
12 16 1 0 0 0 0 0
12 18 1 0 1 0 0 0
12 19 0 1 0 0 0 1
12 20 1 1 0 0 1 0
12 21 0 1 1 1 1 1
12 22 1 1 1 1 0 1
12 23 0 1 1 0 0 0
12 25 0 1 1 0 1 1
12 26 0 1 1 0 0 0
12 27 1 1 0 1 1 0
12 28 1 0 0 0 0 1
13 1 0 1 0 1 0 0
13 2 1 0 0 0 0 0
13 3 1 1 1 1 0 1
13 4 0 1 1 0 0 0
13 5 0 0 0 1 0 0
13 7 1 1 0 0 0 0
13 8 0 1 1 1 0 1
13 9 1 1 0 1 1 0
13 10 1 0 0 0 0 1
13 12 0 0 1 1 0 0
13 13 0 1 0 0 1 1
13 14 0 1 0 1 0 0
13 15 1 0 0 0 0 0
13 16 0 0 1 1 1 0
13 17 0 1 1 0 0 0
13 19 1 0 0 1 1 0
13 20 0 0 1 0 1 0
13 21 1 1 0 0 1 0
13 22 0 1 1 1 1 1
13 23 0 0 0 1 0 0
13 25 1 1 1 1 1 0
13 26 0 1 1 0 0 1
13 27 1 1 1 1 1 0
13 28 0 1 0 0 1 0
14 1 0 0 1 1 0 0
14 2 0 1 0 0 1 1
14 3 0 1 0 1 0 0
14 4 1 0 0 0 0 0
14 5 0 0 1 1 1 0
14 6 0 1 1 0 0 0
14 8 1 0 0 1 1 0
14 9 0 0 1 0 1 0
14 10 1 1 0 0 1 0
14 11 0 1 1 1 1 1
14 12 0 0 0 1 0 0
14 14 1 0 1 1 1 0
14 15 1 1 1 0 0 1
14 16 1 1 0 1 1 0
14 17 1 0 0 0 0 1
14 19 0 0 1 1 0 0
14 20 0 1 0 0 1 1
14 21 0 1 0 1 0 0
14 22 1 0 0 0 0 0
14 23 0 0 1 1 1 0
14 24 0 1 1 0 0 0
14 26 1 0 0 1 1 0
14 27 0 0 1 0 1 0
14 28 1 1 0 0 1 0
14 29 0 1 1 1 1 1
14 30 0 0 0 1 0 0
15 1 1 0 0 0 1 1
15 2 1 1 1 0 0 1
15 3 1 0 0 1 1 0
15 4 0 1 0 0 1 1
15 6 0 0 1 1 0 0
15 7 0 1 0 0 1 1
15 8 0 1 0 1 0 0
15 9 1 0 0 0 0 0
15 10 0 0 1 1 1 0
15 11 0 1 1 0 0 0
15 13 1 0 0 1 1 0
15 14 0 0 1 0 1 0
15 15 1 1 0 0 1 0
15 16 0 1 1 1 1 1
15 17 0 0 0 1 0 0
15 19 1 1 0 0 1 0
15 20 0 1 0 0 0 1
15 21 1 0 1 1 1 0
15 22 1 1 1 0 0 1
15 24 0 0 1 1 0 0
15 25 0 1 0 0 1 1
15 26 0 1 0 1 0 0
15 27 1 0 0 0 0 0
15 29 1 1 0 0 1 0
15 30 0 1 1 1 1 1
16 1 0 0 1 0 0 1
16 2 1 1 1 1 0 1
16 3 0 1 1 0 0 0
16 4 0 0 0 1 0 0
16 6 1 1 0 0 0 0
16 7 0 1 1 1 0 1
16 8 1 1 0 1 1 0
16 9 1 0 0 0 0 1
16 11 1 1 1 0 0 0
16 13 1 1 0 0 1 0
16 14 0 1 0 0 0 1
16 16 1 0 0 1 1 0
16 17 0 0 1 0 1 0
16 18 1 1 0 0 1 0
16 19 0 1 1 1 1 1
16 21 0 1 1 1 1 0
16 22 0 1 0 0 0 1
16 23 1 1 0 1 1 0
16 24 0 0 1 1 1 0
16 26 1 1 0 0 1 0
16 27 0 1 1 1 1 1
16 28 1 1 1 1 0 1
16 29 0 1 1 0 0 0
17 1 1 1 0 0 1 0
17 2 1 0 1 1 0 1
17 3 1 1 0 1 1 0
17 4 1 1 0 1 1 1
17 6 0 0 1 1 0 0
17 7 1 1 0 1 1 1
17 8 1 1 0 1 1 0
17 9 1 1 0 1 0 1
17 11 1 0 0 1 1 0
17 13 0 0 1 1 0 0
17 14 0 0 1 0 0 0
17 15 1 0 0 1 1 0
17 16 0 1 1 0 1 0
17 17 0 0 0 0 1 0
17 19 1 0 0 0 1 0
17 21 1 0 0 1 1 0
17 22 0 1 0 0 0 1
17 23 1 0 0 1 1 0
17 24 0 1 1 0 1 0
17 25 1 1 1 0 0 0
17 28 1 1 0 0 0 0
17 29 0 1 1 1 0 1
18 1 0 0 1 0 0 1
18 2 1 1 0 1 1 0
18 3 1 0 0 0 0 1
18 4 1 0 0 0 1 1
18 5 0 1 1 0 0 0
18 7 1 0 1 1 0 0
18 8 0 1 1 0 0 1
18 9 0 1 0 1 1 0
18 10 0 0 1 0 1 1
18 12 1 1 0 0 1 0
18 13 0 1 1 1 1 1
18 14 1 1 0 0 1 0
18 15 0 0 1 1 1 0
18 16 0 0 0 1 0 0
18 18 1 0 0 0 1 1
18 19 1 1 1 0 0 1
18 20 1 0 0 1 1 0
18 21 0 1 0 0 1 1
18 22 1 0 0 0 1 1
18 23 0 0 1 1 1 1
18 25 0 1 1 1 1 0
18 26 0 1 0 0 0 1
18 27 1 0 0 0 1 1
18 28 1 0 1 0 0 1
19 1 1 1 0 1 1 0
19 2 0 0 1 1 1 0
19 3 0 0 1 1 0 1
19 4 0 1 1 0 0 0
19 6 0 0 1 1 0 0
19 7 0 1 0 0 1 1
19 8 0 0 1 1 0 0
19 9 1 1 0 1 1 1
19 11 1 1 0 0 1 0
19 12 0 1 1 1 1 1
19 13 1 1 0 0 1 0
19 14 0 0 1 1 1 0
19 15 0 0 0 1 0 0
19 17 1 0 0 0 1 1
19 18 1 1 1 0 0 1
19 19 1 0 0 0 0 0
19 20 1 1 0 0 1 0
19 21 0 1 0 1 0 0
19 22 1 0 0 0 1 1
19 23 0 0 1 1 1 1
19 25 0 1 1 1 1 0
19 26 0 1 0 0 0 1
19 27 1 0 0 0 1 1
19 28 1 0 1 0 0 1
20 1 1 1 0 1 1 0
20 2 0 0 1 1 1 0
20 3 0 0 1 1 0 1
20 4 0 1 1 0 0 0
20 6 0 0 1 1 0 0
20 7 0 1 0 0 1 1
20 8 0 0 1 1 0 0
20 9 1 1 0 1 1 1
20 11 1 1 0 0 1 0
20 12 0 1 1 1 1 1
20 13 1 1 0 0 1 0
20 14 0 0 1 1 1 0
20 15 0 0 0 1 0 0
20 17 1 1 0 0 1 0
20 18 0 1 0 0 0 1
20 19 1 0 1 1 1 0
20 20 1 1 1 0 0 1
20 22 0 1 1 1 1 0
20 23 0 1 0 1 1 1
20 24 1 0 1 1 1 0
20 25 0 0 1 0 1 0
20 27 0 0 1 1 0 0
20 28 0 1 0 0 0 0
20 29 1 0 0 0 1 0
21 1 1 1 0 0 1 0
21 2 0 1 1 1 1 1
21 3 1 1 1 1 0 1
21 4 0 1 1 0 0 0
21 5 0 0 0 1 0 0
21 7 1 1 0 1 1 0
21 8 1 0 1 1 0 1
21 9 0 1 1 1 0 0
21 10 1 0 1 0 0 1
21 11 1 0 0 0 1 1
21 12 0 0 1 1 1 1
21 14 1 0 1 1 1 0
21 15 1 1 1 0 0 1
21 16 1 1 0 1 1 0
21 17 1 0 0 0 0 1
21 18 1 0 0 0 1 1
21 19 0 1 1 0 0 0
21 21 1 0 1 1 0 0
21 22 0 1 1 0 0 1
21 23 0 1 0 1 1 0
21 24 0 0 1 0 1 1
21 26 1 1 0 0 1 0
21 27 0 1 1 1 1 1
21 28 1 1 0 0 1 0
21 29 0 0 1 1 1 0
21 30 0 0 0 1 0 0
22 1 1 0 0 0 1 1
22 2 1 1 1 0 0 1
22 3 0 0 1 0 0 0
22 4 1 1 0 0 1 0
22 5 0 1 0 1 0 0
22 6 1 0 0 0 1 1
22 7 0 0 1 1 1 1
22 9 1 0 1 0 1 1
22 10 0 1 1 0 0 0
22 11 1 0 1 0 0 0
22 12 1 0 1 1 0 1
22 14 0 0 1 1 0 0
22 15 0 1 0 0 1 1
22 16 0 0 1 1 0 0
22 17 1 1 0 1 1 1
22 19 1 1 0 0 1 0
22 20 0 1 1 1 1 1
22 21 1 1 0 0 1 0
22 22 0 0 1 1 1 0
22 24 1 0 0 1 1 0
22 26 1 1 1 0 0 0
22 27 1 0 0 0 0 1
22 28 1 0 0 1 1 0
22 29 0 1 1 0 1 0
23 1 1 1 0 0 1 0
23 2 0 1 0 0 0 1
23 4 1 1 1 1 0 1
23 5 0 1 0 0 0 0
23 6 1 0 1 0 1 1
23 7 1 0 1 0 1 0
23 8 0 0 1 1 0 0
23 9 0 1 0 0 0 1
23 10 0 0 1 0 0 0
23 12 1 0 0 1 1 0
23 14 1 1 1 0 0 0
23 15 0 1 0 1 0 0
23 16 1 1 0 1 1 0
23 17 1 0 0 0 1 0
23 19 0 0 1 1 0 1
23 20 0 0 1 0 0 0
23 22 0 0 1 1 0 0
23 23 1 0 0 0 0 0
23 24 1 1 1 1 1 0
23 25 0 0 0 0 1 0
23 27 1 0 1 0 1 1
23 28 0 1 0 1 0 1
24 1 1 0 0 1 0 0
24 2 0 0 1 0 0 0
24 4 0 1 0 1 0 0
24 5 1 1 0 0 0 0
24 6 1 0 0 0 0 1
24 8 1 1 0 0 0 0
24 9 0 0 1 1 1 0
24 10 1 0 0 0 1 1
24 11 0 1 1 0 0 0
24 13 1 1 0 1 1 0
24 14 1 1 1 0 0 1
24 15 1 1 0 0 1 0
24 16 1 0 0 0 1 0
24 17 0 0 0 0 1 0
24 18 0 1 1 0 0 0
25 3 1 1 0 1 1 0
25 4 0 0 1 1 1 0
25 5 1 0 0 1 0 0
25 6 0 1 0 1 0 1
25 8 1 1 0 0 1 1
25 9 0 1 0 0 0 0
25 11 0 0 1 1 0 0
25 12 0 1 0 0 1 1
25 13 1 1 0 1 1 0
25 14 1 0 1 0 1 0
25 16 1 0 1 1 0 0
25 17 0 1 1 0 0 1
25 18 0 1 0 0 1 0
25 20 1 1 1 1 1 0
25 21 1 0 1 0 0 1
25 22 1 1 0 0 0 0
25 23 1 1 1 0 0 1
25 24 1 0 0 0 1 1
25 25 0 1 0 0 0 1
25 27 1 1 1 0 0 0
25 28 1 0 0 0 1 0
25 29 0 1 0 1 1 0
25 30 1 0 1 0 0 1
26 1 0 0 0 1 1 0
26 2 1 0 0 0 1 1
26 3 0 1 0 0 0 0
26 4 1 1 1 0 1 0
26 5 0 1 1 0 0 0
26 6 1 0 1 0 0 1
26 7 0 0 1 0 0 0
26 8 0 0 0 1 1 0
26 10 1 0 1 1 0 0
26 11 0 1 1 0 0 1
26 12 0 1 0 0 1 0
26 14 1 1 1 1 1 0
26 15 1 0 1 0 0 1
26 16 1 1 0 0 0 0
26 17 1 1 1 0 0 1
26 19 1 0 0 0 1 1
26 20 0 1 1 0 0 0
26 21 1 0 0 0 1 0
26 23 0 0 1 1 0 0
26 24 0 1 0 0 1 1
26 25 1 0 0 1 1 0
26 26 1 0 0 1 0 1
26 28 1 1 0 1 1 0
26 29 0 1 0 1 1 1
27 27 0 0 0 0 0 1
27 28 1 1 1 0 0 1
27 29 0 1 0 1 0 0
27 30 0 1 0 1 0 0
16 12 1 0 0 1 0 1
17 26 0 1 0 0 0 1
