-0.20
7 28 59 79 111 132 163 184 215 235 267 287 318 339 370 391 423 442 474 495 526 548 578 599 629 650 682 703 734 755 786 806 837 858 889 910 941 962 993 1014 1046 1066 1097 1119 1148 1170 1200 1221 1252 1273 1305 1325 1358 1378 1409 1429 1461 1482 1512 1534 1564 1585 1616 1636 1667 1687
70 96 117 157 179 200 240 262 282 322 343 365 405 427 448 488 509 531 572 593 614 653 675 696 737 758 780 819 840 862 903 924 946 985 1007 1028 1068 1090 1111 1151 1173 1194 1235 1257 1278 1317 1339 1360 1400 1422 1443 1482 1505 1526 1566 1588 1610 1649 1671 1692 1732 1753 1774 1814 1835 1856 1896 1917 1938 1978 1999 2020 2060 2081 2102 2142 2163 2184 2224 2245 2266
2 2 0 0 1 1 1 0
2 3 0 1 0 1 1 0
2 4 0 0 1 1 0 0
2 5 1 1 0 1 1 0
2 7 1 0 1 1 1 1
2 8 0 1 1 0 0 1
2 9 1 1 0 0 1 0
2 11 1 0 0 0 1 0
2 12 1 1 0 1 1 0
2 13 1 0 1 1 0 0
2 14 0 0 0 1 1 0
2 16 0 0 1 0 1 0
2 17 0 1 1 1 0 0
2 18 0 0 1 1 1 1
2 19 0 0 0 1 1 0
2 20 0 0 1 1 0 1
2 21 1 1 0 1 1 1
2 23 0 1 0 0 0 0
2 24 0 0 1 1 0 1
2 25 1 0 0 1 0 1
2 26 1 0 1 1 0 1
2 27 0 1 0 1 1 0
2 29 1 1 1 1 1 1
2 30 0 1 0 1 1 0
2 31 0 0 1 0 0 1
3 3 0 0 1 1 1 1
3 4 0 1 0 1 1 0
3 6 0 0 1 1 1 1
3 7 0 0 0 1 1 0
3 8 0 0 1 1 0 1
3 9 1 1 0 1 1 1
3 11 0 0 0 0 1 0
3 12 0 1 1 1 0 0
3 13 0 1 1 0 1 0
3 14 1 1 0 0 1 1
3 16 0 1 0 0 0 0
3 17 0 1 0 1 0 1
3 18 0 1 1 1 0 1
3 19 0 1 1 0 1 0
3 20 1 1 0 1 1 0
3 22 0 1 1 0 0 1
3 23 1 0 0 0 0 1
3 24 0 1 1 0 0 1
3 25 1 1 0 0 1 0
3 28 0 1 1 0 0 1
3 29 0 1 1 1 0 0
3 30 1 0 1 1 0 0
3 31 0 0 0 1 1 0
4 3 0 0 1 1 1 0
4 4 1 0 0 1 1 1
4 5 0 1 1 0 1 1
4 6 0 1 1 1 0 0
4 8 1 0 0 0 0 0
4 9 0 0 1 1 1 1
4 10 0 0 0 1 1 0
4 11 0 0 0 0 1 0
4 12 0 1 0 0 1 0
4 13 0 0 1 0 1 1
4 14 1 0 0 1 0 1
4 16 0 0 1 1 0 0
4 17 0 1 0 1 1 0
4 18 1 0 1 1 0 0
4 19 0 1 0 1 1 0
4 21 1 0 0 0 0 0
4 22 0 0 1 1 1 1
4 23 0 0 0 1 1 0
4 24 0 0 0 0 1 1
4 25 0 1 1 1 0 1
4 26 0 1 0 0 0 1
4 27 1 1 0 1 0 0
4 29 0 0 0 0 1 0
4 30 0 1 0 0 1 0
4 31 0 0 1 0 0 1
5 4 0 1 1 0 1 0
5 5 1 1 0 0 1 1
5 6 0 0 1 1 0 1
5 7 0 0 0 1 1 0
5 9 0 0 1 1 0 1
5 10 0 1 1 1 0 1
5 11 0 0 1 1 1 1
5 12 1 0 0 1 0 1
5 14 0 0 0 0 0 1
5 15 1 0 0 0 1 0
5 17 0 1 0 0 0 0
5 18 0 0 0 0 1 1
5 19 1 0 0 1 0 0
5 20 0 0 1 1 1 1
5 21 0 0 0 1 1 0
5 23 1 1 1 0 0 1
5 24 1 1 0 1 0 0
5 26 0 0 1 1 1 1
5 27 0 0 0 1 1 0
5 28 0 0 0 0 1 0
5 29 0 1 0 0 1 0
5 30 0 0 1 0 1 1
5 31 1 0 0 1 0 1
6 3 1 0 1 0 1 0
6 4 0 1 1 1 0 1
6 6 0 1 0 0 0 0
6 7 0 1 1 1 1 0
6 8 0 0 0 1 0 1
6 9 1 0 1 0 0 1
6 10 0 1 0 1 1 0
6 12 1 1 1 1 0 0
6 13 0 0 0 0 0 1
6 14 0 1 1 1 0 0
6 16 1 0 0 0 1 0
6 17 0 1 0 1 1 0
6 18 1 1 1 0 1 1
6 19 0 1 0 1 1 0
6 21 1 1 0 1 0 0
6 23 1 1 1 0 0 1
6 24 0 1 1 1 0 0
6 25 1 1 1 0 1 1
6 26 0 1 0 1 1 0
6 28 0 0 1 0 1 1
6 29 1 0 0 0 0 1
6 30 0 0 0 0 1 1
6 31 0 1 1 1 0 0
7 16 0 0 0 0 1 1
7 17 0 1 0 0 0 0
7 18 0 0 0 0 1 1
7 19 1 0 0 0 1 0
7 20 0 1 0 1 0 0
7 21 0 1 0 1 1 0
7 23 0 0 0 0 1 1
7 24 1 0 0 0 0 1
7 26 0 0 0 0 0 1
7 27 0 0 1 1 1 0
7 28 1 1 0 1 1 0
7 30 0 0 0 0 0 1
7 31 1 0 0 1 0 0
8 3 0 0 1 1 1 1
8 4 0 0 0 1 1 0
8 5 0 0 1 1 1 1
8 6 1 0 0 0 1 1
8 7 1 0 0 0 1 0
8 8 1 1 0 1 0 0
8 10 1 1 1 0 0 1
8 11 1 1 0 1 1 1
8 12 1 0 0 0 1 0
8 13 1 1 0 1 1 0
8 15 1 0 1 0 1 0
8 16 0 1 1 1 0 1
8 18 1 0 1 0 1 0
8 19 1 0 0 1 0 0
8 20 1 1 0 0 0 1
8 21 1 1 0 1 1 0
8 23 0 1 0 1 0 0
8 24 0 0 0 1 1 1
8 25 1 0 0 0 1 0
8 26 0 1 0 1 1 0
8 28 0 1 1 0 0 1
8 29 0 0 0 1 1 0
9 2 0 0 0 0 0 1
9 3 1 0 1 0 0 1
9 5 0 0 1 0 1 0
9 6 1 1 0 1 1 0
9 7 1 0 1 0 1 0
9 8 1 1 0 1 1 0
9 10 1 1 0 1 0 0
9 12 0 0 1 1 0 0
9 13 1 1 0 1 0 0
9 14 1 0 0 0 1 0
9 16 0 0 1 0 1 0
9 17 0 0 0 1 1 1
9 18 0 0 1 1 0 0
9 19 0 1 0 1 1 0
9 20 0 0 1 1 1 0
9 21 1 1 0 1 1 0
9 23 0 0 1 0 1 1
9 24 0 1 1 1 0 0
9 26 0 0 1 1 0 1
9 27 1 1 0 1 1 1
9 28 1 0 0 0 1 0
9 29 1 1 0 1 1 0
9 31 1 1 0 1 0 0
10 2 0 1 1 1 1 0
10 4 1 0 1 1 0 0
10 5 1 0 0 1 0 1
10 6 0 0 1 1 1 1
10 7 1 1 0 1 0 1
10 9 0 1 1 0 1 0
10 10 1 0 0 0 0 1
10 12 1 1 1 0 0 1
10 13 1 1 0 1 1 1
10 14 0 1 0 1 0 1
10 15 1 1 0 1 1 0
10 17 1 1 0 1 0 0
10 19 0 1 0 1 0 1
10 20 1 0 0 0 1 1
10 21 0 0 1 1 1 1
10 22 1 1 0 0 1 1
10 24 1 0 1 0 1 0
10 25 0 1 1 1 0 1
10 27 0 1 0 0 0 0
10 28 0 0 1 1 1 0
10 29 0 1 0 1 1 0
10 30 0 1 1 0 1 1
10 31 1 1 0 1 1 1
11 3 0 0 1 0 1 0
11 4 1 0 0 1 0 1
11 5 0 0 0 0 1 1
11 6 0 0 1 1 1 1
11 8 1 0 0 0 1 0
11 9 1 1 0 1 0 0
11 10 0 0 1 0 1 0
11 11 1 1 0 1 1 0
11 13 0 1 1 0 1 1
11 14 1 0 0 0 1 0
11 15 0 1 0 1 1 0
11 17 0 0 1 1 1 0
11 18 0 1 0 1 1 0
11 19 0 1 1 0 1 0
11 20 1 0 0 0 0 1
11 22 0 1 0 0 0 0
11 23 0 0 1 1 0 1
11 24 1 1 0 1 1 1
11 26 1 0 0 0 0 1
11 28 0 0 1 1 0 1
11 29 0 1 1 1 0 1
11 30 0 0 1 1 0 1
11 31 0 0 0 1 1 0
12 3 1 1 1 1 0 0
12 4 0 0 0 0 0 1
12 5 0 1 1 1 0 0
12 7 1 0 1 0 1 0
12 8 0 1 1 1 0 1
12 10 0 0 0 0 0 1
12 11 0 0 1 0 1 0
12 12 1 0 0 0 0 1
12 13 0 0 1 1 0 1
12 14 1 1 0 1 0 0
12 16 0 1 0 0 0 1
12 17 1 1 0 1 0 0
12 18 0 1 1 0 1 1
12 19 1 1 0 1 1 0
12 21 0 0 1 0 1 0
12 22 0 1 0 1 1 0
12 24 1 0 1 1 1 1
12 25 0 1 1 0 0 1
12 26 1 1 0 0 1 0
12 28 1 1 1 0 1 1
12 29 0 1 0 1 1 0
12 30 1 1 0 0 0 1
12 31 1 1 0 1 1 0
13 4 0 0 1 1 0 1
13 5 1 1 0 1 1 1
13 6 1 0 0 0 1 0
13 7 1 1 0 0 1 1
13 9 0 0 0 0 1 0
13 10 0 1 1 1 0 0
13 11 1 0 0 0 1 0
13 12 1 1 0 1 1 0
13 14 0 1 0 0 0 0
13 15 1 1 0 0 0 1
13 16 1 1 0 1 1 0
13 17 0 0 0 0 1 1
13 18 1 0 0 1 0 0
13 20 0 0 1 1 1 0
13 21 0 0 0 1 1 1
13 22 0 0 1 1 0 1
13 23 0 0 0 1 1 0
13 25 0 1 1 0 1 0
13 26 1 0 0 0 0 1
13 28 1 1 1 0 0 1
13 29 1 1 0 1 1 1
13 30 0 1 0 1 0 1
13 31 1 1 0 1 1 0
14 4 0 1 0 0 1 1
14 5 0 1 0 1 1 0
14 6 0 1 0 1 0 1
14 7 0 1 1 1 0 1
14 9 0 0 1 1 0 0
14 10 1 1 0 1 0 0
14 11 0 1 1 1 1 0
14 12 0 1 0 1 1 0
14 14 0 0 1 1 0 1
14 15 0 0 0 1 1 0
14 16 1 0 0 0 1 0
14 17 0 0 1 1 1 0
14 18 1 1 0 1 1 0
14 20 1 1 1 0 1 0
14 22 0 1 0 0 0 0
14 23 1 0 1 1 0 0
14 24 1 1 0 1 1 0
14 25 0 0 0 0 1 1
14 26 1 0 0 0 1 0
14 28 1 1 1 0 1 0
14 29 1 1 0 1 1 0
14 30 0 1 0 0 1 1
14 31 0 0 0 1 1 0
15 3 0 1 0 0 0 0
15 4 0 1 0 0 1 1
15 5 1 1 0 1 1 0
15 6 1 0 0 0 1 0
15 7 1 1 0 0 1 1
15 9 1 1 1 1 1 0
15 10 1 1 0 1 0 0
15 11 0 0 1 1 0 1
15 12 0 0 0 1 1 0
15 14 1 0 1 1 0 1
15 15 0 0 0 1 1 1
15 16 0 0 0 0 1 1
15 17 1 0 0 0 0 1
15 19 1 0 1 0 1 0
15 20 1 0 0 1 0 0
15 21 1 1 0 0 0 1
15 22 1 1 0 1 1 0
15 24 0 0 0 0 0 1
15 25 0 1 1 1 0 0
15 27 0 1 0 0 0 0
15 28 1 0 1 0 1 1
15 29 0 0 0 1 1 0
15 30 0 1 0 0 1 0
15 31 1 0 0 0 0 1
16 2 0 0 1 0 1 0
16 3 1 0 0 1 0 1
16 4 0 0 0 0 1 1
16 5 0 0 1 1 1 1
16 7 0 1 1 0 0 1
16 8 1 1 0 0 1 0
16 9 0 0 1 0 1 1
16 10 1 0 0 1 0 1
16 12 0 1 0 1 0 1
16 13 1 1 0 1 1 0
16 14 0 1 0 1 0 1
16 16 0 0 1 1 0 0
16 17 0 0 0 0 1 1
16 18 0 1 1 1 0 0
16 20 0 0 1 0 1 0
16 21 1 1 0 1 0 0
16 23 0 1 0 0 1 1
16 24 0 1 0 1 1 0
16 25 1 1 1 0 0 1
16 26 1 1 0 1 1 0
16 28 1 0 1 1 0 0
16 29 0 0 0 1 1 0
16 30 0 0 0 0 0 1
16 31 1 0 0 0 1 0
17 16 0 0 0 0 1 1
17 17 0 1 0 0 0 0
17 18 1 1 0 0 0 1
17 19 1 0 1 0 0 1
17 20 0 1 0 1 1 0
17 22 1 1 0 1 0 0
17 24 0 0 1 1 1 1
17 25 1 0 0 0 0 1
17 26 0 1 0 0 0 1
17 27 1 0 0 1 1 0
17 29 0 1 0 1 0 0
17 30 0 0 0 0 1 1
17 31 0 1 1 1 0 0
18 2 0 1 0 1 0 0
18 3 1 1 1 1 1 0
18 4 1 0 0 0 0 1
18 6 1 1 1 0 0 1
18 7 1 1 0 1 0 0
18 8 0 1 1 0 1 0
18 9 1 0 0 0 0 1
18 11 0 0 1 0 1 0
18 12 1 0 0 1 0 1
18 13 0 0 0 0 1 1
18 14 0 0 1 1 1 1
18 16 0 1 1 0 0 1
18 17 1 1 0 0 1 0
18 18 0 0 1 0 1 1
18 19 1 0 0 1 0 1
18 21 0 1 0 1 0 1
18 22 1 1 0 1 1 0
18 23 1 0 1 1 1 1
18 24 0 0 0 1 0 1
19 2 1 1 1 0 1 0
19 3 0 1 0 1 1 0
19 4 1 0 1 1 1 1
19 5 0 0 0 0 0 1
19 6 1 1 1 0 1 0
19 8 0 1 1 0 0 1
19 9 0 1 1 1 0 0
19 10 1 0 1 1 0 0
19 11 0 0 0 1 1 0
19 13 1 0 1 0 1 0
19 14 1 0 0 1 0 0
19 15 1 1 0 0 0 1
19 16 1 1 0 1 1 0
19 18 1 0 1 1 0 0
19 19 0 0 0 1 1 0
19 20 0 0 0 0 0 1
19 21 0 1 1 0 1 0
19 22 1 1 0 0 1 1
20 2 0 0 0 0 1 1
20 3 1 1 1 0 1 1
20 4 0 0 1 0 0 1
20 5 1 1 0 1 0 0
20 6 1 1 1 0 0 1
20 8 1 0 1 1 0 0
20 9 1 1 0 1 0 1
20 10 1 1 0 1 0 0
20 11 0 0 0 1 0 0
20 12 1 1 0 0 1 0
20 13 0 0 0 1 1 0
20 14 1 1 1 0 0 1
