-0.20
30 50 78 100 130 151 182 204 234 255 286 307 337 359 388 411 441 462 492 514 544 565 596 617 647 669 699 720 751 772 803 824 854 876 906 927 958 980 1010 1031 1061 1084 1113 1133 1165 1187 1217 1239 1269 1290 1320 1343 1371 1394 1424 1445 1476 1497 1528 1550 1580 1601 1628 1648
141 163 184 226 248 268 308 330 351 392 414 434 472 492 512 555 577 598 639 660 681 720 742 763 803 824 846 884 904 924 969 991 1011 1047 1069 1090 1134 1155 1177 1215 1235 1255 1299 1320 1341 1377 1398 1420 1464 1485 1506 1544 1566 1587 1630 1652 1673 1711 1731 1751 1796 1818 1839 1876 1898 1919 1962 1983 2004 2042 2064 2085 2125 2145 2166 2207 2234 2254
1 2 1 0 0 1 1 0
1 3 0 1 1 0 0 1
1 5 1 0 1 1 1 0
1 6 0 1 0 1 0 0
1 7 1 0 1 1 0 0
1 8 0 0 1 0 1 1
1 10 1 1 0 0 1 0
1 11 0 1 0 1 1 1
1 12 1 1 1 0 0 0
1 13 0 1 0 1 0 1
1 14 0 0 0 0 1 0
2 2 1 0 0 1 0 0
2 3 0 1 0 0 1 1
2 5 1 0 1 1 1 0
2 6 0 1 0 1 0 0
2 7 0 1 1 1 1 0
2 8 1 0 1 0 0 1
2 10 1 1 0 1 1 0
2 11 0 1 1 1 1 1
2 12 1 0 1 0 0 0
2 13 0 1 0 1 0 0
2 15 0 1 1 1 1 0
2 16 0 0 1 0 1 0
2 18 1 0 0 0 1 1
2 19 0 1 1 0 0 1
2 20 1 0 0 1 0 0
2 21 0 1 0 0 1 0
2 23 1 0 0 1 1 0
2 25 0 0 1 1 0 0
2 26 1 0 0 0 0 0
2 27 0 1 1 1 1 0
2 28 0 1 0 1 0 0
2 29 0 0 0 0 1 0
3 2 1 0 0 1 1 1
3 4 1 0 1 1 1 0
3 5 0 1 0 1 0 0
3 6 1 0 1 1 0 0
3 7 0 0 1 0 1 1
3 9 1 0 0 0 1 1
3 10 0 0 1 1 1 1
3 11 1 1 1 0 0 0
3 12 0 1 0 1 0 0
3 14 1 0 0 1 1 0
3 16 1 1 0 0 1 0
3 17 1 1 0 1 1 1
3 18 1 1 0 0 1 0
3 19 1 0 1 0 0 1
4 2 1 1 0 0 0 0
4 3 0 0 1 0 1 0
4 5 0 1 1 1 1 0
4 6 0 0 1 0 1 0
4 8 1 0 0 1 1 0
4 10 1 1 1 0 0 0
4 11 1 0 0 0 0 1
4 12 1 1 0 0 1 0
4 13 0 1 0 0 1 0
4 15 1 1 0 1 1 0
4 16 0 1 1 0 1 0
4 17 1 1 0 1 1 0
4 18 0 1 1 0 1 0
4 20 1 0 1 1 0 1
4 21 0 1 0 0 0 0
4 22 1 0 1 0 0 0
4 23 0 1 0 1 0 0
4 24 0 0 0 0 1 0
4 25 0 1 1 0 0 0
6 2 0 1 0 1 1 0
6 3 1 1 1 0 0 1
6 4 1 1 0 0 1 0
6 5 1 1 1 0 1 1
6 7 1 1 0 0 0 0
6 8 0 0 1 0 1 0
6 10 0 1 1 1 1 0
6 11 0 0 1 0 1 0
6 13 1 0 0 1 1 0
6 15 1 1 0 0 0 0
6 16 0 1 0 1 0 1
6 17 1 1 0 1 1 0
6 18 1 0 1 0 0 1
6 20 1 1 0 1 0 0
6 21 0 1 1 0 0 1
6 22 1 0 1 0 1 1
6 23 0 1 0 1 0 1
6 25 1 0 0 0 1 1
6 26 1 1 1 0 0 1
6 27 1 1 0 1 0 0
6 28 0 0 1 1 1 1
6 29 0 0 0 0 1 0
7 2 1 1 1 1 0 0
7 3 1 0 1 0 0 1
7 4 0 1 1 0 0 0
7 5 0 0 1 1 0 0
7 6 0 1 0 0 0 1
7 8 0 1 1 1 1 0
7 9 0 1 0 1 0 1
7 10 1 0 1 1 0 1
7 11 0 0 0 0 1 0
7 13 1 0 1 1 0 0
7 14 1 0 1 0 0 1
7 15 0 0 1 1 0 0
7 16 0 1 0 0 0 1
7 18 1 1 1 1 0 0
7 19 0 0 1 1 1 0
7 20 1 1 0 1 0 0
7 21 0 0 1 1 1 1
7 22 0 0 1 0 0 1
8 2 1 0 1 0 1 1
8 3 0 1 0 1 0 1
8 5 1 0 1 1 1 0
8 6 0 0 1 0 1 0
8 8 1 1 1 0 0 1
8 9 0 1 1 0 0 0
8 10 1 1 0 0 1 0
8 11 0 1 1 1 0 1
8 13 1 1 1 1 1 0
8 14 0 1 1 0 1 0
8 15 1 0 0 0 1 1
8 16 1 0 0 0 0 0
8 18 1 0 0 1 1 0
8 20 0 1 1 1 1 0
8 21 1 0 1 0 0 1
8 22 1 1 1 0 0 0
8 23 0 1 1 0 1 0
8 24 0 0 0 0 1 0
9 2 0 0 1 1 0 0
9 3 0 1 0 0 0 1
9 5 1 0 0 1 0 0
9 6 0 0 1 1 1 1
9 8 1 0 0 0 1 1
9 10 0 1 1 1 1 0
9 11 0 0 1 0 1 0
9 13 0 1 0 1 1 1
9 14 0 1 0 0 0 0
9 15 0 1 0 1 0 0
9 17 1 0 0 1 1 0
9 19 1 0 1 1 0 0
9 20 0 1 1 1 0 1
9 21 1 0 1 1 0 0
9 22 0 0 1 1 1 1
9 23 0 0 0 0 1 0
9 24 0 1 1 0 0 0
11 6 0 0 1 1 1 1
11 7 1 0 0 1 0 0
11 10 1 0 1 0 1 1
11 11 1 0 1 0 0 1
11 12 1 1 0 1 1 0
11 13 1 0 1 0 1 0
11 15 0 0 1 0 1 0
11 16 0 0 0 0 1 0
11 18 1 0 1 0 1 0
11 20 1 0 1 0 0 0
11 21 1 1 0 0 0 1
11 22 0 1 0 1 0 1
11 24 1 0 0 1 1 0
12 12 1 0 1 0 1 1
12 13 1 0 1 0 0 1
12 14 1 1 0 1 1 0
12 15 1 0 1 0 1 0
12 16 0 0 0 0 1 1
12 17 0 0 1 0 0 1
12 18 0 0 1 1 1 1
12 19 0 1 0 0 0 0
12 20 0 0 1 0 0 1
12 21 0 1 1 0 0 0
13 14 1 0 0 0 1 1
13 15 1 0 1 0 0 1
13 16 1 0 0 0 0 0
13 17 0 1 1 1 1 0
13 18 1 0 0 0 0 1
13 19 0 1 0 0 0 0
15 4 0 0 1 1 0 0
15 5 0 1 0 0 0 1
15 7 1 0 0 0 1 1
15 9 0 1 0 1 0 0
15 10 1 0 0 0 1 1
15 11 1 1 1 0 1 1
15 13 1 0 0 0 1 1
15 14 0 0 1 0 1 1
15 15 1 0 1 0 0 0
15 16 1 0 0 0 0 1
15 18 1 0 0 1 1 0
15 20 0 1 0 1 0 1
15 21 0 1 1 0 0 0
15 22 1 1 0 1 1 0
15 23 1 0 1 0 1 0
15 25 0 0 1 1 0 0
15 27 1 1 0 1 1 0
15 28 0 1 0 0 0 1
15 29 0 0 0 0 1 0
16 2 1 0 0 0 1 1
16 3 1 0 0 0 0 0
16 4 0 0 1 1 0 0
16 5 0 1 0 0 1 1
16 7 1 1 0 1 1 0
16 8 0 0 1 1 1 0
16 9 0 1 0 1 1 0
16 10 0 1 0 0 1 1
16 11 0 0 1 1 0 0
16 12 0 1 0 0 0 1
16 14 1 0 0 0 1 1
16 15 0 0 1 0 1 1
16 16 1 1 1 1 1 0
16 17 0 0 1 0 1 1
16 19 1 0 0 1 1 0
16 21 1 1 1 0 0 0
16 22 0 1 0 1 0 0
16 23 1 0 0 0 1 1
16 24 0 0 1 0 0 0
16 25 1 1 0 1 1 0
16 26 1 1 1 0 0 1
16 28 0 0 1 1 0 1
16 30 1 0 1 0 0 0
16 31 1 0 1 1 0 1
17 2 0 0 1 0 0 1
17 3 1 1 1 0 0 0
17 4 1 0 0 0 1 0
17 6 1 0 0 1 1 0
17 8 1 0 0 0 1 1
17 9 0 1 0 0 0 0
17 10 1 0 0 1 1 0
17 11 0 1 0 1 0 1
17 12 1 1 0 1 1 0
17 13 1 1 1 0 0 1
17 14 0 0 0 0 1 0
17 16 1 0 0 1 1 1
17 17 0 0 1 0 0 0
17 18 1 0 0 1 1 0
17 19 0 1 0 0 1 1
17 20 0 0 1 1 0 0
17 21 0 1 0 0 0 1
17 23 1 1 0 0 0 0
17 24 0 1 0 1 0 1
17 25 0 1 1 1 1 0
17 26 1 0 1 0 1 0
17 28 1 1 1 1 0 0
17 29 1 1 0 0 0 1
18 2 0 0 1 0 0 1
18 3 1 0 1 0 0 0
18 4 0 1 0 0 1 0
18 5 0 0 0 1 0 0
18 7 0 0 1 1 0 0
18 8 0 0 1 1 1 1
18 9 0 1 1 1 1 0
18 10 1 0 1 0 1 0
18 12 1 0 0 0 1 1
18 13 1 0 1 0 0 1
18 14 1 1 0 1 0 0
18 15 1 0 1 0 0 1
18 16 0 0 0 1 0 0
18 18 1 0 1 0 1 1
18 19 1 1 1 0 1 1
18 20 1 1 0 0 1 0
18 21 1 0 1 1 0 1
18 23 1 1 0 0 1 0
18 24 1 1 0 0 0 1
18 25 1 0 0 0 1 1
18 26 0 0 1 1 1 1
18 28 1 0 0 1 1 0
18 30 1 1 0 1 1 0
18 31 0 1 0 1 0 0
19 2 0 0 1 0 0 1
19 3 1 0 1 0 0 0
19 4 1 0 0 0 0 1
19 5 0 0 0 0 1 0
19 7 1 0 0 1 1 0
19 8 1 0 1 0 0 1
19 9 1 1 1 0 0 0
19 10 0 1 0 1 0 1
19 12 1 1 1 0 0 0
19 13 1 0 0 0 0 1
19 15 0 1 0 1 1 0
19 16 0 0 1 0 1 1
19 18 1 0 0 1 1 0
19 19 0 1 1 0 0 1
19 20 1 0 1 0 0 0
19 21 0 1 0 1 0 0
19 23 1 1 0 0 1 0
19 24 0 1 0 1 1 1
19 25 1 1 1 1 1 0
19 26 0 1 1 0 0 1
19 27 0 0 0 0 1 0
19 28 0 1 1 0 0 0
21 2 1 0 1 0 1 0
21 4 1 0 0 0 1 1
21 6 1 0 1 1 1 0
21 7 0 1 0 1 0 0
21 9 1 1 0 0 1 0
21 10 0 1 0 0 0 1
21 11 1 1 0 0 0 0
21 12 1 0 0 1 0 1
21 14 1 0 0 0 1 1
21 15 0 1 1 0 0 1
21 17 1 1 1 1 0 0
21 18 0 1 0 0 0 1
21 19 1 1 0 1 1 0
21 20 1 1 0 0 1 1
21 22 1 0 0 1 1 0
21 24 1 1 1 0 0 0
21 25 0 1 1 0 1 0
21 26 1 0 0 0 1 1
21 27 0 1 0 1 1 1
21 28 1 1 1 1 1 0
21 29 0 1 0 0 0 1
21 30 0 0 0 0 1 0
22 2 1 0 0 0 1 1
22 3 1 0 1 0 0 1
22 4 1 1 0 0 0 0
22 5 0 1 0 1 0 1
22 6 1 0 1 1 1 0
22 7 1 0 0 1 0 1
22 9 1 1 1 0 0 0
22 10 0 1 0 1 0 1
22 12 1 1 0 1 0 0
22 13 0 1 1 0 0 1
22 14 0 0 1 0 0 0
22 15 0 0 1 1 0 0
22 16 0 1 0 0 0 1
22 18 1 1 1 1 0 0
22 19 0 1 0 1 0 0
22 20 1 1 0 0 0 0
22 21 0 1 1 1 0 1
22 23 1 0 0 1 1 0
22 25 1 1 0 1 1 0
22 26 0 1 0 0 0 1
22 27 0 0 0 0 1 1
23 2 1 0 1 0 1 0
23 4 1 0 0 0 1 1
23 6 1 0 1 1 1 0
23 7 0 1 0 1 0 0
23 9 0 1 0 0 0 1
23 10 0 1 0 0 0 0
23 11 1 0 0 0 1 1
23 12 0 1 1 0 0 1
23 14 1 1 0 0 1 0
23 15 0 0 0 1 1 1
23 16 1 1 0 0 1 0
23 17 0 1 1 1 0 1
23 19 1 0 0 1 1 0
23 21 1 0 1 0 0 0
23 22 0 1 1 0 1 1
23 23 1 0 0 1 1 0
23 24 0 0 1 1 1 1
23 25 0 0 0 0 1 0
24 2 0 0 1 1 0 0
24 3 0 1 1 0 1 0
24 5 1 0 1 1 1 0
24 6 0 1 0 1 0 0
24 8 1 0 1 0 1 1
24 9 0 1 0 1 0 1
24 11 1 1 1 0 0 0
24 12 0 1 0 1 0 0
24 13 1 0 0 0 1 1
24 14 0 0 1 0 0 0
24 16 1 0 0 1 1 0
24 18 0 1 1 1 0 0
24 19 0 1 0 1 1 1
24 20 1 0 0 1 1 0
24 21 0 1 0 0 1 1
24 23 1 1 1 0 0 0
24 24 0 1 0 1 0 0
24 26 1 0 1 0 1 0
24 27 1 0 0 0 0 0
24 28 1 1 0 0 1 0
24 29 1 0 0 0 0 1
25 4 1 0 1 1 0 0
25 5 0 1 0 0 0 1
25 6 0 1 1 1 0 0
25 7 1 0 1 0 1 0
25 8 0 0 0 0 1 1
26 30 0 0 1 1 1 1
26 31 0 1 0 1 0 0
