0.10
65 87 117 139 169 191 221 242 273 294 325 345 376 398 428 450 480 501 532 553 583 605 635 657 687 708 739 760 791 812 843 863 894 915 946 966 997 1019 1049 1070 1101 1122 1153 1174 1205 1225 1257 1277 1308 1329 1359 1380 1411 1433 1463 1484 1515 1536 1567 1587 1614 1634
88 108 128 166 187 208 250 272 293 332 354 375 417 438 459 498 520 540 582 603 624 665 687 707 747 768 789 829 851 871 911 932 953 996 1017 1038 1074 1096 1117 1160 1182 1202 1241 1263 1283 1325 1347 1367 1403 1424 1445 1488 1509 1529 1569 1589 1612 1650 1670 1690 1732 1754 1775 1813 1833 1853 1898 1920 1941 1983 2004 2025 2065 2087 2108 2149 2170 2192 2230 2250 2270
2 3 0 1 1 1 0 0
2 4 1 1 1 0 0 1
2 7 1 0 0 0 1 1
2 8 1 0 0 0 0 0
2 9 0 0 1 1 0 0
2 10 0 1 0 0 1 1
2 12 0 1 1 1 0 0
2 13 1 0 1 0 1 0
2 15 1 1 0 0 1 0
2 16 1 0 0 0 1 0
2 18 1 0 0 1 1 0
2 20 1 0 0 1 1 0
2 21 0 1 0 1 1 1
2 22 1 1 0 0 1 0
2 23 1 0 1 1 0 1
2 24 0 0 0 0 1 0
2 26 1 1 0 0 1 1
2 27 1 0 0 1 1 0
2 29 1 1 0 0 1 1
3 1 1 1 0 0 1 0
3 2 1 1 0 1 0 1
3 3 1 1 0 1 1 0
3 4 0 0 1 1 0 1
3 6 1 1 1 1 1 0
3 7 0 0 1 1 1 1
3 8 1 1 0 1 1 0
3 9 1 0 0 0 1 0
3 11 0 0 0 0 1 1
3 12 0 0 1 0 0 0
3 13 0 1 0 1 1 0
3 14 1 0 1 0 0 1
3 16 0 0 0 1 1 0
3 17 1 1 1 0 0 0
3 18 0 1 1 0 1 0
3 19 1 0 0 0 1 1
3 20 0 1 0 1 1 1
3 21 1 1 1 1 1 0
3 22 0 1 0 0 0 1
3 23 0 0 0 1 1 0
3 25 1 0 1 0 1 1
3 26 0 1 0 1 0 1
4 1 0 0 0 1 1 0
4 2 1 1 0 1 0 0
4 3 0 1 1 0 0 1
4 4 0 0 1 0 0 0
4 5 0 0 1 1 0 0
4 6 0 1 0 0 0 1
4 8 1 1 1 1 0 0
4 9 0 1 0 1 0 0
4 10 1 1 0 0 0 0
4 11 0 1 1 1 0 1
4 13 1 0 0 1 1 0
4 15 1 1 0 1 1 0
4 16 0 1 0 0 0 1
4 17 0 0 0 1 1 0
4 18 0 0 0 0 0 1
4 19 0 1 1 0 0 0
4 20 0 0 0 0 1 0
4 22 1 1 0 0 1 1
4 23 1 1 0 0 1 0
4 24 1 0 0 0 1 0
4 26 1 0 1 0 1 1
4 27 0 1 0 0 0 1
4 29 1 0 1 1 0 0
4 30 0 1 1 1 0 1
5 1 0 0 1 0 0 1
5 2 1 1 0 0 1 1
5 4 1 1 0 0 1 0
5 5 1 1 0 1 0 1
5 6 1 1 0 1 1 0
5 7 0 0 1 1 0 1
5 9 1 1 1 1 1 0
5 10 0 0 1 1 1 1
5 11 1 1 0 1 1 0
5 12 1 0 0 0 1 0
5 14 0 0 0 0 1 1
5 15 0 0 1 0 0 0
5 16 0 1 0 1 1 0
5 17 1 0 1 0 0 1
5 19 0 0 0 1 1 0
5 20 1 1 0 1 1 0
5 21 1 1 1 0 0 1
5 22 1 1 0 0 0 0
5 23 1 0 0 0 1 0
5 25 1 0 0 1 1 0
5 27 1 0 0 1 1 0
5 28 0 1 1 0 1 0
6 1 0 0 1 0 0 1
6 2 0 1 1 1 0 0
6 3 0 1 0 1 1 1
6 4 0 0 0 1 1 0
6 5 0 0 0 0 0 1
6 6 0 1 1 0 0 0
6 7 0 0 0 0 1 0
6 8 0 1 1 0 0 0
6 9 1 1 0 1 0 0
6 10 0 1 1 0 0 1
6 11 0 0 1 1 0 0
6 12 0 1 1 0 1 0
6 14 1 0 1 0 0 0
6 15 0 1 0 0 0 1
6 16 0 1 0 0 1 0
6 17 0 1 0 0 0 0
6 18 0 0 0 0 1 0
6 20 1 0 1 0 1 1
6 21 0 1 0 1 0 1
6 23 1 1 0 0 1 0
6 24 1 1 0 1 0 1
6 25 1 0 1 1 0 0
6 26 1 0 0 1 0 1
6 28 0 0 1 1 0 0
6 29 0 1 0 0 0 1
7 1 0 0 1 0 0 1
7 2 1 1 0 0 1 0
7 3 1 0 0 0 1 0
7 5 1 0 0 0 1 1
7 6 1 0 0 0 0 0
7 7 1 1 0 1 1 0
7 8 0 0 1 1 0 1
7 10 1 1 0 0 1 0
7 11 1 1 1 0 1 1
7 13 0 1 1 1 1 0
7 14 1 0 0 1 0 1
7 15 1 1 0 1 1 0
7 16 1 1 0 1 0 1
7 18 0 1 0 1 0 0
7 19 1 1 0 1 1 0
7 20 0 0 1 1 0 1
7 22 1 0 0 0 1 1
7 23 1 0 0 0 0 0
7 24 0 0 0 0 1 0
7 26 1 0 0 0 1 1
7 27 0 0 1 0 0 0
8 1 0 0 0 1 0 0
8 2 0 1 1 1 1 0
8 3 0 0 1 0 1 0
8 4 1 0 1 1 0 0
8 5 0 0 1 0 1 1
8 7 1 1 0 1 1 0
8 8 1 1 0 0 0 1
8 9 1 0 1 0 0 0
8 10 0 1 0 0 0 1
8 11 1 0 1 1 1 0
8 12 0 0 1 1 1 1
8 14 0 0 1 1 0 1
8 16 1 1 1 1 0 1
8 17 0 1 0 0 0 0
8 18 1 0 0 0 1 1
8 19 1 0 0 0 0 0
8 21 1 1 0 0 1 0
8 22 0 1 0 0 0 1
8 23 1 1 0 0 1 0
8 24 1 0 0 0 1 0
8 26 0 1 0 1 0 0
8 27 0 0 1 1 0 0
8 28 0 1 1 0 0 0
8 29 0 0 0 0 1 0
8 30 0 1 1 0 0 0
9 3 0 0 1 1 1 1
9 4 1 0 0 0 0 0
9 7 1 0 1 0 1 0
9 9 1 0 0 0 1 1
9 11 1 1 0 1 1 0
9 12 1 1 1 0 0 1
9 13 1 1 0 0 0 0
9 14 1 0 0 0 1 0
9 16 1 0 0 1 1 0
9 18 1 0 0 1 1 0
9 19 0 1 1 0 1 0
9 20 0 1 1 1 0 0
9 21 0 1 0 1 1 1
9 22 0 0 0 0 1 0
9 24 0 0 1 0 0 1
9 25 0 0 1 0 0 1
10 3 0 0 1 1 1 1
10 4 1 1 0 0 0 0
10 7 1 0 1 0 1 0
10 9 1 0 0 0 1 1
10 11 1 0 0 0 1 1
10 12 1 0 0 0 0 0
10 13 1 1 0 0 1 0
10 14 1 1 0 0 1 1
10 16 1 0 0 1 1 0
10 18 1 1 1 0 0 0
10 19 1 0 1 0 0 1
10 20 1 1 0 1 1 0
10 21 0 1 0 1 0 0
10 22 0 0 0 0 1 0
10 24 0 0 1 0 0 1
10 25 0 0 1 0 0 1
11 3 0 0 1 1 1 1
11 4 1 0 0 1 0 0
11 7 1 0 1 0 1 0
11 9 1 0 0 0 1 1
11 11 1 0 1 1 1 0
11 12 0 1 0 1 0 0
11 14 1 1 0 1 1 0
11 15 1 1 1 1 1 1
11 16 0 0 1 1 0 0
11 17 0 1 0 0 0 1
11 19 1 0 0 1 0 1
11 20 0 0 1 0 0 0
11 21 1 1 1 0 0 0
11 22 0 1 1 1 0 1
11 24 1 0 0 1 1 0
11 26 1 1 0 0 1 0
11 27 0 0 1 1 1 0
11 28 0 1 1 0 0 0
12 1 0 0 1 0 0 1
12 2 1 0 1 0 1 0
12 3 1 0 0 0 0 0
12 4 0 0 0 0 1 0
12 6 0 0 1 0 0 1
12 7 0 0 1 0 0 1
13 3 0 0 1 1 1 1
13 4 1 0 0 1 1 0
13 7 1 0 1 0 1 0
13 9 1 0 0 0 1 1
13 11 1 0 1 1 1 0
13 12 0 1 0 1 0 0
13 14 1 1 0 0 1 0
13 15 0 1 1 1 1 1
13 16 1 1 0 0 0 0
13 17 0 1 1 1 0 1
13 19 1 1 0 0 1 0
13 20 1 1 0 1 0 1
13 22 1 1 0 1 1 0
13 23 1 0 1 0 0 1
13 24 0 0 1 0 0 0
13 25 1 1 1 0 0 0
13 26 1 0 0 1 0 1
13 27 0 1 0 0 0 0
13 29 1 0 0 1 1 0
14 1 1 1 1 1 0 0
14 2 0 1 1 1 0 1
14 3 1 1 0 1 0 1
14 4 0 0 0 0 1 0
14 6 0 0 1 0 0 1
14 7 0 0 1 0 0 1
15 3 0 0 1 1 1 1
15 4 1 0 0 0 1 0
15 7 1 0 1 0 1 0
15 9 1 0 0 0 1 1
15 11 1 1 0 0 1 0
15 12 1 1 0 0 0 1
15 13 1 0 0 0 1 1
15 14 1 1 1 1 1 1
15 15 1 1 1 1 1 0
15 16 1 0 1 0 0 1
15 18 1 0 0 1 1 0
15 20 1 1 0 0 1 0
15 21 0 1 1 1 1 1
15 22 1 1 0 0 0 0
15 23 0 1 0 1 0 1
15 25 1 0 0 1 1 0
15 27 1 0 1 0 0 0
15 28 0 1 0 1 0 0
15 29 1 1 1 1 0 0
15 30 0 1 1 0 1 0
16 1 0 0 1 0 0 1
16 2 1 1 0 0 1 0
16 3 1 0 0 1 0 1
16 4 0 0 0 0 1 0
16 6 0 0 1 0 0 1
16 7 0 0 1 0 0 1
17 3 1 0 0 1 1 0
17 4 1 0 1 0 0 1
17 5 0 1 0 1 0 0
17 6 1 0 0 1 1 0
17 7 1 0 1 0 0 1
17 8 0 0 0 0 1 0
17 10 1 1 0 0 1 0
17 11 1 0 0 0 1 0
17 12 0 1 0 1 0 0
17 13 1 1 0 0 1 0
17 14 1 0 0 0 1 0
18 3 1 1 0 1 1 0
18 4 1 1 1 0 0 1
18 5 1 1 0 0 0 0
18 6 1 0 0 0 1 0
18 9 0 0 1 1 0 1
18 10 1 0 0 0 0 0
18 11 0 1 1 1 1 0
18 12 1 1 1 0 0 1
18 15 1 1 0 0 0 0
18 16 0 1 0 0 0 1
18 17 1 1 1 1 1 0
18 18 1 1 0 1 1 1
18 21 1 0 0 1 0 0
18 22 1 0 1 0 0 1
18 23 0 1 1 0 0 0
18 24 1 1 0 0 1 0
18 25 1 1 0 0 0 1
18 26 1 0 0 0 0 0
18 29 1 1 1 1 0 0
18 30 0 1 1 1 0 1
19 1 0 0 1 0 0 1
19 2 1 1 0 1 0 1
21 8 0 0 1 1 1 1
21 9 1 0 0 1 1 0
21 12 1 0 1 1 1 1
21 13 0 1 1 0 0 0
21 14 1 1 0 1 1 0
21 15 1 0 1 0 1 0
21 16 1 0 0 0 1 1
21 17 1 0 0 0 0 0
21 19 1 1 1 0 0 0
21 20 1 0 1 1 0 1
21 21 1 0 0 0 1 1
21 22 1 1 1 0 1 1
23 3 1 0 0 0 1 1
23 4 0 1 0 1 1 1
23 6 1 1 0 0 0 0
23 7 1 0 1 0 0 1
23 8 0 1 0 1 0 1
23 9 0 1 1 0 0 0
23 11 1 0 1 0 1 1
23 12 1 0 1 0 0 1
23 13 1 1 0 1 1 0
23 14 1 0 1 0 1 0
23 15 0 0 0 0 1 0
23 16 0 0 1 0 0 0
23 17 1 0 0 0 1 1
23 18 0 1 0 1 1 1
23 20 1 1 0 0 0 0
23 21 1 0 1 0 0 1
23 22 1 1 1 0 0 0
23 23 1 0 0 1 0 1
23 25 1 1 0 1 1 0
23 26 1 0 1 0 0 1
23 27 1 1 0 0 1 0
23 28 1 0 1 1 0 1
23 29 0 0 0 0 1 0
23 30 0 0 1 0 0 0
24 1 1 1 1 0 0 0
24 3 1 0 1 1 0 0
24 4 0 0 1 1 1 1
24 5 0 1 1 1 1 0
24 6 1 0 1 0 1 0
24 7 1 1 0 1 0 0
24 8 1 0 1 0 0 1
24 10 1 0 0 1 1 0
24 12 0 1 0 1 0 0
24 13 1 0 1 0 0 0
24 14 0 0 1 1 0 1
24 16 0 0 0 0 1 0
24 17 0 0 1 0 0 1
24 18 1 0 1 0 1 1
24 19 1 0 1 0 0 1
24 20 1 1 0 1 1 0
24 21 1 0 1 0 1 0
24 22 0 0 1 0 0 1
24 23 0 1 0 0 0 0
24 24 0 0 0 0 1 0
24 26 1 0 0 1 0 0
24 27 0 1 0 0 1 1
24 29 1 0 0 1 1 0
24 30 1 0 1 0 0 1
25 1 0 0 1 0 0 1
25 2 0 1 1 1 1 0
25 3 0 1 0 0 0 1
25 5 1 0 0 1 1 0
25 7 1 1 0 1 1 0
25 8 0 0 1 1 1 0
25 9 1 0 0 1 1 0
25 10 1 0 1 0 0 1
25 11 0 0 0 0 1 0
25 13 0 1 0 1 0 0
25 14 0 0 1 0 0 0
25 16 1 0 1 0 1 1
25 17 1 1 0 1 1 0
25 18 0 1 0 1 0 0
25 20 1 0 0 1 1 0
25 22 1 1 0 1 0 0
25 23 0 1 1 0 0 1
25 24 1 0 0 0 1 1
25 25 0 1 1 0 0 0
25 26 0 0 0 0 1 0
25 28 1 0 0 0 1 1
25 29 1 0 1 0 0 1
26 1 0 0 1 0 0 1
26 2 1 1 0 1 0 0
26 3 0 0 1 0 1 0
26 4 1 1 1 0 0 0
26 5 0 1 0 0 0 1
26 7 1 0 0 1 1 0
26 8 0 1 0 1 1 1
26 10 1 0 1 0 1 1
26 11 1 0 1 0 0 1
26 12 1 1 0 1 1 0
26 13 1 0 1 0 1 0
26 15 1 0 1 0 0 0
26 16 0 1 0 1 0 0
26 17 0 1 0 0 0 0
26 18 0 1 0 1 0 0
26 19 0 1 1 0 0 0
26 21 1 0 0 1 1 0
26 23 0 0 0 1 1 0
26 24 0 1 0 1 0 1
26 25 0 1 1 0 0 0
26 26 1 0 1 0 0 0
26 27 1 0 0 0 0 1
26 28 0 0 0 1 1 0
26 29 0 0 0 0 1 1
24 2 0 1 0 1 0 1
