0.50
64 86 116 138 168 190 220 241 272 293 323 345 375 397 427 449 479 500 530 552 582 603 634 655 685 707 737 758 789 810 841 861 892 913 944 965 996 1016 1047 1068 1099 1121 1151 1172 1202 1224 1254 1276 1306 1327 1357 1379 1409 1431 1461 1481 1513 1533 1564 1584 1611 1631 1658 1678
29 49 74 112 132 152 190 211 232 275 296 317 357 378 399 441 463 483 523 544 565 606 628 649 690 712 733 772 793 813 855 877 898 936 957 978 1020 1042 1062 1099 1122 1142 1180 1200 1220 1266 1288 1308 1351 1373 1393 1431 1451 1471 1506 1528 1548 1586 1607 1628 1670 1693 1713 1751 1772 1793 1831 1851 1871 1916 1939 1959 2000 2022 2042 2083 2105 2125 2166 2188 2209 2247 2267 2287
3 1 1 0 1 1 1 0
3 2 1 1 0 1 1 1
3 3 0 1 1 1 0 0
3 4 0 1 0 0 0 1
3 5 1 0 0 1 1 0
3 6 0 0 1 1 1 0
3 8 1 0 0 1 1 0
3 9 0 0 0 0 1 0
3 11 1 0 1 1 1 0
3 12 0 0 1 0 1 0
3 13 0 0 1 0 0 0
3 14 1 1 0 0 1 0
3 15 1 0 0 0 1 0
3 17 1 0 0 0 1 1
3 19 1 1 0 0 1 0
3 20 0 0 1 1 1 0
3 21 1 1 0 1 1 0
3 22 0 1 0 1 0 0
3 24 1 0 0 1 1 0
3 25 0 0 0 1 0 0
3 27 1 1 1 0 0 0
3 28 0 0 1 1 1 1
3 29 0 1 1 1 0 0
3 30 0 1 0 0 0 1
4 1 0 0 1 0 0 1
4 2 1 0 0 1 1 0
4 3 0 0 1 1 1 0
4 5 1 0 0 1 1 0
4 6 0 0 0 0 1 0
4 8 1 0 0 0 1 1
4 9 1 0 1 0 1 0
4 10 1 0 0 0 1 1
4 11 1 0 1 0 1 0
4 13 1 0 0 0 1 1
4 14 1 0 0 0 0 0
4 15 0 1 0 1 1 0
4 16 0 0 1 0 1 1
4 18 0 0 1 1 0 0
4 19 0 1 0 0 0 1
4 20 1 0 1 1 0 1
4 22 1 1 0 0 1 0
4 23 1 0 0 0 1 0
4 25 1 1 0 0 1 1
4 27 1 0 0 0 1 1
4 28 0 0 1 0 1 1
4 29 1 0 1 1 0 0
4 30 0 1 0 0 0 1
5 1 1 1 0 0 0 0
5 2 0 0 1 1 1 0
5 3 1 0 0 1 1 0
5 4 0 0 1 0 1 0
5 6 1 1 0 0 1 0
5 7 0 0 1 1 1 0
5 8 1 1 0 1 1 0
5 9 1 0 1 0 1 0
5 10 0 0 0 0 1 0
5 11 0 1 1 0 0 0
6 3 0 1 1 1 0 0
6 4 1 1 1 0 0 1
6 7 1 0 0 0 1 1
6 8 1 0 0 0 0 0
6 9 0 1 0 1 1 0
6 10 0 0 1 0 1 1
6 12 0 1 1 0 1 1
6 13 0 0 1 0 0 0
6 14 0 1 1 0 1 1
6 16 1 1 0 0 0 0
6 17 0 0 1 0 1 0
6 19 1 0 1 0 0 0
6 20 1 0 0 0 0 1
6 21 1 1 0 1 1 0
6 22 1 1 1 0 0 1
6 24 1 1 0 1 1 0
6 25 0 1 0 1 0 0
6 26 0 0 1 1 0 1
6 28 1 0 1 0 1 1
6 29 0 1 0 1 0 1
7 1 1 1 0 1 1 0
7 2 0 0 1 1 0 1
7 3 0 1 1 1 1 0
7 4 0 1 0 1 0 0
7 6 1 0 0 1 1 0
7 8 1 1 0 0 1 0
7 9 1 0 0 0 0 1
7 10 1 1 0 0 1 0
7 11 1 0 1 1 0 1
7 13 1 0 0 0 1 1
7 14 0 1 1 0 0 1
7 15 0 0 0 0 1 0
7 17 1 0 0 0 1 1
7 18 0 0 1 0 0 0
7 20 1 1 1 1 1 0
7 21 1 1 1 0 1 1
7 22 1 1 0 0 1 0
7 23 1 0 1 1 0 1
7 25 1 0 0 1 1 0
7 27 1 1 0 0 1 0
7 28 1 1 0 0 0 1
7 29 1 1 0 0 1 0
7 30 0 0 1 1 0 1
8 1 1 1 0 1 1 0
8 2 0 0 1 1 0 1
8 3 1 1 0 0 1 1
8 5 1 0 1 0 0 0
8 6 0 1 0 0 0 1
8 7 1 1 0 1 1 0
8 8 1 1 1 0 0 1
8 9 1 1 0 0 1 0
8 10 1 0 0 0 0 1
8 11 0 0 0 0 1 0
8 12 0 1 1 0 0 0
8 13 1 1 0 1 1 0
8 14 1 0 0 0 1 0
8 15 1 1 0 1 1 0
8 16 1 0 0 1 0 1
8 18 0 0 1 1 0 0
8 19 0 1 0 0 0 1
8 20 0 0 1 1 0 0
8 21 0 1 0 0 1 1
8 23 1 1 0 0 1 0
8 24 1 0 0 0 1 0
8 25 1 1 0 1 0 0
8 26 0 0 1 0 1 0
8 27 0 0 0 0 1 0
8 29 1 1 1 0 0 0
8 30 1 0 0 1 0 1
9 1 0 0 1 0 0 1
9 2 1 1 0 0 1 0
9 3 0 1 0 1 0 0
9 5 1 0 1 1 1 0
9 6 0 1 0 1 0 0
9 8 1 0 0 1 1 0
9 10 1 0 0 0 1 1
9 11 0 0 1 1 1 1
9 12 1 1 0 0 1 0
9 13 1 0 1 0 1 0
9 15 0 1 1 1 1 0
9 16 0 1 0 1 0 0
9 17 1 0 0 1 0 1
9 18 0 1 1 0 0 0
9 19 0 0 0 0 1 0
9 21 1 1 0 0 1 0
9 22 1 0 0 0 1 0
9 24 1 1 0 1 1 0
9 25 0 1 0 1 0 0
9 26 1 1 0 1 1 0
9 27 0 0 1 1 0 1
9 29 1 1 0 1 0 0
9 30 1 0 1 0 0 1
10 1 0 0 1 0 0 1
10 2 1 1 0 0 1 1
10 4 1 0 0 0 1 1
10 5 1 0 0 0 0 0
10 6 0 1 0 1 0 0
10 7 0 1 1 0 0 0
10 9 1 0 0 1 1 0
10 11 1 1 0 0 1 0
10 12 1 1 1 1 1 1
10 13 0 0 0 0 1 0
10 15 1 0 0 0 1 1
10 16 1 0 1 0 0 1
10 17 1 1 0 0 1 0
10 18 1 0 0 0 1 0
10 20 1 0 1 0 1 1
10 21 1 1 0 1 1 0
10 22 0 1 0 1 0 0
10 24 1 0 0 1 1 0
10 26 0 1 0 1 0 0
10 27 0 0 1 1 0 0
10 28 0 1 0 0 1 1
11 1 1 1 0 1 1 0
11 2 1 1 1 0 0 1
11 3 1 0 1 0 0 0
11 4 1 0 0 0 0 1
11 6 0 0 0 0 1 1
11 7 0 0 1 0 0 0
11 8 0 1 0 1 1 0
11 9 1 0 1 0 0 1
11 11 0 0 0 1 1 0
11 12 0 1 1 1 0 0
11 13 1 0 0 0 0 0
11 14 1 0 1 1 1 0
11 15 1 0 0 1 0 1
11 16 0 0 0 1 1 0
11 17 0 0 0 1 0 0
11 19 0 0 0 1 1 0
11 20 1 1 0 0 0 0
11 21 0 1 1 1 0 1
11 22 1 0 0 0 1 1
11 23 0 1 1 0 0 1
11 24 0 0 0 1 1 0
11 25 0 0 0 1 0 0
11 27 0 0 0 1 1 0
11 28 1 1 0 0 1 0
11 29 1 1 0 1 1 1
12 1 0 0 1 0 0 1
12 2 1 1 0 0 1 0
12 3 1 1 0 0 0 1
12 4 0 0 0 1 1 0
12 6 1 0 0 1 1 0
12 7 0 0 1 1 1 1
12 8 0 0 0 0 0 1
12 9 0 1 1 0 0 0
12 10 0 0 0 0 1 0
12 11 0 1 1 0 0 0
13 3 1 0 0 1 1 0
13 4 1 0 1 0 0 1
13 5 0 1 0 1 0 0
13 6 1 0 0 1 1 0
13 7 1 0 1 0 0 1
13 8 0 0 0 0 1 0
13 10 1 1 0 0 1 0
13 11 1 0 0 0 1 0
13 12 0 1 0 1 0 0
13 13 1 1 0 0 1 0
13 14 1 0 0 0 1 0
14 3 1 1 0 1 1 0
14 4 1 1 0 0 0 1
14 5 0 0 1 0 0 0
14 6 0 0 1 1 0 0
14 7 0 1 1 0 0 1
14 8 0 1 1 0 0 0
14 11 1 1 0 0 1 0
14 12 1 0 0 0 0 1
14 13 1 0 1 0 1 1
14 14 0 1 1 0 1 0
14 17 1 1 1 1 0 0
14 18 0 0 1 1 1 1
14 19 1 1 0 0 1 0
14 20 0 1 1 0 1 0
14 23 1 1 1 0 0 0
14 24 1 1 1 0 1 1
14 25 0 1 0 1 0 0
14 26 0 0 1 0 0 0
16 11 0 0 1 1 0 1
16 12 0 1 1 0 0 0
16 13 0 0 1 1 0 0
16 14 0 1 0 0 1 1
16 16 0 1 1 1 1 0
16 17 0 1 0 1 0 0
16 18 1 1 0 0 0 0
16 19 0 1 0 1 0 0
16 20 0 1 1 0 0 0
17 13 1 0 0 1 1 0
17 14 0 1 0 1 0 1
17 15 0 1 1 0 1 1
17 16 0 1 1 0 0 0
17 17 1 0 0 0 1 1
17 18 1 0 1 0 0 1
19 1 0 1 0 1 1 0
19 2 1 0 1 0 0 1
19 3 1 1 0 1 1 0
19 4 1 0 1 0 1 0
19 6 1 0 1 0 1 0
19 8 0 1 1 1 0 0
19 9 0 0 1 0 0 0
19 10 1 0 1 0 1 1
19 11 0 1 0 1 0 1
19 13 0 0 1 1 0 0
19 14 0 1 0 0 0 1
19 15 1 1 1 0 0 0
19 16 0 1 0 1 0 0
19 17 0 0 0 0 1 0
20 1 1 1 1 1 0 0
20 2 0 0 1 1 1 1
20 3 1 1 0 0 1 1
20 5 0 0 1 0 1 0
20 6 0 0 0 0 1 0
20 8 1 1 0 0 0 0
20 9 1 0 1 0 0 1
20 10 0 0 1 1 1 0
20 12 1 1 0 0 0 0
20 13 0 1 1 1 0 1
20 14 1 0 0 0 1 1
20 15 0 1 1 0 0 1
20 16 0 0 0 0 1 0
21 1 1 0 1 0 1 0
21 3 1 1 0 0 1 0
21 4 0 1 0 1 1 1
21 6 1 0 0 1 1 1
21 7 0 0 1 0 0 0
21 8 1 1 1 1 0 1
21 10 1 0 0 1 1 0
21 11 0 1 0 0 0 1
21 13 1 0 0 0 1 1
21 14 0 0 1 1 1 1
21 15 1 0 0 1 0 0
21 16 0 1 0 0 1 0
22 1 1 0 1 0 1 1
22 2 0 1 0 1 0 1
22 4 1 0 1 1 1 0
22 5 0 1 0 1 0 0
22 6 1 0 1 1 0 0
22 7 0 0 1 0 1 1
22 9 1 0 0 1 1 0
22 11 1 1 0 0 1 0
22 12 1 1 0 0 0 1
22 13 1 0 0 0 1 1
22 14 0 1 1 0 0 1
22 15 0 0 0 0 1 0
22 16 0 1 1 0 0 0
24 1 1 0 1 1 1 0
24 2 0 1 0 1 0 0
24 3 1 0 1 1 0 0
24 4 0 0 1 0 1 1
24 6 0 0 1 1 0 0
24 7 0 0 1 1 0 0
24 8 0 1 0 0 1 1
24 10 1 0 0 1 1 0
24 12 0 1 0 1 0 0
24 13 1 1 0 1 1 0
24 14 0 1 0 0 0 1
24 16 0 1 1 1 0 0
24 17 0 0 1 0 0 0
24 19 1 1 1 0 0 0
24 20 0 1 0 0 0 1
24 21 0 0 0 0 1 0
25 1 1 0 1 0 1 1
25 2 0 1 0 1 0 1
25 4 0 1 0 1 1 0
25 5 1 1 0 0 0 0
25 6 0 0 1 0 1 1
25 8 0 0 1 1 0 0
25 9 1 1 1 0 0 1
25 10 1 1 1 0 0 0
25 11 1 0 0 0 0 1
25 12 1 0 0 1 1 0
25 13 0 1 0 1 0 0
25 15 1 0 0 1 1 0
25 17 1 1 1 0 0 0
25 18 0 1 1 0 1 0
25 19 1 1 1 0 0 0
25 20 0 1 0 1 0 0
25 21 0 0 0 0 1 0
26 1 0 1 1 1 1 0
26 2 0 0 1 0 1 0
26 4 1 1 0 0 1 0
26 5 1 0 1 1 1 1
26 6 0 0 1 1 0 0
26 7 0 1 0 0 0 1
26 9 1 0 0 1 1 0
26 11 1 0 0 0 1 1
26 12 0 0 1 0 1 1
26 13 1 0 0 0 1 1
26 14 0 0 1 0 1 1
26 16 1 1 1 1 1 0
26 17 1 1 1 0 1 1
26 18 1 1 0 0 1 0
26 19 0 0 1 0 1 1
26 20 0 0 0 0 1 0
27 1 1 0 1 1 1 0
27 2 0 1 0 1 0 0
27 3 1 0 1 1 0 0
27 4 0 0 1 0 1 1
27 6 1 0 0 0 0 1
27 7 1 0 0 0 0 0
27 8 1 1 0 1 1 0
27 9 0 1 0 1 0 1
27 11 1 0 0 1 1 1
27 12 0 0 1 0 0 0
27 13 1 1 1 1 0 1
27 15 1 0 0 1 1 0
27 16 0 1 0 0 0 1
27 18 1 1 0 1 1 0
27 19 0 1 0 1 0 0
27 20 0 1 0 1 0 0
27 21 0 1 1 0 0 0
27 22 0 0 0 0 1 0
27 23 0 1 1 0 0 0
