0.10
50 71 101 121 151 174 204 226 255 278 308 329 360 381 412 433 463 485 515 536 567 588 619 640 671 691 722 744 774 796 826 847 877 899 930 951 981 1002 1033 1054 1085 1106 1136 1158 1188 1210 1240 1262 1292 1314 1343 1365 1395 1416 1447 1469 1499 1520 1552 1573 1603 1625 1655 1676
13 34 55 95 116 137 177 199 220 264 285 306 344 366 388 429 450 471 510 532 553 594 615 636 677 699 719 759 780 801 841 863 884 923 945 965 1008 1029 1051 1087 1109 1130 1174 1195 1216 1256 1277 1298 1337 1360 1381 1417 1438 1459 1503 1524 1545 1584 1605 1626 1669 1690 1711 1749 1770 1791 1835 1856 1877 1916 1937 1958 1998 2023 2044 2080 2102 2124 2164 2186 2207 2247 2268 2289
3 25 0 1 1 0 0 0
3 26 1 1 1 0 0 1
3 27 1 1 0 0 1 1
3 28 0 1 1 0 0 1
3 29 0 0 0 1 1 0
4 3 1 1 0 1 0 0
4 5 1 0 1 1 0 0
4 6 1 1 0 1 1 0
4 8 0 1 0 1 0 1
4 9 0 0 0 1 1 1
4 10 0 1 0 0 1 0
4 11 1 0 0 1 0 0
4 13 0 0 1 0 1 1
4 14 0 1 1 1 0 0
4 15 0 1 1 0 0 1
4 16 0 0 0 1 1 0
4 18 0 0 1 0 1 0
4 19 1 1 0 1 1 1
4 20 0 1 0 0 0 1
4 21 1 0 0 1 0 1
4 23 0 0 1 0 1 0
4 24 1 0 0 0 0 1
4 25 1 1 1 0 0 1
4 26 1 1 0 1 1 1
4 28 0 0 0 0 1 1
4 29 1 0 1 0 1 0
4 31 0 1 0 1 0 1
5 25 0 1 0 0 0 0
5 26 0 0 1 1 0 1
5 27 0 0 0 1 1 1
5 28 1 1 0 0 0 1
5 29 0 1 0 1 1 0
6 4 1 1 0 1 0 0
6 6 0 0 1 0 1 1
6 7 1 0 0 1 0 1
6 8 0 0 1 0 1 1
6 9 1 0 0 1 0 0
6 11 0 1 0 0 0 1
6 12 1 1 0 1 0 1
6 14 0 1 0 1 0 1
6 15 1 1 0 1 1 0
6 16 0 1 1 1 1 1
6 17 1 1 0 0 1 1
6 19 0 1 1 0 1 1
6 20 1 1 0 1 1 0
6 21 0 0 1 1 0 1
6 22 1 0 0 1 0 1
6 24 1 1 0 1 0 0
6 26 0 0 1 1 1 1
6 27 1 0 0 1 0 1
6 28 1 1 1 1 1 0
6 29 0 1 0 1 1 0
6 31 1 1 1 1 0 0
7 25 0 1 0 0 0 0
7 26 0 0 1 0 1 0
7 27 1 0 0 0 1 1
7 28 0 0 0 0 1 1
7 29 0 1 0 1 0 0
8 2 0 1 0 1 0 0
8 3 1 1 0 1 1 0
8 4 0 0 0 0 1 0
8 5 0 0 1 1 0 0
8 7 0 1 0 0 0 0
8 8 0 0 0 0 1 1
8 9 1 0 0 0 1 0
8 10 1 1 0 1 0 0
8 11 0 0 0 0 1 1
8 12 0 0 1 1 0 1
8 13 1 0 0 0 1 1
8 15 1 1 0 1 0 0
8 17 1 0 1 1 0 0
8 18 1 1 0 1 1 0
8 19 0 0 0 0 1 1
8 20 0 1 0 1 0 0
8 22 1 0 0 0 1 0
8 23 1 1 0 1 1 0
8 24 0 1 1 1 0 1
8 26 0 0 1 0 1 0
8 27 1 0 0 0 0 1
8 28 1 0 1 1 0 0
8 29 1 1 0 1 0 1
8 30 1 0 1 1 0 0
8 31 1 1 0 1 0 0
9 27 0 0 1 0 1 0
9 28 1 0 0 0 0 1
9 29 0 0 1 0 0 1
10 3 0 1 1 1 1 1
10 4 1 1 0 1 0 0
10 5 0 0 1 1 1 1
10 6 1 1 0 1 1 1
10 8 1 0 1 1 0 0
10 9 1 1 0 1 0 0
10 10 1 0 1 1 0 0
10 11 1 1 0 1 0 0
10 13 0 1 0 0 0 1
10 14 1 1 0 1 0 1
10 16 0 1 1 0 1 0
10 17 1 0 0 0 0 1
10 19 0 1 0 0 1 0
10 20 1 0 0 1 0 0
10 21 0 0 0 1 0 0
10 22 0 1 1 0 1 1
10 23 0 1 0 1 1 0
10 25 0 0 1 0 1 1
10 26 1 0 0 1 1 1
10 28 0 0 1 1 0 1
10 29 0 0 0 1 1 1
10 30 0 1 0 0 1 1
10 31 1 1 0 1 0 0
11 23 0 1 1 0 0 0
11 24 0 1 1 0 1 1
11 25 1 1 0 1 1 0
11 26 1 1 1 0 0 1
11 27 1 1 0 1 0 0
11 29 1 1 0 1 0 0
12 5 0 1 0 0 0 0
12 6 0 0 0 1 0 0
12 7 1 0 1 1 0 0
12 8 0 0 1 1 0 0
12 9 0 0 0 1 0 1
12 11 1 1 0 1 0 0
12 13 1 0 0 0 1 0
12 14 0 0 0 1 0 1
12 15 0 1 0 0 1 1
12 16 1 0 0 1 0 1
12 18 0 1 0 1 0 1
12 19 0 1 0 1 1 0
12 20 0 0 0 0 0 1
12 21 0 1 0 1 0 0
12 23 0 1 0 0 0 1
12 24 1 1 0 1 0 1
12 26 0 0 0 0 1 1
12 27 1 0 1 0 1 0
12 29 0 1 0 1 0 1
13 6 0 1 0 0 0 0
13 7 0 1 0 0 0 1
13 8 1 0 0 1 0 1
13 9 0 0 1 0 1 0
13 10 1 1 0 1 1 1
13 12 1 1 1 0 1 0
13 13 1 1 0 1 0 0
13 14 0 1 0 0 0 1
13 15 1 1 0 1 0 0
13 17 1 1 0 1 0 0
13 19 0 0 0 0 1 1
13 20 0 1 0 1 0 0
13 21 0 1 0 1 0 1
13 22 1 1 0 1 1 0
13 24 0 0 1 0 1 1
13 25 0 1 1 1 0 0
13 27 1 0 1 1 1 1
13 28 0 1 0 0 1 1
13 29 1 0 0 1 0 0
14 6 0 0 1 0 1 1
14 7 0 1 1 1 0 0
14 9 0 1 1 1 1 1
14 10 1 1 0 0 1 1
14 11 0 0 1 1 1 1
14 12 0 1 1 1 0 0
14 13 1 1 0 0 0 1
14 14 0 1 0 1 1 0
14 16 0 1 1 0 1 0
14 17 1 0 0 0 0 1
14 19 0 0 0 0 0 1
14 20 0 1 0 1 0 0
14 21 1 0 1 1 0 0
14 22 1 1 0 0 1 1
14 24 1 1 0 1 0 0
14 26 0 1 1 0 1 1
14 27 0 1 0 1 1 0
14 28 0 0 1 0 1 1
14 29 1 0 0 1 0 0
15 5 0 0 0 0 1 1
15 6 0 1 0 0 0 0
15 7 0 0 0 0 1 1
15 8 1 1 1 1 1 1
15 9 0 1 0 1 1 0
15 10 1 0 1 0 1 0
15 11 0 0 0 1 1 0
15 13 1 1 0 1 0 0
15 15 0 1 1 0 1 1
15 16 1 1 0 1 1 0
15 17 0 0 0 1 0 0
15 18 1 1 1 0 1 0
15 20 0 0 1 0 1 0
15 21 1 0 0 0 0 1
15 22 0 0 1 1 1 1
15 23 0 1 1 1 0 0
15 25 0 0 1 0 1 0
15 26 0 0 0 1 0 1
15 27 1 0 1 1 0 1
15 28 0 0 0 1 1 1
15 30 0 1 0 0 0 1
15 31 1 1 0 1 0 1
17 8 0 0 1 0 1 0
17 9 0 0 0 1 1 1
17 10 1 1 1 1 0 1
17 11 0 0 0 1 0 1
17 13 1 1 0 1 0 0
17 15 0 0 0 1 0 0
17 16 1 0 0 0 0 1
17 17 0 0 1 1 0 1
17 18 0 0 0 1 1 0
17 20 0 1 0 1 0 1
17 21 1 0 0 0 1 1
17 23 0 1 1 0 0 1
17 24 1 1 0 0 1 0
17 26 0 0 1 0 1 0
17 27 1 0 0 0 0 1
17 28 1 1 1 1 0 1
17 29 0 1 0 1 1 0
17 31 0 1 0 1 0 1
18 9 0 1 0 0 0 0
18 10 0 0 1 0 1 1
18 11 1 1 0 1 1 1
18 12 0 0 1 1 0 1
18 13 1 1 0 1 1 0
18 14 0 1 0 0 0 1
18 15 1 1 0 1 0 0
18 17 1 1 0 1 0 0
18 19 0 0 1 1 0 1
18 20 0 0 1 1 0 1
18 21 1 1 0 1 1 0
18 23 0 0 1 1 1 1
18 24 1 0 0 1 0 1
18 25 1 1 1 0 1 0
18 26 1 1 0 1 0 0
18 28 0 0 1 0 1 0
18 29 1 0 0 0 0 1
18 30 0 0 0 0 1 1
18 31 0 1 1 0 1 1
19 8 0 1 0 0 0 0
19 9 0 0 1 0 1 1
19 10 1 0 0 1 1 0
19 11 0 1 0 0 1 1
19 12 1 0 0 1 0 1
19 14 1 0 1 1 1 0
19 15 1 1 0 1 1 0
19 16 0 1 1 0 1 0
19 17 1 1 0 1 0 1
19 19 1 1 0 1 0 0
19 21 0 1 0 0 1 1
19 22 1 0 0 1 0 0
19 23 0 1 0 0 1 1
19 24 1 1 0 1 0 0
19 26 0 0 1 0 1 0
19 27 1 0 0 0 0 1
19 28 1 0 1 0 1 0
19 29 1 1 0 1 1 0
19 30 0 0 1 1 0 1
19 31 1 0 0 1 1 0
20 6 0 1 1 0 0 0
20 7 0 1 1 0 1 1
20 8 1 1 0 1 1 1
20 9 1 1 0 0 0 1
20 10 0 1 0 1 1 0
20 12 1 1 0 1 0 0
20 14 0 0 0 0 0 1
20 15 0 0 1 1 1 1
20 16 0 0 0 1 1 0
20 17 0 0 0 1 0 0
20 18 0 1 1 0 1 1
20 19 1 1 0 1 1 1
20 21 1 1 0 0 0 1
20 22 1 1 0 1 0 0
20 23 0 0 1 1 0 1
20 24 1 0 0 1 1 0
20 26 0 0 1 0 1 0
20 27 1 0 0 0 0 1
20 28 1 0 1 1 0 0
20 29 0 0 0 1 0 1
20 30 1 0 1 1 0 1
20 31 0 1 0 1 1 0
21 9 0 1 0 0 0 0
21 10 1 1 1 1 1 0
21 11 0 0 0 0 1 1
21 12 0 1 0 1 0 0
21 14 0 0 0 0 1 1
21 15 1 1 0 0 1 0
21 16 0 1 0 1 0 0
21 17 1 1 0 1 1 0
21 19 1 1 0 1 0 0
21 21 1 1 1 0 1 0
21 22 0 1 1 1 0 0
21 23 0 0 1 1 0 1
21 24 0 0 0 1 1 1
21 26 0 1 1 1 1 0
21 28 1 0 1 0 1 0
21 29 0 1 1 1 0 1
21 31 0 1 0 1 1 1
22 6 0 1 0 0 0 0
22 7 0 1 1 0 1 0
22 8 1 0 0 0 0 1
22 10 0 0 1 1 1 1
22 11 1 1 0 0 1 1
22 12 1 1 0 0 0 1
22 13 0 1 0 1 1 0
22 15 0 1 1 0 0 1
22 16 1 1 0 0 1 0
22 17 0 1 1 0 1 0
22 18 1 1 0 1 0 1
22 20 1 1 0 1 0 0
22 22 0 1 1 1 1 0
22 23 1 1 0 1 1 0
22 24 1 1 1 0 1 0
22 25 0 1 1 1 0 1
22 27 0 1 0 0 0 1
22 28 1 1 0 1 0 1
22 30 1 0 1 0 1 0
22 31 0 1 1 1 0 1
23 7 0 1 0 0 0 0
23 8 0 1 0 0 1 1
23 9 1 1 0 1 0 0
23 10 0 0 0 0 0 1
23 11 0 0 1 1 0 1
23 13 1 1 0 1 0 0
23 15 0 1 0 0 1 1
23 16 0 1 1 1 0 0
23 17 0 1 1 1 1 1
23 18 0 0 0 1 0 1
23 20 0 0 1 0 1 0
23 21 1 0 0 0 0 1
23 22 0 0 1 1 1 1
23 23 0 0 0 1 1 0
23 25 0 1 0 0 0 1
23 26 1 1 0 1 0 1
23 28 0 0 1 0 1 0
23 29 1 0 0 0 0 1
23 30 0 0 1 1 1 1
23 31 0 0 0 1 0 1
24 7 0 0 0 0 1 1
24 8 0 1 0 0 0 0
24 9 0 1 1 0 0 1
24 10 0 1 1 1 0 0
24 11 1 1 1 0 0 1
24 12 1 1 0 1 1 0
24 14 0 0 1 1 1 1
24 15 0 0 0 1 1 0
24 16 0 0 0 0 1 1
24 17 0 1 0 1 0 0
24 19 0 1 0 0 1 1
24 20 1 1 0 1 0 0
24 21 0 0 1 1 1 1
24 22 0 0 0 1 0 1
24 24 0 0 0 0 1 0
24 25 1 0 0 0 0 1
24 27 1 0 0 0 1 0
24 28 0 0 1 0 1 0
24 29 0 0 0 1 0 1
24 31 0 1 0 1 0 1
25 22 0 1 0 0 1 0
25 23 0 1 0 0 1 0
25 24 0 1 0 0 1 0
25 25 0 1 0 0 1 0
25 26 0 1 0 0 1 0
25 27 0 1 0 0 1 0
25 28 0 1 0 0 1 0
25 29 0 1 0 0 1 0
25 30 0 1 0 0 1 0
25 31 0 1 0 0 1 0
26 2 0 0 0 0 1 0
26 3 0 0 1 0 0 1
26 4 1 0 1 1 1 1
26 5 0 1 0 1 1 0
26 6 0 0 0 1 0 0
26 7 0 1 1 1 0 0
26 9 0 0 1 1 0 1
26 10 1 0 0 1 1 0
26 11 0 1 0 1 0 1
26 12 1 1 0 0 1 1
26 13 1 1 1 0 0 1
26 14 1 0 0 1 0 1
26 15 1 0 1 0 1 0
26 16 0 0 0 1 1 1
26 17 0 0 1 0 0 1
26 18 0 1 0 0 0 0
26 20 0 1 1 1 0 1
26 21 1 0 1 1 1 1
26 22 0 1 0 1 1 0
26 24 0 0 0 0 1 1
26 25 0 0 1 0 0 1
26 26 0 0 0 0 1 0
26 27 1 1 1 0 0 1
26 28 0 0 1 0 0 1
26 29 0 1 1 0 0 0
27 6 1 0 1 1 0 0
27 7 1 1 0 1 0 1
27 8 1 1 0 1 1 0
27 9 1 0 0 0 1 0
27 10 1 0 0 0 1 0
27 11 0 0 0 1 0 0
27 12 1 1 1 0 0 1
27 14 0 0 1 0 1 0
27 15 0 1 1 1 0 0
27 16 0 0 1 1 1 1
27 17 0 0 0 1 1 0
27 18 0 0 1 1 0 1
27 19 1 1 0 1 1 1
27 21 1 1 1 0 1 1
27 22 0 1 0 1 1 0
27 23 0 0 0 0 1 0
27 24 0 1 0 0 1 0
27 26 0 0 1 1 1 0
27 27 1 0 0 1 0 1
27 28 0 1 1 0 0 1
27 29 1 1 0 0 1 0
27 30 0 0 0 0 0 1
27 31 0 1 1 0 0 0
