0.30
28 48 76 97 127 149 180 201 231 253 283 305 335 356 387 408 438 460 490 511 542 564 594 615 646 667 698 718 749 770 801 822 853 874 904 926 956 977 1008 1029 1059 1080 1107 1133 1163 1184 1215 1235 1267 1288 1318 1339 1370 1391 1420 1443 1471 1494 1521 1541 1568 1588 1615 1635 1663 1683
23 43 63 101 121 141 179 200 222 264 286 307 346 367 388 428 450 471 510 531 552 595 616 637 675 695 715 759 779 800 841 863 883 923 944 964 1008 1029 1050 1086 1108 1129 1171 1193 1214 1252 1273 1295 1333 1353 1373 1416 1437 1458 1501 1522 1543 1581 1604 1625 1668 1689 1710 1748 1769 1790 1835 1856 1876 1915 1937 1957 1999 2020 2041 2079 2099 2119 2163 2184 2205 2243 2263 2290
3 2 1 0 1 0 1 0
3 4 1 0 0 0 1 1
3 6 1 1 0 1 1 0
3 7 1 1 1 0 0 1
3 8 1 1 0 0 0 0
3 9 1 0 0 0 1 0
3 11 1 0 0 1 1 0
3 13 1 0 0 1 1 0
3 14 0 1 1 0 1 0
3 15 0 1 1 1 0 0
3 16 0 1 0 1 1 1
3 17 0 0 0 0 1 0
3 19 1 0 0 0 1 1
3 21 1 0 0 0 1 1
3 22 1 0 0 0 0 0
3 23 1 1 0 0 1 0
3 24 1 1 0 0 1 1
3 26 1 0 0 1 1 0
3 28 1 1 1 0 0 0
3 29 1 0 1 0 0 1
4 4 0 0 1 0 0 1
4 5 1 1 0 1 1 0
4 6 0 1 0 1 0 0
4 7 0 0 0 0 1 1
5 2 1 0 0 0 1 1
5 4 0 0 1 1 0 1
5 5 1 0 0 0 0 0
5 6 0 1 1 1 1 0
5 7 1 1 1 0 0 1
5 9 1 0 0 0 1 1
5 10 0 1 1 0 0 1
5 12 1 0 0 1 1 0
5 14 1 1 0 0 0 0
5 15 0 1 0 0 0 1
5 16 1 1 1 1 1 0
5 17 1 1 0 1 1 1
6 2 1 1 0 0 0 0
6 3 0 0 1 0 1 0
6 5 1 0 1 0 0 0
6 6 1 0 0 1 0 1
6 7 1 0 0 0 1 1
6 8 0 0 1 1 1 1
6 10 1 0 0 0 1 1
6 11 0 0 1 0 1 1
6 12 1 0 0 0 1 1
6 13 0 0 1 0 1 1
7 4 1 1 1 0 0 0
7 5 0 1 1 1 0 1
7 6 1 1 0 1 1 0
7 7 1 1 0 0 0 1
7 9 1 0 1 1 1 0
7 10 0 1 0 1 0 0
7 12 1 0 0 1 1 0
7 14 1 1 0 1 1 0
7 15 1 0 0 1 0 1
7 16 1 1 0 0 0 0
7 17 0 1 0 0 0 1
7 18 0 0 0 0 1 0
8 2 0 0 0 0 0 1
8 3 0 0 1 0 0 1
8 4 1 0 1 0 1 1
8 5 1 0 1 0 0 1
8 6 1 1 0 1 1 0
8 7 1 0 1 0 1 0
8 9 0 0 1 0 1 0
8 10 0 0 0 0 1 1
8 11 0 1 0 0 0 0
10 2 1 0 1 0 1 0
10 4 1 0 0 0 1 1
10 6 1 1 1 1 0 0
10 7 1 1 0 0 0 1
10 8 1 0 1 0 0 0
10 9 1 0 0 1 1 1
10 10 0 0 0 0 1 0
11 2 1 0 1 0 1 0
11 4 1 0 0 0 1 1
11 6 1 1 0 0 0 0
11 7 0 1 1 1 0 1
11 8 0 1 0 1 0 1
11 9 1 0 0 0 0 0
11 10 0 0 0 0 1 0
11 11 0 1 1 0 0 0
12 2 1 0 1 0 1 0
12 4 1 0 0 0 1 1
12 6 1 0 1 1 1 0
12 7 0 1 0 1 0 0
12 9 1 0 1 0 1 1
12 10 1 0 1 0 0 1
12 11 1 0 1 0 1 1
12 12 1 0 1 0 0 1
12 13 1 1 0 0 0 0
12 14 0 1 1 1 0 1
12 15 1 1 0 0 0 0
12 16 0 1 1 1 0 1
13 4 0 1 1 1 1 0
13 5 0 1 0 0 1 1
13 6 1 0 1 0 0 0
13 7 1 0 1 0 0 1
13 9 1 0 0 1 1 0
13 11 1 1 0 0 1 0
13 12 0 1 0 1 0 0
13 13 0 1 1 0 1 1
13 15 0 0 1 0 1 0
13 16 0 0 0 0 1 0
14 2 1 0 0 0 1 1
14 4 0 0 0 1 1 0
14 5 1 1 0 1 0 0
14 6 0 1 1 1 0 1
14 7 0 1 1 1 1 0
14 8 1 0 0 1 0 1
14 9 0 0 0 1 1 0
14 11 1 1 0 0 1 0
14 12 1 1 0 0 1 1
14 13 0 1 1 0 0 0
14 14 1 1 0 1 1 0
14 15 1 0 0 1 0 1
14 16 1 0 0 0 0 0
15 2 1 0 1 0 0 0
15 3 1 0 0 1 0 1
15 4 1 1 0 0 0 0
15 5 0 1 0 1 0 1
15 6 1 0 1 1 1 0
15 7 1 0 0 1 0 1
15 9 0 1 0 1 1 1
15 10 0 1 1 0 0 0
15 12 1 1 1 0 0 0
15 13 1 0 1 0 1 0
15 14 1 0 0 1 1 0
15 15 0 1 1 0 1 0
15 17 1 0 0 1 1 0
15 18 0 1 0 1 0 0
15 19 1 0 1 1 0 0
15 20 1 0 0 1 0 1
15 22 1 0 0 1 1 0
15 24 1 1 0 0 1 0
15 25 1 1 1 1 1 1
15 26 1 0 0 1 1 0
15 27 1 0 1 0 1 0
15 28 0 0 0 0 1 0
16 2 0 0 0 0 0 1
16 3 0 0 1 0 0 1
16 4 1 0 1 0 1 1
16 5 1 0 1 0 0 1
16 6 1 1 0 1 1 0
16 7 1 0 1 0 1 0
16 9 0 0 1 0 1 0
16 10 0 0 0 0 1 1
16 11 0 1 0 0 0 0
18 2 1 0 1 0 1 0
18 4 1 0 0 0 1 1
18 6 1 0 1 1 1 0
18 7 0 1 0 1 0 0
18 9 1 0 0 1 0 0
18 10 1 0 1 0 0 1
18 11 1 1 0 0 1 0
18 12 1 1 0 0 0 1
18 14 1 0 0 1 1 0
18 16 1 1 1 0 0 0
18 17 0 1 0 1 0 0
18 18 1 1 0 0 1 0
18 19 1 0 1 1 0 1
18 20 0 0 0 0 1 0
19 2 1 1 0 1 1 0
19 3 0 1 1 0 0 1
19 5 1 0 0 1 0 0
19 6 0 1 0 0 1 1
19 8 1 0 0 0 1 1
19 9 0 0 1 0 1 1
19 10 1 1 0 0 1 0
19 11 1 1 1 1 1 1
19 13 1 0 0 1 1 0
19 15 0 0 1 1 0 0
19 16 1 0 1 0 0 1
19 17 0 1 1 0 1 1
19 18 0 0 1 0 0 0
19 20 1 1 1 0 0 0
19 21 0 1 0 1 0 0
19 23 0 0 1 1 0 0
19 24 0 0 1 1 1 1
19 25 0 1 1 1 1 0
19 26 1 0 1 0 1 0
19 27 0 0 0 0 1 1
20 2 1 0 1 0 1 0
20 4 1 0 0 0 1 1
20 6 1 0 1 1 1 0
20 7 0 1 0 1 0 0
20 9 1 1 0 0 1 0
20 10 0 1 1 1 1 1
20 11 0 0 1 0 0 0
20 12 1 1 0 0 0 0
20 13 0 1 1 1 0 1
20 14 0 1 1 0 0 0
20 16 1 1 0 0 1 0
20 17 1 1 0 1 0 1
20 19 1 1 0 1 1 0
20 20 1 0 1 0 0 1
20 21 1 1 1 0 0 0
20 22 1 0 0 1 0 1
20 24 1 0 0 1 1 0
20 26 1 1 1 1 0 0
20 27 0 1 1 1 0 1
20 28 1 1 0 1 0 1
20 29 0 0 0 0 1 1
21 2 1 0 1 0 1 0
21 4 1 0 0 0 1 1
21 6 1 0 1 1 1 0
21 7 0 1 0 1 0 0
21 9 1 1 0 1 1 0
21 10 1 1 1 1 1 1
21 11 0 0 1 1 0 0
21 12 0 1 0 0 0 1
21 14 1 0 0 1 0 1
21 15 0 0 1 0 0 0
21 16 1 1 1 0 0 0
21 17 0 1 1 1 0 1
21 19 1 0 0 1 1 0
21 21 1 1 0 0 1 0
21 22 0 0 1 1 1 0
21 23 0 1 1 0 0 0
21 24 1 0 1 0 1 0
21 25 0 0 0 0 1 1
22 2 1 0 1 0 1 0
22 4 1 0 0 0 1 1
22 6 1 1 0 0 1 0
22 7 1 1 0 0 0 1
22 8 1 0 0 0 1 1
22 9 1 1 1 1 1 1
22 10 1 1 1 1 1 0
22 11 1 0 1 0 0 1
22 13 1 0 0 1 1 0
22 15 1 1 0 0 1 0
22 16 0 1 1 1 1 1
22 17 1 1 0 0 0 0
22 18 0 1 0 1 0 1
22 20 1 0 0 1 1 0
22 22 1 0 1 0 0 0
22 23 0 1 0 1 0 0
22 24 1 1 1 1 0 0
22 25 0 1 1 0 1 0
22 26 1 1 0 0 1 0
22 27 1 0 0 1 0 1
22 28 0 0 0 0 1 1
23 2 1 0 0 0 1 1
23 4 1 1 0 1 0 0
23 5 0 1 1 1 0 1
23 6 1 1 0 0 1 0
23 7 0 1 0 0 1 1
23 9 1 0 0 1 1 0
23 11 1 1 1 0 0 0
23 12 0 1 0 1 0 0
23 13 1 0 1 1 0 0
23 14 1 0 0 0 0 1
24 4 0 0 1 1 0 0
24 5 0 0 1 1 1 1
24 6 1 0 1 0 1 1
24 7 0 1 0 1 0 1
24 9 1 1 1 1 0 0
24 10 0 0 1 0 1 1
24 11 1 1 0 0 0 0
24 12 0 1 0 0 0 1
24 13 0 0 0 0 1 1
25 2 0 0 0 0 0 1
25 3 0 0 1 0 0 1
25 4 1 0 1 0 1 1
25 5 1 0 1 0 0 1
25 6 1 1 0 1 1 0
25 7 1 0 1 0 1 0
25 9 0 0 1 0 1 0
25 10 0 0 0 0 1 1
25 11 0 1 0 0 0 0
27 2 1 0 1 0 1 0
27 4 1 0 0 0 1 1
27 6 1 0 1 1 1 0
27 7 0 1 0 1 0 0
27 9 1 0 0 0 1 1
27 10 0 1 0 0 0 0
27 11 0 1 0 1 0 0
27 12 0 1 1 0 0 0
27 13 1 1 0 1 0 0
27 14 0 0 1 0 1 1
27 16 0 0 1 1 0 0
27 18 0 1 0 1 0 0
27 19 0 0 0 0 1 0
