0.50
31 51 78 98 126 146 173 193 220 240 268 288 315 335 362 382 410 431 462 483 513 535 566 588 617 638 669 690 720 742 772 793 824 845 875 896 927 948 979 1000 1030 1051 1081 1103 1134 1155 1185 1206 1236 1258 1285 1309 1387 1414 1443 1464 1495 1516 1543 1563 1590 1610 1637 1657
89 109 129 167 187 207 245 265 285 323 344 365 407 428 450 488 508 528 566 594 614 652 672 692 735 756 777 815 835 855 893 913 933 971 991 1011 1062 1083 1104 1149 1170 1191 1228 1250 1271 1309 1329 1349 1387 1407 1427 1465 1485 1505 1543 1563 1583 1621 1641 1661 1699 1719 1739 1777 1797 1817 1855 1875 1895 1971 1993 2013 2071 2091 2111 2149 2169 2189 2227 2247 2267
4 9 0 1 0 1 0 0
4 10 0 1 1 0 0 0
4 11 1 0 1 0 0 1
4 13 1 1 0 1 1 0
4 14 0 0 1 1 1 0
4 15 0 0 1 1 0 1
4 17 1 0 1 0 0 0
4 18 0 1 0 0 0 1
4 19 1 1 1 1 1 0
4 20 0 0 1 1 1 1
4 22 1 1 0 0 0 0
4 23 0 0 1 1 1 0
4 24 0 0 1 1 0 0
4 25 0 1 0 0 1 0
5 11 1 0 0 0 1 1
5 12 0 1 0 0 0 0
5 13 1 0 0 1 0 1
5 15 1 1 0 1 1 0
5 16 0 0 1 1 1 0
5 17 1 0 1 0 0 0
5 18 0 1 0 0 0 1
5 19 1 0 0 0 1 1
5 20 1 0 1 0 0 1
7 16 0 0 1 1 0 1
7 17 0 0 1 0 0 0
7 18 0 1 0 0 1 0
7 19 0 1 0 0 0 0
9 12 1 1 0 1 1 0
9 13 1 1 0 0 1 1
9 14 1 0 1 1 1 0
9 15 1 0 0 1 0 1
9 16 1 1 0 1 1 0
9 17 0 1 0 1 0 0
9 20 1 1 0 0 1 0
9 21 1 1 0 1 0 1
9 22 1 0 0 1 0 0
9 23 0 1 0 0 0 1
11 17 0 1 0 1 0 0
13 9 1 0 1 0 0 0
13 10 0 1 0 0 0 1
13 11 1 1 1 1 1 0
13 12 0 0 1 1 1 1
13 14 1 1 0 1 1 0
13 15 0 0 1 1 1 0
13 16 1 0 0 1 0 0
13 17 0 1 0 1 0 1
13 19 1 0 0 1 0 1
13 20 0 1 0 0 0 0
13 21 1 1 0 1 1 0
13 22 1 1 0 0 1 1
13 23 0 1 1 1 0 0
13 24 1 0 1 0 1 0
14 9 0 0 1 1 0 0
14 10 0 1 0 0 1 1
14 11 1 1 0 0 1 0
14 12 0 1 1 1 1 1
14 14 0 0 1 1 0 1
14 15 0 0 1 0 0 0
14 16 0 1 0 0 1 0
14 18 1 0 1 0 0 0
14 19 0 1 0 0 0 1
14 20 1 1 1 1 1 0
14 21 0 0 1 1 1 1
14 23 1 1 0 1 1 0
14 24 0 0 1 1 1 0
14 25 1 0 0 1 0 0
14 26 0 1 0 1 0 1
14 28 1 1 0 1 1 0
14 29 1 1 0 0 1 1
15 11 1 0 1 0 0 0
15 12 0 1 0 1 0 1
15 13 1 1 0 1 0 0
15 14 0 0 1 0 1 0
15 16 0 0 1 1 0 0
15 17 0 1 0 0 1 1
15 18 1 1 0 0 1 0
15 19 1 1 0 0 0 1
15 22 1 1 0 0 0 0
15 23 1 0 0 1 0 1
15 24 0 0 1 1 0 0
15 25 1 0 1 0 0 1
24 10 0 0 1 1 0 0
24 11 0 1 0 0 1 1
24 12 1 1 0 1 1 0
24 13 1 0 1 0 1 0
24 15 1 0 1 1 0 0
24 16 0 1 1 0 0 1
24 17 0 1 0 0 1 0
24 19 1 1 1 1 1 0
24 20 1 0 1 0 0 1
24 21 1 1 0 0 0 0
24 22 1 1 1 0 0 1
24 23 1 0 0 0 1 1
24 24 0 1 0 0 0 1
14 27 1 0 0 1 0 1
