0.10
28 48 76 97 128 149 180 201 231 252 284 304 335 357 386 408 438 460 490 511 542 564 594 615 646 667 697 718 748 770 801 822 852 873 903 925 955 977 1007 1029 1059 1081 1111 1132 1162 1184 1214 1234 1267 1287 1318 1338 1369 1391 1421 1441 1473 1494 1525 1546 1577 1598 1625 1645
71 91 111 149 170 191 229 249 269 315 336 358 400 421 443 482 503 524 565 587 607 647 668 690 731 752 772 814 836 856 896 917 939 982 1004 1024 1061 1083 1105 1148 1169 1191 1228 1250 1271 1315 1336 1357 1394 1416 1437 1480 1502 1523 1561 1583 1604 1647 1669 1690 1728 1749 1770 1813 1834 1855 1895 1916 1937 1979 2001 2022 2061 2083 2104 2145 2166 2187 2225 2245 2265
2 12 1 1 0 0 1 0
2 13 1 0 0 0 1 0
2 14 1 0 1 0 1 1
2 15 0 1 0 1 0 1
2 17 1 0 1 0 0 0
2 18 1 0 0 1 0 0
2 19 1 0 1 1 0 0
2 20 1 0 0 1 0 1
4 2 1 0 1 0 0 0
4 3 1 1 0 0 0 1
4 4 0 1 0 1 0 1
4 5 0 1 1 0 0 0
4 7 1 0 0 1 1 0
4 9 0 1 1 1 1 0
4 10 0 1 0 0 1 1
4 11 1 1 0 0 1 0
4 12 0 1 1 1 1 1
4 13 1 0 1 1 0 0
4 14 0 0 1 0 1 1
4 15 0 0 1 0 0 1
5 4 1 0 0 0 1 1
5 5 0 1 0 0 0 0
5 6 1 1 0 1 1 0
5 7 1 0 0 1 0 1
5 9 1 1 0 1 1 0
5 10 1 0 1 0 1 0
5 11 1 0 0 1 1 0
5 12 0 1 0 0 0 1
5 14 0 0 1 1 0 0
5 15 0 0 1 0 1 1
5 17 1 0 1 0 0 0
5 18 1 0 1 1 1 1
5 19 0 0 0 0 1 0
5 21 1 1 0 1 1 0
5 22 1 1 0 0 1 1
5 23 1 0 1 1 1 0
5 24 1 0 0 1 0 1
5 26 1 0 0 1 1 0
5 28 0 0 1 1 0 1
5 29 0 0 1 0 0 0
5 30 0 1 0 0 1 0
6 2 1 1 1 0 0 0
6 3 0 0 1 1 0 1
6 4 1 1 1 1 1 0
6 5 0 0 1 1 1 1
6 7 1 1 0 0 0 0
6 8 1 0 1 0 0 1
6 9 0 0 1 1 0 0
6 10 1 0 0 0 0 0
6 11 1 1 0 0 0 0
6 12 1 0 1 0 0 1
6 13 1 1 0 1 1 0
6 14 0 1 1 1 1 1
6 16 0 1 0 1 0 0
6 17 0 0 1 0 0 0
6 19 1 1 0 1 1 0
6 20 1 0 0 0 1 0
6 21 1 1 0 1 1 0
6 22 1 1 0 0 0 1
6 24 0 0 1 1 0 0
6 25 0 1 0 0 1 1
6 26 1 0 0 1 1 0
6 27 1 0 0 1 0 1
6 28 0 0 0 0 1 0
6 29 0 1 1 0 0 0
6 30 1 1 1 1 0 1
6 31 0 1 1 0 0 0
7 2 0 0 1 1 0 0
7 3 0 1 0 0 0 1
7 5 0 1 0 1 0 0
7 6 1 1 1 1 1 0
7 7 0 0 1 1 1 1
7 9 1 0 0 1 1 0
7 11 0 0 1 1 0 1
7 12 0 0 1 0 0 0
7 13 0 1 0 0 1 0
7 15 1 1 0 0 1 0
7 16 0 1 1 1 1 1
7 17 1 1 0 0 1 0
7 18 0 1 0 1 0 0
7 20 1 1 1 1 1 0
7 21 0 0 1 1 1 1
7 22 0 1 0 1 1 1
7 24 1 0 1 1 1 0
7 25 0 1 0 1 0 0
7 27 1 1 0 0 1 0
7 28 1 1 0 0 0 1
7 30 1 0 0 1 1 0
8 2 1 0 1 0 0 0
8 3 0 1 0 1 0 0
8 4 1 0 0 1 1 0
8 5 1 0 0 1 0 1
8 6 0 0 0 0 1 0
8 7 0 1 1 0 0 0
9 4 1 0 1 0 1 1
9 5 0 1 0 1 0 1
9 7 1 1 1 0 0 0
9 8 0 0 1 1 0 1
9 9 1 1 0 0 1 0
9 10 1 0 0 0 0 1
9 12 0 0 1 1 0 0
9 13 0 1 0 0 1 1
9 14 0 0 0 0 1 0
9 16 1 0 1 1 1 0
9 17 0 1 0 1 0 0
9 19 1 1 0 1 1 0
9 20 1 0 1 1 0 1
9 22 0 1 1 1 1 0
9 23 1 0 0 0 0 1
9 24 1 0 0 1 1 0
9 25 0 1 1 0 1 0
9 27 1 0 0 0 1 1
9 28 1 0 0 0 0 0
9 29 0 1 0 1 1 0
9 30 0 0 1 0 1 1
10 2 0 0 1 0 0 1
10 3 1 0 1 1 0 0
10 4 0 0 1 0 1 1
10 6 1 1 0 0 0 1
10 7 0 1 0 0 0 0
10 8 1 1 1 1 1 0
10 9 0 1 1 0 0 1
10 11 1 0 0 1 1 0
10 13 1 1 0 1 1 0
10 14 1 1 0 1 1 1
10 15 0 0 1 1 0 1
10 17 1 0 1 0 1 1
10 18 1 0 1 0 0 1
10 19 1 1 0 1 1 0
10 20 1 0 1 0 1 0
10 21 0 0 0 0 0 0
10 22 1 1 0 0 1 0
10 23 0 1 0 0 0 1
10 25 0 1 1 1 1 0
10 26 1 0 1 0 0 1
10 27 1 0 0 1 1 0
10 28 0 1 0 1 0 0
10 30 1 0 0 1 1 0
11 2 0 1 1 1 0 0
11 3 0 1 0 0 1 1
11 4 1 1 0 1 1 0
11 5 0 1 0 0 0 1
11 6 0 0 0 0 1 1
11 8 1 0 1 0 1 1
11 9 1 1 1 0 1 1
11 10 1 1 0 1 1 0
11 11 1 1 0 0 0 1
11 13 1 1 0 0 1 0
11 14 0 0 1 1 1 0
11 15 1 0 0 0 1 1
11 16 1 0 1 0 1 0
11 18 0 1 1 1 1 0
11 19 1 0 0 1 0 1
11 20 1 0 0 1 1 0
11 21 0 1 0 1 0 0
11 22 0 0 0 0 1 0
11 24 0 0 1 1 0 1
11 25 0 0 0 0 0 0
11 26 1 0 1 0 0 0
11 27 0 1 0 0 1 1
11 28 0 0 1 0 0 0
11 29 0 1 0 1 0 0
11 30 0 0 1 0 0 0
12 2 0 0 1 0 0 1
12 3 1 1 0 1 1 0
12 4 0 1 0 1 0 0
12 5 0 0 1 0 0 0
12 6 0 0 0 1 0 0
12 8 0 1 1 0 1 0
12 9 1 1 1 1 1 0
12 10 1 0 1 0 0 1
12 11 1 0 1 1 0 0
12 12 1 0 0 0 1 0
12 13 1 1 1 0 0 0
12 14 1 0 1 0 1 0
12 15 1 1 0 1 0 0
12 16 1 0 1 0 0 1
12 18 1 1 0 0 1 0
12 19 0 1 0 0 0 1
12 21 1 1 0 1 1 0
12 22 1 0 0 0 1 0
12 23 1 0 1 0 0 0
12 24 0 1 0 0 0 1
12 25 0 0 0 0 0 1
12 26 0 0 1 0 0 0
12 27 1 1 1 0 0 0
12 28 0 1 0 0 1 0
12 29 1 0 0 1 1 0
12 30 0 1 0 0 1 0
13 2 1 0 0 1 1 0
13 3 0 1 0 1 1 1
13 4 1 1 0 0 1 0
13 5 1 1 1 1 1 1
13 6 0 0 0 0 1 1
13 8 0 1 1 1 1 0
13 9 0 1 0 1 0 0
13 10 0 1 0 1 1 1
13 12 1 0 0 0 1 1
13 13 0 0 1 1 1 1
13 14 1 0 0 1 0 0
13 15 1 0 0 0 0 1
13 17 1 0 0 1 1 0
13 19 1 1 0 0 0 0
13 20 0 0 1 0 1 1
13 21 0 0 1 1 0 0
13 22 0 1 1 0 0 0
13 23 0 0 0 0 1 0
13 25 1 1 0 0 0 1
13 26 0 0 1 0 0 0
13 27 1 1 0 1 0 0
13 28 0 0 1 0 1 0
13 30 1 0 0 1 1 0
13 31 0 1 0 1 1 1
14 2 0 1 0 1 1 0
14 3 0 0 1 0 1 1
14 4 1 0 0 0 1 1
14 5 0 0 1 1 1 1
14 7 1 0 0 1 1 0
14 9 0 1 1 1 0 0
14 10 1 0 0 0 0 0
14 11 1 0 1 0 0 0
14 12 0 1 1 0 1 0
14 13 0 0 0 0 1 1
14 15 1 0 0 1 1 0
14 16 0 0 1 1 1 1
14 17 1 0 0 0 1 1
14 18 0 1 1 0 0 1
14 20 1 1 0 0 1 0
14 21 0 1 0 1 0 0
14 22 1 1 0 1 1 0
14 23 0 0 1 1 0 1
14 25 1 0 0 1 1 0
14 26 0 0 1 0 1 0
14 27 1 0 1 0 0 1
14 28 0 0 1 0 0 0
14 29 0 1 1 1 1 0
14 30 0 1 0 1 0 1
14 31 0 0 0 0 1 0
15 2 1 1 1 0 0 0
15 3 1 0 0 0 0 1
15 4 1 0 1 0 0 1
15 5 0 1 1 0 0 0
15 7 1 1 0 0 1 0
15 8 0 1 0 1 0 0
15 9 1 1 0 1 1 0
15 10 0 0 1 1 0 1
15 12 0 0 1 1 0 0
15 13 0 1 0 0 1 1
15 15 1 0 0 1 1 0
15 17 0 1 0 1 1 0
15 18 0 0 1 0 1 1
15 19 1 0 0 0 1 1
15 20 0 0 1 1 1 1
15 21 0 0 0 0 1 0
15 23 0 1 0 1 1 0
15 24 0 0 1 0 1 1
15 25 1 0 0 0 1 1
15 26 0 0 1 1 1 1
15 28 0 0 1 1 0 0
15 29 0 1 0 0 1 1
15 31 1 0 0 1 1 0
16 2 1 1 0 0 1 0
16 3 0 1 0 1 0 0
16 4 1 1 0 1 1 0
16 5 0 0 1 1 0 1
16 6 0 0 0 0 1 1
16 8 1 1 1 1 1 0
16 9 0 0 1 1 1 1
16 10 0 0 1 1 0 0
16 11 0 1 0 0 0 1
16 13 1 1 0 0 0 1
16 14 1 0 0 0 0 0
16 15 0 1 1 1 1 1
16 17 1 0 0 1 1 0
16 19 1 1 1 1 1 0
16 20 0 1 1 0 0 0
16 21 1 1 0 0 0 0
16 22 0 1 1 0 0 1
16 24 1 1 0 1 0 0
16 25 0 1 1 1 0 1
16 26 1 1 0 0 1 0
16 27 1 0 1 1 0 1
16 28 0 0 0 0 1 0
16 30 1 1 0 1 1 0
16 31 1 1 1 0 0 1
17 2 0 0 1 0 0 1
17 3 1 0 0 0 1 1
17 4 1 1 1 0 1 1
17 6 1 0 0 0 1 1
17 7 0 0 1 1 1 1
17 8 1 1 0 0 1 0
17 9 1 0 1 0 1 0
17 11 1 0 0 1 1 0
17 13 0 1 1 1 0 0
17 14 1 1 0 1 1 1
17 15 0 1 1 1 1 0
17 16 1 0 0 1 0 1
17 17 1 0 1 0 0 0
17 18 1 0 1 0 0 1
17 19 1 1 1 0 0 0
17 20 0 0 1 0 1 0
17 21 0 0 0 0 1 1
17 23 1 1 1 1 1 0
17 24 0 1 1 0 0 1
17 25 0 0 1 1 0 0
17 26 0 1 0 0 0 1
17 28 1 1 0 0 0 0
17 29 0 1 0 1 0 0
17 30 1 0 0 0 1 0
17 31 0 1 1 0 0 0
18 2 1 0 0 1 1 0
18 4 1 1 1 0 0 0
18 5 0 1 0 1 0 0
18 6 1 1 0 1 1 0
18 7 0 1 0 0 0 1
18 8 0 0 0 0 1 0
18 10 1 1 0 0 1 0
18 11 0 1 0 1 1 1
18 12 1 0 1 1 0 0
18 13 1 1 1 0 1 1
18 15 1 1 1 1 1 0
18 16 1 0 1 0 0 1
18 17 0 0 1 1 0 0
18 18 0 1 0 0 1 1
18 20 1 0 0 0 1 1
18 21 0 0 1 1 1 1
18 22 1 1 0 0 1 0
18 23 1 0 1 0 1 0
18 25 1 0 0 1 1 0
18 27 1 1 0 0 0 1
18 28 1 0 0 0 0 0
18 29 1 0 1 0 0 0
18 30 1 0 0 0 0 1
19 2 0 0 1 1 0 1
19 3 0 0 1 0 0 0
19 4 1 1 0 0 1 0
19 5 0 1 1 1 1 1
19 6 0 0 0 0 1 0
19 7 0 0 0 0 1 0
19 8 0 0 0 0 1 0
19 10 0 1 0 1 0 0
19 11 1 1 1 1 0 0
19 12 1 0 0 1 0 1
19 13 1 1 1 1 0 0
19 14 1 0 0 1 0 1
19 16 0 1 0 0 1 0
19 17 0 1 0 0 0 0
19 18 0 0 1 1 0 0
19 19 0 1 1 0 0 0
19 21 1 1 0 1 1 0
19 22 1 0 0 1 0 1
19 23 1 0 1 1 0 0
19 24 0 1 1 1 0 1
19 26 1 0 0 1 1 0
19 28 1 0 1 0 0 0
19 29 0 1 0 0 0 1
20 2 0 0 1 0 0 1
20 3 0 1 0 0 1 0
20 4 0 1 0 0 0 0
20 5 0 0 0 0 1 0
20 7 1 0 0 0 1 1
20 9 0 1 0 1 0 0
20 10 1 0 0 1 1 0
20 11 0 1 1 0 1 0
20 12 1 0 0 1 1 0
20 13 0 1 1 0 1 0
20 15 1 1 0 1 1 0
20 16 1 0 0 0 0 1
20 17 1 0 0 0 1 1
20 18 0 0 1 0 1 1
20 20 1 0 0 1 1 0
20 22 1 0 1 1 0 0
20 23 0 1 1 1 0 1
20 24 0 1 0 1 1 1
20 25 0 1 1 0 0 0
20 26 0 0 0 0 1 0
20 27 0 0 0 0 0 0
20 28 0 1 1 1 0 0
20 29 1 1 1 0 0 1
20 30 1 1 0 1 0 0
20 31 0 0 1 0 1 0
21 2 0 0 1 0 0 1
21 3 0 0 1 1 0 0
21 4 0 1 0 0 0 1
21 6 1 1 0 1 0 0
21 7 0 1 1 0 0 1
21 8 1 1 0 0 1 0
21 9 1 0 1 1 0 1
21 10 0 0 0 0 1 0
21 12 0 1 0 1 1 0
21 13 0 1 1 0 0 1
21 15 1 0 1 1 1 0
21 16 0 1 0 1 0 0
21 18 1 1 0 1 1 0
21 19 1 1 0 0 0 1
21 20 1 0 1 0 0 0
21 21 1 0 0 0 0 1
21 23 1 1 0 0 1 0
21 24 1 0 1 1 0 1
21 25 1 0 0 0 1 1
21 26 1 1 1 0 1 1
21 27 0 0 0 0 1 1
21 29 0 1 0 1 0 0
21 30 1 0 0 1 0 0
21 31 0 1 1 0 0 0
22 2 0 0 1 0 0 1
22 3 1 0 0 1 0 0
22 4 0 1 1 0 0 0
22 6 1 0 1 0 1 1
22 7 0 1 0 0 1 1
22 8 1 1 0 0 1 0
22 9 0 1 0 0 0 1
22 10 1 1 0 0 1 0
22 11 1 0 0 0 0 1
22 13 1 1 0 0 1 0
22 14 0 1 1 1 1 1
22 15 1 1 0 0 1 0
22 16 0 1 0 1 0 0
22 17 0 0 0 0 1 0
22 19 1 0 0 0 1 1
22 21 0 1 0 1 0 0
22 22 1 0 0 1 0 0
22 23 0 1 1 0 0 0
22 24 1 0 0 1 0 0
22 25 0 1 1 0 0 0
22 27 1 1 0 1 1 0
22 28 1 0 0 0 0 1
22 29 1 0 0 0 1 1
22 30 0 0 1 0 1 1
23 2 1 0 0 1 1 0
23 4 0 1 1 1 1 0
23 5 1 1 1 0 0 1
23 6 1 1 0 0 1 0
23 7 1 0 0 1 0 1
23 8 0 0 0 0 1 0
23 10 0 1 0 1 1 0
23 11 0 1 1 0 0 1
23 13 1 0 1 1 1 0
23 14 0 1 0 1 0 0
23 16 1 1 1 0 0 0
23 17 1 1 0 0 1 1
23 18 1 1 1 0 0 0
23 19 1 0 0 1 0 1
23 21 0 1 1 0 1 1
23 22 0 1 1 0 0 0
23 23 1 1 0 1 0 0
23 24 1 1 1 0 0 1
23 25 0 0 0 0 1 0
23 26 0 1 1 0 0 0
24 3 0 0 0 0 0 0
24 4 1 0 1 0 1 1
24 5 0 1 0 1 0 1
24 7 1 1 1 0 0 0
24 8 0 0 1 1 0 1
24 9 1 1 0 0 1 0
24 10 1 0 0 0 0 1
24 12 0 0 1 1 0 0
24 13 0 1 0 0 1 1
24 14 0 0 0 0 1 0
24 16 1 0 1 1 1 0
24 17 0 1 0 1 0 0
24 19 1 1 0 1 1 0
24 20 1 0 1 1 0 1
24 22 1 1 0 1 1 0
24 23 1 1 0 0 0 1
24 24 1 0 1 0 0 0
24 25 1 0 0 0 0 1
24 27 1 0 0 1 1 0
24 28 0 1 0 0 0 1
24 30 1 0 1 1 0 0
24 31 1 1 1 0 0 1
25 2 0 0 1 0 0 1
25 3 1 1 0 0 1 1
25 4 0 1 0 0 0 0
25 5 0 0 0 0 1 0
25 6 0 1 1 0 0 0
25 7 1 0 0 0 1 1
25 8 0 0 1 1 1 1
25 9 1 1 0 0 1 0
25 10 1 0 1 0 1 0
25 12 1 1 0 0 1 1
25 14 1 0 0 1 1 0
25 15 1 0 1 0 1 0
25 16 1 0 1 1 0 0
25 17 0 1 0 0 0 1
25 19 1 1 0 1 1 0
25 20 0 1 1 0 1 1
25 21 1 0 1 0 0 0
25 22 1 0 1 0 1 0
25 23 0 0 0 0 1 0
25 25 0 0 1 1 0 1
25 26 0 0 1 0 0 0
25 27 0 1 0 0 1 0
25 29 1 0 0 0 1 1
25 30 0 1 1 0 0 0
26 1 0 0 0 0 0 0
26 2 0 0 1 0 0 1
26 3 1 1 0 1 1 0
26 4 1 0 0 0 1 0
26 6 1 1 0 1 1 0
26 7 1 1 0 0 1 1
26 9 1 1 0 0 1 1
26 11 1 0 0 1 1 0
26 12 1 0 1 0 1 0
26 13 1 0 1 1 0 0
26 14 0 1 0 0 0 1
26 16 1 1 0 1 1 0
26 17 0 1 1 0 1 1
26 18 1 0 1 0 0 0
26 19 1 0 1 0 1 0
26 20 0 0 0 0 1 0
26 21 0 1 1 0 0 0
26 22 1 0 1 1 1 0
26 23 0 1 0 1 0 0
26 25 1 1 0 0 0 0
26 26 1 0 1 0 0 1
26 27 1 1 0 1 1 0
26 28 1 1 0 0 0 1
26 30 0 0 1 1 1 0
27 30 0 0 0 0 0 1
27 31 0 1 0 1 0 0
