0.10
63 84 114 136 166 188 218 239 270 291 322 343 374 395 426 447 477 498 529 550 580 602 632 653 684 706 735 757 787 810 839 861 891 913 943 965 995 1015 1046 1068 1099 1119 1150 1171 1202 1223 1254 1275 1305 1327 1357 1379 1409 1430 1461 1482 1513 1535 1564 1585 1612 1632
77 97 117 155 175 195 233 253 273 308 329 349 392 413 434 473 495 516 557 579 600 641 662 683 723 744 765 806 826 848 889 910 931 974 995 1016 1053 1075 1096 1139 1161 1182 1220 1241 1262 1300 1320 1345 1383 1403 1423 1468 1489 1511 1549 1569 1589 1633 1654 1675 1713 1733 1753 1798 1819 1840 1879 1900 1922 1963 1985 2006 2046 2067 2088 2129 2151 2172 2210 2230 2254
2 12 1 0 0 1 1 0
2 13 0 1 0 1 0 0
2 14 0 1 0 1 0 0
2 16 1 0 0 1 1 0
2 17 1 1 1 0 0 1
2 18 1 1 1 1 0 1
4 3 0 1 0 1 0 1
4 4 0 1 1 0 0 0
4 5 1 1 0 1 1 0
4 6 1 0 1 0 1 0
4 8 0 1 1 1 0 0
4 9 1 1 0 0 1 0
4 10 1 0 1 1 0 1
4 11 1 0 0 0 0 0
4 13 0 0 1 1 0 0
4 15 1 0 1 0 0 0
4 16 1 0 0 0 0 0
4 17 0 0 0 0 1 0
4 19 0 1 0 1 1 0
4 20 0 0 1 0 1 1
4 22 0 1 1 1 0 0
4 23 1 0 1 0 1 0
4 25 1 1 0 1 1 0
4 26 0 1 0 0 1 1
4 27 1 1 0 0 1 1
4 28 0 0 0 0 1 0
4 29 0 1 1 0 0 0
5 1 0 0 1 1 0 0
5 2 0 1 0 0 0 1
5 4 0 1 0 1 0 0
5 5 1 0 1 0 1 1
5 6 1 0 1 0 0 1
5 8 0 1 0 1 0 0
5 9 0 0 1 0 0 0
5 11 0 1 0 1 0 1
5 12 0 1 1 0 0 0
5 13 1 1 0 1 1 0
5 14 1 0 1 0 1 0
5 16 0 0 1 1 0 1
5 18 0 1 1 1 0 0
5 19 1 1 0 0 1 0
5 20 1 0 1 1 0 1
5 21 1 0 0 0 0 0
5 23 0 1 0 1 1 1
5 25 0 0 1 1 0 0
5 26 1 0 1 0 0 1
5 27 0 1 1 1 1 0
5 28 0 1 0 1 0 0
5 30 1 0 0 1 1 0
6 1 1 0 0 0 1 1
6 2 1 0 0 0 0 0
6 3 1 1 0 1 1 0
6 4 0 1 0 0 0 1
6 5 0 0 0 0 1 0
6 7 0 0 0 1 1 1
6 8 0 1 1 0 0 0
6 9 1 1 0 0 1 0
6 10 1 1 1 0 0 1
6 11 0 0 1 1 0 0
6 12 0 1 0 0 0 1
6 14 1 0 0 0 1 1
6 15 1 0 0 0 0 0
6 16 0 1 0 1 1 0
6 17 0 0 1 0 1 1
6 19 1 0 0 0 1 1
6 20 0 0 1 0 1 1
6 21 1 1 1 1 1 0
6 22 0 0 1 0 1 1
6 24 1 1 1 0 1 0
6 26 1 1 1 1 1 0
6 27 0 1 1 0 0 0
6 28 1 1 1 0 0 0
6 29 1 0 0 0 1 0
7 1 1 0 0 1 1 0
7 3 1 0 1 0 0 0
7 4 1 0 0 0 0 1
7 5 1 1 0 1 1 0
7 6 1 1 1 0 0 1
7 7 0 0 0 0 1 0
7 9 1 1 0 1 1 0
7 10 1 1 1 0 0 1
7 11 1 0 0 1 1 0
7 12 0 1 0 0 1 1
7 13 1 1 1 0 0 0
7 14 0 1 0 0 0 1
7 16 1 0 1 0 0 1
7 17 0 1 0 0 0 0
7 18 1 0 0 0 1 1
7 19 1 0 1 0 0 1
7 21 1 0 0 1 1 0
7 22 1 0 1 0 0 1
7 23 0 0 1 1 0 0
7 24 0 1 0 0 0 1
7 25 0 0 1 0 0 0
7 26 0 0 0 0 1 0
7 27 0 1 1 0 0 0
7 28 1 1 0 0 0 1
7 29 0 1 0 0 0 0
8 1 0 0 1 0 0 1
8 2 0 1 1 1 0 0
8 3 0 1 0 0 1 1
8 5 1 1 0 0 0 0
8 8 1 1 0 0 1 0
8 9 1 1 0 0 0 1
8 10 1 0 0 0 1 1
8 11 0 1 1 0 0 1
8 13 0 0 1 1 0 0
8 14 0 1 0 0 0 1
8 15 1 1 0 0 1 0
8 16 1 0 0 0 1 0
8 18 1 0 0 0 1 1
8 19 1 0 0 0 0 0
8 20 1 1 0 1 1 0
8 21 0 1 0 0 0 1
8 22 0 0 0 0 1 0
8 24 1 0 1 0 0 0
8 25 0 1 0 0 0 1
8 26 0 1 0 1 0 0
8 28 0 1 1 1 1 0
8 29 0 1 1 0 1 0
9 1 0 0 1 0 0 1
9 2 1 0 0 0 1 0
9 3 0 0 1 0 0 0
9 5 1 0 1 0 0 0
9 6 1 0 0 0 0 1
9 7 1 0 0 1 0 0
9 8 0 1 1 0 1 0
9 9 0 0 0 0 1 0
9 11 1 1 0 1 1 0
9 12 1 0 0 0 0 0
9 13 1 1 0 0 1 0
9 14 1 1 1 1 1 1
9 16 1 1 0 0 1 0
9 17 1 1 0 0 0 1
9 18 1 1 1 0 0 0
9 19 1 0 0 0 0 1
9 20 0 0 0 0 1 0
9 22 1 1 0 1 1 0
9 23 1 1 0 1 0 1
9 24 1 0 0 0 1 1
9 25 0 0 1 0 1 1
9 27 1 0 0 1 1 0
9 28 0 1 0 1 1 1
10 1 1 0 1 0 1 1
10 2 1 0 1 0 0 1
10 3 1 1 0 1 1 0
10 4 1 0 1 0 1 0
10 6 1 1 0 0 1 0
10 7 0 1 0 0 0 1
10 9 1 1 0 1 1 0
10 10 1 1 0 1 0 1
10 11 1 1 0 0 1 0
10 12 1 0 1 1 0 1
10 14 1 0 0 1 1 0
10 16 1 1 0 1 1 0
10 17 1 1 1 0 0 1
10 18 1 0 1 0 0 0
10 19 1 0 0 0 0 1
10 20 0 0 0 0 1 0
10 21 0 1 1 0 0 0
11 3 1 1 0 0 1 0
11 4 0 1 1 1 1 1
11 5 1 1 0 0 1 0
11 6 0 1 0 1 0 0
11 8 1 1 0 0 1 0
11 9 1 1 0 0 0 1
11 10 1 0 0 0 1 1
11 11 1 0 0 0 0 0
11 12 0 0 0 0 1 0
11 14 0 0 1 1 1 0
11 16 1 1 0 1 1 0
11 17 1 1 0 1 1 1
11 18 0 0 1 1 0 0
11 19 1 0 1 0 0 1
11 21 1 0 0 0 1 1
11 22 1 0 0 0 0 0
11 23 0 0 1 1 0 0
11 24 0 1 0 0 1 1
11 26 1 1 0 0 0 0
11 27 0 1 1 0 1 0
11 28 1 1 0 0 1 0
11 29 1 1 1 0 0 1
12 1 0 0 1 0 0 1
12 2 0 0 1 1 0 0
12 3 0 1 0 0 0 1
12 5 1 0 0 0 1 1
12 6 1 0 0 0 0 0
12 7 0 1 0 1 1 0
12 8 0 0 1 0 1 1
12 10 0 1 1 1 0 0
12 11 1 0 0 0 0 0
12 12 1 1 0 0 1 0
12 13 1 0 1 1 0 1
12 15 1 0 1 0 0 0
12 17 1 1 0 1 1 0
12 18 1 1 1 0 0 1
12 20 1 0 0 1 1 0
12 22 1 1 0 1 1 0
12 23 0 0 1 1 0 1
12 24 0 1 1 1 1 0
12 25 0 1 0 1 0 0
12 27 1 1 0 0 1 0
12 28 1 0 0 0 0 1
13 1 0 0 1 0 0 1
13 2 1 1 0 0 1 0
13 3 1 0 1 1 0 1
13 4 0 0 0 0 1 0
13 5 0 1 1 0 0 0
13 6 1 1 0 1 0 0
13 7 1 1 1 0 0 1
13 8 1 1 0 1 0 0
13 9 1 0 1 0 0 1
13 11 1 1 1 0 0 0
13 12 0 1 1 0 0 1
13 13 1 0 0 1 1 0
13 14 1 0 1 0 0 1
13 16 1 0 1 0 0 0
13 17 0 1 0 0 0 1
13 18 0 1 0 0 1 0
13 19 0 1 0 0 0 0
13 20 0 0 0 0 1 0
13 22 0 1 1 1 1 0
13 23 0 1 0 1 0 0
13 24 1 1 0 0 1 0
13 25 0 1 0 1 1 1
13 27 1 0 0 0 1 1
13 28 1 0 0 0 0 0
13 29 0 1 0 1 1 0
13 30 0 0 1 0 1 1
14 1 1 1 0 0 0 0
14 2 0 0 1 1 1 0
14 3 1 0 0 1 1 0
14 4 0 0 1 0 1 0
14 6 1 0 0 1 1 0
14 8 0 1 1 1 0 0
14 9 1 0 0 0 0 0
14 10 1 1 0 0 1 0
14 11 1 0 1 1 0 1
14 13 1 1 0 1 1 0
14 14 1 1 1 0 0 1
14 15 1 0 1 0 0 0
14 16 1 0 0 0 0 1
14 17 0 0 0 0 1 0
14 19 1 1 1 0 0 0
14 20 0 1 0 1 0 0
14 21 1 1 0 1 1 0
14 22 1 0 0 0 1 0
14 24 1 0 0 0 1 1
14 25 1 0 0 0 0 0
14 26 0 0 1 1 0 0
14 27 0 1 0 0 1 1
14 29 1 0 0 1 1 0
15 1 0 1 0 1 0 0
15 2 0 1 1 0 0 0
15 3 1 0 0 0 1 1
15 4 1 0 1 0 0 1
15 6 1 1 0 0 1 0
15 7 1 0 0 0 0 1
15 8 1 1 0 0 1 0
15 9 1 0 1 1 0 1
15 10 0 0 0 0 1 0
15 12 1 1 0 0 1 0
15 13 1 1 0 0 0 1
15 14 1 0 0 0 1 1
15 15 0 1 1 0 0 1
15 17 1 0 1 1 1 0
15 18 1 0 0 0 0 1
15 19 1 1 1 0 0 0
15 20 1 0 0 1 0 1
15 22 1 0 0 1 1 0
15 24 1 0 0 0 1 1
15 25 1 0 0 0 0 0
15 26 1 1 0 1 1 0
15 27 0 1 0 0 0 1
15 29 0 0 1 1 0 1
15 30 0 0 1 0 0 0
16 1 0 0 1 0 0 1
16 2 1 0 0 1 0 1
16 3 0 0 0 0 1 0
16 4 0 1 1 0 0 0
18 14 0 1 1 1 1 1
18 15 0 1 1 0 0 0
18 16 1 0 0 1 1 0
18 17 1 0 1 0 0 1
20 10 0 0 1 1 1 1
20 11 1 0 0 0 0 0
20 14 1 0 0 0 1 1
20 15 1 0 0 0 0 0
20 17 1 1 1 0 0 0
20 18 1 0 1 1 0 1
20 19 1 0 0 0 1 1
20 20 1 1 1 0 1 1
22 3 0 1 0 1 0 0
22 4 1 0 0 0 1 1
22 5 1 1 1 0 1 1
22 7 1 0 0 0 1 1
22 8 1 0 1 0 0 1
22 10 1 1 1 0 0 0
22 11 1 0 0 1 0 1
22 12 0 1 1 1 1 0
22 13 1 0 1 0 0 1
22 15 1 0 0 0 1 1
22 16 0 0 1 0 1 1
22 17 1 0 1 0 0 0
22 18 1 0 0 0 0 1
22 19 0 0 0 0 1 0
22 22 1 0 0 0 1 1
22 23 1 1 1 0 1 1
22 25 1 1 0 0 1 0
22 26 1 0 0 0 1 0
22 28 0 1 1 1 0 0
22 29 1 0 0 0 0 0
23 1 0 0 1 0 0 1
23 2 1 1 0 0 1 0
23 3 1 0 1 1 0 1
23 5 1 1 1 1 1 0
23 6 1 1 1 0 1 1
23 7 1 1 0 0 1 0
23 8 0 0 1 1 0 1
23 9 0 0 0 0 1 0
23 10 0 1 1 0 0 0
23 11 0 1 0 1 0 1
23 12 0 1 1 0 0 0
23 14 0 0 1 1 0 0
23 16 1 0 0 0 1 1
23 17 0 0 1 0 1 1
23 18 0 0 0 0 1 0
23 20 1 0 0 0 1 1
23 21 0 0 1 0 1 1
23 22 1 0 0 0 0 0
23 23 1 0 0 1 1 0
23 24 0 1 1 0 1 0
23 26 0 0 1 1 1 0
23 28 1 1 0 0 1 0
23 29 0 1 0 0 0 1
24 1 1 0 1 0 1 1
24 2 1 0 1 0 0 1
24 3 1 1 0 1 1 0
24 4 1 0 1 0 1 0
24 6 1 0 0 1 1 0
24 8 0 1 1 1 1 0
24 9 1 0 1 0 0 1
24 10 1 0 0 1 1 0
24 11 0 1 0 1 0 0
24 13 0 1 0 1 1 0
24 14 0 1 0 0 1 1
24 15 0 1 0 1 1 1
24 17 0 1 0 1 0 0
24 18 0 1 1 1 1 0
24 19 0 1 0 1 0 0
24 20 0 0 0 0 1 1
24 22 1 1 1 1 1 0
24 23 1 1 1 0 1 1
24 25 0 0 1 1 0 0
24 27 1 0 1 1 1 0
24 28 0 1 0 0 1 1
24 29 0 0 0 0 1 0
25 1 1 0 1 1 1 0
25 2 0 1 0 0 1 1
25 3 1 0 0 1 1 0
25 4 0 1 1 0 1 0
25 6 0 1 1 1 0 0
25 7 1 0 0 0 0 0
25 8 1 1 0 0 1 0
25 9 1 0 1 1 0 1
25 10 1 0 0 0 0 0
25 12 1 0 1 0 0 0
25 13 1 0 0 0 0 1
25 14 1 1 0 1 1 0
25 15 1 0 0 0 1 0
25 17 1 0 1 0 0 1
25 18 0 1 0 0 0 0
25 19 1 1 0 1 0 0
25 20 0 0 1 0 1 0
25 22 1 1 0 1 1 0
25 23 1 0 0 0 1 0
25 24 1 0 1 0 0 0
25 25 0 1 0 1 0 1
25 26 0 0 0 0 1 0
25 27 0 1 1 0 0 0
25 28 1 1 0 1 0 0
25 29 1 1 1 0 0 1
26 1 0 0 1 0 0 1
26 2 1 1 0 1 0 0
26 3 1 0 1 0 0 1
26 5 1 1 1 0 0 0
26 6 0 1 1 0 0 1
26 7 1 0 0 1 1 0
26 8 1 0 1 0 0 1
26 9 0 0 0 0 1 0
26 11 1 0 1 0 1 1
26 12 0 0 1 0 0 0
26 13 1 1 0 0 1 0
26 14 0 1 0 1 0 0
26 16 0 1 1 1 1 0
26 17 0 1 0 1 0 0
26 18 0 1 0 1 1 1
26 19 0 1 1 0 0 0
26 21 1 0 0 0 1 1
26 22 1 0 0 0 0 0
26 23 0 1 0 1 1 0
26 24 0 0 1 0 1 1
26 26 1 0 0 1 1 0
26 28 1 1 0 1 1 0
26 29 1 1 1 0 0 1
27 29 0 0 1 1 1 1
27 30 1 0 0 0 0 0
8 6 1 0 0 0 0 1
12 16 1 0 0 0 0 1
22 21 0 1 0 1 0 0
