0.10
30 58 88 110 140 160 190 212 243 264 294 315 345 367 397 419 449 471 501 522 553 574 604 626 655 678 708 730 760 782 812 833 864 885 915 937 967 989 1019 1041 1072 1092 1122 1143 1173 1195 1226 1248 1277 1299 1329 1351 1381 1403 1433 1454 1484 1506 1536 1558 1588 1610 1640 1661
82 103 124 159 181 202 244 266 287 327 348 369 409 430 452 491 513 534 574 595 616 659 680 702 742 763 783 824 846 867 907 928 949 993 1014 1035 1071 1092 1114 1158 1180 1200 1240 1261 1282 1319 1341 1363 1399 1421 1442 1486 1507 1528 1568 1589 1610 1651 1672 1694 1732 1753 1775 1818 1839 1860 1899 1920 1942 1984 2005 2026 2067 2088 2110 2150 2171 2192 2232 2253 2275
2 16 0 1 1 1 1 1
2 17 1 1 0 1 1 1
2 18 1 0 1 1 0 1
2 19 0 1 0 1 1 0
3 14 0 0 0 0 1 0
3 15 0 1 1 0 1 0
3 16 1 1 0 0 1 0
3 17 0 0 0 0 1 1
3 18 0 0 1 1 0 1
3 19 1 0 0 1 0 1
3 20 0 0 0 0 1 0
3 21 1 0 0 0 1 0
3 22 0 1 0 1 1 0
5 8 1 0 0 0 1 0
5 9 1 1 0 1 0 0
5 11 1 1 0 1 0 0
5 13 0 0 0 0 0 1
5 14 1 0 1 1 1 1
5 15 0 0 1 1 0 0
5 16 0 0 0 1 0 1
5 18 0 0 0 1 0 0
5 19 1 0 0 0 0 1
5 20 1 0 0 0 1 0
5 22 0 1 1 1 0 0
5 24 0 0 1 0 1 0
5 25 1 1 0 1 1 0
5 27 1 1 0 1 0 0
5 29 1 0 1 1 0 1
5 30 0 1 0 1 1 0
5 31 0 0 1 1 0 1
5 32 1 1 0 1 1 0
6 9 1 0 0 0 1 0
6 10 0 0 0 1 0 1
6 11 1 0 1 1 0 1
6 12 0 1 0 1 1 0
6 14 0 0 1 0 1 1
6 15 0 1 1 1 0 0
6 16 0 0 0 0 0 1
6 17 1 1 1 1 1 0
6 19 1 1 0 1 0 0
6 21 1 0 1 1 0 1
6 22 0 0 0 1 1 1
6 23 0 0 0 0 1 1
6 24 1 1 1 0 1 1
6 26 0 1 1 1 1 0
6 28 1 0 1 0 1 0
6 29 0 1 1 1 0 1
6 31 0 1 1 0 1 0
6 32 0 1 1 1 0 1
8 3 0 0 0 0 1 1
8 4 1 1 0 1 1 1
8 6 1 1 0 1 0 0
8 8 0 0 1 1 0 1
8 9 0 1 0 1 1 0
8 10 0 0 1 0 1 0
8 11 1 0 0 1 0 1
8 13 0 1 1 0 1 0
8 14 1 0 0 0 0 1
8 15 1 0 0 0 1 0
8 17 0 1 1 1 0 0
8 19 1 1 1 0 1 1
8 20 0 0 0 1 0 1
8 22 0 1 0 0 1 1
8 23 1 0 0 1 0 1
8 24 1 0 1 1 0 0
8 25 1 0 0 1 0 1
8 27 1 1 0 1 0 0
8 29 1 0 1 1 0 1
8 30 0 1 0 1 1 0
8 31 0 0 1 1 0 1
8 32 1 1 0 1 1 0
9 28 0 0 0 0 0 1
9 29 0 1 1 0 1 1
9 30 0 0 1 0 0 1
10 12 1 0 0 0 1 0
10 13 0 0 0 1 1 1
10 14 0 1 0 1 0 0
10 15 0 0 0 1 1 0
10 17 0 1 1 1 1 1
10 18 0 1 1 1 0 0
10 19 1 1 1 0 1 0
10 20 0 1 0 1 1 0
10 22 1 1 0 1 0 0
10 24 1 0 0 0 1 0
10 25 0 0 0 1 1 1
10 26 0 0 0 0 1 1
10 27 0 0 1 1 0 1
10 29 0 0 1 1 0 1
10 30 1 0 0 1 1 0
10 31 0 0 1 0 1 1
10 32 1 0 0 1 1 0
12 26 0 1 1 1 1 1
12 27 0 1 0 1 1 0
12 29 1 0 0 0 1 0
12 30 0 0 0 1 1 1
12 31 0 1 0 1 0 0
12 32 0 0 0 1 1 0
13 9 0 0 1 1 0 1
13 10 0 1 1 1 0 0
13 12 1 1 0 1 0 0
13 14 0 1 0 0 1 0
13 15 0 0 0 1 1 1
13 16 1 0 1 1 0 0
13 17 1 1 0 1 0 1
13 19 0 1 1 1 1 0
13 20 1 0 1 0 1 1
13 21 1 0 0 1 0 1
13 23 0 0 1 0 1 0
13 24 0 0 0 1 0 1
13 25 1 0 0 0 1 0
13 27 0 1 1 1 0 0
13 29 0 1 1 1 1 1
13 30 1 1 0 1 1 1
13 31 1 0 1 1 0 1
13 32 0 1 0 1 1 0
14 24 1 0 1 0 0 1
14 25 0 0 0 1 0 1
14 26 0 1 0 0 1 1
14 27 0 0 0 1 1 1
14 29 0 0 1 1 0 1
14 30 0 0 0 1 1 0
14 31 0 0 0 0 0 1
14 32 1 1 1 1 0 0
16 10 0 1 1 1 1 1
16 11 0 1 1 1 0 0
16 13 1 1 0 1 0 0
16 15 0 1 0 0 1 0
16 16 1 0 0 0 1 1
16 17 0 0 1 1 1 1
16 18 1 0 0 1 0 0
16 20 1 1 1 1 0 0
16 22 0 1 0 1 0 1
16 25 0 0 0 1 1 0
16 26 1 1 1 0 0 1
17 14 0 0 0 0 1 1
17 15 0 0 1 0 0 1
17 16 0 0 0 0 1 0
17 17 1 1 1 0 0 1
17 18 0 0 1 0 0 1
17 19 0 1 1 0 0 0
17 20 0 0 1 0 1 1
17 21 1 0 0 0 0 1
17 22 0 0 1 0 0 1
18 13 0 0 0 1 0 0
18 14 0 0 1 1 0 1
18 15 0 1 1 1 0 0
18 16 0 0 0 0 1 1
18 17 0 1 1 0 1 1
18 18 0 0 0 0 1 1
18 19 1 0 1 0 1 0
18 20 1 1 0 1 0 0
20 3 0 1 0 0 0 0
20 4 0 0 1 0 1 1
20 5 1 0 0 0 0 1
20 6 0 1 1 1 1 1
20 7 0 1 1 1 0 0
20 9 1 1 0 1 0 0
20 11 0 1 0 0 1 0
20 12 1 0 0 0 1 1
20 13 0 0 1 1 1 1
20 14 1 0 0 1 0 0
20 16 1 1 1 1 0 0
20 18 0 1 1 0 0 1
20 19 1 1 0 0 1 0
20 20 0 0 0 1 0 0
20 21 0 1 1 1 0 0
20 23 0 1 0 0 0 0
20 24 0 1 1 0 1 0
20 25 1 0 0 0 0 1
20 27 1 0 1 1 0 1
20 28 0 1 0 1 1 0
20 29 1 0 1 1 0 1
20 30 0 1 0 1 1 0
21 4 1 1 0 1 0 0
21 6 0 0 1 1 1 0
21 7 0 0 0 1 1 1
21 8 0 1 1 1 1 1
21 9 1 1 0 0 1 0
21 11 0 0 0 0 0 1
21 12 0 0 1 0 1 0
21 13 1 0 0 0 0 1
21 14 1 1 1 0 1 1
21 15 0 0 0 1 1 1
21 16 0 0 1 1 1 0
21 17 0 0 0 1 0 1
21 19 0 1 1 0 0 1
21 20 0 0 0 1 1 0
21 21 0 0 0 0 1 1
21 22 1 1 0 0 1 0
21 24 1 0 1 0 1 1
21 25 0 0 0 1 1 0
21 27 0 0 1 0 1 0
21 28 1 0 0 0 0 1
21 29 0 0 1 0 1 0
21 30 1 0 0 1 0 1
21 31 0 0 1 1 0 1
21 32 1 0 0 1 1 0
22 3 0 0 0 0 0 1
22 4 0 0 1 0 1 0
22 5 1 0 0 0 0 1
22 6 0 1 0 1 0 1
22 7 0 1 1 1 0 1
22 9 0 0 1 0 1 0
22 10 1 0 0 0 0 1
22 11 1 1 1 0 1 0
22 12 1 0 0 0 1 1
22 14 1 1 0 0 0 1
22 16 0 1 0 0 0 0
22 17 0 0 0 1 0 0
22 18 0 1 1 1 0 0
22 20 0 1 1 1 1 1
22 21 0 1 1 1 0 0
22 22 0 0 1 0 1 0
22 23 1 0 0 0 0 1
22 25 0 0 1 1 0 1
22 26 1 1 0 1 0 0
22 27 0 0 0 0 1 1
22 28 0 1 0 0 0 0
22 29 0 0 1 1 0 1
22 30 1 1 0 0 1 1
22 31 0 1 0 1 0 1
22 32 1 1 0 1 1 0
23 3 0 1 0 0 0 1
23 4 1 1 0 1 0 1
23 6 0 1 1 0 0 1
23 7 1 1 0 0 1 0
23 8 0 0 0 1 0 0
23 9 0 1 1 1 0 0
23 11 1 1 1 0 1 0
23 12 0 1 0 1 1 0
23 13 1 0 0 0 1 0
23 14 1 1 0 0 1 1
23 16 1 0 0 0 1 0
23 17 0 1 0 1 1 0
23 18 0 0 0 0 0 1
23 19 0 1 1 1 0 1
23 21 0 1 0 0 0 0
23 22 0 1 1 1 1 1
23 23 0 1 0 1 0 0
23 24 0 0 1 1 1 1
23 25 1 1 0 1 1 0
23 27 1 0 1 0 0 1
23 28 0 0 0 1 0 1
23 30 0 1 1 0 1 0
23 31 1 1 0 0 1 1
23 32 1 0 0 0 1 0
24 5 0 1 0 0 0 0
24 6 0 1 1 0 0 1
24 7 0 1 0 1 1 0
24 9 1 0 1 0 0 1
24 11 0 0 0 0 1 1
24 12 1 0 1 0 1 0
24 14 1 1 0 1 0 0
24 16 0 0 1 1 0 1
24 17 1 1 0 1 1 1
24 18 0 1 1 0 0 1
24 19 0 1 1 1 0 0
24 21 0 0 1 1 1 0
24 22 0 1 0 1 1 0
24 23 1 0 1 0 1 1
24 24 1 1 0 1 0 1
24 26 0 1 1 1 0 1
24 27 0 1 0 0 0 1
24 28 1 0 0 1 1 0
24 30 0 1 1 0 1 0
24 31 1 0 0 0 0 1
24 32 0 0 1 0 0 1
25 12 0 0 0 0 1 1
25 13 0 1 0 0 0 0
25 14 0 1 1 0 1 1
25 15 1 0 0 0 1 0
25 16 0 1 0 1 1 0
25 18 1 0 1 0 0 1
25 20 0 0 1 1 0 1
25 21 0 0 0 1 0 1
25 22 0 1 1 1 1 1
25 23 1 1 0 1 1 1
25 25 0 1 0 0 0 0
25 26 1 0 1 0 1 1
25 27 0 0 0 1 1 0
25 29 1 0 1 0 0 1
25 31 1 0 1 1 0 0
25 32 0 0 0 1 1 1
27 3 0 1 0 1 0 0
27 4 1 1 1 0 0 1
