0.40
41 62 92 114 144 166 197 218 248 270 300 321 352 374 404 425 455 477 508 529 559 580 611 632 663 684 715 736 766 787 818 839 870 891 922 943 973 995 1025 1046 1077 1099 1129 1150 1181 1202 1232 1254 1284 1305 1335 1357 1388 1409 1440 1461 1491 1513 1544 1565 1595 1617 1647 1668
47 68 89 129 150 171 211 232 253 293 314 335 369 391 413 451 473 494 534 555 576 616 638 659 700 722 743 781 802 823 864 885 906 945 967 988 1030 1052 1074 1111 1132 1153 1194 1216 1238 1276 1297 1318 1361 1383 1404 1440 1462 1483 1527 1548 1569 1607 1629 1649 1692 1714 1735 1772 1794 1816 1859 1880 1902 1939 1960 1981 2024 2045 2066 2106 2128 2149 2189 2210 2231 2271 2292 2312
3 7 0 0 0 0 1 1
3 8 0 1 0 0 0 0
3 9 0 1 1 0 0 1
3 10 1 1 0 0 1 0
3 11 0 0 0 1 0 0
3 12 0 1 1 1 0 0
3 14 0 0 0 1 0 0
3 15 1 1 1 1 1 0
3 16 1 0 1 0 1 0
3 17 1 1 0 0 1 1
3 19 0 1 0 0 0 0
3 20 0 1 1 0 1 0
3 21 1 0 0 0 0 1
3 22 0 1 1 0 1 1
3 23 1 1 0 1 1 0
3 24 0 0 0 0 1 0
3 25 1 0 1 0 0 1
3 26 0 0 0 0 1 1
3 27 0 1 0 0 0 0
3 28 0 0 0 0 1 1
3 29 0 0 1 0 0 0
3 30 0 0 1 1 1 1
3 31 0 0 0 1 1 0
5 19 1 0 0 0 1 0
5 20 0 1 0 1 1 0
5 21 1 0 1 1 0 0
5 22 0 0 0 1 1 1
5 24 1 0 1 0 0 1
5 26 0 1 0 0 1 1
5 27 1 1 0 0 1 1
5 28 0 0 0 0 1 0
5 29 1 0 1 1 0 0
6 2 0 0 1 1 0 1
6 3 1 1 0 0 1 1
6 4 1 1 0 0 0 0
6 6 0 1 0 0 1 1
6 7 0 0 0 1 0 1
6 8 0 0 0 1 0 0
6 9 1 0 0 0 1 1
6 10 0 0 0 0 1 1
6 11 0 1 0 0 0 0
6 12 0 0 0 1 0 0
6 13 0 1 1 1 0 0
6 15 0 1 1 1 1 1
6 16 0 1 1 1 0 0
6 17 1 0 1 1 0 1
6 18 0 0 0 1 1 1
6 20 0 0 1 0 1 0
6 21 1 0 0 0 0 1
6 23 0 1 1 0 1 0
6 24 1 0 0 0 1 1
6 25 1 0 1 0 1 1
6 26 0 0 0 1 1 0
6 29 1 0 0 0 1 0
7 11 0 0 0 0 1 1
7 12 0 1 0 0 0 0
7 13 1 0 0 0 1 0
7 14 0 0 1 1 1 1
7 15 0 1 0 1 1 0
7 17 1 1 0 1 0 0
7 19 1 1 0 0 0 0
7 20 0 1 1 1 1 1
7 21 1 1 0 1 1 1
7 22 1 0 1 1 0 1
7 23 0 1 0 1 1 0
7 24 1 1 0 0 0 0
7 26 1 0 1 0 0 1
7 28 1 1 0 0 0 0
7 29 1 0 0 0 1 0
7 30 1 1 0 1 0 0
7 31 0 0 1 0 0 1
8 4 0 1 0 0 0 0
8 5 0 0 0 0 1 0
8 6 0 0 1 0 0 1
8 7 1 0 0 0 1 0
8 8 1 1 0 1 0 0
8 9 0 0 1 1 0 1
8 10 1 1 0 0 1 1
8 12 0 0 1 0 1 0
8 13 1 0 0 0 0 1
8 15 0 0 0 0 1 1
8 16 1 0 1 0 1 0
8 18 0 1 0 1 0 1
8 19 0 0 1 0 0 1
8 20 0 1 0 0 0 0
8 22 0 0 1 0 1 1
8 23 0 1 1 1 0 0
8 24 0 0 1 1 1 0
8 25 0 1 0 1 1 0
8 28 0 0 0 0 1 1
8 29 0 1 0 1 1 1
9 11 0 0 0 0 1 1
9 12 0 1 0 0 0 0
9 13 1 0 0 0 1 0
9 14 1 1 0 0 1 1
9 15 0 0 0 0 1 1
9 16 0 1 0 0 1 0
9 18 0 0 1 0 1 0
9 19 1 1 0 1 1 0
9 20 1 0 1 1 0 1
9 21 0 0 0 1 1 1
9 23 1 0 1 1 0 0
9 24 1 0 0 1 0 1
9 25 1 0 1 1 1 0
9 26 0 1 0 1 1 0
9 28 0 1 1 1 1 0
9 29 1 1 0 1 1 0
9 30 0 0 1 1 1 1
9 31 1 1 0 0 1 1
10 4 0 0 1 0 1 0
10 5 1 1 0 1 1 0
10 7 0 1 1 0 1 0
10 8 0 0 0 1 1 1
10 9 0 1 1 1 1 1
10 10 0 1 0 1 1 0
10 12 1 1 0 1 0 0
10 14 1 0 1 1 1 0
10 15 0 0 0 1 0 0
10 16 1 0 0 0 1 1
10 18 0 0 0 0 1 1
10 19 1 1 1 1 0 0
10 20 1 1 0 0 0 0
10 22 0 1 1 0 1 0
10 23 1 0 0 0 0 1
10 24 0 0 0 1 0 0
10 25 0 1 1 1 0 0
10 28 0 0 0 1 0 0
10 29 1 1 1 0 0 1
11 2 0 0 0 0 0 1
11 3 0 1 0 0 0 0
11 4 1 0 1 1 0 1
11 5 0 1 0 1 1 0
11 6 0 0 1 1 0 0
11 7 0 1 0 1 1 0
11 9 1 1 0 1 0 0
11 11 1 0 1 1 0 1
11 12 0 1 1 0 0 1
11 13 0 1 1 1 0 1
11 15 0 0 1 0 1 0
11 16 1 1 0 1 1 0
11 17 1 0 0 0 1 0
11 19 0 1 1 1 0 0
11 21 1 1 0 0 0 0
11 22 1 1 0 0 0 1
11 23 1 1 0 1 0 1
11 24 1 1 0 0 0 0
11 26 1 1 0 1 0 0
11 28 1 1 0 0 0 0
11 29 0 0 1 0 1 1
11 30 1 1 0 1 1 1
11 31 0 0 1 0 0 1
12 2 1 0 1 1 0 0
12 3 0 0 0 1 1 1
12 4 1 1 0 0 0 0
12 6 0 1 1 1 1 1
12 7 0 1 0 1 1 0
12 8 1 1 1 0 1 0
12 9 0 1 1 1 0 1
12 11 0 1 0 0 0 0
12 12 0 0 0 0 0 1
12 13 1 0 0 0 1 1
12 15 0 0 0 0 1 1
12 16 1 0 0 0 0 1
12 18 0 0 1 0 1 1
12 19 1 1 0 1 1 1
12 20 0 0 1 0 1 0
12 21 1 1 0 1 1 0
12 23 1 1 0 0 0 0
12 24 1 1 0 0 0 1
12 25 1 1 0 1 0 1
12 26 1 1 0 0 0 0
12 28 0 0 0 1 0 0
12 29 1 0 0 0 0 1
12 30 0 0 1 0 1 0
12 31 1 0 0 0 0 1
13 3 1 1 1 0 1 0
13 4 1 1 0 1 0 0
13 6 0 1 0 0 0 0
13 7 1 1 0 0 0 0
13 8 1 0 1 1 0 0
13 9 1 0 0 1 0 1
13 10 1 0 0 0 1 0
13 11 0 0 0 1 1 1
13 13 1 0 0 0 1 0
13 14 1 1 0 1 0 0
13 15 0 0 1 1 0 1
13 16 1 1 0 0 1 1
13 18 1 0 1 0 1 0
13 19 0 1 1 1 0 1
13 21 0 0 1 1 1 1
13 22 0 0 0 1 1 1
13 23 0 0 1 1 0 1
13 24 1 0 0 1 1 0
13 26 0 1 0 1 0 0
13 28 0 1 0 0 1 1
13 29 1 0 0 1 0 1
13 30 0 0 0 0 0 1
13 31 1 0 1 0 0 1
14 15 0 0 0 0 0 1
14 16 0 1 0 0 0 0
14 17 0 1 0 1 0 0
14 18 1 1 0 1 1 0
14 19 1 0 0 0 1 0
14 20 0 0 0 1 1 1
14 22 0 0 1 0 1 0
14 23 0 1 0 1 1 0
14 24 0 0 1 1 0 1
14 25 1 1 0 0 1 0
14 27 0 0 0 1 0 0
14 28 0 0 1 1 0 0
14 30 0 0 0 0 0 1
14 31 1 0 0 1 0 0
15 2 0 1 0 1 0 0
15 3 1 1 0 1 1 0
15 4 1 0 0 0 1 0
15 5 1 0 0 0 1 0
15 6 1 1 0 1 0 0
15 8 1 0 1 0 0 1
15 10 0 1 0 1 0 0
15 11 1 1 0 1 1 0
15 12 0 0 0 0 1 1
15 13 0 1 0 1 1 1
15 14 1 0 0 0 1 0
15 15 1 1 0 1 0 0
15 17 1 1 0 1 0 0
15 19 0 0 0 1 0 0
15 20 0 1 1 1 0 0
15 22 0 1 1 1 1 1
15 23 0 1 1 1 0 0
15 24 0 0 1 0 1 0
15 25 1 0 0 0 0 1
15 28 0 0 0 1 1 0
15 29 1 1 1 0 0 1
16 2 0 1 1 1 1 1
16 3 0 1 0 1 1 0
16 4 1 1 1 0 1 0
16 5 0 1 1 1 0 1
16 7 0 1 0 1 0 0
16 8 1 1 0 1 1 0
16 9 1 0 0 0 1 0
16 10 0 0 0 1 1 1
16 12 1 0 1 1 0 1
16 13 0 1 1 0 0 1
16 14 0 1 1 1 0 1
16 15 0 0 0 0 0 1
16 16 0 1 0 0 0 0
16 17 1 0 0 0 1 0
16 18 0 1 0 1 1 0
16 19 1 0 1 1 0 0
16 20 0 0 0 1 1 1
16 22 0 0 1 0 1 0
16 23 1 0 0 1 0 1
16 24 0 1 1 0 0 1
16 25 0 1 1 1 0 0
16 27 0 1 1 1 1 0
16 29 1 0 1 1 0 0
16 30 1 1 0 1 1 0
16 31 1 0 0 0 0 1
17 7 0 0 0 0 0 1
17 8 0 1 0 0 0 0
17 9 1 0 0 0 1 0
17 10 0 1 0 1 1 0
17 11 0 1 1 1 1 0
17 12 1 1 0 1 1 0
17 14 0 1 0 1 0 1
17 15 1 1 0 1 1 0
17 16 0 0 0 1 0 0
17 17 0 0 1 1 1 0
17 19 1 1 0 1 0 0
17 21 1 0 1 1 0 0
17 22 1 1 0 1 1 0
17 23 1 0 0 0 0 1
17 25 0 0 0 1 0 0
17 26 0 1 1 1 0 0
17 28 1 0 1 0 0 1
17 29 1 1 0 1 1 0
17 30 1 0 1 1 0 1
17 31 0 0 0 1 1 1
18 2 1 1 1 1 1 1
18 3 1 0 0 0 0 1
18 5 0 1 1 0 0 1
18 6 1 1 0 0 1 0
18 7 0 0 0 1 0 0
18 8 0 1 1 1 0 0
18 10 0 1 0 0 0 0
18 11 0 1 1 0 1 0
18 12 1 0 0 0 0 1
18 14 0 0 0 1 0 0
18 15 0 1 1 1 0 0
18 16 1 0 0 0 1 0
18 18 0 0 0 0 1 0
18 19 0 0 1 0 0 1
18 20 0 1 1 1 1 1
18 21 1 1 0 1 1 1
18 22 1 0 1 1 0 1
18 23 0 1 0 1 1 0
18 24 0 0 1 0 0 1
18 25 0 1 0 0 0 0
18 28 0 0 1 1 1 1
18 29 1 0 0 0 1 1
19 5 0 0 1 0 1 0
19 6 0 1 0 1 1 0
19 8 1 1 0 0 0 0
19 9 0 0 1 1 0 1
19 10 1 0 0 1 0 1
19 11 0 1 1 0 0 1
19 12 1 0 0 1 1 0
19 13 1 1 0 0 0 0
19 15 1 1 0 0 0 0
19 16 1 1 0 0 0 1
19 17 1 0 0 1 1 1
19 18 1 1 1 1 1 0
19 19 1 1 0 1 1 1
19 20 1 1 0 0 0 0
19 22 1 1 0 0 0 0
19 23 1 1 0 0 0 1
19 24 1 0 0 1 1 1
19 25 0 0 0 0 1 0
19 26 0 1 1 1 1 0
19 27 1 1 0 0 0 0
19 29 0 0 1 1 0 1
19 30 1 0 0 0 0 1
19 31 0 0 1 0 0 1
20 3 0 0 1 1 1 0
20 4 0 1 0 1 1 0
20 5 1 0 1 0 1 1
20 6 1 1 0 1 0 1
20 8 0 1 0 0 0 1
20 9 1 1 0 1 0 0
20 10 1 1 0 0 0 1
20 11 0 0 0 1 1 0
20 13 1 0 1 1 0 1
20 14 0 1 0 1 1 0
20 15 0 0 0 0 1 1
20 16 0 0 1 1 0 1
20 18 0 1 1 0 1 0
20 19 1 0 0 0 0 1
20 20 0 0 0 0 1 1
20 21 1 0 0 0 1 1
20 23 0 0 1 0 1 0
20 24 1 0 0 0 0 1
20 26 1 1 0 0 0 0
20 27 1 0 1 1 1 0
20 28 0 1 0 1 1 0
20 29 1 0 1 0 1 0
20 30 0 1 0 1 1 0
20 31 1 1 0 0 0 0
21 3 1 0 1 1 0 1
21 4 0 1 0 1 1 0
21 5 1 1 0 0 0 0
21 7 1 1 0 1 0 0
21 9 0 1 0 1 0 0
21 10 0 1 0 1 1 0
21 11 0 0 1 1 0 1
21 12 0 1 1 1 0 0
21 14 0 1 0 1 0 1
21 15 1 0 0 0 1 1
21 17 0 1 1 0 0 1
21 18 1 1 0 0 1 0
21 19 0 0 0 1 0 0
21 20 0 1 1 1 0 0
21 22 0 1 0 1 0 1
21 23 0 1 1 1 0 0
21 24 0 1 0 1 0 1
21 25 0 1 1 1 0 0
21 26 0 0 0 0 1 1
21 27 0 1 0 0 0 0
21 28 0 0 1 1 1 1
21 29 1 1 0 1 1 0
21 30 0 0 1 1 0 0
21 31 0 0 0 1 0 1
22 3 0 1 0 1 1 1
22 5 0 0 0 0 1 0
22 6 1 0 0 0 1 0
22 7 1 1 1 0 1 0
22 8 1 1 0 0 1 1
22 10 1 1 0 1 0 0
22 12 1 0 1 1 0 0
22 13 1 1 0 1 1 0
22 14 0 0 0 0 1 0
22 15 0 1 1 1 0 0
22 17 0 0 1 0 1 0
22 18 1 0 0 0 0 1
22 19 1 1 1 0 1 0
22 20 1 0 0 0 1 1
22 22 1 0 1 1 0 1
22 23 0 1 1 0 0 1
22 24 0 1 1 1 0 1
22 26 0 1 1 1 0 0
22 28 1 1 0 0 0 0
22 29 0 1 1 1 1 1
22 30 1 1 0 1 1 1
22 31 0 0 1 0 0 1
23 12 0 0 0 0 1 1
23 13 0 1 0 0 0 0
23 14 1 1 0 1 0 0
23 16 1 1 1 1 1 1
23 17 0 1 0 1 1 0
23 18 1 1 0 0 0 1
23 19 0 1 1 1 0 0
23 21 1 0 0 0 0 0
23 22 0 1 1 0 0 1
23 23 0 1 1 1 0 0
23 24 1 0 1 1 1 0
23 25 1 1 0 1 1 0
23 27 0 0 1 1 0 1
23 28 0 0 0 1 1 0
23 29 0 0 1 1 0 1
23 30 0 0 0 1 1 0
23 31 1 0 0 0 1 0
24 2 1 0 1 1 0 1
24 3 0 1 0 1 1 0
24 5 0 1 0 1 0 0
24 6 0 1 0 1 1 0
24 7 0 0 1 1 0 1
24 8 0 1 1 1 0 0
24 10 0 1 1 1 0 0
24 11 0 1 0 1 0 0
24 13 0 1 0 0 0 0
24 14 0 0 0 1 0 0
24 15 0 1 1 1 0 0
24 17 0 1 1 1 1 1
24 18 0 1 1 1 0 0
24 19 0 0 1 0 1 0
24 20 1 0 0 0 0 1
24 22 1 0 1 1 0 0
24 23 1 0 0 1 0 1
24 24 1 0 1 1 1 0
24 25 0 1 0 1 1 0
24 28 0 0 0 0 1 1
24 29 1 0 0 0 1 1
25 4 0 1 0 0 0 1
25 5 1 1 0 1 0 0
25 6 1 1 0 0 0 1
25 7 0 0 0 1 1 0
25 9 1 0 1 0 1 0
25 10 0 1 1 1 0 1
25 12 0 0 0 0 1 0
25 13 0 1 0 0 1 0
25 14 0 0 1 0 1 0
25 15 0 0 0 1 0 1
25 17 1 0 1 0 0 1
25 19 0 1 0 0 0 1
25 20 1 1 0 0 1 1
25 21 1 0 0 0 0 0
25 23 0 1 0 1 0 1
25 24 0 1 1 1 0 0
25 25 0 1 0 1 0 1
25 26 0 1 1 1 0 0
25 28 0 1 0 0 0 0
25 29 0 1 1 1 1 1
25 30 1 1 0 1 1 1
25 31 0 0 1 0 0 1
26 13 0 0 0 0 1 1
26 14 0 1 0 0 0 0
26 15 1 0 1 1 0 0
26 16 1 1 0 1 0 0
26 17 0 0 1 0 1 0
26 18 1 1 0 0 1 1
26 20 0 0 1 0 1 0
26 21 1 0 0 1 0 1
26 22 0 1 1 0 0 1
26 23 0 1 1 1 0 0
26 25 0 1 1 1 1 0
26 27 0 0 1 0 1 0
26 28 1 1 0 1 1 0
26 30 0 0 1 0 1 1
26 31 0 1 1 1 0 0
