0.20
47 68 99 121 151 173 202 224 255 277 306 328 358 379 410 431 462 483 513 535 565 587 617 639 669 690 721 742 772 793 824 845 875 897 927 949 979 1001 1031 1053 1083 1104 1135 1157 1186 1208 1238 1259 1290 1311 1342 1363 1394 1415 1446 1467 1497 1519 1549 1571 1601 1623 1653 1674
59 80 101 141 163 184 227 248 269 309 331 351 392 413 434 474 495 516 558 579 600 641 663 684 723 744 765 806 827 848 888 909 930 973 994 1015 1053 1074 1095 1138 1160 1181 1219 1240 1261 1304 1325 1347 1383 1405 1426 1469 1491 1512 1549 1570 1591 1634 1656 1677 1714 1735 1757 1799 1820 1841 1880 1901 1922 1964 1985 2006 2045 2066 2088 2128 2150 2171 2211 2232 2253 2287 2308 2329
2 13 0 0 1 1 0 1
2 14 0 0 0 1 1 1
2 15 0 0 1 1 0 1
2 16 1 0 0 1 0 1
4 13 1 0 1 1 1 1
4 14 0 0 1 1 1 1
4 15 1 1 0 1 0 0
4 17 1 0 0 0 1 0
4 18 1 0 0 0 1 0
4 19 1 1 0 1 0 0
5 27 0 0 1 1 0 1
5 28 1 1 0 1 0 0
5 29 0 0 0 0 1 1
5 30 1 1 1 0 1 1
6 1 0 0 0 1 0 0
6 2 1 1 1 0 0 1
6 3 0 1 0 0 0 0
6 4 0 1 0 0 0 0
6 5 0 1 0 0 0 0
6 6 0 1 0 0 0 0
6 7 0 1 0 0 0 0
6 8 0 1 0 0 0 0
6 9 0 1 0 0 0 0
6 10 0 1 0 0 0 0
6 11 0 1 0 0 0 0
6 12 0 1 0 0 0 0
6 13 0 1 0 0 0 0
6 14 0 1 0 0 0 0
6 15 0 1 0 0 0 0
6 16 0 1 0 0 0 0
6 17 0 1 0 0 0 0
6 18 0 1 1 1 1 1
6 19 0 1 1 1 0 0
6 20 1 0 1 1 0 1
6 21 0 0 0 1 1 1
6 23 0 0 0 1 0 0
6 24 0 1 1 1 0 0
6 27 0 0 0 1 0 0
6 28 1 1 1 0 0 1
7 1 0 0 0 1 1 0
7 2 1 1 1 0 0 1
7 3 0 1 0 0 0 0
7 4 0 1 0 0 0 0
7 5 0 1 0 0 0 0
7 6 0 1 0 0 0 0
7 7 0 1 0 0 0 0
7 8 0 0 0 1 0 0
7 9 0 0 1 1 0 0
7 10 0 0 0 1 0 1
7 11 0 0 0 0 1 1
7 12 1 0 1 0 1 0
7 15 1 0 0 0 1 0
7 16 1 1 0 1 0 0
7 17 0 0 1 1 0 1
7 18 1 1 0 0 1 1
7 20 0 0 1 0 1 0
7 21 1 0 0 0 0 1
7 23 0 0 0 0 1 1
7 24 1 0 0 0 1 0
7 26 0 1 0 1 0 1
8 1 1 0 0 1 0 0
8 2 1 1 1 0 0 1
8 3 0 1 0 0 0 0
8 4 0 1 0 0 0 0
8 5 0 1 0 0 0 0
8 6 0 1 0 0 0 0
8 7 0 1 0 0 0 0
8 8 0 1 0 0 0 0
8 9 0 1 0 0 0 0
8 10 0 1 0 0 0 0
8 11 0 1 0 0 0 0
8 12 0 1 0 0 0 0
8 13 0 0 0 1 0 0
8 14 0 1 1 0 1 0
8 15 1 0 0 0 0 1
8 16 0 0 0 1 0 0
8 17 0 1 1 0 1 1
8 18 1 1 0 1 1 0
8 19 0 0 0 0 1 0
8 20 1 0 1 0 0 1
8 23 0 1 1 1 1 1
8 24 1 1 0 1 1 1
8 25 1 0 1 1 0 1
8 26 0 1 0 1 1 0
9 5 0 0 0 0 1 1
9 6 1 0 1 0 1 0
9 7 1 1 0 1 0 0
9 10 0 0 1 0 1 1
9 11 1 0 0 0 0 1
9 12 0 1 1 1 1 1
9 13 0 1 1 1 0 0
9 15 1 1 0 1 0 0
9 17 0 1 0 0 1 0
9 18 1 0 0 0 1 1
9 19 0 0 1 1 1 1
9 20 1 0 0 1 0 0
9 22 1 1 1 1 0 0
9 24 0 1 0 1 0 1
9 27 0 0 0 1 1 0
9 28 1 1 1 0 0 1
10 1 0 1 0 1 0 0
10 2 1 1 1 0 0 1
10 3 0 1 0 0 0 0
10 4 0 1 0 0 0 0
10 5 0 1 0 0 0 0
10 6 0 1 0 0 0 0
10 7 0 1 0 0 0 0
10 8 0 1 0 0 0 0
10 9 0 1 0 0 0 0
10 10 0 1 0 0 0 0
10 11 0 1 0 0 0 0
10 12 0 1 0 0 0 0
10 13 0 1 0 0 0 0
10 14 0 1 0 0 0 0
10 15 0 1 0 0 0 0
10 16 0 1 0 0 0 0
10 17 0 1 0 0 0 0
10 18 0 1 0 0 0 0
10 19 0 1 0 0 0 0
10 20 0 1 0 0 0 0
10 21 0 0 0 1 0 0
10 22 0 0 1 1 0 1
10 23 0 1 1 1 0 0
10 24 0 0 0 0 1 1
10 25 0 1 1 0 1 1
10 26 0 0 1 0 0 1
11 6 1 1 0 1 0 0
11 8 0 0 0 0 1 1
11 9 1 0 1 0 1 0
11 10 0 0 1 1 1 0
11 11 0 0 0 1 0 1
11 13 0 1 0 1 0 1
11 15 0 1 0 0 0 0
11 16 0 1 0 0 0 1
11 18 0 1 0 1 0 1
11 19 1 1 0 1 1 0
11 20 0 0 1 1 0 1
11 21 0 1 1 1 0 1
11 23 0 1 0 0 0 1
11 24 0 1 1 0 1 1
11 27 1 0 0 1 0 0
11 28 1 1 1 0 0 1
12 1 1 0 0 0 1 0
12 2 1 1 1 0 0 1
12 3 0 1 0 0 0 0
12 4 0 1 0 0 0 0
12 5 0 1 0 0 0 0
12 6 0 1 0 0 0 0
12 7 0 1 0 0 0 0
12 8 0 1 0 0 0 0
12 9 0 1 0 0 0 0
12 10 0 1 0 0 0 0
12 11 0 1 0 0 0 0
12 12 0 1 0 0 0 0
12 13 0 1 0 0 0 0
12 14 0 1 0 0 0 0
12 15 0 0 0 0 1 0
12 16 0 0 1 1 0 0
12 17 1 1 0 0 1 1
12 18 0 0 0 1 0 0
12 19 0 0 1 1 0 1
12 20 0 1 1 1 0 0
12 23 0 1 0 1 0 1
12 24 1 1 0 1 1 0
12 25 0 0 1 1 0 1
12 26 0 1 1 1 0 1
13 1 0 0 0 1 1 0
13 2 0 0 0 1 0 0
13 3 1 1 1 0 0 1
13 4 0 1 0 0 0 0
13 5 0 1 0 0 0 0
13 6 0 1 0 0 0 0
13 7 0 1 0 0 0 0
13 8 0 1 0 0 0 0
13 9 0 1 0 0 0 0
13 10 0 1 0 0 0 0
13 11 0 1 1 1 1 1
13 12 0 1 1 1 0 0
13 13 1 0 1 1 0 1
13 14 0 0 0 1 1 1
13 16 0 0 0 1 0 0
13 17 0 1 1 1 0 0
13 18 0 1 0 1 0 1
13 19 1 1 0 1 1 0
13 20 0 0 0 0 1 1
13 21 1 1 1 1 0 1
13 23 0 1 0 0 0 1
13 24 0 1 1 0 1 1
13 27 1 1 0 1 0 0
13 28 1 1 1 0 0 1
14 1 1 0 0 1 0 0
14 2 0 0 0 1 0 0
14 3 1 1 1 0 0 1
14 4 0 1 0 0 0 0
14 5 0 1 0 0 0 0
14 6 0 1 0 0 0 0
14 7 0 1 0 0 0 0
14 8 0 1 0 0 0 0
14 9 0 1 0 0 0 0
14 10 0 1 0 0 0 0
14 11 0 1 0 0 0 0
14 12 0 1 0 0 0 0
14 13 0 0 1 1 0 1
14 14 1 0 0 1 1 0
14 15 0 1 0 1 0 1
14 16 1 1 0 0 1 1
14 17 1 1 1 0 0 1
14 18 1 0 0 1 0 1
14 19 1 0 1 0 1 0
14 20 0 0 0 1 1 1
14 23 0 1 0 1 0 1
14 24 1 1 0 1 1 0
14 25 0 0 1 1 0 1
14 26 0 1 1 1 0 1
15 1 0 1 0 1 0 0
15 2 0 0 0 1 0 0
15 3 1 1 1 0 0 1
15 4 0 1 0 0 0 0
15 5 0 1 0 0 0 0
15 6 0 1 0 0 0 0
15 7 0 1 0 0 0 0
15 8 0 1 0 0 0 0
15 9 0 0 0 1 0 0
15 10 1 0 0 0 1 1
15 11 0 1 1 1 1 0
15 12 0 1 0 1 1 0
15 15 0 1 1 1 1 0
15 16 0 0 0 1 1 1
15 17 0 0 1 0 1 0
15 18 0 1 0 1 1 0
15 20 0 0 1 1 1 1
15 21 1 1 0 0 1 1
15 23 0 1 1 0 0 1
15 24 1 1 0 0 1 0
15 25 1 0 1 0 1 1
15 26 0 1 0 1 1 0
16 4 1 0 0 0 1 0
16 5 0 1 0 1 1 0
16 6 1 1 1 0 1 1
16 7 0 1 0 1 1 0
16 9 0 0 1 1 0 0
16 10 0 1 0 1 1 0
16 11 0 0 1 0 1 0
16 12 0 1 0 1 1 0
16 13 0 1 1 0 1 0
16 14 0 1 1 1 0 1
16 15 0 0 0 0 0 1
16 16 0 0 1 0 0 0
16 17 1 0 0 0 1 0
16 18 1 1 0 1 1 0
16 19 1 1 0 0 0 1
16 20 1 1 0 1 1 0
16 22 1 0 1 0 0 1
16 23 0 1 1 1 1 1
16 24 0 0 0 1 0 1
16 25 0 0 0 0 0 1
16 26 0 0 1 0 0 0
16 27 0 1 0 1 0 1
16 28 0 1 1 1 0 1
16 29 0 1 0 1 0 0
16 30 0 1 0 1 1 0
17 1 0 1 0 1 1 0
17 2 0 0 0 1 0 0
17 3 1 1 1 0 0 1
17 4 0 1 0 0 0 0
17 5 0 1 0 0 0 0
17 6 0 1 0 0 0 0
17 7 0 1 0 0 0 0
17 8 0 1 0 0 0 0
17 9 0 1 0 0 0 0
17 10 0 1 0 0 0 0
17 11 0 1 0 0 0 0
17 12 0 1 0 0 0 0
17 13 0 1 0 0 0 0
17 14 0 1 0 0 0 0
17 15 0 1 0 0 0 0
17 16 0 1 0 0 0 0
17 17 0 0 1 1 0 1
17 18 1 1 0 0 1 1
17 20 0 0 1 0 1 1
17 21 1 0 0 1 1 0
17 22 1 0 0 0 1 0
17 24 0 1 0 0 0 1
17 25 1 1 0 0 1 1
17 27 1 1 0 0 0 1
17 28 1 1 0 1 1 0
18 12 1 0 1 1 1 1
18 13 0 0 1 1 1 1
18 14 1 1 0 1 0 0
18 16 0 0 0 0 1 1
18 17 0 1 0 1 1 1
18 18 1 0 0 0 1 0
18 19 1 1 0 1 0 0
19 27 0 0 1 1 0 1
19 28 1 1 0 1 0 0
19 29 0 0 0 0 1 1
19 30 1 1 1 0 1 1
20 1 1 0 0 1 0 0
20 2 0 0 0 1 1 0
20 3 1 1 1 0 0 1
20 4 0 1 0 0 0 0
20 5 0 1 0 0 0 0
20 6 0 1 0 0 0 0
20 7 0 1 0 0 0 0
20 8 0 1 0 0 0 0
20 9 0 0 0 0 1 1
20 10 1 1 1 0 0 0
20 11 0 1 0 1 1 0
20 12 0 0 0 0 0 1
20 13 0 0 1 1 0 1
20 14 0 0 0 1 1 1
20 17 0 0 0 0 0 1
20 18 1 0 0 0 1 0
20 19 1 1 0 1 1 0
20 20 0 0 0 0 0 1
20 21 1 0 0 0 1 0
20 22 0 0 0 0 0 1
20 23 0 1 1 0 1 0
20 24 0 0 0 1 0 1
20 27 0 1 0 1 0 0
20 28 1 1 1 0 0 1
21 4 0 0 0 0 1 1
21 5 0 0 1 0 0 0
21 6 1 0 1 1 1 1
21 7 0 1 0 1 1 0
21 8 0 1 0 1 0 0
21 9 1 1 0 1 1 0
21 10 0 0 0 0 0 1
21 11 0 1 1 0 0 0
21 13 1 0 1 1 1 0
21 14 1 1 0 1 1 0
21 15 0 1 1 0 0 1
21 16 1 1 0 0 1 0
21 18 0 1 1 1 1 0
21 19 0 0 0 1 1 1
21 20 0 0 1 1 0 1
21 21 1 0 0 1 1 1
21 23 0 1 0 0 0 1
21 24 0 1 1 0 1 1
21 27 1 0 0 1 1 0
21 28 1 1 1 0 0 1
22 1 0 1 0 1 1 0
22 2 1 0 0 1 0 0
22 3 1 1 1 0 0 1
22 4 0 1 0 0 0 0
22 5 0 1 0 0 0 0
22 6 0 1 0 0 0 0
22 7 0 1 0 0 0 0
22 8 0 1 0 0 0 0
22 9 0 1 0 0 0 0
22 10 0 1 0 0 0 0
22 11 0 1 0 0 0 0
22 12 0 1 0 0 0 0
22 13 0 1 0 0 0 0
22 14 0 1 0 0 0 0
22 15 0 1 0 0 0 0
22 16 0 1 0 0 0 0
22 17 0 1 0 0 0 0
22 18 0 0 0 0 1 0
22 19 0 0 1 0 1 1
22 20 1 1 0 0 1 1
22 21 0 0 0 0 1 1
22 22 0 1 0 0 1 1
22 23 0 1 1 1 0 0
22 24 0 0 0 0 1 0
22 25 0 1 1 1 1 0
22 26 0 0 0 1 1 1
23 1 0 1 0 1 0 0
23 2 1 0 0 1 1 0
23 3 1 1 1 0 0 1
23 4 0 1 0 0 0 0
23 5 0 1 0 0 0 0
23 6 0 1 0 0 0 0
23 7 0 1 0 0 0 0
23 8 0 1 0 0 0 0
23 9 0 1 0 0 0 0
23 10 0 1 0 0 0 0
23 11 0 0 1 1 0 1
23 12 1 0 0 1 1 0
23 13 0 0 1 0 1 0
23 14 0 1 0 1 1 0
23 15 1 0 0 0 1 0
23 16 0 0 0 1 0 1
23 19 0 1 1 0 1 0
23 20 0 0 0 1 1 1
23 21 0 0 1 0 1 0
23 22 1 0 0 0 1 1
23 23 1 0 1 1 0 0
23 24 0 0 0 1 1 0
23 27 1 1 0 1 1 0
23 28 1 1 1 0 0 1
24 5 0 0 0 0 1 1
24 6 0 0 1 0 0 0
24 7 1 0 1 1 1 1
24 8 0 1 0 1 1 0
24 9 0 1 0 1 0 0
24 10 1 1 0 1 1 0
24 11 0 0 0 0 0 1
24 12 0 1 1 0 0 0
24 14 0 0 1 1 0 0
24 15 1 0 0 1 0 1
24 16 1 1 1 0 0 1
24 17 0 1 1 1 0 0
24 19 1 0 1 0 1 0
24 20 0 0 1 0 1 0
24 21 1 1 0 0 1 0
24 23 0 1 0 0 0 1
24 24 0 1 1 0 1 1
24 27 0 1 0 1 1 0
24 28 1 1 1 0 0 1
25 1 0 1 0 1 0 0
25 2 1 1 0 1 1 0
25 3 1 1 1 0 0 1
25 4 0 1 0 0 0 0
25 5 0 1 0 0 0 0
25 6 0 1 0 0 0 0
25 7 0 1 0 0 0 0
25 8 0 1 0 0 0 0
25 9 0 1 0 0 0 0
25 10 0 1 0 0 0 0
25 11 0 1 0 0 0 0
25 12 0 1 0 0 0 0
25 13 0 1 0 0 0 0
25 14 0 1 0 0 0 0
25 15 0 1 0 0 0 0
25 16 0 1 0 0 0 0
25 17 0 1 0 0 1 0
25 18 1 1 0 1 0 0
25 19 0 1 0 0 1 0
25 20 0 0 0 1 1 1
25 21 0 0 0 0 0 1
25 22 0 0 1 0 0 0
25 23 0 0 1 0 1 0
25 24 0 0 0 1 0 1
25 25 0 1 0 1 0 0
25 26 1 1 0 1 1 0
26 4 1 0 0 0 1 0
26 5 0 1 0 1 1 0
26 6 1 1 1 0 1 1
26 7 0 1 0 1 1 0
26 9 0 0 1 1 0 0
26 10 0 1 0 1 1 0
26 11 0 0 1 0 1 0
26 12 0 1 0 1 1 0
26 13 0 1 1 0 1 0
26 14 0 1 1 1 0 1
26 15 0 0 0 0 0 1
26 16 0 0 1 0 0 0
26 17 1 0 0 0 1 0
26 18 1 1 0 1 1 0
26 19 1 1 0 0 0 1
26 20 1 1 0 1 1 0
26 22 1 0 1 0 0 1
26 23 0 1 1 1 1 1
26 24 0 0 0 1 0 1
26 25 0 0 0 0 0 1
26 26 0 0 1 0 0 0
26 27 0 1 0 1 0 1
26 28 0 1 1 1 0 1
26 29 0 1 0 1 0 0
26 30 0 1 0 1 1 0
