0.10
30 50 77 97 125 147 177 199 229 251 281 302 333 354 385 406 436 458 488 510 540 562 592 613 643 665 696 717 747 768 799 820 851 872 903 924 954 976 1006 1028 1058 1080 1110 1131 1161 1183 1213 1234 1265 1286 1317 1338 1368 1390 1420 1441 1472 1493 1524 1545 1575 1597 1626 1647
33 53 77 115 135 155 193 215 236 279 300 320 360 382 403 444 465 486 525 545 568 609 630 651 693 714 735 774 795 816 857 879 900 940 961 982 1024 1045 1066 1104 1126 1147 1185 1205 1232 1269 1290 1312 1354 1375 1397 1433 1455 1476 1520 1541 1562 1600 1621 1642 1685 1707 1727 1765 1787 1808 1851 1872 1892 1932 1954 1975 2017 2038 2059 2099 2120 2141 2181 2202 2223 2261 2281 2301
3 3 1 0 1 0 1 0
3 5 1 0 0 1 1 1
3 7 1 0 0 1 0 0
3 8 1 1 1 0 0 1
3 9 0 1 1 1 0 0
3 10 0 1 0 0 1 0
3 12 1 0 0 1 1 0
3 14 1 0 0 0 1 1
3 15 1 1 1 0 1 1
3 17 0 1 1 0 0 1
4 3 1 0 1 1 0 0
4 4 0 1 0 0 0 1
4 5 0 1 1 1 0 0
4 6 1 0 1 0 1 0
4 8 0 0 1 1 0 0
4 9 0 1 0 0 0 1
4 11 1 1 0 1 1 0
4 12 0 1 1 0 1 1
4 13 1 0 0 1 1 0
4 14 0 0 1 0 1 0
4 16 1 0 0 1 1 0
4 18 0 1 1 1 1 0
4 19 1 0 1 0 0 1
4 20 1 0 0 1 1 0
4 21 0 1 0 1 0 0
4 22 0 0 1 0 0 1
5 3 0 0 1 1 0 0
5 4 0 1 0 0 0 1
5 6 0 1 0 1 0 0
5 7 1 1 0 1 1 0
5 8 0 0 1 1 1 0
5 10 0 1 0 1 0 0
5 11 0 0 1 0 0 0
5 13 1 1 0 0 0 0
5 14 1 0 0 1 0 1
5 15 1 1 1 1 1 0
5 16 0 0 1 1 1 1
5 18 1 1 0 0 1 0
5 19 0 1 0 1 1 1
5 20 1 0 0 0 0 0
5 21 1 1 0 1 1 0
5 22 1 1 0 0 0 1
5 23 0 0 0 0 1 0
6 3 1 0 1 1 1 0
6 4 0 0 1 0 1 0
6 6 0 1 0 1 0 0
6 7 1 1 0 1 1 0
6 8 0 0 1 1 1 0
6 10 0 0 1 1 0 0
6 11 0 0 1 0 0 0
6 12 1 0 0 0 1 1
6 14 1 1 0 0 1 0
6 15 0 1 1 1 1 1
6 17 1 1 0 0 1 0
6 18 0 1 0 0 0 1
6 20 1 0 1 1 1 0
6 21 0 1 0 1 0 0
6 22 0 0 0 0 1 1
7 3 0 0 1 1 0 0
7 4 0 1 0 0 0 1
7 6 0 1 0 1 0 0
7 7 1 1 1 1 0 0
7 8 1 0 0 1 0 1
7 10 1 1 0 0 1 0
7 11 1 0 1 0 0 1
7 12 0 1 0 0 0 0
7 14 1 1 0 1 1 0
7 15 0 1 0 1 0 1
7 17 1 0 0 0 1 1
7 19 1 0 1 0 1 0
7 21 1 0 0 1 1 0
7 23 1 1 0 1 1 0
7 24 1 1 0 1 0 1
7 25 1 1 0 0 1 0
7 26 1 0 1 1 0 1
7 27 0 0 0 0 1 0
8 3 0 0 0 0 1 1
8 4 0 0 1 0 0 0
8 5 1 1 1 1 1 0
8 6 0 1 0 0 1 0
8 7 0 1 1 1 1 0
8 8 1 0 0 1 0 1
8 9 0 0 0 0 1 0
8 11 1 0 0 1 1 0
8 12 0 1 0 1 0 0
8 13 1 0 0 0 0 0
8 14 1 0 0 0 1 1
8 15 0 1 1 0 0 1
8 17 1 1 0 1 0 0
8 18 1 1 1 0 0 1
8 19 1 1 0 0 1 0
8 20 1 1 1 1 1 1
8 21 1 0 0 0 0 0
8 23 0 1 0 1 1 0
8 24 1 0 1 0 0 1
8 26 1 1 0 1 1 0
8 27 1 1 0 0 0 1
8 28 0 0 1 1 0 0
8 29 0 1 1 0 0 1
8 30 0 0 0 0 1 0
9 3 1 0 1 1 1 0
9 4 0 0 1 0 1 1
9 5 1 1 1 0 0 0
9 6 1 1 0 0 1 1
9 7 0 0 1 1 0 0
9 8 1 0 0 0 0 0
9 10 0 0 1 1 0 0
9 11 0 1 0 0 0 1
9 12 0 1 0 0 0 0
9 13 1 0 0 1 1 0
9 14 1 1 0 1 1 1
9 16 1 1 0 0 1 1
9 18 1 0 1 0 0 0
9 20 0 1 0 1 0 0
9 23 1 0 0 1 1 0
9 25 1 1 0 1 0 0
9 26 0 0 1 0 1 1
9 27 1 1 0 1 0 0
9 28 0 1 1 0 0 1
9 29 0 0 0 0 0 1
9 30 0 1 1 0 0 0
10 3 1 0 1 0 1 0
10 5 1 1 1 1 1 0
10 6 1 0 1 0 0 1
10 7 0 1 1 0 0 0
10 8 1 0 0 1 1 0
10 9 0 1 1 0 1 0
10 11 1 1 0 0 1 0
10 12 1 0 0 0 0 1
10 13 1 0 1 0 1 1
10 14 0 1 1 0 1 0
10 16 1 1 0 0 1 0
10 17 0 1 0 0 0 1
10 19 1 0 0 0 1 1
10 20 0 1 0 1 1 1
10 22 1 0 0 1 1 0
10 24 0 1 0 1 1 1
10 25 1 0 0 0 0 0
10 26 1 1 1 0 0 0
10 27 1 0 1 1 0 1
10 28 0 0 0 0 1 1
11 3 0 0 1 1 0 0
11 4 0 1 0 0 0 1
11 6 1 1 1 1 1 0
11 7 0 1 1 0 0 1
11 8 1 1 0 0 0 0
11 9 0 1 0 1 0 1
11 10 1 0 0 0 1 1
11 11 1 1 1 0 0 1
11 13 1 0 0 1 1 0
11 15 1 1 0 0 1 0
11 16 0 1 1 1 1 1
11 17 1 1 0 0 0 0
11 18 0 0 1 1 1 1
11 20 1 1 1 0 0 0
11 21 0 0 1 1 1 1
11 22 1 0 0 1 1 0
11 23 0 1 1 0 1 0
11 25 1 1 1 1 1 0
11 26 0 1 0 0 0 1
11 27 1 1 0 1 1 0
11 28 1 0 1 0 0 1
11 29 0 0 0 0 1 0
12 3 0 0 1 1 0 0
12 4 0 1 0 0 0 1
12 6 1 1 0 0 1 0
12 7 0 1 1 0 1 1
12 8 1 1 0 0 1 0
12 9 0 1 0 0 0 1
12 11 1 0 0 1 1 0
12 13 1 0 0 0 1 1
12 14 0 1 0 1 1 1
12 16 1 1 0 1 1 0
12 17 1 1 0 1 0 1
12 19 1 0 1 1 1 0
12 20 0 1 0 1 0 0
12 21 1 0 0 0 1 1
12 22 0 0 1 0 1 0
12 24 1 0 1 0 1 1
12 25 0 1 0 1 0 1
12 27 0 0 1 1 0 0
12 28 0 0 1 0 0 0
12 29 1 1 0 1 1 0
12 30 1 0 0 1 0 1
13 5 1 1 0 0 1 0
13 6 1 1 1 1 1 1
13 7 1 1 1 1 1 0
13 8 1 0 1 0 0 1
13 9 0 0 0 0 1 1
14 3 1 1 0 1 1 0
14 4 1 0 1 1 0 1
14 5 1 0 1 1 1 0
14 6 1 1 1 0 0 1
14 8 1 0 0 1 1 0
14 10 1 0 0 0 1 1
14 11 0 1 0 1 1 1
14 12 0 1 1 1 1 0
14 13 1 0 0 1 0 1
14 14 0 0 0 0 1 0
14 16 1 0 1 1 1 0
14 17 0 1 0 1 0 0
14 19 1 0 0 1 1 0
14 20 0 1 1 0 0 1
14 21 1 0 1 1 1 0
14 22 1 0 0 1 0 1
14 24 1 1 0 0 1 0
14 25 1 1 0 0 0 1
14 26 1 0 0 0 1 1
14 27 0 0 1 1 1 1
14 31 1 1 0 0 1 0
14 32 0 1 0 0 0 1
15 5 0 0 1 0 0 1
15 6 1 0 0 1 0 0
15 7 0 0 1 0 1 0
16 3 1 0 0 0 1 1
16 5 1 0 1 1 1 0
16 6 0 0 1 0 1 0
16 7 1 0 1 1 0 0
16 8 0 1 0 0 0 1
16 10 1 1 0 0 1 0
16 11 0 1 0 1 0 0
16 12 0 0 0 0 1 0
16 14 1 0 1 1 1 0
16 15 0 0 1 0 1 0
16 16 1 0 1 1 0 0
16 17 0 1 0 0 0 1
16 19 0 1 0 1 1 0
16 20 1 1 0 1 1 1
16 21 0 0 0 0 1 0
16 22 0 0 0 0 1 0
16 23 0 0 0 0 1 0
16 25 1 1 0 0 1 0
16 26 1 0 0 1 0 1
16 27 1 0 1 0 1 1
16 28 0 1 0 1 0 1
16 30 0 0 1 1 0 0
16 31 0 0 1 0 0 0
16 32 1 1 0 0 1 1
17 5 1 1 1 1 0 0
17 6 0 0 1 1 1 1
17 7 1 1 0 0 1 0
17 8 0 1 1 0 1 0
17 9 0 0 0 0 1 1
18 3 1 1 1 0 0 0
18 4 1 0 0 0 0 1
18 5 1 0 1 1 1 0
18 6 1 1 1 0 0 1
18 8 1 0 0 1 1 0
18 10 1 1 1 0 0 0
18 11 0 1 0 1 0 0
18 12 0 0 1 1 0 0
18 13 1 0 0 0 0 0
18 14 1 1 0 0 1 0
18 15 1 1 1 1 1 1
18 17 1 1 0 1 1 0
18 18 0 1 0 1 0 0
18 19 1 0 1 1 0 0
18 20 0 1 0 0 0 1
18 22 1 0 0 1 1 0
18 23 0 1 0 0 0 1
18 25 1 0 1 0 0 0
18 26 0 0 1 1 1 0
18 27 1 0 0 1 0 0
18 28 0 1 0 1 1 1
18 29 0 0 0 0 1 0
19 3 1 1 0 1 1 0
19 4 1 1 0 0 0 1
19 6 1 0 1 1 1 0
19 7 0 0 1 0 1 0
19 8 1 1 0 0 0 0
19 9 1 0 0 1 0 1
19 10 0 0 0 0 1 0
19 12 1 0 1 0 1 0
19 14 0 0 1 1 0 0
19 15 1 1 1 0 0 1
19 16 0 0 1 1 0 0
19 17 0 1 0 0 0 1
19 19 1 0 1 1 1 0
19 20 1 1 1 0 0 1
19 21 1 1 0 0 1 0
19 22 0 1 0 1 0 1
19 24 1 0 1 1 0 0
19 25 0 1 1 1 0 1
19 26 1 1 0 0 1 1
19 28 0 0 1 1 0 1
19 29 0 1 0 0 0 0
19 30 1 1 1 1 1 0
19 31 1 1 0 1 1 1
20 5 1 0 0 1 1 0
20 7 1 0 1 0 0 0
20 8 1 0 1 0 0 1
20 9 0 0 1 0 0 0
20 10 1 0 0 0 1 1
20 11 0 1 0 1 1 1
20 12 0 0 0 0 1 0
20 13 0 0 0 0 1 0
20 14 0 0 0 0 1 0
21 3 1 0 1 0 0 1
21 4 0 1 0 0 0 0
21 5 1 1 0 0 1 0
21 6 1 0 0 0 0 1
21 8 1 0 0 1 1 0
21 10 1 0 0 0 1 1
21 11 1 1 1 0 1 1
21 12 0 0 1 1 0 0
21 13 0 1 1 0 0 1
21 15 1 1 1 0 0 0
21 16 0 1 1 1 1 1
21 17 1 1 0 1 1 0
21 18 1 0 1 0 1 0
21 20 1 0 1 0 0 1
21 21 0 1 0 0 0 0
21 22 1 1 0 0 1 0
21 23 1 0 0 1 0 1
21 25 1 0 0 1 1 0
21 27 1 1 0 1 1 0
21 28 1 0 1 1 0 1
21 29 1 0 0 0 1 1
21 30 1 1 1 0 0 1
21 31 0 0 0 0 1 0
22 3 1 0 0 0 1 1
22 4 1 1 1 0 1 1
22 5 0 0 1 1 0 0
22 6 0 0 1 0 0 0
22 8 0 0 1 1 0 0
22 9 1 1 1 0 0 1
22 10 1 1 1 0 0 0
22 11 0 1 0 0 0 1
22 13 1 1 0 0 1 0
22 14 0 1 1 1 1 1
22 16 1 1 0 0 1 0
22 17 0 1 0 0 0 1
22 19 1 1 0 0 1 0
22 20 0 1 0 1 1 1
22 21 0 0 0 0 1 0
22 23 1 0 0 0 1 1
22 24 1 1 1 0 1 1
22 25 0 0 1 1 0 0
22 26 0 1 1 0 0 1
22 28 0 0 1 1 0 0
22 29 1 1 1 0 0 1
22 30 1 1 1 0 0 0
22 31 0 1 0 0 0 1
23 5 1 1 0 0 0 1
23 6 1 0 0 0 0 0
23 7 1 1 1 0 0 1
23 8 0 0 0 0 1 0
24 3 0 0 1 1 0 0
24 4 0 0 1 0 0 0
24 5 1 1 0 0 1 1
24 7 1 0 1 1 1 0
24 8 0 0 1 0 1 0
24 10 1 1 1 0 0 0
24 11 0 0 1 1 1 0
24 12 1 1 1 1 0 1
24 13 0 0 1 0 0 0
24 15 1 0 0 1 1 0
24 17 0 1 0 1 0 0
24 18 1 1 0 1 1 0
24 19 0 0 1 1 1 0
24 21 0 1 0 1 0 0
24 22 1 0 0 0 0 0
24 23 0 1 0 1 1 0
24 24 1 1 1 0 0 1
24 26 1 1 0 1 1 1
24 27 0 1 0 0 0 0
24 28 0 0 1 1 0 0
24 29 0 0 1 1 1 1
24 30 0 0 0 0 1 0
25 3 0 1 0 0 1 0
25 4 1 0 0 0 0 0
25 5 1 0 1 1 1 0
25 6 1 1 0 1 1 1
25 7 0 0 0 0 1 0
25 9 1 0 1 1 0 0
25 10 1 0 0 0 0 1
25 11 1 1 1 0 0 0
25 12 0 1 1 0 0 1
25 13 0 0 0 0 1 0
25 15 1 1 0 1 1 0
25 16 1 0 0 1 0 1
25 17 1 1 0 1 1 0
25 18 1 0 1 0 0 1
25 20 1 1 1 0 1 0
25 22 1 1 1 1 0 0
25 23 0 0 1 1 1 1
25 24 1 1 0 0 0 0
25 25 0 1 0 0 0 1
25 27 1 0 0 0 1 1
25 28 0 0 1 1 1 1
26 5 1 1 1 1 1 0
26 6 0 1 0 0 1 0
26 7 0 0 0 0 1 0
26 8 0 1 1 0 0 0
27 3 1 0 1 0 1 1
27 4 0 1 0 1 0 1
27 6 1 0 1 1 1 0
27 7 0 0 1 0 1 0
27 9 1 0 0 0 1 1
27 10 0 1 1 0 0 1
27 11 1 0 1 1 0 0
27 12 1 0 0 1 0 1
27 13 0 0 0 0 1 0
27 15 1 0 1 0 1 0
27 17 1 0 0 1 1 1
27 19 1 0 0 1 0 0
27 20 1 1 1 0 0 1
27 21 0 1 1 1 0 0
27 22 0 1 0 0 1 0
27 24 1 0 0 1 1 0
27 26 1 0 0 0 1 1
27 27 1 1 1 0 1 1
27 28 0 0 1 1 0 0
27 29 0 1 1 0 0 1
27 31 1 0 1 0 0 0
27 32 1 0 0 0 0 1
3 16 0 0 1 1 0 0
9 19 0 1 0 1 0 0
9 21 0 1 1 0 0 0
14 29 1 0 0 1 1 0
