0.10
37 58 88 110 141 162 192 214 244 265 296 317 347 369 399 420 451 472 503 524 554 576 606 627 657 679 709 730 761 782 813 834 864 885 916 938 968 989 1019 1040 1071 1093 1123 1144 1175 1196 1226 1248 1278 1299 1330 1351 1382 1403 1434 1455 1485 1507 1538 1558 1588 1611 1641 1662
12 33 54 100 121 142 182 204 225 267 289 310 349 370 392 433 455 474 514 537 557 601 621 642 681 702 723 763 784 805 846 868 890 928 950 971 1015 1036 1057 1094 1116 1137 1180 1202 1222 1260 1283 1303 1347 1368 1390 1427 1448 1469 1512 1534 1554 1593 1615 1636 1679 1701 1722 1759 1781 1803 1845 1867 1888 1927 1948 1970 2011 2033 2054 2094 2116 2138 2178 2199 2220 2260 2281 2303
1 31 0 0 0 0 0 0
3 2 0 0 0 0 0 1
3 3 1 0 1 0 0 1
3 5 1 1 1 0 1 1
3 6 0 1 0 1 1 0
3 8 0 1 1 0 1 0
3 9 1 0 0 0 0 1
3 11 0 0 1 1 0 1
3 12 0 1 1 1 0 0
3 13 0 0 1 0 1 0
3 14 0 0 0 1 0 1
3 15 1 1 0 0 0 1
3 16 1 1 0 1 1 0
3 18 1 0 1 0 1 0
3 19 0 1 1 1 0 1
3 21 1 0 0 0 0 0
3 22 0 0 1 0 1 1
3 23 0 1 1 1 0 0
3 25 0 0 1 0 1 1
3 26 1 1 0 0 1 1
3 27 0 0 1 0 1 0
3 28 0 0 0 1 0 1
3 30 1 0 1 0 1 0
3 31 0 1 1 1 0 1
4 3 0 1 1 0 1 0
4 4 1 0 0 0 0 1
4 6 0 1 0 1 0 1
4 7 0 1 0 1 1 0
4 8 1 1 1 0 0 1
4 9 0 1 1 1 0 0
4 11 1 0 1 0 1 0
4 12 0 1 1 1 0 1
4 14 1 0 0 0 0 0
4 15 1 1 1 1 0 1
4 17 0 0 1 0 1 1
4 18 1 1 0 0 1 1
4 19 0 0 1 0 1 0
4 20 0 0 0 1 0 1
4 22 1 0 1 0 1 0
4 23 0 1 1 1 0 1
4 25 1 1 0 0 0 1
4 26 1 0 1 0 1 0
4 27 0 1 0 1 1 0
4 29 0 1 0 0 0 0
4 30 0 1 0 0 1 0
4 31 0 0 1 0 0 1
5 2 0 0 1 1 1 1
5 3 1 1 0 0 1 1
5 5 0 0 0 0 1 1
5 6 1 0 0 1 0 0
5 7 1 0 0 0 1 0
5 9 1 0 1 0 1 0
5 10 0 0 0 1 1 1
5 12 0 1 0 0 0 0
5 13 0 0 0 0 1 0
5 14 0 1 0 0 1 0
5 15 0 0 1 0 1 0
5 16 0 0 0 1 0 1
5 18 1 0 1 1 0 0
5 19 1 0 0 1 1 1
5 20 1 0 0 0 1 0
5 22 0 0 1 1 0 1
5 23 1 1 0 1 0 0
5 24 0 0 0 0 1 1
5 25 0 1 0 0 0 0
5 26 0 1 0 0 1 0
5 27 0 0 0 0 0 1
5 28 1 0 1 0 0 1
5 30 1 1 1 0 1 1
5 31 0 1 0 1 1 0
6 2 0 0 0 0 0 1
6 3 1 0 1 0 0 1
6 5 0 1 0 0 0 0
6 6 0 0 1 1 0 1
6 7 0 0 0 1 1 0
6 8 1 1 0 0 0 1
6 9 0 1 0 1 1 0
6 10 1 0 0 0 1 0
6 12 1 1 0 1 0 0
6 14 0 0 1 1 0 0
6 15 0 1 0 1 1 0
6 17 1 0 0 0 0 1
6 19 1 0 0 0 1 0
6 20 0 0 0 1 1 1
6 21 1 0 1 1 0 0
6 22 0 0 0 1 0 1
6 24 0 1 1 1 0 0
6 25 0 1 1 1 1 0
6 26 1 1 0 1 1 0
6 28 0 1 0 0 0 0
6 29 0 1 1 1 1 0
6 30 1 1 0 1 1 0
6 31 0 0 1 0 0 1
7 3 1 1 1 0 0 1
7 4 1 0 0 1 1 0
7 6 1 0 1 1 0 0
7 7 0 1 0 1 1 0
7 8 0 0 0 0 1 0
7 9 0 0 1 1 0 1
7 11 0 1 1 1 1 0
7 13 1 0 0 0 1 0
7 14 1 1 0 1 0 0
7 15 1 0 1 1 0 0
7 16 1 1 0 0 1 1
7 18 0 1 0 1 0 1
7 19 0 0 0 1 0 1
7 20 0 1 1 0 1 1
7 21 1 1 0 1 1 0
7 23 1 1 0 1 0 0
7 25 0 1 0 1 0 0
7 26 1 1 0 1 1 0
7 27 0 0 0 0 1 1
7 28 0 1 1 1 0 0
7 30 0 1 0 0 1 0
7 31 0 0 1 0 0 1
8 14 0 0 0 0 1 1
8 15 0 1 0 0 0 0
8 16 1 0 0 0 1 0
8 17 1 1 0 1 0 1
8 19 0 0 1 0 1 0
8 20 1 0 0 0 0 1
8 21 1 1 1 1 1 0
8 22 0 1 0 1 1 0
8 23 0 1 0 0 1 1
8 24 1 0 0 0 0 1
8 26 1 0 1 0 1 0
8 27 0 1 1 1 0 1
8 29 0 1 1 0 1 1
8 30 1 1 0 1 1 0
8 31 0 0 1 0 0 1
9 2 1 0 1 0 0 1
9 4 0 1 0 0 1 0
9 5 0 0 0 0 0 1
9 6 1 0 1 0 0 1
9 8 0 1 0 0 1 1
9 9 1 1 0 1 0 0
9 10 0 0 1 1 1 1
9 11 0 0 0 1 0 1
9 13 1 0 1 1 0 1
9 14 1 1 0 1 1 0
9 16 1 0 0 0 1 0
9 17 1 1 0 1 0 1
9 19 0 1 0 0 0 0
9 20 0 1 1 0 1 0
9 21 1 0 0 0 0 1
9 23 0 0 1 1 0 0
9 24 0 1 0 1 1 0
9 25 1 0 1 0 0 1
9 26 0 0 0 1 1 1
9 28 1 0 1 0 1 0
9 29 0 1 1 1 0 1
10 3 0 1 0 0 0 0
10 4 0 0 1 0 1 0
10 5 0 0 0 1 0 1
10 6 1 1 1 0 1 1
10 7 0 1 0 1 1 0
10 9 1 1 1 0 0 1
10 10 1 1 0 1 0 0
10 12 0 0 1 1 1 1
10 13 1 1 0 0 1 0
10 14 0 1 1 1 0 1
10 16 1 0 0 0 0 0
10 17 0 0 1 1 0 1
10 18 1 1 1 0 0 1
10 19 0 1 1 1 0 0
10 21 1 0 0 0 0 0
10 22 1 0 0 0 1 0
10 23 0 0 0 1 1 1
10 24 1 0 0 0 1 0
10 25 1 1 0 1 0 0
10 27 1 0 0 0 0 0
10 28 0 0 0 0 0 1
10 29 0 1 1 1 0 0
10 30 1 0 0 0 1 0
10 31 0 0 0 1 1 1
11 3 0 1 0 0 0 0
11 4 0 1 0 0 1 0
11 5 0 0 0 0 0 1
11 6 1 0 1 0 0 1
11 8 1 1 1 0 1 1
11 9 0 1 0 1 1 0
11 10 0 0 0 0 1 1
11 11 0 1 0 0 0 0
11 12 1 0 0 0 1 0
11 13 0 1 0 1 1 0
11 14 1 0 1 1 0 0
11 15 0 0 0 1 1 1
11 17 1 1 0 1 0 0
11 19 0 0 1 0 1 0
11 20 1 1 0 1 1 0
11 21 0 1 1 0 0 1
11 22 1 0 0 1 1 0
11 24 0 0 1 0 1 0
11 25 0 0 0 1 0 1
11 26 0 0 1 1 0 1
11 27 0 0 0 1 1 0
11 29 0 0 1 0 1 0
11 30 1 0 0 0 0 1
11 31 0 1 1 1 1 0
12 3 1 1 1 0 1 1
12 4 0 1 0 1 1 0
12 5 0 0 0 0 0 0
12 6 0 1 0 0 0 1
12 7 1 1 0 0 1 1
12 8 1 0 0 0 1 0
12 9 0 0 0 1 0 1
12 11 1 1 1 0 1 1
12 12 0 1 0 1 1 0
12 14 0 1 1 0 0 0
12 15 0 0 1 0 1 0
12 16 0 0 0 1 0 1
12 17 1 1 1 0 1 1
12 18 0 1 0 1 1 0
12 20 0 1 0 0 0 1
12 21 1 1 0 0 1 1
12 22 1 0 0 0 1 0
12 23 0 0 0 1 0 1
12 25 1 1 1 0 1 1
12 26 0 1 0 1 1 0
12 28 1 0 1 0 1 0
12 29 0 1 1 1 0 1
12 31 0 1 0 1 0 0
13 14 0 0 0 0 1 1
13 15 0 1 0 0 0 0
13 16 0 1 0 0 1 0
13 17 0 0 0 0 0 1
13 18 1 0 1 0 0 1
13 20 1 1 1 0 1 1
13 21 0 1 0 1 1 0
13 23 1 0 1 0 1 0
13 24 0 1 1 1 0 1
13 26 0 1 0 1 0 0
13 28 0 1 0 0 0 0
13 29 0 0 1 0 1 0
13 30 0 0 0 1 0 1
13 31 0 0 1 0 0 1
14 3 1 0 1 0 1 0
14 4 1 1 0 1 0 0
14 5 0 0 1 0 1 1
14 6 1 1 0 1 0 0
14 8 0 1 0 0 1 1
14 9 1 1 0 1 0 0
14 10 0 0 1 1 1 1
14 11 0 0 0 1 0 1
14 13 1 0 1 1 0 1
14 14 1 1 0 1 1 0
14 16 1 0 0 0 1 0
14 17 1 1 0 1 0 1
14 19 0 1 0 0 0 0
14 20 0 1 1 0 1 0
14 21 1 0 0 0 0 1
14 23 0 0 1 1 0 0
14 24 0 1 0 1 1 0
14 25 1 0 1 0 0 1
14 26 0 0 0 1 1 1
14 28 1 0 1 0 1 0
14 29 0 1 1 1 0 1
15 2 0 0 0 0 0 1
15 3 0 0 1 1 1 0
15 5 1 0 1 1 0 1
15 6 1 1 0 1 1 0
15 8 0 1 1 0 0 1
15 9 0 0 0 1 1 0
15 10 0 0 1 0 1 0
15 11 0 0 0 1 0 1
15 12 0 0 0 0 1 1
15 13 0 1 0 0 0 0
15 14 1 1 0 0 0 0
15 15 0 0 0 0 0 1
15 16 0 0 1 1 0 0
15 17 0 1 1 1 1 1
15 18 1 1 0 0 1 1
15 19 1 1 0 0 0 0
15 21 1 1 0 1 0 0
15 23 1 1 1 0 1 0
15 24 0 1 0 1 1 0
15 25 0 0 1 0 1 0
15 26 0 1 1 1 0 0
15 28 1 0 0 0 1 0
15 29 0 1 0 1 1 0
15 30 0 0 1 1 1 0
15 31 0 1 0 1 1 0
16 2 0 0 0 0 0 1
16 3 1 0 1 0 0 1
16 5 1 0 1 0 1 0
16 6 0 0 0 1 0 1
16 8 0 1 1 0 1 1
16 9 1 1 0 1 1 0
16 11 0 1 0 0 0 0
16 12 1 0 0 0 1 0
16 13 1 1 0 0 1 1
16 14 1 0 1 0 1 1
16 15 1 0 0 1 0 1
16 17 0 1 1 0 1 0
16 18 1 0 0 0 0 1
16 19 0 0 1 0 1 0
16 20 1 1 0 1 1 0
16 22 1 1 1 1 0 0
16 23 1 0 0 0 1 0
16 24 0 0 0 1 1 1
16 26 1 0 0 0 1 0
16 27 1 1 0 1 0 1
16 29 0 1 0 0 1 1
16 30 1 1 0 1 0 0
16 31 0 0 1 0 0 1
17 2 1 1 1 0 1 0
17 3 0 1 0 1 1 0
17 4 1 1 1 0 1 1
17 5 0 1 0 1 1 0
17 7 0 0 1 1 0 0
17 8 0 0 0 1 1 0
17 10 0 1 0 0 0 0
17 11 1 0 0 0 1 0
17 12 0 1 0 1 1 0
17 13 0 0 1 1 1 0
17 14 0 1 0 1 1 0
17 16 0 1 0 0 1 0
17 17 0 0 0 0 0 1
17 18 1 0 1 0 0 1
17 20 1 0 0 0 1 0
17 21 1 1 0 1 1 0
17 22 0 1 1 1 1 1
17 23 1 0 0 0 1 1
17 25 0 1 0 0 0 0
17 26 1 0 1 1 1 1
17 27 0 0 0 1 0 0
17 28 0 1 1 1 0 1
17 30 0 1 0 0 1 0
17 31 0 0 1 0 0 1
18 21 0 0 0 0 1 1
18 22 0 1 0 0 0 0
18 23 1 0 1 1 0 1
18 24 0 1 0 1 1 0
18 25 0 1 1 0 1 0
18 26 1 1 0 1 1 0
18 28 0 1 1 0 0 1
18 29 1 1 0 0 1 0
18 31 1 0 1 0 0 1
19 3 1 0 1 0 1 0
19 4 0 1 1 1 0 1
19 6 1 0 1 1 0 0
19 7 1 1 0 1 1 0
19 8 1 1 1 1 1 0
19 9 1 1 0 1 1 0
19 11 0 1 0 0 0 0
19 12 0 1 1 1 1 1
19 13 1 0 0 1 1 0
19 14 1 0 1 0 0 1
19 15 0 0 0 0 0 0
19 16 0 1 1 0 1 0
19 17 1 1 0 1 1 0
19 18 1 1 1 0 0 1
19 19 1 1 0 1 1 1
19 21 0 0 1 1 0 0
19 22 0 1 0 1 1 0
19 23 1 0 1 0 0 1
19 24 0 0 0 1 1 1
19 26 0 0 0 0 1 1
19 27 1 0 0 1 0 0
19 28 0 0 1 0 1 0
19 29 1 0 0 0 0 1
20 3 1 0 1 1 0 0
20 4 1 1 0 1 1 0
20 5 0 0 0 0 1 0
20 6 0 1 1 1 0 0
20 8 1 0 1 0 1 0
20 9 0 1 1 1 0 1
20 11 0 0 1 0 1 0
20 12 1 1 0 1 0 0
20 14 0 1 1 0 1 0
20 15 1 1 0 1 0 0
20 16 0 0 1 1 0 1
20 17 1 0 0 0 0 1
20 19 1 1 1 0 0 1
20 20 1 1 0 1 0 1
20 22 1 0 0 0 1 0
20 23 1 1 0 1 0 1
20 24 0 0 0 0 1 1
20 25 0 1 0 0 0 0
20 26 1 0 0 0 1 0
20 27 1 1 0 1 1 0
20 28 0 1 1 1 0 1
20 30 1 0 0 0 1 0
20 31 1 1 0 1 0 1
21 2 1 1 1 0 0 1
21 3 1 1 0 1 0 1
21 5 0 1 0 0 1 0
21 6 0 0 0 0 0 1
21 7 1 0 1 0 0 1
21 9 0 1 0 0 1 1
21 10 1 1 0 1 1 0
21 11 1 0 0 0 1 0
21 12 1 1 0 0 1 1
21 14 0 1 0 0 0 0
21 15 0 0 0 0 0 1
21 16 1 0 1 1 0 1
21 17 0 0 1 1 0 1
21 18 1 0 0 0 1 1
21 20 0 0 0 0 1 0
21 21 0 1 0 0 1 0
21 22 0 1 1 0 0 1
21 23 1 1 0 0 1 0
21 25 0 0 1 1 0 1
21 26 1 0 0 1 1 0
21 27 1 1 1 0 0 1
21 28 1 0 0 1 1 0
21 30 0 1 1 0 1 0
21 31 1 0 0 0 0 1
22 4 1 1 1 0 1 1
22 5 0 1 0 1 1 0
22 6 0 1 1 0 1 0
22 7 1 1 0 0 1 1
22 9 1 0 1 0 0 1
22 11 0 0 1 0 1 0
22 12 1 1 0 1 0 0
22 14 1 0 0 0 1 0
22 15 1 1 0 1 1 0
22 16 1 0 0 0 1 0
22 17 1 1 0 1 1 0
22 19 1 1 1 0 0 1
22 20 1 1 0 1 0 1
22 22 1 0 0 0 1 0
22 23 1 1 0 1 0 1
22 24 0 0 0 0 0 1
22 25 0 1 0 0 0 0
22 26 0 1 0 0 0 1
22 27 1 0 0 1 0 1
22 29 1 0 0 0 1 0
22 30 0 0 0 1 1 1
22 31 0 0 1 0 0 1
23 2 1 1 1 0 0 1
23 3 1 1 0 1 1 1
23 4 1 1 1 1 1 0
23 6 0 1 1 0 1 0
23 7 1 1 0 0 1 1
23 8 0 1 1 0 1 0
23 9 1 1 0 1 1 0
23 11 0 1 0 0 0 0
23 12 1 0 1 1 0 1
23 13 0 1 0 1 1 0
23 14 1 0 0 0 1 1
23 16 0 0 0 0 1 1
23 17 1 0 0 0 1 0
23 18 0 0 0 1 1 1
23 19 0 0 0 0 0 1
23 20 1 0 0 0 1 0
23 21 1 1 0 1 0 0
23 23 0 1 0 0 0 0
23 24 0 1 0 0 1 0
23 25 1 1 1 0 1 1
23 26 0 1 0 1 1 0
23 28 0 1 0 1 0 1
23 29 1 0 0 1 0 0
23 30 0 1 0 1 0 0
23 31 0 0 0 1 0 1
24 3 0 1 0 0 0 0
24 4 0 0 1 1 1 1
24 5 1 1 0 1 0 1
24 6 0 0 0 0 1 1
24 7 0 1 0 0 1 0
24 9 0 0 0 0 1 0
24 10 1 0 0 0 1 0
24 11 0 0 0 0 1 1
24 12 1 0 0 0 0 1
24 14 1 1 1 0 0 1
24 15 1 1 0 1 0 1
24 17 1 0 0 0 1 0
24 18 1 1 0 1 0 1
24 19 0 0 0 0 0 1
24 20 0 1 0 0 0 0
24 21 0 1 0 0 0 1
24 22 1 0 0 1 0 1
24 24 0 0 1 1 0 1
24 25 0 1 1 0 0 1
24 26 1 1 0 0 1 0
24 28 1 0 0 0 1 0
24 29 0 1 0 1 1 0
24 30 1 1 1 0 1 1
24 31 0 1 0 1 1 0
25 2 0 1 0 0 0 0
25 3 1 1 1 0 0 1
25 4 1 1 0 1 0 1
25 6 1 0 0 0 1 0
25 7 1 1 0 1 0 1
25 9 0 0 1 1 1 0
25 10 0 1 0 1 1 0
25 11 1 0 1 1 0 1
25 12 0 1 0 1 1 0
25 13 0 0 0 0 0 1
25 14 0 1 0 0 0 0
25 15 0 1 0 0 0 1
25 16 1 0 0 1 0 1
25 18 1 0 0 0 1 0
25 19 1 1 0 0 1 1
25 20 0 0 0 0 1 1
25 21 0 1 0 0 1 0
25 23 0 1 1 1 1 0
25 24 1 1 0 1 1 0
25 25 0 0 1 1 1 1
25 26 1 1 0 0 1 1
25 28 0 0 1 1 0 1
25 29 1 1 0 0 1 0
25 30 0 1 1 0 0 1
25 31 0 1 1 1 0 0
26 24 0 0 0 0 1 0
26 25 0 1 1 0 0 0
26 26 1 1 1 0 0 1
26 27 1 1 0 1 0 1
26 29 0 0 1 1 0 0
26 30 1 1 0 1 0 0
26 31 1 0 0 0 1 0
27 28 0 0 1 1 0 1
27 29 1 0 0 0 0 1
28 25 0 0 0 0 0 0
