0.10
28 48 76 97 127 148 179 201 231 253 284 304 335 357 387 408 438 460 490 511 542 563 593 615 645 667 697 718 749 770 801 822 852 874 904 925 956 977 1008 1029 1060 1081 1111 1132 1163 1184 1215 1236 1267 1288 1318 1340 1370 1392 1422 1443 1474 1495 1526 1547 1578 1599 1626 1646
27 47 67 105 125 145 183 204 226 264 284 304 341 363 383 424 445 467 506 527 548 589 610 631 672 694 715 754 775 796 836 857 879 918 940 961 1003 1025 1046 1082 1104 1125 1168 1189 1211 1248 1270 1291 1334 1356 1376 1413 1435 1455 1500 1521 1542 1579 1601 1622 1665 1686 1708 1746 1767 1788 1831 1852 1873 1912 1933 1954 1996 2017 2038 2078 2100 2121 2159 2179 2199 2237 2257 2277
3 2 1 1 0 0 0 0
3 3 1 1 1 0 0 1
3 4 0 0 0 0 0 1
3 5 0 1 1 0 0 0
3 6 0 0 0 0 1 0
3 7 0 1 1 0 0 0
3 8 0 0 1 1 0 1
3 9 0 1 0 0 0 0
3 10 1 1 0 1 1 0
3 11 0 1 1 0 1 1
3 12 0 0 1 1 0 0
3 13 0 1 0 0 1 1
3 14 0 0 0 0 1 0
3 16 0 1 1 1 1 0
3 17 0 1 0 1 0 1
3 18 1 1 0 1 1 1
3 19 1 0 0 0 0 0
3 21 1 0 0 0 1 1
3 22 1 0 0 0 0 0
3 23 0 1 0 1 1 0
3 24 0 0 1 0 1 1
3 25 0 0 0 0 1 0
3 26 0 1 1 0 0 0
5 4 1 0 0 1 0 1
5 5 0 1 0 0 0 0
5 6 0 1 1 1 1 0
5 7 0 1 1 0 1 0
5 9 0 0 1 1 0 1
5 11 1 1 1 0 0 0
5 12 1 0 0 1 0 1
5 13 1 1 0 0 1 0
5 14 0 1 0 1 0 0
6 4 0 1 0 1 0 0
6 7 1 1 0 0 0 0
6 8 0 1 1 1 0 1
6 9 0 1 1 1 0 0
6 10 0 1 0 0 1 1
6 12 0 0 1 1 0 0
6 13 0 1 0 0 0 1
6 15 1 1 1 0 0 0
6 16 1 0 1 1 0 1
6 17 1 0 0 0 1 1
6 18 1 1 1 0 1 1
6 20 1 0 0 0 1 1
6 21 1 0 0 0 0 0
6 22 0 0 0 0 1 0
6 23 0 1 1 0 0 0
6 24 0 1 1 1 0 0
6 25 1 0 0 0 0 0
6 26 1 0 1 0 0 0
6 27 0 1 1 0 1 0
6 29 0 0 0 1 1 0
6 30 0 1 1 1 1 0
6 31 1 0 1 0 0 1
7 2 0 0 1 0 0 1
7 3 1 0 0 1 1 0
7 4 0 1 0 1 0 0
7 5 0 0 0 1 1 0
7 7 0 0 1 1 0 1
7 9 0 0 0 1 1 0
7 10 1 1 0 0 1 0
7 11 1 0 1 1 0 1
7 12 1 1 1 1 1 0
7 13 1 1 1 0 1 1
7 14 0 0 0 1 1 0
7 16 1 0 0 1 1 0
7 18 1 1 0 0 1 0
7 19 1 1 1 0 0 1
7 20 0 1 0 1 0 0
7 21 0 0 0 0 1 0
7 22 0 1 1 0 0 0
8 4 1 1 1 0 1 0
8 5 0 1 1 0 0 0
8 8 1 1 0 0 1 0
8 9 1 1 0 0 0 1
8 10 1 0 0 0 1 1
8 11 0 1 1 0 0 1
8 13 0 0 0 0 1 0
8 14 0 0 1 0 0 1
8 15 1 0 1 0 1 0
8 17 0 1 0 1 0 1
8 18 0 1 1 0 0 0
8 20 0 0 1 1 0 0
8 21 0 1 0 0 0 1
8 23 0 1 1 1 1 0
8 24 1 0 1 0 0 1
8 25 1 0 0 1 1 0
8 26 0 1 0 1 0 0
8 27 0 0 1 0 0 1
8 28 0 1 0 0 0 0
8 29 0 0 0 0 1 0
9 2 0 1 1 1 1 0
9 3 1 1 1 0 0 1
9 4 1 1 0 1 1 0
9 5 1 1 0 0 1 1
9 7 1 1 0 0 1 0
9 8 1 1 0 1 0 1
9 9 1 0 1 1 0 0
9 10 1 0 0 1 0 1
9 12 1 1 1 0 0 0
9 13 1 0 1 1 0 1
9 14 1 1 0 1 1 0
9 15 0 1 0 0 0 1
9 17 0 1 0 0 1 0
9 18 0 1 1 0 0 0
9 19 0 1 1 1 1 0
9 20 0 1 0 1 0 0
9 21 0 0 0 0 1 0
9 22 0 1 1 0 0 0
10 4 0 0 1 1 1 1
10 5 1 0 0 0 0 0
10 8 1 0 0 0 1 1
10 9 1 0 0 0 0 0
10 10 0 0 1 1 0 0
10 11 0 1 0 0 1 1
10 13 0 0 0 1 1 0
10 14 1 0 0 1 1 1
10 15 0 1 1 0 0 0
10 17 0 1 1 1 0 0
10 18 1 0 0 0 0 0
10 19 1 1 0 1 0 1
10 21 1 0 0 1 1 0
10 23 1 1 0 0 1 0
10 24 1 1 1 0 1 1
10 25 1 1 1 0 0 0
10 26 0 1 0 0 1 1
10 28 1 1 0 1 1 0
10 29 0 1 0 0 0 1
11 2 0 0 1 0 0 1
11 3 1 1 1 1 1 0
11 4 0 1 1 0 0 1
11 5 0 0 0 1 1 0
11 7 1 0 0 1 1 0
11 9 0 0 0 1 1 0
11 10 1 0 1 1 1 0
11 11 0 0 1 1 1 0
11 12 0 0 0 1 1 0
11 14 1 0 0 0 1 1
11 16 0 1 0 1 0 0
11 17 1 1 0 1 1 0
11 18 0 1 0 0 0 1
11 20 1 0 1 0 1 1
11 21 0 0 1 0 1 1
11 22 1 0 1 1 0 1
11 24 1 0 0 1 1 0
11 26 1 1 0 0 1 0
11 27 1 0 0 0 0 1
11 28 1 1 0 0 1 0
11 29 1 0 1 1 0 1
11 30 0 0 0 0 1 0
11 31 0 0 1 0 0 0
12 2 0 0 1 1 0 0
12 3 0 1 0 0 0 1
12 4 0 0 1 1 0 0
12 5 1 0 0 0 0 0
12 7 0 0 0 1 1 0
12 8 1 0 1 1 1 0
12 9 0 0 1 1 1 0
12 10 0 0 0 1 1 0
12 12 1 1 0 1 1 0
12 13 0 1 0 0 0 1
12 14 1 1 1 1 1 0
12 15 0 1 1 0 0 1
12 17 0 0 1 1 0 0
12 18 0 1 1 0 0 0
12 20 0 1 1 1 0 0
12 21 0 0 1 0 0 0
12 22 0 0 0 0 1 0
12 24 1 0 1 0 1 1
12 25 0 1 0 1 1 1
12 26 1 1 0 0 1 0
12 27 1 1 1 0 1 1
12 29 0 0 0 1 1 0
12 30 1 1 1 0 0 0
12 31 1 0 0 1 0 1
13 2 0 0 1 1 0 1
13 3 0 0 1 0 0 0
13 4 1 0 1 1 0 0
13 5 0 1 1 0 1 0
13 7 1 0 0 0 1 0
13 9 1 1 0 1 0 0
13 10 1 0 1 0 0 1
13 11 1 1 1 0 0 0
13 12 1 1 1 0 0 1
13 14 1 0 1 0 1 1
13 15 0 1 0 1 0 1
13 17 0 1 1 1 1 0
13 18 1 0 1 0 0 1
13 19 1 0 0 1 1 0
13 20 0 1 0 1 0 0
13 22 1 1 1 0 0 0
13 23 0 1 0 1 0 0
13 24 1 0 1 1 0 0
13 25 1 0 0 1 0 1
13 26 0 0 0 1 1 0
13 27 0 0 0 0 1 0
13 29 1 0 0 1 1 0
13 30 0 1 0 1 1 1
14 2 1 0 0 1 0 0
14 3 0 0 1 0 0 0
14 5 1 0 0 0 0 1
14 6 1 0 0 0 0 0
14 8 0 1 0 1 1 0
14 9 1 0 1 0 0 1
14 10 1 1 0 0 1 0
14 11 0 1 0 0 0 1
14 13 1 1 1 0 0 0
14 14 0 1 0 1 0 0
14 15 1 1 0 1 1 0
14 16 1 0 0 0 1 0
14 17 0 0 0 0 1 0
14 18 0 0 1 0 0 0
15 4 0 0 1 1 1 1
15 5 1 1 0 0 0 0
15 8 0 0 1 1 0 0
15 9 0 1 0 0 0 1
15 10 1 0 0 0 1 1
15 11 1 1 1 0 1 1
15 13 1 0 0 0 1 1
15 14 1 0 0 0 0 0
15 16 1 0 0 1 1 0
15 18 1 0 0 1 1 0
15 19 0 1 0 1 0 0
15 20 1 1 1 0 1 0
15 21 0 1 1 0 0 0
15 22 1 1 0 1 1 0
15 23 1 0 0 0 1 0
15 25 0 0 1 1 0 1
15 27 1 0 0 1 1 0
15 28 0 1 0 1 0 0
15 29 0 1 0 1 0 0
15 30 1 1 0 1 1 0
15 31 1 0 0 0 1 0
16 2 0 0 1 1 0 0
16 3 1 1 0 1 1 0
16 4 1 0 0 1 0 1
16 6 1 1 0 0 1 1
16 8 1 0 0 0 1 1
16 9 0 0 1 0 1 1
16 10 1 0 1 1 0 0
16 11 0 1 0 0 0 1
16 13 1 1 1 0 0 0
16 14 1 0 0 1 0 1
16 15 1 1 0 0 1 0
16 16 0 1 0 1 0 0
16 17 0 0 0 0 1 0
16 18 0 0 1 0 0 0
16 19 1 0 1 0 1 1
16 20 0 0 1 0 1 1
16 21 1 0 1 1 0 1
16 23 1 1 1 0 0 0
16 24 0 1 0 1 0 0
16 25 1 1 0 1 1 0
16 26 1 0 0 0 1 0
16 28 1 0 1 0 1 1
16 29 0 1 0 1 1 1
16 30 1 1 0 0 1 0
16 31 1 1 1 0 1 1
17 2 1 1 1 0 0 0
17 3 1 0 1 1 0 1
17 4 1 1 0 1 1 0
17 5 0 0 1 1 0 1
17 7 1 0 0 0 1 1
17 8 1 0 0 0 0 0
17 10 0 0 1 1 0 0
17 11 1 1 0 1 1 0
17 12 1 0 0 1 0 1
17 14 1 0 0 1 1 0
17 16 1 1 0 0 0 1
17 17 1 0 0 0 0 0
17 18 1 1 0 1 1 0
17 19 1 0 1 0 1 0
17 21 1 1 0 1 1 0
17 22 1 1 0 0 1 1
17 23 1 1 0 0 1 0
17 24 0 1 0 1 0 0
17 25 0 0 0 0 1 0
17 26 0 0 1 0 0 0
18 4 0 1 1 1 0 0
18 5 1 1 1 0 0 1
18 8 0 0 0 0 1 0
18 9 0 0 1 0 0 1
18 10 1 1 0 0 1 0
18 11 1 0 1 1 0 1
18 12 1 1 1 1 1 0
18 13 1 1 1 0 1 1
18 14 0 0 1 0 0 1
18 15 0 1 0 0 0 0
18 17 0 1 0 1 0 0
18 18 1 0 0 0 1 1
18 19 1 0 0 0 0 0
18 21 0 0 1 1 0 0
18 22 0 1 0 0 1 1
18 23 0 0 0 0 1 0
18 25 1 0 0 0 1 1
18 26 1 0 0 0 0 0
18 27 0 1 0 1 1 0
18 28 0 0 1 0 1 1
18 30 0 0 1 1 0 0
18 31 1 1 1 1 1 1
19 2 0 0 1 0 0 1
19 3 0 0 1 1 0 0
19 4 1 0 1 0 0 1
19 6 0 0 0 1 1 0
19 7 1 1 0 0 1 1
19 8 0 1 0 0 0 0
19 9 1 1 1 1 0 0
19 10 0 0 1 1 1 0
19 11 0 0 0 1 1 0
19 13 0 0 0 1 1 0
19 14 1 1 1 1 1 0
19 15 1 1 0 1 1 1
19 16 1 1 1 1 0 0
19 17 0 0 1 1 1 0
19 18 0 0 0 1 1 0
19 20 0 0 0 1 1 0
19 21 1 1 0 1 0 0
19 22 0 0 1 0 1 1
19 23 1 0 1 1 0 0
19 24 1 0 1 0 0 1
19 25 0 0 0 1 1 0
19 27 1 1 0 0 1 0
19 28 0 1 0 0 0 1
20 2 0 0 0 1 1 0
20 3 1 1 0 0 1 0
20 4 0 1 0 1 0 1
20 5 1 1 0 0 1 0
20 6 1 1 0 1 0 1
20 7 0 0 0 1 1 0
20 9 0 0 1 1 0 0
20 10 0 1 0 0 0 1
20 12 0 1 1 1 0 0
20 13 0 1 1 0 0 0
20 14 0 0 1 1 0 0
20 15 0 1 0 0 1 1
20 17 1 0 1 0 0 1
20 18 0 1 1 0 0 0
20 19 1 1 0 0 1 0
20 20 1 0 1 1 0 1
20 22 1 1 0 0 0 0
20 23 0 0 1 1 1 0
20 24 1 0 0 1 1 0
20 25 0 0 1 0 1 0
20 27 1 0 1 1 1 0
20 28 0 1 1 1 0 1
20 29 1 1 0 0 1 0
20 30 1 1 0 0 0 1
21 2 1 0 1 0 0 0
21 3 1 0 0 0 0 1
21 4 1 1 0 1 1 0
21 5 1 1 1 0 0 1
21 6 0 0 0 0 1 0
21 7 0 1 1 0 0 0
21 8 1 0 0 0 1 1
21 9 1 0 1 0 1 0
21 10 1 0 0 0 1 1
21 11 1 0 1 0 1 0
21 13 1 0 0 0 1 1
21 14 1 0 0 0 0 0
21 15 0 1 0 1 1 0
21 16 0 0 1 0 1 1
21 18 0 1 1 1 0 0
21 19 1 0 1 0 1 0
21 21 1 0 0 0 1 1
21 22 1 0 1 0 0 1
21 23 1 1 0 0 1 0
21 24 1 0 0 0 1 0
21 26 1 0 0 1 1 0
21 28 0 0 0 1 1 0
21 29 1 1 0 0 1 0
21 30 1 0 1 1 0 1
22 2 0 0 1 0 0 1
22 3 1 1 1 1 1 0
22 4 1 1 1 0 1 1
22 5 0 0 0 1 1 0
22 7 1 0 0 0 1 1
22 9 1 0 1 0 1 1
22 10 0 0 1 0 1 1
22 11 1 0 1 1 0 1
22 13 0 1 1 1 0 0
22 14 0 1 0 1 1 1
22 15 0 0 1 1 0 0
22 16 0 1 0 0 0 1
22 18 1 0 0 0 1 1
22 19 0 1 0 0 0 0
22 20 1 1 0 1 1 0
22 21 1 0 0 1 0 1
22 23 1 0 0 1 1 0
22 25 0 1 1 1 1 0
22 26 0 1 0 1 1 1
22 27 0 1 0 1 0 0
22 28 0 1 0 0 0 0
22 30 1 1 1 0 1 0
23 2 0 1 0 1 0 0
23 3 1 1 0 0 0 0
23 4 1 0 1 0 0 1
23 5 1 1 0 0 0 0
23 6 1 0 1 0 0 1
23 8 1 1 0 1 1 0
23 9 1 1 0 1 0 1
23 10 1 0 0 0 1 1
23 11 0 0 1 0 1 1
23 12 0 0 0 1 0 0
23 14 1 0 0 0 1 1
23 15 0 0 1 1 1 0
23 16 1 1 0 0 1 0
23 17 1 1 1 1 1 1
23 19 1 0 0 1 1 0
23 20 0 0 0 0 1 0
23 21 0 1 1 0 0 0
24 4 0 1 1 1 0 0
24 5 0 1 1 0 0 0
24 8 1 1 0 0 1 0
24 9 1 1 0 1 0 1
24 10 1 0 1 1 0 0
24 11 1 0 0 1 0 1
24 13 0 0 1 1 0 0
24 14 0 1 0 0 0 1
24 15 1 0 0 0 1 1
24 16 1 1 1 0 1 1
24 18 1 0 0 0 1 1
24 19 1 0 0 0 0 0
24 20 0 0 0 0 1 0
24 22 1 0 0 0 1 0
24 23 1 0 0 0 1 1
24 25 1 0 0 0 1 1
24 26 1 0 1 0 0 1
24 27 1 1 0 0 1 0
24 28 1 0 0 0 1 0
24 30 1 1 0 0 1 0
24 31 1 0 1 1 0 1
25 2 0 0 1 0 0 1
25 3 1 1 1 1 1 0
25 4 1 1 1 0 1 1
25 5 0 0 0 0 1 0
25 7 1 0 0 0 1 1
25 8 1 0 1 0 1 0
25 9 1 0 0 0 1 1
25 10 1 0 1 0 1 0
25 12 0 0 0 1 0 0
25 13 0 1 1 1 1 0
25 14 0 0 1 0 1 0
25 16 0 0 1 1 0 1
25 18 1 0 1 0 0 0
25 19 0 1 0 0 0 1
25 20 0 1 0 0 1 0
25 21 0 1 0 0 0 0
25 23 1 0 1 0 1 1
25 24 0 1 0 1 0 1
25 26 1 1 0 0 0 0
25 27 0 0 1 1 1 0
25 28 1 0 0 1 1 0
25 29 0 0 1 0 1 0
26 2 1 0 0 0 1 1
26 3 0 1 1 0 0 1
26 5 1 1 0 1 1 0
26 6 0 1 0 0 0 1
26 8 1 1 0 0 1 1
26 10 1 0 0 0 1 1
26 11 0 0 1 0 1 1
26 12 1 0 1 1 0 0
26 13 0 1 0 0 0 1
26 15 0 1 1 1 1 0
26 16 0 1 0 0 0 1
26 17 1 0 0 1 1 0
26 18 1 0 0 1 0 1
26 19 0 0 0 0 1 0
26 20 0 1 1 0 0 0
