-0.10
32 53 81 103 134 156 187 208 239 261 291 312 343 364 394 415 446 467 497 519 549 571 601 622 653 674 704 725 757 778 807 829 859 880 912 932 962 984 1015 1036 1066 1087 1118 1139 1169 1191 1222 1243 1272 1294 1324 1345 1376 1397 1428 1450 1480 1501 1532 1553 1583 1606 1636 1657
61 82 103 144 166 187 228 249 270 312 332 354 395 416 438 477 498 520 561 582 604 645 666 688 726 747 768 810 832 852 893 914 934 978 999 1021 1058 1079 1100 1144 1166 1186 1225 1245 1267 1310 1332 1353 1390 1412 1434 1476 1497 1518 1557 1579 1599 1643 1665 1684 1723 1744 1766 1808 1830 1853 1892 1912 1932 1974 1997 2017 2058 2079 2100 2140 2162 2182 2221 2242 2263
2 13 1 0 1 1 0 0
2 14 1 0 0 1 0 1
2 15 1 0 0 1 0 0
2 16 0 0 0 1 0 1
2 18 1 0 1 0 1 0
2 19 0 1 1 1 0 1
2 20 0 1 0 1 0 0
2 21 0 1 0 1 1 0
4 18 0 0 1 0 0 1
4 19 0 1 1 0 0 1
4 20 1 0 0 1 0 1
4 21 1 1 1 0 1 1
4 22 0 1 0 1 1 0
4 23 0 1 1 0 1 0
4 24 1 1 0 0 1 1
4 26 1 1 0 1 0 0
4 28 0 0 0 0 1 1
4 29 1 0 1 0 1 0
4 30 0 0 1 1 1 0
4 31 0 0 0 1 0 1
5 3 0 1 0 0 1 0
5 4 0 0 0 0 0 1
5 5 1 0 1 0 0 1
5 7 1 1 0 1 0 0
5 9 1 0 1 1 0 0
5 10 1 1 0 1 0 1
5 11 0 1 1 1 1 0
5 12 1 1 0 1 1 0
5 14 0 1 0 0 0 0
5 15 1 1 1 1 0 1
5 16 0 0 0 1 0 1
5 18 0 1 1 0 0 1
5 19 1 0 0 0 0 1
5 21 0 0 1 0 1 0
5 22 1 1 0 1 0 0
5 23 0 1 0 1 0 1
5 24 1 1 0 1 1 0
5 26 1 0 1 1 0 0
5 27 1 1 0 1 1 0
5 28 0 0 0 0 1 0
5 29 0 1 1 1 0 0
6 2 0 0 0 0 1 1
6 3 1 0 1 1 1 1
6 4 0 0 0 0 1 1
6 5 0 1 0 0 0 0
6 6 1 0 1 1 0 0
6 7 1 1 0 1 0 0
6 8 0 1 1 0 1 0
6 9 1 0 0 0 0 1
6 11 0 0 1 1 1 0
6 12 1 1 0 1 1 0
6 13 0 1 0 1 0 0
6 14 1 1 0 1 1 0
6 16 0 0 0 0 0 1
6 17 1 0 0 0 1 0
6 19 1 1 1 0 1 1
6 20 1 1 0 1 1 0
6 21 0 0 1 1 0 1
6 22 0 0 0 1 1 0
6 23 0 0 0 1 0 0
6 24 1 0 0 0 0 1
6 25 0 0 1 1 0 1
6 26 0 0 0 1 1 0
6 28 1 1 1 0 0 1
6 29 1 1 0 1 1 1
6 30 1 0 1 0 0 1
6 31 0 0 0 1 1 1
7 3 1 1 0 1 0 0
7 5 0 0 1 1 1 0
7 6 0 1 0 1 1 0
7 8 1 0 0 0 1 0
7 9 1 1 0 1 0 1
7 11 1 1 1 0 1 0
7 12 1 1 1 0 0 1
7 13 1 1 0 1 1 1
7 15 1 0 0 0 1 0
7 16 0 1 0 1 1 0
7 17 1 1 1 0 1 1
7 18 0 1 0 1 1 0
7 20 0 1 0 0 1 0
7 21 0 0 0 0 0 1
7 22 1 0 1 0 0 1
7 24 1 1 0 1 0 0
7 26 1 1 1 0 0 1
7 27 1 1 0 1 1 1
7 28 1 0 0 0 1 0
7 30 0 0 1 0 1 0
7 31 1 0 0 0 0 1
8 26 0 0 0 0 1 1
8 27 0 1 0 0 0 0
8 28 1 0 1 1 0 0
8 29 1 1 0 1 0 0
8 30 1 0 0 0 1 0
8 31 0 0 0 1 0 1
9 3 0 1 1 0 0 1
9 4 1 1 0 0 1 0
9 5 0 0 0 1 0 0
9 6 0 1 1 1 0 0
9 8 0 1 0 0 1 1
9 9 1 1 0 1 0 0
9 10 0 0 1 1 0 0
9 11 1 1 0 0 1 1
9 13 1 0 1 1 0 1
9 14 1 1 0 1 1 0
9 16 1 0 0 0 1 0
9 17 1 1 0 1 0 1
9 19 0 1 0 0 0 0
9 20 0 1 1 0 1 0
9 21 1 0 0 0 0 1
9 23 0 0 1 1 0 0
9 24 0 1 0 1 1 0
9 25 1 0 1 0 0 1
9 26 0 0 0 1 1 1
9 28 1 0 1 0 1 0
9 29 0 1 1 1 0 1
10 3 1 1 0 1 0 0
10 5 1 0 0 0 1 0
10 6 1 1 0 1 0 0
10 7 0 0 1 1 0 1
10 8 1 1 0 0 1 1
10 10 0 0 1 0 1 0
10 11 0 1 0 1 1 0
10 12 0 0 0 0 0 0
10 13 0 1 0 1 0 1
10 14 1 1 0 1 1 0
10 15 0 0 1 1 0 1
10 16 0 1 1 1 0 1
10 18 1 0 1 0 0 1
10 19 1 1 1 1 1 0
10 20 1 1 0 1 1 0
10 22 1 1 0 1 0 0
10 24 0 0 1 0 1 1
10 25 1 1 0 1 1 1
10 26 0 0 0 0 1 0
10 27 0 0 1 1 1 0
10 29 0 1 1 0 0 1
10 30 1 0 0 1 0 1
10 31 0 0 1 0 0 1
11 3 0 0 0 0 0 1
11 4 1 0 0 0 1 0
11 5 0 0 0 0 0 1
11 6 0 1 1 0 1 0
11 7 0 0 0 1 0 1
11 8 0 0 0 0 0 0
11 9 1 0 1 0 0 1
11 11 0 1 0 0 0 0
11 12 1 0 0 0 1 0
11 13 1 1 0 1 0 0
11 14 1 0 1 1 0 0
11 15 1 1 0 0 1 1
11 17 0 1 0 1 0 1
11 18 0 1 1 1 0 0
11 19 1 1 0 0 0 1
11 20 0 1 0 1 1 0
11 22 0 0 1 1 1 0
11 23 1 1 0 1 1 0
11 24 0 1 1 1 1 1
11 25 0 1 1 1 0 1
11 27 0 1 1 0 0 0
11 28 0 0 1 0 1 0
11 29 1 1 0 1 1 0
11 30 0 1 1 0 1 0
11 31 1 0 0 0 1 1
12 3 0 1 0 0 1 0
12 4 1 1 0 1 0 0
12 5 0 1 0 0 1 0
12 6 0 0 0 1 1 1
12 7 0 0 0 0 0 1
12 8 0 0 1 0 0 0
12 9 0 0 1 0 1 0
12 10 0 0 0 1 0 1
12 11 0 1 0 1 0 0
12 12 1 1 0 1 1 0
12 14 0 0 1 0 1 0
12 15 0 1 0 1 1 0
12 17 0 0 1 1 0 1
12 18 1 0 0 1 1 0
12 19 0 1 0 1 0 1
12 20 0 0 0 1 1 1
12 21 0 1 0 1 0 0
12 22 1 0 0 1 0 1
12 23 0 0 1 1 0 1
12 24 1 1 0 1 1 1
12 25 0 1 0 0 1 1
12 27 1 0 0 0 0 0
12 28 0 0 0 0 0 1
12 29 1 0 0 0 1 0
12 30 1 1 0 1 1 0
12 31 0 0 1 0 0 1
13 2 1 1 1 0 1 0
13 3 1 1 0 1 0 0
13 5 0 1 0 0 0 1
13 6 1 0 0 1 1 0
13 7 0 0 0 0 0 1
13 8 0 0 1 1 1 0
13 10 0 1 0 0 0 0
13 11 0 0 0 0 1 1
13 12 1 0 0 0 0 1
13 13 0 1 1 0 0 1
13 14 0 0 0 1 1 0
13 16 1 1 0 1 0 0
13 18 0 0 1 1 0 0
13 19 1 0 0 1 0 0
13 20 1 1 1 0 0 1
13 21 0 1 1 1 0 0
13 23 1 1 1 0 1 0
13 24 1 0 0 0 1 0
13 25 1 1 0 0 1 1
13 27 0 1 1 0 0 0
13 28 1 1 1 1 1 1
13 29 0 1 0 1 1 0
13 30 1 1 1 0 1 0
13 31 1 1 0 1 0 0
14 2 0 1 0 0 0 0
14 3 1 0 1 0 1 0
14 4 1 1 0 0 1 1
14 5 0 0 0 0 0 1
14 6 0 0 1 1 0 1
14 7 0 1 0 0 0 1
14 8 1 1 0 1 0 0
14 10 1 0 1 0 0 1
14 11 1 1 0 1 1 0
14 12 1 0 0 0 1 0
14 13 0 1 0 1 1 0
14 15 0 0 1 0 1 1
14 16 0 1 1 1 0 0
14 17 1 1 1 0 0 1
14 18 1 1 0 1 0 0
14 20 0 1 1 0 0 0
14 21 0 1 0 0 1 1
14 22 0 0 0 1 0 1
14 23 0 0 0 1 0 0
14 24 1 0 0 0 1 1
14 26 1 1 0 1 0 0
14 28 1 1 1 0 0 1
14 29 0 1 1 1 0 0
14 30 0 1 1 0 0 1
14 31 1 1 0 0 1 0
15 2 1 1 0 1 0 0
15 4 0 1 1 0 1 0
15 5 1 0 0 0 0 1
15 7 1 1 1 0 0 1
15 8 0 1 1 1 0 0
15 9 0 1 1 0 0 1
15 10 1 1 0 0 1 0
15 12 0 1 0 0 0 0
15 13 1 1 1 0 0 1
15 14 0 1 1 1 0 0
15 15 0 1 1 0 0 1
15 16 1 1 0 0 1 0
15 18 1 1 0 1 0 0
15 20 0 1 1 0 1 0
15 21 1 0 0 0 0 1
15 23 1 0 1 0 0 1
15 24 1 1 0 1 1 0
15 25 1 0 0 0 1 0
15 26 0 1 0 1 1 0
15 28 0 0 0 0 1 1
15 29 0 0 1 1 0 1
15 30 0 0 1 1 0 0
15 31 0 0 0 1 1 1
16 2 0 0 1 1 1 1
16 3 1 1 0 1 1 0
16 5 0 1 0 0 0 0
16 6 1 0 1 1 0 1
16 7 0 1 0 1 1 0
16 8 1 0 1 0 1 1
16 9 1 0 0 1 1 0
16 11 0 0 1 0 1 1
16 12 0 0 0 1 1 0
16 13 0 0 0 0 1 1
16 14 1 1 0 1 1 1
16 16 1 1 0 1 0 0
16 18 1 1 1 0 1 1
16 19 0 0 0 1 0 0
16 20 0 0 1 1 1 0
16 22 0 0 1 0 1 0
16 23 1 0 0 0 0 1
16 24 1 1 1 0 0 1
16 25 1 1 0 1 1 1
16 27 0 1 1 0 0 0
16 28 1 0 1 0 0 1
16 29 1 1 0 1 1 0
16 30 1 0 0 0 1 0
16 31 0 1 0 1 1 0
17 2 0 0 0 0 1 1
17 3 0 1 0 1 0 0
17 4 1 0 0 0 1 0
17 5 0 0 0 1 1 0
17 7 0 0 1 0 1 0
17 8 1 0 0 0 0 1
17 9 0 0 1 0 1 1
17 10 1 1 0 1 1 1
17 12 0 1 1 0 0 0
17 13 0 1 0 0 0 1
17 14 0 0 0 1 1 1
17 15 0 0 1 1 0 1
17 16 0 0 0 1 0 1
17 17 1 0 1 1 0 0
17 18 1 1 0 0 1 1
17 19 1 1 1 1 1 0
17 20 1 0 0 0 1 1
17 22 1 1 0 1 0 0
17 24 0 1 0 1 0 1
17 25 0 1 0 1 1 0
17 26 1 1 1 0 0 1
17 27 0 1 1 1 0 0
17 29 0 1 1 1 1 1
17 30 0 1 1 1 0 0
17 31 0 0 1 0 0 1
18 3 0 0 1 1 0 0
18 4 0 0 0 1 0 1
18 5 0 0 0 1 0 0
18 6 0 0 1 1 1 0
18 8 1 1 0 1 0 0
18 10 0 1 0 1 0 1
18 11 0 1 0 1 1 0
18 12 1 1 1 0 0 1
18 13 0 1 1 1 0 0
18 15 0 1 1 0 1 0
18 16 1 0 0 0 0 1
18 17 0 0 1 1 0 1
18 18 1 1 0 1 1 1
18 20 0 1 1 1 1 1
18 21 1 0 0 1 0 1
18 22 1 1 1 0 1 0
18 23 0 1 0 1 1 0
18 25 0 1 0 0 0 0
18 26 0 0 1 0 1 0
18 27 1 1 0 1 1 0
18 28 1 0 0 0 1 0
18 29 0 0 0 1 1 1
18 31 1 1 0 1 0 0
19 4 0 0 1 0 1 0
19 5 0 0 0 1 0 1
19 7 1 1 0 1 0 0
19 9 1 0 1 0 1 1
19 10 1 0 0 1 0 1
19 11 1 0 1 1 0 0
19 12 1 1 0 1 1 0
19 14 0 0 0 0 1 1
19 15 1 0 0 0 0 1
19 16 0 0 0 0 1 0
19 17 0 1 0 0 1 0
19 19 1 0 1 1 0 0
19 20 1 0 0 1 1 1
19 21 1 0 1 1 0 0
19 22 1 0 0 1 1 1
19 23 1 0 0 0 1 0
19 25 0 1 0 0 0 0
19 26 0 1 0 0 0 0
19 27 0 1 0 0 0 0
19 28 1 1 1 0 1 1
19 29 0 1 0 1 1 0
19 30 0 0 0 0 0 1
19 31 1 0 1 0 0 1
20 2 0 1 0 0 0 1
20 3 1 0 0 1 1 0
20 4 0 0 1 1 1 1
20 5 1 0 0 0 1 1
20 6 0 0 0 0 0 0
20 7 0 1 0 0 0 0
20 8 0 0 0 0 1 1
20 9 1 1 1 0 1 0
20 10 1 0 1 0 1 1
20 11 1 0 0 1 0 1
20 13 1 1 0 1 0 0
20 15 0 1 1 0 0 1
20 16 0 1 1 1 0 0
20 17 0 0 1 1 0 0
20 18 1 1 0 1 1 0
20 20 0 1 0 0 1 1
20 21 1 1 0 1 0 0
20 22 0 1 0 0 1 1
20 23 1 1 0 1 0 0
20 24 1 0 0 0 1 0
20 26 0 1 1 1 0 0
20 28 0 1 0 0 0 0
20 29 0 0 0 0 1 0
20 30 0 1 0 0 1 0
20 31 0 0 1 0 0 1
21 2 0 0 0 0 1 1
21 3 1 0 0 1 0 0
21 4 1 0 0 0 1 0
21 6 0 1 1 0 0 0
21 7 0 1 1 1 1 1
21 8 0 1 1 1 0 0
21 9 1 0 1 1 0 1
21 10 0 1 0 1 1 0
21 12 0 0 1 1 0 0
21 13 0 0 0 1 0 1
21 14 0 0 1 1 1 0
21 15 1 1 0 1 1 0
21 17 1 0 0 0 1 0
21 18 1 1 0 1 0 1
21 20 0 0 1 0 1 1
21 21 1 1 0 0 1 0
21 23 0 1 0 0 0 0
21 24 1 0 1 1 0 1
21 25 0 1 0 1 1 0
21 26 0 0 1 0 1 1
21 27 1 0 0 1 1 0
21 29 0 0 1 0 1 0
21 30 1 0 0 0 0 1
21 31 0 0 1 0 0 1
22 3 0 1 1 0 0 1
22 4 0 1 1 1 0 0
22 5 0 0 1 1 0 0
22 6 1 1 0 1 1 0
22 8 0 0 0 0 1 1
22 9 1 0 0 1 0 0
22 10 0 0 0 0 1 1
22 11 1 0 0 1 0 0
22 12 1 0 0 0 1 0
22 14 0 1 1 1 0 0
22 16 0 1 0 0 0 0
22 17 1 0 0 0 1 0
22 18 0 1 0 1 1 0
22 19 1 1 1 0 1 1
22 20 0 1 0 1 1 0
22 22 0 0 1 1 0 0
22 23 0 1 0 1 1 0
22 24 0 0 1 0 1 0
22 25 0 1 0 1 1 0
22 26 0 1 1 0 1 0
22 27 0 1 1 1 0 1
22 29 0 0 0 0 1 1
22 30 1 0 0 1 0 0
22 31 0 0 1 0 0 1
23 7 0 0 0 0 1 1
23 8 0 1 0 0 0 0
23 9 0 0 1 1 1 1
23 10 1 0 0 1 1 0
23 11 0 0 0 0 1 1
23 12 0 1 1 0 1 1
23 14 1 0 1 1 0 0
23 15 0 0 0 1 1 1
23 16 0 1 1 1 1 0
23 17 0 0 0 1 1 1
23 19 1 0 0 0 1 0
23 20 1 1 0 1 0 1
23 22 0 0 1 0 1 1
23 23 1 1 0 0 1 0
23 25 0 1 0 0 0 0
23 26 1 0 1 1 0 0
23 27 0 1 0 1 1 0
23 28 0 0 1 1 1 1
23 29 1 1 0 0 1 1
23 31 1 1 0 1 0 0
24 2 0 0 1 1 1 1
24 3 1 0 0 1 0 1
24 5 0 0 1 0 1 0
24 6 1 1 0 1 0 0
24 8 0 0 1 1 0 0
24 9 0 0 0 1 0 1
24 10 0 0 1 1 1 0
24 11 1 1 0 1 1 0
24 13 1 0 1 1 0 1
24 14 1 1 0 1 1 0
24 16 1 0 0 0 1 0
24 17 1 1 0 1 0 1
24 19 0 1 0 0 0 0
24 20 0 1 1 0 1 0
24 21 1 0 0 0 0 1
24 23 0 0 1 1 0 0
24 24 0 1 0 1 1 0
24 25 1 0 1 0 0 1
24 26 0 0 0 1 1 1
24 28 1 0 1 0 1 0
24 29 0 1 1 1 0 1
24 30 0 0 0 0 0 0
25 3 0 0 0 0 1 1
25 4 0 1 1 1 0 0
25 6 0 1 0 0 1 0
25 7 0 0 0 0 0 1
25 8 1 0 1 0 0 1
25 10 0 1 0 0 0 0
25 11 0 1 0 1 0 1
25 12 0 0 0 1 0 1
25 13 0 1 1 0 1 1
25 14 1 1 0 1 1 0
25 16 0 0 1 0 1 0
25 17 1 0 0 1 0 1
25 18 0 1 0 1 0 1
25 19 1 1 0 1 0 0
25 21 0 1 1 1 1 0
25 23 0 1 0 1 0 1
25 24 0 1 0 1 1 0
25 25 1 1 1 0 0 1
25 26 0 1 1 1 0 0
25 27 0 0 0 0 1 1
25 28 0 1 0 0 0 0
25 29 0 0 0 0 1 0
25 30 0 1 1 1 1 0
25 31 0 0 1 0 0 1
26 3 1 1 0 0 0 1
26 5 0 0 1 1 1 0
26 6 1 1 0 1 1 0
26 7 0 0 1 1 0 1
26 8 0 0 0 1 1 0
26 10 1 0 0 0 1 0
26 11 1 1 0 1 0 1
26 12 0 0 0 0 1 1
26 13 0 1 0 0 0 0
26 14 0 1 0 1 0 1
26 15 0 0 0 1 0 1
26 16 0 1 1 0 1 1
26 17 1 1 0 1 1 0
26 19 0 0 1 0 1 0
26 20 1 0 0 1 0 1
26 21 0 1 0 1 0 1
26 22 1 1 0 1 0 0
26 24 0 1 1 1 1 0
26 26 0 1 1 1 1 0
26 27 1 1 0 1 1 0
26 29 0 1 0 1 0 0
26 30 1 1 0 1 1 0
26 31 0 0 1 0 0 1
26 32 0 0 0 0 0 0
27 2 1 0 0 0 1 0
27 3 0 0 1 0 0 0
