0.10
25 46 77 99 131 151 182 203 234 255 286 307 337 360 390 410 441 463 493 514 545 566 596 618 648 670 700 722 752 773 803 825 856 877 906 928 959 980 1010 1032 1061 1083 1114 1135 1165 1186 1217 1239 1270 1291 1320 1341 1372 1394 1425 1446 1476 1497 1528 1549 1580 1601 1635 1656
49 70 91 131 152 173 216 237 258 298 320 341 381 403 424 463 485 505 548 569 590 630 652 674 713 734 756 797 817 839 878 899 921 962 983 1004 1044 1061 1082 1126 1147 1168 1206 1228 1249 1291 1314 1335 1375 1396 1417 1453 1474 1495 1534 1555 1576 1619 1640 1661 1698 1719 1741 1784 1806 1826 1864 1885 1907 1949 1970 1992 2031 2053 2074 2114 2135 2157 2197 2220 2240 2280 2302 2323
2 5 0 1 1 0 0 0
2 6 0 0 1 0 1 0
2 7 0 1 0 1 1 0
2 8 0 1 1 0 1 0
2 9 0 1 1 1 0 1
2 11 1 1 0 1 0 0
2 13 0 0 1 0 1 1
2 14 1 0 0 1 1 0
2 15 0 0 1 1 0 0
2 16 1 0 0 1 1 1
2 18 1 1 1 1 1 0
2 19 0 0 0 0 1 0
2 20 0 1 1 1 0 0
2 21 0 1 1 1 1 0
2 22 0 0 0 1 1 1
2 23 1 0 1 0 1 0
2 24 0 0 0 1 1 0
2 25 0 1 1 1 1 0
2 26 1 1 0 1 1 0
2 28 1 0 0 0 1 0
2 29 1 1 0 1 0 1
2 31 0 1 1 1 0 0
3 10 0 0 1 0 1 1
3 11 1 0 0 1 1 0
3 12 0 0 1 1 0 1
3 13 1 1 0 0 1 0
3 15 1 1 0 1 0 0
3 17 1 0 1 0 1 1
3 18 0 0 0 1 1 1
3 19 1 0 1 0 1 1
3 20 0 0 0 1 1 1
3 22 0 0 0 0 0 1
3 23 0 1 0 1 1 0
3 24 0 0 1 0 1 1
3 25 0 1 1 1 0 0
3 27 0 0 0 0 0 1
3 28 1 0 0 0 1 0
3 30 1 0 0 0 1 0
3 31 1 1 0 1 0 1
4 26 0 0 1 0 1 0
4 27 0 0 0 1 1 1
4 28 0 0 0 0 0 1
4 29 1 0 1 1 0 1
4 30 0 0 0 0 1 1
4 31 1 1 1 0 1 0
5 4 0 1 1 0 0 0
5 5 0 1 0 1 0 1
5 7 1 1 0 1 0 0
5 9 1 1 1 0 0 1
5 10 1 1 0 0 1 1
5 11 1 0 1 0 1 1
5 12 1 0 0 1 1 0
5 14 1 0 0 0 0 0
5 15 0 1 0 1 0 1
5 17 1 1 0 1 0 0
5 19 0 0 0 1 0 0
5 20 1 0 0 0 1 1
5 21 0 1 1 0 0 1
5 22 0 1 1 1 0 0
5 24 1 0 0 0 0 0
5 25 0 1 0 1 0 1
5 27 1 1 0 1 0 0
5 29 0 1 1 0 1 1
5 30 1 0 0 0 1 0
5 31 1 0 0 1 0 1
6 7 0 0 1 0 1 1
6 8 0 1 1 1 0 0
6 10 1 0 1 0 0 1
6 11 0 0 0 1 0 1
6 13 1 0 0 0 0 1
6 15 0 1 1 1 1 1
6 16 1 1 0 0 1 0
6 17 1 1 1 0 1 1
6 18 0 1 0 1 1 0
6 20 1 1 0 1 0 0
6 22 0 1 0 1 0 1
6 24 0 1 1 0 1 0
6 25 1 0 0 1 0 0
6 27 0 1 1 1 1 0
6 28 1 1 0 1 1 0
6 30 0 1 0 0 0 1
6 31 1 1 0 1 0 1
7 25 0 0 1 0 1 0
7 26 1 1 0 1 0 0
7 27 1 0 1 0 0 1
7 28 0 0 0 1 0 1
7 30 1 0 1 0 0 1
7 31 0 0 0 1 0 1
8 6 1 1 0 1 0 0
8 8 1 0 0 0 1 0
8 9 1 1 0 1 0 1
8 11 1 0 0 0 0 0
8 12 0 1 1 0 1 1
8 13 1 1 0 1 1 0
8 14 0 1 1 0 1 0
8 15 1 1 0 0 1 0
8 17 1 1 0 1 0 0
8 19 1 0 0 0 1 0
8 20 1 1 0 1 0 1
8 22 1 0 0 0 0 0
8 23 0 1 0 0 1 1
8 24 1 1 0 0 1 0
8 25 0 0 1 1 0 1
8 26 1 0 0 1 1 0
8 28 1 1 0 1 0 0
8 30 1 0 0 0 1 0
8 31 1 1 0 1 0 1
9 26 0 1 1 0 0 0
9 27 0 1 1 1 1 0
9 28 0 0 0 0 1 1
9 29 0 1 1 1 0 1
10 23 0 1 0 0 0 0
10 24 0 1 0 0 0 1
10 26 0 1 0 1 0 1
10 27 1 1 0 1 1 0
10 28 0 0 1 1 0 1
10 29 0 1 1 1 0 1
10 30 0 0 1 0 0 1
10 31 0 0 1 0 0 0
11 17 0 0 0 0 1 0
11 18 0 1 1 0 0 0
11 19 0 1 0 1 0 1
11 20 1 1 0 1 1 0
11 21 0 0 1 1 0 1
11 22 0 1 1 1 0 1
11 24 1 1 0 1 0 0
11 26 0 0 0 0 1 1
11 27 1 0 1 0 1 0
11 28 0 0 1 1 1 0
11 29 0 0 0 1 0 1
11 31 0 1 0 1 0 1
12 2 0 0 0 0 1 1
12 3 1 1 0 0 1 0
12 4 0 0 1 0 0 1
12 5 1 1 0 0 1 0
12 6 0 0 0 1 1 0
12 7 1 1 1 0 0 1
12 9 0 0 0 0 1 1
12 10 1 1 1 0 1 1
12 11 0 0 1 0 0 1
12 12 1 1 0 1 0 0
12 13 1 1 1 0 0 1
12 15 1 0 1 1 0 0
12 16 1 1 0 1 0 1
12 17 1 0 0 0 1 0
12 18 1 1 0 1 1 0
12 19 1 0 0 0 1 0
12 20 0 0 0 1 0 0
12 21 1 1 1 0 0 1
13 22 0 1 0 0 1 0
13 23 0 1 0 0 1 0
13 24 0 1 0 0 1 0
13 25 0 1 0 0 1 0
13 26 0 1 0 0 1 0
13 27 0 1 0 0 1 0
13 28 0 1 0 0 1 0
13 29 0 1 0 0 1 0
13 30 0 1 0 0 1 0
13 31 0 1 0 0 1 0
14 6 0 0 0 0 1 0
14 7 0 0 1 0 0 1
14 8 0 0 0 1 0 0
14 9 0 1 1 1 0 0
14 11 1 1 0 1 0 0
14 13 0 0 1 1 0 0
14 14 1 1 0 0 1 1
14 15 0 0 1 1 0 1
14 16 0 1 1 1 0 0
14 17 0 0 1 0 0 1
14 18 0 1 0 0 0 0
14 20 0 1 1 1 0 1
14 21 1 0 1 1 1 1
14 22 0 1 0 1 1 0
14 24 0 0 0 0 1 1
14 25 0 0 1 0 0 1
14 26 0 0 0 0 1 0
14 27 1 1 1 0 0 1
14 28 0 0 1 0 0 1
14 29 0 1 1 0 0 0
15 6 1 0 1 1 0 0
15 7 1 1 0 1 0 1
15 8 1 1 0 1 0 0
15 9 1 0 0 0 1 0
15 10 1 0 0 0 1 0
15 11 0 0 0 1 0 0
15 12 1 1 1 0 0 1
15 14 0 0 1 0 1 0
15 15 0 1 1 1 0 0
15 16 0 0 1 1 1 1
15 17 0 0 0 1 1 0
15 18 0 0 1 1 0 1
15 19 1 1 0 1 1 1
15 21 1 1 1 0 1 1
15 22 0 1 0 1 1 0
15 23 0 0 0 0 1 0
15 24 0 1 0 0 1 0
15 26 0 0 1 1 1 0
15 27 1 0 0 1 0 1
15 28 0 1 1 0 0 1
15 29 1 1 0 0 1 0
15 30 0 0 0 0 0 1
15 31 0 1 1 0 0 0
16 26 0 0 0 0 1 1
16 27 0 1 0 0 0 0
16 28 0 0 0 0 1 1
16 29 0 0 1 0 0 0
16 30 0 0 1 1 1 1
16 31 0 0 0 1 1 0
18 19 1 0 0 0 1 0
18 20 0 1 0 1 1 0
18 21 1 0 1 1 0 0
18 22 0 0 0 1 1 1
18 24 1 0 1 0 0 1
18 26 0 1 0 0 1 1
18 27 1 1 0 0 1 1
18 28 0 0 0 0 1 0
18 29 1 0 1 1 0 0
19 2 0 1 1 0 1 0
19 3 1 0 0 0 1 1
19 4 1 0 1 0 1 1
19 5 0 0 0 1 1 0
19 7 0 1 0 0 0 0
19 8 0 0 0 0 1 0
19 9 0 1 0 0 1 0
19 10 0 0 1 0 1 0
19 11 0 0 0 1 0 1
19 13 0 0 1 1 0 1
19 14 1 1 0 1 0 0
19 15 0 0 1 0 1 1
19 16 0 0 0 1 1 1
19 18 0 0 1 0 1 0
19 19 1 1 0 1 0 0
19 21 0 0 1 1 0 0
19 22 0 0 0 1 0 1
19 23 0 0 1 1 1 1
19 24 1 1 0 1 1 0
19 26 0 1 1 1 1 0
19 29 1 0 0 0 1 0
20 4 0 0 0 0 0 1
20 5 1 0 0 0 0 1
20 7 0 0 1 1 1 0
20 8 1 1 0 1 1 0
20 10 1 1 0 0 0 0
20 11 0 1 0 1 0 1
20 12 1 1 0 0 0 0
20 14 0 1 0 0 0 0
20 15 1 0 1 1 1 0
20 16 0 1 0 1 1 0
20 17 1 0 0 0 1 0
20 19 0 1 1 1 1 0
20 20 1 1 0 1 1 0
20 21 0 0 1 1 1 1
20 22 1 1 0 0 1 1
20 23 0 0 0 0 1 1
20 24 0 1 0 0 0 0
20 25 0 0 0 1 0 0
20 26 0 1 1 1 0 0
20 28 0 1 1 1 1 1
20 29 0 1 1 1 0 0
20 30 0 0 1 0 1 0
20 31 1 0 0 0 0 1
21 2 0 1 1 1 0 0
21 4 0 1 0 1 0 1
21 5 1 1 0 1 1 0
21 6 0 0 1 1 0 1
21 7 0 1 1 1 0 1
21 9 1 0 1 0 0 1
21 11 1 1 0 0 0 0
21 12 0 1 0 1 0 1
21 13 1 1 0 0 0 0
21 15 0 0 0 0 0 1
21 16 0 1 0 0 0 0
21 17 0 1 0 0 0 1
21 18 1 0 0 1 0 1
21 20 0 1 1 0 0 1
21 21 1 1 0 0 1 0
21 23 0 0 1 0 1 0
21 24 1 1 0 1 1 0
21 25 1 0 0 0 1 0
21 27 0 0 0 0 0 1
21 28 0 0 1 0 1 0
21 29 1 0 0 0 0 1
21 30 0 1 0 1 0 1
21 31 0 1 1 1 0 1
22 17 0 0 0 0 0 1
22 18 0 1 0 0 0 0
22 19 1 0 0 0 1 0
22 20 0 1 0 1 1 0
22 21 1 1 1 1 1 0
22 22 1 1 0 1 1 0
22 24 0 0 1 0 1 0
22 25 1 0 0 1 0 1
22 26 0 1 1 0 0 1
22 27 0 1 1 1 0 0
22 29 0 1 1 0 1 0
22 30 1 0 0 0 0 1
22 31 1 0 0 0 1 0
23 2 0 1 0 0 0 1
23 3 1 0 0 1 1 0
23 4 0 0 1 1 0 1
23 5 0 1 1 1 0 0
23 7 0 1 1 0 0 1
23 8 1 1 0 0 1 0
23 9 0 0 0 1 0 0
23 10 0 1 1 1 0 0
23 12 0 1 0 0 0 0
23 13 0 1 1 0 1 0
23 14 1 0 0 0 0 1
23 16 0 0 0 1 0 0
23 17 0 1 1 1 0 0
23 19 0 1 1 1 1 1
23 20 0 1 1 1 0 0
23 21 0 0 1 0 1 0
23 22 1 0 0 0 0 1
23 24 1 0 1 0 1 0
23 25 0 1 1 1 0 1
23 28 0 0 0 0 1 1
23 29 0 1 0 1 1 1
24 4 0 1 1 0 1 0
24 5 1 0 0 0 0 1
24 6 0 0 1 0 1 0
24 7 1 0 0 0 0 1
24 8 0 0 0 0 0 1
24 9 0 1 0 0 0 0
24 10 0 0 1 1 0 0
24 11 0 0 0 1 0 1
24 12 0 0 1 1 1 1
24 13 1 1 0 1 1 0
24 15 1 1 0 1 0 0
24 17 1 0 1 1 0 1
24 18 0 1 1 0 0 1
24 19 0 1 1 1 0 1
24 21 0 1 0 1 0 1
24 22 1 1 0 1 1 0
24 23 0 0 1 1 0 1
24 24 0 1 1 1 0 1
24 26 1 1 1 0 1 0
24 27 1 1 0 1 0 0
24 29 0 0 1 0 1 0
24 30 0 0 0 1 1 1
24 31 0 0 1 0 0 1
25 2 1 1 0 0 0 1
25 3 0 0 0 1 1 0
25 5 1 0 1 0 1 0
25 6 0 0 0 1 1 1
25 8 0 0 1 1 0 1
25 9 0 0 0 0 1 1
25 10 0 1 1 1 0 0
25 12 0 1 0 1 0 0
25 13 0 1 0 1 1 0
25 14 0 0 0 0 0 1
25 15 0 1 0 0 0 1
25 16 1 1 0 1 0 1
25 18 0 1 0 1 0 1
25 19 1 1 0 1 1 0
25 20 0 1 1 0 1 0
25 21 1 1 0 0 1 1
25 23 0 1 1 1 0 0
25 25 0 0 0 0 1 1
25 26 0 1 1 1 1 0
25 28 0 0 1 1 0 0
25 29 0 0 0 1 0 1
25 30 0 0 1 1 1 1
25 31 1 1 0 1 1 0
26 3 0 0 0 0 0 1
26 4 0 1 0 0 0 0
26 5 1 0 1 1 0 0
26 6 1 1 0 1 0 0
26 7 0 0 1 0 1 0
26 8 1 1 0 0 1 1
26 10 0 0 1 0 1 0
26 11 1 0 0 1 0 1
26 12 0 1 1 0 0 1
26 13 0 1 1 1 0 0
26 15 0 1 1 1 1 0
26 17 0 0 1 1 0 1
26 18 0 0 0 0 1 1
26 19 0 1 1 1 0 0
26 21 0 1 0 1 0 0
26 22 0 1 0 1 1 0
26 23 0 0 1 0 1 0
26 24 1 0 0 0 0 1
26 25 0 0 0 0 0 1
26 26 0 1 0 0 0 0
26 27 1 1 0 1 0 0
26 29 1 0 1 1 0 0
26 30 0 1 0 1 1 0
26 31 0 0 1 0 0 1
27 2 0 0 0 1 0 0
27 3 0 0 0 1 0 0
27 4 1 1 1 0 0 1
