-0.10
71 92 123 144 174 196 226 247 278 300 330 351 382 403 433 455 485 506 537 558 588 610 640 661 692 713 743 765 795 816 847 868 898 920 950 971 1002 1024 1054 1075 1106 1127 1157 1177 1209 1230 1261 1282 1312 1333 1364 1385 1416 1437 1467 1489 1519 1540 1571 1592 1619 1639
23 43 63 101 121 141 179 201 222 264 286 307 345 367 388 429 451 471 511 533 553 595 617 637 678 699 720 760 782 802 843 865 886 926 947 968 1011 1032 1052 1091 1113 1134 1177 1198 1220 1258 1279 1300 1344 1366 1386 1423 1444 1465 1509 1531 1552 1590 1612 1633 1676 1698 1718 1756 1778 1799 1843 1864 1885 1923 1945 1966 2009 2030 2051 2088 2110 2132 2172 2192 2214 2252 2272 2298
1 1 0 0 0 0 0 0
3 1 1 0 1 0 1 1
3 2 0 1 0 1 0 1
3 4 1 0 1 0 0 0
3 5 0 1 0 0 0 1
3 6 0 1 1 1 1 0
3 7 0 1 1 0 0 1
3 9 1 0 0 0 1 1
3 10 0 1 1 0 0 1
3 11 0 0 0 1 0 0
3 13 1 0 1 0 1 1
3 14 0 1 0 1 0 1
3 16 1 1 0 1 1 0
3 17 0 0 1 1 1 0
3 18 1 0 1 0 0 0
3 19 0 1 0 0 0 1
3 20 1 0 0 0 1 1
3 21 1 0 1 0 0 1
3 23 0 0 1 1 0 0
3 24 0 1 0 0 1 1
3 26 1 1 0 0 1 0
3 27 0 1 1 1 1 1
3 29 0 0 1 1 0 1
3 30 0 0 1 0 0 0
4 1 0 0 1 0 0 1
4 2 0 1 0 0 1 0
4 3 0 0 0 0 1 0
4 5 1 1 0 0 1 0
4 6 0 1 0 1 0 1
4 7 0 0 1 1 1 0
4 9 1 0 1 0 1 1
4 10 0 1 0 1 0 1
4 12 1 0 1 0 0 0
4 13 0 1 0 0 0 1
4 14 0 1 1 1 1 0
4 15 0 1 1 0 0 1
4 17 1 0 1 1 1 1
4 18 0 0 0 1 0 0
4 20 1 0 1 0 1 1
4 21 0 1 0 1 0 1
4 23 1 0 0 0 1 1
4 24 0 0 1 1 1 1
4 25 1 1 0 0 1 0
4 26 1 0 1 0 1 0
4 28 0 0 1 1 0 0
4 29 0 1 0 0 1 1
5 1 1 1 0 0 1 0
5 2 0 1 1 1 1 1
5 4 0 0 1 1 0 1
5 5 0 0 1 0 0 0
5 6 0 1 0 0 1 0
5 7 0 0 0 0 1 0
5 8 0 1 1 0 0 0
5 9 1 0 0 1 1 0
5 10 1 0 1 0 0 1
5 12 0 1 0 1 0 0
5 13 1 1 1 1 0 0
5 14 1 0 0 1 0 1
5 16 1 0 1 0 0 0
5 17 0 1 0 0 0 1
5 18 0 1 0 0 1 0
5 19 0 1 0 0 0 0
5 20 0 0 0 0 1 0
5 22 1 1 1 0 0 0
5 23 0 1 0 1 0 1
5 25 0 1 0 1 0 0
5 26 1 0 0 1 0 0
5 27 0 1 1 0 0 0
5 29 0 1 1 1 1 0
5 30 1 1 1 0 0 1
6 1 0 0 1 0 0 1
6 2 1 1 0 1 1 0
6 3 1 1 0 0 1 1
6 4 0 0 0 0 1 0
6 6 1 1 0 1 1 0
6 7 1 1 0 0 1 1
6 8 1 0 0 0 1 1
6 10 1 0 1 0 0 0
6 11 1 0 0 1 0 1
6 12 1 1 1 0 0 0
6 13 0 1 0 1 0 0
6 15 0 0 1 1 0 0
6 17 1 1 0 0 1 0
6 18 1 0 0 0 0 1
6 20 1 0 0 1 1 0
6 22 0 1 0 1 0 0
6 23 1 1 0 0 1 0
6 24 0 0 1 1 1 0
6 25 1 1 0 0 0 0
6 26 1 0 1 0 0 1
6 27 0 0 0 0 1 0
6 29 0 0 1 1 0 1
6 30 0 0 1 0 0 0
7 1 0 0 1 0 0 1
7 2 0 1 0 0 1 0
7 4 1 0 0 0 1 1
7 5 0 1 1 0 0 0
7 6 1 1 0 1 1 0
7 7 1 0 0 0 1 0
7 9 1 0 0 1 1 0
7 11 1 1 0 1 1 0
7 12 0 1 1 0 1 1
7 13 1 0 1 0 0 0
7 14 1 0 1 0 1 0
7 16 0 1 1 1 1 0
7 17 1 0 0 1 0 1
7 18 1 0 0 1 1 0
7 19 0 1 0 1 0 0
7 21 1 1 0 0 1 1
7 23 1 0 1 0 0 1
7 24 0 1 0 0 0 0
7 25 1 1 0 0 1 0
7 26 1 0 0 1 0 1
7 28 1 1 0 1 0 0
7 29 0 0 1 1 1 1
8 1 0 0 1 0 0 1
8 2 1 1 0 1 1 0
8 3 0 1 1 0 1 1
8 5 1 0 1 0 1 1
8 6 0 1 0 1 0 1
8 8 0 0 1 1 0 0
8 9 0 1 1 0 1 0
8 10 1 1 0 0 1 0
8 11 1 1 0 1 1 1
8 12 0 0 1 1 0 0
8 13 0 1 0 0 0 1
8 15 1 0 1 1 1 0
8 17 0 0 0 0 1 0
8 18 0 1 1 0 0 0
9 3 1 0 1 0 1 1
9 4 0 1 0 1 0 1
9 6 1 1 1 0 0 0
9 7 0 0 1 1 0 1
9 8 1 1 0 0 1 0
9 9 1 0 0 0 0 1
9 11 0 0 1 1 0 0
9 12 0 1 0 0 1 1
9 13 0 0 0 0 1 0
9 15 1 0 1 1 1 0
9 16 0 1 0 1 0 0
9 18 1 1 0 1 1 0
9 19 1 0 1 1 0 1
9 21 1 0 1 0 0 0
9 22 1 1 1 0 0 1
9 23 1 0 0 1 1 0
9 24 0 1 1 0 1 0
9 26 0 0 1 1 0 1
9 27 0 0 1 0 0 0
9 28 0 1 0 0 1 0
9 30 0 0 1 1 0 1
10 1 1 1 1 0 0 0
10 2 0 1 0 1 0 0
10 3 1 0 0 0 1 1
10 4 0 0 1 0 0 0
10 5 0 0 0 1 0 0
10 7 1 0 0 1 1 0
10 8 0 1 0 1 0 0
10 9 1 1 1 0 0 0
10 10 0 1 0 1 0 0
10 11 0 0 0 1 0 0
10 13 1 0 0 0 1 1
10 14 0 0 1 1 1 1
10 15 1 0 1 0 0 1
10 16 0 0 0 1 0 0
10 18 1 0 1 0 1 1
10 19 0 1 0 1 1 0
10 20 1 1 1 0 0 1
10 22 1 0 0 1 1 0
10 23 0 0 1 1 1 1
10 25 1 1 0 0 1 0
10 26 0 1 1 1 1 1
10 27 1 0 1 0 0 0
10 28 0 1 0 0 0 1
10 29 0 0 0 0 1 0
11 1 1 1 0 0 1 1
11 2 0 0 1 1 0 0
11 3 0 1 0 0 0 1
11 5 1 1 0 0 0 0
11 6 1 0 1 0 0 1
11 7 1 0 1 0 0 0
11 8 0 1 0 0 0 1
11 10 1 1 0 1 0 0
11 11 0 0 1 0 1 1
11 12 1 1 0 1 1 0
11 13 0 1 0 0 0 1
11 15 1 0 0 1 1 0
11 17 1 1 1 0 0 0
11 18 1 0 0 1 0 1
11 19 1 1 0 0 1 0
11 20 0 1 0 1 0 0
11 21 0 0 0 0 1 0
11 22 0 1 1 0 0 0
11 23 1 1 0 0 1 0
11 24 0 1 1 1 1 1
11 26 0 0 1 1 0 1
11 27 0 0 1 0 0 0
11 28 0 1 0 0 1 0
11 29 0 0 0 0 1 0
12 1 1 0 0 0 1 0
12 3 1 0 1 0 1 1
12 4 0 1 0 1 0 1
12 6 1 1 0 0 1 0
12 7 0 1 1 1 1 1
12 9 1 0 1 0 0 0
12 10 0 1 0 1 0 0
12 11 0 1 1 1 1 0
12 12 0 0 1 0 1 0
12 14 1 1 0 0 1 0
12 15 0 1 1 1 1 1
12 16 1 0 1 0 0 0
12 17 0 1 0 0 0 1
12 18 0 0 0 0 1 1
12 20 1 1 0 0 1 0
12 21 0 1 1 1 1 1
12 23 1 0 1 0 0 0
12 24 0 1 0 1 0 0
12 25 0 1 1 1 1 0
12 26 0 0 1 0 1 0
12 27 0 0 0 0 0 0
12 28 1 1 0 0 1 0
12 29 0 1 1 1 1 1
13 1 0 0 1 0 0 1
13 2 1 0 1 0 0 0
13 3 0 1 0 0 0 1
13 4 0 0 0 0 1 0
13 6 1 0 0 0 1 0
13 8 1 0 1 0 1 1
13 9 0 1 0 1 0 1
13 11 1 1 0 0 1 0
13 12 0 1 1 1 1 1
13 14 0 0 1 1 0 1
13 15 0 0 1 0 0 0
13 16 0 1 0 0 1 0
13 17 0 0 0 0 1 0
13 18 0 1 1 0 0 0
14 3 1 0 1 0 1 1
14 4 0 1 0 1 0 1
14 6 1 1 1 0 0 0
14 7 0 0 1 1 0 1
14 8 1 1 0 0 1 0
14 9 1 0 0 0 0 1
14 11 0 0 1 1 0 0
14 12 0 1 0 0 1 1
14 13 0 0 0 0 1 0
14 15 1 0 1 1 1 0
14 16 0 1 0 1 0 0
14 18 1 1 0 1 1 0
14 19 1 0 1 1 0 1
14 21 1 0 1 0 0 0
14 22 1 1 1 0 0 1
14 23 1 0 0 1 1 0
14 24 0 1 1 0 1 0
14 26 1 0 0 1 1 0
14 27 0 1 1 0 0 1
14 28 1 0 0 1 1 0
14 29 0 1 0 1 0 1
15 1 1 1 0 0 1 0
15 2 1 1 0 0 0 1
15 3 1 1 0 0 1 0
15 4 0 1 0 1 0 0
15 6 1 0 0 0 1 1
15 7 0 1 0 0 0 1
15 8 1 1 0 0 1 0
15 9 0 1 0 1 1 1
15 11 1 0 0 1 1 0
15 13 0 0 0 1 1 0
15 14 0 1 1 1 1 0
15 15 1 1 1 0 1 1
15 16 1 0 0 0 0 1
15 17 0 0 1 0 0 0
15 18 0 0 0 1 1 0
15 19 0 0 0 0 1 0
15 20 0 1 1 0 0 0
15 21 1 0 1 0 0 0
15 22 0 1 0 0 0 1
15 23 1 1 0 0 0 0
15 24 0 0 1 0 1 1
15 26 1 1 0 1 1 0
15 27 1 0 1 1 0 1
15 29 1 1 0 0 0 1
15 30 0 0 1 0 0 0
16 1 0 0 1 0 0 1
16 2 1 0 0 1 1 0
16 3 0 1 1 0 1 0
16 5 1 0 1 1 1 0
16 6 0 1 0 1 0 0
16 8 1 1 1 0 0 0
16 9 0 1 0 1 0 0
16 10 1 0 0 1 1 1
16 12 1 1 0 1 1 0
16 13 0 1 0 0 0 1
16 14 0 0 1 1 0 0
16 15 0 1 0 0 1 1
16 17 1 0 1 1 0 0
16 18 0 1 1 1 0 1
16 19 0 1 1 1 1 0
16 20 0 1 0 1 0 0
16 21 0 0 0 0 1 0
16 23 1 1 0 1 1 0
16 24 0 1 1 0 1 1
16 26 1 0 1 0 0 0
16 27 0 1 0 1 0 1
16 29 0 0 1 1 0 1
16 30 0 0 1 0 0 0
17 1 0 0 1 0 0 1
17 2 0 1 0 0 1 0
17 4 1 0 1 0 1 1
17 5 1 0 0 0 0 0
17 6 1 1 1 1 0 1
17 7 0 0 0 0 1 0
17 9 0 1 1 1 0 0
17 10 1 1 1 0 1 1
17 11 1 1 0 1 1 0
17 12 0 1 0 1 0 0
17 14 0 0 1 1 0 1
17 15 0 0 1 0 0 0
17 16 0 1 0 0 1 0
17 18 1 1 0 0 1 0
17 19 1 1 0 0 0 1
17 20 1 1 0 0 1 0
17 21 0 1 0 1 0 0
17 22 0 0 0 0 1 0
17 24 1 1 0 0 0 0
17 25 1 0 0 0 0 1
17 27 1 1 0 0 1 0
17 28 0 1 1 1 1 1
17 29 1 1 0 0 1 0
17 30 0 1 0 1 1 1
18 1 0 0 1 1 0 1
18 3 0 1 0 1 1 0
18 4 0 0 1 0 1 1
18 6 1 1 0 1 1 0
18 7 0 1 0 0 1 1
18 8 1 1 0 0 1 0
18 9 1 0 1 1 0 1
18 10 0 0 0 0 1 0
18 11 0 1 1 0 0 0
19 3 0 0 1 1 0 0
19 4 0 1 0 0 0 1
19 5 1 0 0 1 0 0
19 6 0 1 1 0 0 0
19 8 1 1 1 0 0 0
19 9 0 0 1 1 0 1
19 10 1 1 0 0 1 0
19 11 1 0 0 0 0 1
19 13 1 1 1 1 1 0
19 14 0 0 1 1 1 1
19 15 1 1 0 1 1 0
19 16 0 1 0 0 1 1
19 17 0 0 0 0 0 0
19 18 0 0 1 1 0 1
19 19 1 1 0 1 0 0
19 20 1 1 1 0 1 1
19 21 0 0 0 0 1 0
19 23 1 1 0 1 1 0
19 24 1 1 0 1 1 1
19 25 1 1 0 1 1 0
19 26 1 0 0 1 0 1
19 28 1 0 1 0 1 1
19 29 0 1 0 1 0 1
20 1 1 0 1 1 1 0
20 2 0 1 0 1 0 0
20 4 1 0 1 0 1 1
20 5 1 1 0 1 1 0
20 6 0 1 0 1 0 0
20 7 0 0 0 0 1 0
20 8 0 1 1 0 0 0
20 9 1 0 1 1 1 0
20 10 0 1 0 1 0 0
20 12 1 0 1 1 1 0
20 13 0 0 1 1 1 1
20 15 0 0 1 1 0 0
20 16 1 0 1 0 0 1
20 17 1 0 0 1 1 0
20 18 0 1 0 0 1 1
20 20 1 0 0 1 1 0
20 21 0 1 0 0 0 1
20 23 1 0 1 0 1 1
20 24 0 1 0 1 0 1
20 26 1 0 0 0 1 1
20 27 0 1 0 0 0 0
20 28 1 1 0 1 1 0
20 29 1 0 0 1 0 1
21 1 0 0 1 1 0 0
21 2 0 1 0 0 1 1
21 4 1 1 0 1 0 0
21 5 0 0 1 1 1 1
21 6 1 1 0 1 0 0
21 7 1 0 1 0 0 1
21 9 0 1 0 1 1 0
21 10 0 0 1 0 1 1
21 11 0 1 0 0 1 0
21 12 0 1 0 0 0 0
21 15 1 0 1 0 0 1
21 16 1 0 1 1 0 1
21 17 0 0 1 0 0 0
21 18 0 0 0 0 1 0
21 20 0 1 1 1 1 0
21 21 0 1 0 1 0 0
21 22 1 1 0 1 1 0
21 23 0 1 1 0 1 0
21 25 0 0 1 1 0 1
21 26 0 0 1 0 0 0
21 27 0 1 0 0 1 0
21 29 1 0 1 1 1 0
21 30 0 0 1 1 1 1
22 1 0 0 1 0 0 1
22 2 1 1 1 0 0 0
22 3 0 1 0 1 0 0
22 5 1 0 1 1 0 0
22 6 0 0 1 0 1 0
22 7 0 0 0 0 1 0
22 8 0 0 1 0 0 0
22 9 1 0 1 1 1 0
22 10 0 1 0 1 0 0
22 12 1 0 1 1 1 0
22 13 0 0 1 1 1 1
22 15 1 1 0 1 1 0
22 16 0 1 0 1 0 0
22 17 1 1 0 1 1 0
22 18 0 1 0 1 0 0
22 20 1 0 0 1 1 0
22 21 0 1 0 0 0 1
22 23 0 0 1 1 0 1
22 25 0 1 1 1 1 0
22 26 0 1 0 0 1 1
22 27 1 1 0 0 1 0
22 28 0 1 1 1 1 1
23 1 1 0 1 0 0 0
23 2 1 0 0 0 1 0
23 3 1 0 0 1 0 0
23 4 1 0 1 0 1 0
23 6 1 1 0 0 1 0
23 7 0 1 1 1 1 1
23 8 0 1 0 0 1 0
23 9 0 0 0 0 1 0
23 11 1 0 0 1 1 0
23 12 0 1 0 1 0 0
23 13 0 0 1 0 0 0
23 14 1 1 1 0 0 0
23 15 0 1 0 1 0 0
23 16 0 1 1 0 0 0
23 18 0 1 1 1 0 0
23 19 1 1 0 0 1 0
23 20 1 0 1 1 0 1
23 21 0 0 0 0 1 0
23 23 1 1 0 1 1 0
23 24 0 1 0 0 1 1
23 25 0 1 1 1 1 0
23 26 0 1 0 0 1 1
23 28 1 1 0 1 1 1
23 29 1 1 1 1 1 0
23 30 0 0 1 1 1 1
24 1 1 1 0 0 1 0
24 2 0 1 1 1 1 1
24 3 1 1 0 0 1 0
24 4 0 1 0 1 0 0
24 6 0 1 0 1 1 0
24 7 0 0 1 0 1 1
24 8 1 0 1 0 0 1
24 10 1 0 1 1 0 0
24 11 0 0 1 0 1 0
24 12 0 0 0 0 1 0
24 13 0 0 1 0 0 0
24 14 1 0 1 1 1 0
24 15 0 1 0 1 0 0
24 17 1 0 1 1 1 0
24 18 0 0 1 1 1 1
24 20 0 0 1 1 0 0
24 21 0 1 1 0 0 0
24 22 0 1 0 1 0 0
24 23 0 1 0 0 0 0
24 25 0 1 0 0 1 0
24 26 0 1 1 0 0 0
24 27 1 0 1 1 1 0
24 28 1 1 1 0 0 1
24 29 0 0 0 0 1 0
25 1 1 0 0 0 1 1
25 2 0 0 1 0 1 1
25 3 0 1 0 1 1 0
25 4 1 0 1 0 0 1
25 6 0 1 1 1 1 0
25 7 1 1 1 0 0 1
25 8 1 1 0 1 1 0
25 9 1 1 0 0 1 1
25 11 0 1 0 0 1 0
25 12 0 1 1 0 0 0
25 13 0 1 1 1 1 0
25 14 0 1 0 1 0 0
25 16 1 0 1 1 0 0
25 17 0 0 1 0 1 0
25 18 0 0 0 0 1 0
25 19 0 0 1 0 0 0
25 20 1 1 0 0 1 0
25 21 1 0 1 1 0 1
25 22 1 1 0 0 1 0
25 23 1 1 0 0 0 1
25 25 1 0 1 1 1 0
25 26 0 1 0 1 0 0
25 28 1 0 1 1 1 0
25 29 0 0 1 1 1 1
25 30 0 0 0 0 1 0
26 1 0 1 0 1 0 0
26 2 1 0 0 1 1 0
26 3 1 0 0 0 0 1
26 5 1 0 1 1 1 0
26 6 0 0 1 1 1 1
26 7 0 0 0 0 1 1
26 8 0 1 0 0 0 0
27 3 0 0 1 1 0 0
27 4 1 0 1 0 0 1
28 7 0 0 0 0 0 0
8 16 0 1 0 1 0 0
21 14 0 1 1 1 0 0
