0.60
69 90 121 142 173 195 225 247 277 298 329 350 381 402 432 454 484 506 536 558 588 609 639 661 691 711 743 764 795 816 847 868 899 920 950 972 1002 1023 1054 1075 1106 1128 1158 1179 1209 1230 1261 1282 1313 1334 1364 1386 1416 1438 1468 1490 1519 1540 1572 1592 1619 1639 1666 1686
36 56 76 114 134 154 192 212 234 279 300 321 358 380 402 443 465 486 524 546 567 609 631 651 689 709 733 774 795 816 855 877 898 938 959 980 1023 1044 1065 1102 1124 1145 1189 1210 1231 1269 1289 1309 1352 1374 1396 1431 1453 1474 1518 1539 1560 1598 1620 1641 1683 1704 1726 1763 1785 1806 1849 1871 1892 1930 1952 1973 2011 2036 2056 2096 2117 2139 2179 2201 2222 2260 2280 2300
3 3 1 1 0 0 0 0
3 4 0 0 1 0 1 1
3 5 0 1 1 1 1 0
3 6 0 0 1 1 1 1
3 7 0 0 0 0 1 1
4 1 1 0 1 0 1 0
4 3 0 1 0 1 0 1
4 4 0 1 1 0 0 0
4 6 1 1 1 1 1 0
4 7 0 0 1 1 1 1
4 8 0 0 1 1 0 0
4 9 0 1 0 0 0 1
4 11 1 0 1 1 0 0
4 12 0 0 1 0 1 0
4 13 1 1 1 1 1 0
4 14 0 1 0 0 0 1
4 16 1 1 0 0 0 0
4 17 0 0 1 0 1 1
4 18 1 0 0 0 1 1
4 19 0 1 1 0 0 1
4 21 1 0 0 1 0 0
4 22 0 1 0 0 1 0
4 23 1 1 1 0 0 0
4 24 1 0 1 0 1 0
4 26 1 1 0 1 1 0
4 27 1 0 0 1 0 1
4 29 1 0 0 1 1 0
5 3 1 1 0 0 1 0
5 4 0 0 1 1 1 0
5 5 1 1 1 0 0 0
5 6 1 0 1 0 0 1
5 7 0 0 0 0 1 0
6 1 1 0 0 1 1 1
6 3 1 1 0 0 1 0
6 4 1 1 0 1 1 1
6 5 1 0 1 1 0 0
6 6 1 1 1 0 0 1
6 8 1 0 0 1 1 0
6 10 1 0 1 1 0 0
6 11 1 0 1 0 0 1
6 12 1 1 0 1 1 0
6 13 0 1 1 0 1 1
6 15 0 1 1 1 1 0
6 16 1 1 1 0 1 1
6 17 1 1 0 1 1 0
6 18 1 0 1 0 1 0
6 20 1 0 1 1 1 0
6 21 0 0 1 0 1 0
6 23 1 0 0 1 0 0
6 24 0 1 1 0 0 1
6 25 1 0 1 1 0 0
6 26 0 1 1 0 0 1
6 28 1 0 0 1 1 0
7 3 1 0 0 0 1 0
7 4 0 1 1 0 0 0
7 5 0 1 1 1 0 0
7 6 0 1 0 0 0 1
7 7 0 0 0 0 1 0
8 1 1 0 0 1 1 0
8 2 1 0 0 1 0 1
8 3 1 0 1 1 1 0
8 4 1 0 0 1 0 1
8 5 0 0 1 1 0 0
8 6 0 1 0 0 0 1
8 8 1 0 1 0 1 1
8 9 1 1 0 1 1 0
8 10 0 1 0 1 0 0
8 12 1 0 0 0 1 0
8 13 0 1 1 0 0 0
8 14 1 1 0 1 1 0
8 15 1 0 0 1 0 1
8 17 1 0 0 1 1 0
8 19 0 1 1 1 0 0
8 20 1 0 1 0 0 1
8 21 0 1 1 0 0 0
8 22 1 0 0 1 1 0
8 23 0 1 0 1 0 0
8 24 0 1 1 0 0 0
8 25 0 0 0 0 1 0
8 27 1 0 0 0 0 1
8 28 0 1 0 0 0 0
8 29 1 1 0 1 1 0
8 30 1 0 0 0 1 0
9 3 0 0 1 0 0 1
9 4 0 0 1 1 0 0
9 5 0 1 0 0 0 1
10 1 1 0 0 1 1 0
10 2 0 1 1 0 1 0
10 3 1 1 1 0 0 0
10 4 1 0 1 0 0 1
10 6 1 1 1 1 0 0
10 7 0 1 1 0 0 1
10 9 1 1 0 0 1 0
10 10 0 1 1 0 1 1
10 11 1 0 0 0 0 0
10 12 1 0 0 1 0 0
10 13 0 1 0 0 1 0
10 15 0 0 1 1 0 0
10 16 0 1 0 0 1 1
10 18 1 0 1 1 1 0
10 19 0 0 1 0 1 0
10 21 1 0 0 1 1 0
10 22 1 0 0 1 0 1
10 23 1 0 0 1 1 0
10 24 1 0 0 1 0 1
10 26 1 1 1 1 1 0
10 27 1 1 1 0 0 1
10 28 1 0 0 1 1 0
10 29 1 1 1 0 1 1
11 3 1 0 0 1 1 0
11 5 1 0 0 1 1 0
11 6 0 0 1 1 1 1
11 7 1 1 0 1 1 0
11 8 0 1 1 0 1 1
11 9 0 0 0 0 1 1
12 3 1 0 1 0 1 0
12 5 0 1 0 1 0 1
12 6 0 1 1 0 0 0
12 8 1 0 1 1 1 0
12 9 0 0 1 0 1 0
12 11 1 0 0 0 1 0
12 12 0 0 1 0 0 0
12 13 1 1 0 0 1 0
12 14 1 0 1 0 1 0
12 16 1 0 1 1 0 0
12 17 0 1 1 0 1 0
12 18 1 0 1 0 0 0
12 19 0 1 0 1 0 0
12 21 1 0 0 1 1 0
12 23 1 0 1 0 0 0
12 24 1 0 0 0 0 1
12 25 1 0 0 1 0 1
12 26 1 0 0 0 0 0
12 27 0 0 0 0 1 0
13 3 1 0 0 1 0 0
13 4 0 1 1 0 1 0
13 5 1 1 1 1 0 1
13 7 1 0 0 0 1 1
13 8 0 1 1 0 0 1
13 10 1 1 0 1 1 0
13 11 1 0 1 0 1 0
13 12 1 0 0 0 1 0
13 13 0 1 1 0 0 0
13 15 1 0 0 1 1 0
13 17 1 0 0 1 1 0
13 18 0 0 1 0 1 0
13 19 1 0 0 1 1 0
13 20 0 1 0 1 1 1
13 22 1 1 1 1 1 0
13 23 0 1 0 0 0 1
13 24 1 0 1 1 0 0
13 25 0 0 1 0 1 0
13 26 0 0 0 0 1 0
14 3 1 0 0 1 0 0
14 4 0 1 1 0 0 1
14 5 1 1 0 0 1 0
14 6 0 1 1 0 1 1
14 8 1 0 0 1 1 0
14 10 0 1 1 1 1 0
14 11 1 0 0 1 0 1
14 12 1 0 0 0 1 0
14 13 0 0 1 0 0 0
14 15 0 0 1 1 0 0
14 16 0 1 0 0 1 1
14 18 1 1 0 0 1 0
14 19 0 0 1 1 1 0
14 20 1 0 0 0 1 1
14 21 1 1 1 0 0 1
14 22 0 1 1 1 1 0
14 23 1 1 1 0 1 1
14 25 1 0 0 0 1 1
14 26 0 1 1 0 0 1
15 1 1 0 1 1 1 0
15 2 0 0 1 0 1 0
15 4 1 1 1 0 0 0
15 5 1 0 1 1 0 1
15 6 1 0 1 0 0 0
15 7 0 1 0 0 0 1
15 9 1 0 0 0 1 1
15 10 1 1 1 0 0 1
15 11 0 0 1 1 0 0
15 12 0 1 0 0 0 1
15 14 0 1 0 1 1 1
15 15 1 0 0 0 0 0
15 16 1 1 0 1 1 0
15 17 0 1 1 0 1 1
15 19 1 0 0 1 1 0
15 21 1 1 0 0 0 0
15 22 0 1 0 1 0 1
15 23 1 1 0 0 1 0
15 24 1 1 1 1 1 1
15 25 0 1 1 0 0 0
15 26 0 0 0 0 1 0
15 27 0 1 1 0 0 0
17 1 1 0 1 0 1 0
17 3 1 1 0 0 1 0
17 4 1 0 1 1 1 1
17 5 0 0 1 1 0 0
17 6 0 1 0 0 0 1
17 8 0 1 0 1 1 0
17 9 0 0 1 0 1 1
17 11 0 1 1 1 0 0
17 12 1 0 1 0 1 0
17 14 1 1 0 0 0 0
17 15 1 0 1 0 0 1
17 16 0 0 1 1 0 0
17 17 1 0 0 0 0 0
17 19 1 0 0 1 1 0
17 21 1 0 1 0 0 0
17 22 1 0 1 1 1 1
17 23 1 1 1 0 0 0
17 24 0 1 0 0 0 1
18 1 0 1 1 0 1 1
18 2 0 1 1 0 0 0
18 3 0 0 1 1 0 0
18 4 0 1 0 0 0 1
18 6 1 0 0 1 1 0
18 7 0 1 0 1 1 1
18 8 1 0 1 1 0 0
18 9 1 1 1 0 0 1
18 11 1 1 0 1 1 0
18 12 1 0 1 0 0 1
18 13 1 0 1 0 0 1
18 15 1 0 0 1 1 0
18 17 1 0 0 1 1 0
18 18 0 0 1 0 1 0
18 19 1 1 0 1 1 0
18 20 1 0 1 0 0 1
18 21 1 1 1 1 1 0
18 22 0 1 1 0 0 1
18 23 0 0 0 0 1 0
19 1 1 1 0 1 0 0
19 2 1 0 1 0 0 1
19 3 1 1 0 1 1 0
19 4 0 1 0 1 0 1
19 5 0 0 1 1 0 0
19 6 0 1 0 0 0 1
19 8 1 0 0 1 1 0
19 9 0 1 1 0 1 0
19 10 1 0 0 1 0 0
19 11 0 1 1 0 1 0
19 13 1 0 0 1 1 0
19 15 1 0 1 1 1 0
19 16 0 1 0 0 1 1
19 17 1 1 0 1 1 0
19 18 1 1 0 1 0 1
19 20 1 0 1 1 0 0
19 21 0 1 1 0 1 0
19 22 1 1 0 1 0 0
19 23 0 1 1 0 0 1
19 24 0 0 0 0 1 0
20 1 1 1 0 0 1 0
20 2 1 0 1 1 0 1
20 3 1 0 1 0 0 0
20 4 1 0 0 1 0 1
20 5 0 0 1 1 0 0
20 6 0 1 0 0 0 1
20 8 1 1 0 1 0 0
20 9 1 0 1 0 0 1
20 10 1 0 0 1 1 0
20 11 0 0 1 1 1 0
20 13 1 1 1 1 1 0
20 14 0 1 1 0 1 1
20 15 1 0 0 0 0 0
20 16 1 1 0 0 0 0
20 17 1 1 1 0 0 1
20 18 0 0 1 0 0 0
20 20 1 0 0 1 1 0
20 22 1 1 0 0 1 0
20 23 0 0 1 1 1 0
20 24 1 1 1 1 1 0
20 25 0 1 1 0 1 1
20 26 0 0 0 0 1 1
21 1 1 1 1 0 1 0
21 3 1 0 1 0 1 1
21 4 0 1 0 1 0 1
21 6 1 1 0 0 1 1
21 8 1 1 1 0 0 0
21 9 1 0 1 0 0 1
21 10 1 0 0 0 1 1
21 11 0 1 0 1 1 1
21 13 1 0 0 1 1 0
21 15 1 1 0 1 1 0
21 16 1 0 0 0 1 0
21 17 0 1 0 1 1 0
21 18 0 1 1 0 0 0
21 20 1 0 0 0 1 0
21 21 0 1 1 0 0 0
21 22 1 1 0 1 1 1
21 23 0 0 0 0 1 0
22 1 1 0 1 0 1 1
22 2 0 1 0 1 0 1
22 4 1 0 1 1 1 0
22 5 0 0 1 0 1 0
22 7 1 0 1 0 1 1
22 8 0 1 0 1 1 1
22 9 1 1 0 1 1 0
22 10 1 1 0 0 1 1
22 12 1 0 0 1 1 0
22 14 1 0 1 1 1 0
22 15 0 1 0 0 1 1
22 16 0 1 0 1 1 0
22 17 0 0 1 0 1 1
22 19 1 1 0 0 1 0
22 20 0 0 1 1 1 0
22 21 0 1 1 1 1 0
22 22 1 1 1 0 0 1
22 24 0 0 1 1 0 0
22 25 0 1 0 0 1 1
22 26 0 0 0 0 1 0
23 1 1 0 1 0 0 0
23 2 1 1 1 0 0 1
23 3 0 0 1 1 0 0
23 4 0 1 0 0 0 1
23 6 1 0 1 1 1 0
23 7 0 0 1 0 1 0
23 9 1 1 0 0 0 0
23 10 1 1 1 0 0 1
23 11 0 0 1 1 0 0
23 12 0 1 0 0 0 1
23 14 1 0 1 0 0 0
23 15 1 1 1 0 1 1
23 16 1 0 0 0 1 1
23 17 0 1 1 0 1 0
23 19 1 0 0 1 1 0
23 21 1 0 1 0 0 1
23 22 0 0 1 0 0 0
23 23 1 0 0 1 1 0
23 24 0 1 1 0 1 0
23 25 0 0 0 0 1 0
24 1 1 0 1 0 1 0
24 3 1 0 1 0 0 0
24 4 0 1 0 0 0 1
24 5 0 1 0 1 0 0
24 7 0 0 1 1 0 0
24 8 0 1 0 0 0 0
24 10 1 0 1 0 0 0
24 11 1 1 1 0 0 1
24 12 1 0 0 1 1 0
24 13 0 1 1 0 1 0
24 15 1 0 0 0 1 0
24 16 0 1 1 0 0 0
24 17 1 1 0 0 0 0
24 18 1 1 1 0 0 1
24 20 1 1 0 1 1 0
24 21 0 0 1 1 1 1
24 22 1 0 0 0 1 1
24 23 0 0 1 0 1 1
24 24 0 0 0 0 1 0
24 25 0 1 1 0 0 0
25 1 0 1 0 0 1 0
25 2 0 1 0 0 1 0
25 3 0 1 0 0 1 0
25 4 0 1 0 0 1 0
25 5 0 1 0 0 1 0
25 6 0 1 0 0 1 0
25 7 0 1 0 0 1 0
25 8 0 1 0 0 1 0
25 9 0 1 0 0 1 0
25 10 0 1 0 0 1 0
26 3 0 0 0 0 1 1
26 4 0 0 1 0 0 1
26 5 0 0 1 1 1 1
26 6 0 1 0 0 0 0
26 7 0 0 1 0 0 1
26 8 0 1 1 0 0 0
26 10 1 1 0 0 1 0
26 11 1 1 1 1 0 1
26 12 1 0 1 0 1 1
26 14 0 0 0 0 1 0
26 15 0 0 1 0 0 1
26 16 1 1 1 0 0 0
26 17 0 1 0 1 0 1
26 18 1 0 1 1 0 0
26 19 0 0 1 1 1 1
26 20 0 1 1 1 1 0
26 21 1 0 1 0 1 0
26 22 1 1 0 1 0 0
26 23 1 0 1 0 0 1
26 25 1 0 0 0 1 1
26 26 1 0 0 0 0 0
26 27 1 1 0 0 1 0
26 28 1 1 1 1 0 1
26 29 0 0 1 0 0 1
26 30 0 1 0 0 0 0
27 2 0 0 1 0 0 0
27 3 0 1 0 1 1 0
27 4 0 0 1 0 1 1
27 5 1 0 1 1 0 0
27 6 1 1 0 0 0 1
27 8 0 1 0 0 1 0
27 9 0 1 0 0 0 0
27 10 1 1 0 0 1 0
27 11 0 1 1 1 1 1
27 13 1 1 1 1 1 0
27 14 1 0 1 0 0 1
27 15 1 1 0 0 0 0
27 16 1 1 1 0 0 1
27 17 1 0 0 0 1 1
27 18 0 1 0 0 0 1
27 20 0 0 1 1 1 1
27 21 1 0 0 0 0 0
27 22 0 1 0 1 0 0
27 23 0 1 0 1 0 0
27 24 1 1 0 1 1 0
27 25 1 0 1 1 1 0
27 26 1 0 0 1 0 1
27 1 0 0 0 0 1 1
