0.10
35 57 87 108 140 163 192 214 244 266 295 317 347 369 398 420 450 471 503 525 555 576 606 628 658 680 710 731 762 784 813 835 865 887 918 939 969 991 1020 1042 1073 1094 1125 1146 1175 1197 1228 1249 1279 1301 1331 1352 1382 1403 1435 1456 1486 1508 1539 1560 1589 1612 1642 1663
67 88 109 149 170 191 234 255 274 315 336 357 387 409 430 470 492 513 554 576 596 638 659 680 721 742 763 802 824 844 884 906 927 970 991 1012 1049 1071 1092 1133 1154 1175 1215 1236 1257 1300 1321 1343 1379 1401 1422 1466 1487 1508 1549 1570 1591 1631 1653 1674 1711 1732 1754 1796 1818 1839 1878 1899 1921 1962 1984 2005 2044 2065 2087 2128 2149 2170 2210 2232 2253
2 12 0 0 0 0 1 1
2 13 0 0 1 0 0 1
2 14 0 0 0 0 1 0
2 15 1 1 1 0 0 1
2 16 0 0 1 0 0 1
2 17 0 1 1 0 0 0
2 18 0 1 0 1 1 1
2 19 1 1 0 1 1 1
2 20 0 0 0 1 0 0
2 21 1 0 1 1 0 1
2 22 0 1 0 1 1 0
3 12 0 0 0 1 0 0
3 13 0 1 1 0 1 0
3 14 1 0 0 0 0 1
3 15 0 0 0 1 0 0
3 16 0 1 1 0 1 1
3 17 1 1 0 1 1 0
3 18 0 0 0 0 1 0
3 19 1 0 1 0 0 1
5 26 0 1 1 1 1 1
5 27 0 1 0 1 1 0
5 28 0 0 0 0 1 0
5 29 0 1 1 1 0 0
5 30 1 1 0 0 0 1
5 31 0 1 0 1 1 0
6 10 0 1 0 0 0 1
6 11 1 0 0 1 1 1
6 12 0 0 0 0 1 0
6 13 0 1 1 1 1 0
6 15 1 1 0 1 0 0
6 17 1 1 0 0 0 1
6 18 0 1 0 1 1 0
6 19 1 1 0 0 0 1
6 20 0 1 0 1 1 0
6 22 1 0 1 0 1 1
6 23 1 0 0 1 0 1
6 24 1 0 0 0 1 0
6 26 0 1 1 1 0 0
6 28 0 1 1 1 1 1
6 29 1 1 0 1 1 1
6 30 1 0 1 1 0 1
6 31 0 1 0 1 1 0
7 23 0 1 1 1 1 1
7 24 1 1 0 0 1 1
7 25 0 0 0 0 1 0
7 26 1 0 0 0 0 1
7 28 1 0 1 0 1 0
7 29 0 1 1 1 0 1
7 31 0 1 0 1 0 1
8 20 0 1 1 1 1 1
8 21 1 1 0 0 1 1
8 22 0 1 0 0 0 1
8 23 1 1 0 1 0 1
8 25 1 0 1 0 1 0
8 26 0 1 1 1 0 1
8 28 0 0 1 1 1 0
8 29 0 0 0 1 0 1
8 30 0 0 1 1 0 1
8 31 1 0 0 1 0 1
10 25 0 1 1 1 1 1
10 26 0 1 0 1 1 0
10 28 0 1 0 0 0 1
10 29 1 1 0 1 0 0
10 30 0 0 1 0 1 1
10 31 1 0 0 0 0 1
11 10 1 1 0 0 0 1
11 11 1 0 0 1 1 1
11 12 1 1 1 1 1 0
11 13 1 1 0 1 1 1
11 15 1 1 0 1 0 0
11 17 1 0 1 0 1 0
11 18 1 0 0 0 0 1
11 19 1 0 1 0 1 0
11 20 1 0 0 0 0 1
11 22 0 0 1 0 1 1
11 23 1 0 0 0 0 1
11 24 1 0 0 0 1 0
11 26 0 1 1 1 0 0
11 28 0 1 1 1 1 1
11 29 1 1 0 1 1 1
11 30 1 0 1 1 0 1
11 31 0 1 0 1 1 0
12 23 0 1 1 1 1 1
12 24 1 1 0 0 1 1
12 25 0 0 1 0 1 0
12 26 1 0 0 0 0 1
12 28 1 0 1 0 1 0
12 29 0 1 1 1 0 1
12 31 0 1 0 1 0 1
13 20 0 1 1 1 1 1
13 21 1 1 0 0 1 1
13 22 0 1 0 0 0 1
13 23 1 1 0 1 0 1
13 25 1 0 1 0 1 0
13 26 0 1 1 1 0 1
13 28 1 0 1 1 0 1
13 29 1 1 0 1 0 1
13 30 0 0 1 1 1 0
13 31 0 1 0 1 1 0
15 26 0 1 0 0 0 1
15 28 1 0 1 0 1 0
15 29 0 0 0 1 1 1
15 30 0 1 1 1 1 1
15 31 0 1 0 1 1 0
16 11 0 0 1 1 0 1
16 12 1 0 0 1 0 1
16 13 0 1 1 0 0 1
16 14 1 0 0 1 1 0
16 16 1 1 0 1 0 0
16 18 1 0 1 0 1 0
16 19 0 0 0 0 0 1
16 20 1 0 1 0 1 0
16 22 0 0 1 0 1 1
16 23 1 0 0 1 1 0
16 24 1 0 0 0 1 0
16 26 0 1 1 1 0 0
16 28 0 1 1 1 1 1
16 29 1 1 0 1 1 1
16 30 1 0 1 1 0 1
16 31 0 1 0 1 1 0
17 23 0 1 1 1 1 1
17 24 1 1 0 0 1 1
17 25 0 0 0 0 1 1
17 26 1 1 1 1 0 1
17 28 1 0 1 0 1 0
17 29 0 1 1 1 0 1
17 31 0 1 0 1 0 1
18 20 0 1 1 1 1 1
18 21 1 1 0 0 1 1
18 22 1 0 0 0 1 0
18 23 0 0 0 1 1 1
18 25 1 0 1 0 1 0
18 26 0 1 1 1 0 1
18 28 0 0 1 1 1 0
18 29 0 0 0 1 0 1
18 30 0 0 1 1 0 1
18 31 1 0 0 1 0 1
20 26 1 0 1 0 1 0
20 27 0 1 1 1 0 1
20 28 1 0 1 1 0 0
20 29 0 1 0 1 1 0
20 31 0 1 0 1 1 1
21 10 1 0 1 1 1 0
21 11 0 1 0 1 1 0
21 12 1 0 1 0 1 0
21 13 0 1 0 1 1 0
21 15 1 1 0 1 0 0
21 17 1 0 1 1 0 0
21 18 0 0 0 1 0 1
21 19 1 0 1 1 0 0
21 20 0 0 0 1 0 1
21 22 0 0 0 1 0 0
21 23 1 1 1 1 1 0
21 24 1 0 0 0 1 0
21 26 0 1 1 1 0 0
21 28 0 1 1 1 1 1
21 29 1 1 0 1 1 1
21 30 1 0 1 1 0 1
21 31 0 1 0 1 1 0
22 23 0 1 1 1 1 1
22 24 1 1 0 0 1 1
22 25 0 0 1 0 1 0
22 26 1 0 0 0 0 1
22 28 1 0 1 0 1 0
22 29 0 1 1 1 0 1
22 31 0 1 0 1 0 1
23 20 0 1 1 1 1 1
23 21 1 1 0 0 1 1
23 22 0 1 0 0 0 1
23 23 1 1 0 1 0 1
23 25 1 0 1 0 1 0
23 26 0 1 1 1 0 1
23 28 0 0 1 1 0 1
23 29 0 0 0 1 1 1
23 30 0 1 0 0 0 1
23 31 1 1 0 1 0 0
24 22 0 1 0 0 1 0
24 23 0 1 0 0 1 0
24 24 0 1 0 0 1 0
24 25 0 1 0 0 1 0
24 26 0 1 0 0 1 0
24 27 0 1 0 0 1 0
24 28 0 1 0 0 1 0
24 29 0 1 0 0 1 0
24 30 0 1 0 0 1 0
24 31 0 1 0 0 1 0
25 4 0 0 0 0 1 0
25 5 0 0 1 0 0 1
25 6 1 0 1 1 1 1
25 7 0 1 0 1 1 0
25 8 0 0 0 1 0 0
25 9 0 1 1 1 0 0
25 11 0 1 1 0 1 0
25 12 1 0 0 0 0 1
25 13 0 1 1 0 1 1
25 14 1 1 0 1 1 0
25 15 0 0 0 0 1 0
25 16 1 0 1 0 0 1
25 17 0 0 1 0 0 1
25 18 0 1 0 0 0 0
25 20 0 1 1 1 0 1
25 21 1 0 1 1 1 1
25 22 0 1 0 1 1 0
25 24 0 0 0 0 1 1
25 25 0 0 1 0 0 1
25 26 0 0 0 0 1 0
25 27 1 1 1 0 0 1
25 28 0 0 1 0 0 1
25 29 0 1 1 0 0 0
26 6 1 0 1 1 0 0
26 7 1 1 0 1 0 1
26 8 0 1 0 1 1 0
26 9 1 0 0 0 1 0
26 10 1 0 0 0 1 0
26 11 0 0 0 1 0 0
26 12 1 1 1 0 0 1
26 14 0 0 1 0 1 0
26 15 0 1 1 1 0 0
26 16 0 0 1 1 1 1
26 17 0 0 0 1 1 0
26 18 0 0 1 1 0 1
26 19 1 1 0 1 1 1
26 21 0 0 0 0 1 1
26 22 1 0 0 0 1 0
26 23 0 0 0 0 1 0
26 24 0 1 0 0 1 0
26 26 1 0 1 1 1 0
26 27 0 1 0 1 1 0
26 28 1 0 1 0 1 0
26 29 0 1 0 1 1 0
26 30 0 0 0 0 0 1
26 31 0 1 1 0 0 0
27 2 1 0 0 1 0 0
27 3 1 1 1 0 0 1
