-1.00
14 36 66 88 118 139 169 192 222 243 273 295 324 346 377 398 428 449 479 501 532 553 583 605 635 656 686 708 738 759 790 811 841 863 892 913 944 966 997 1018 1047 1069 1100 1121 1151 1173 1202 1224 1255 1276 1306 1328 1358 1379 1410 1431 1461 1483 1513 1534 1565 1587 1617 1639 1669 1690
49 70 91 131 152 173 213 234 255 298 319 339 381 403 424 463 485 506 545 567 587 628 650 671 711 733 755 794 815 836 877 899 920 961 982 1003 1044 1066 1087 1122 1144 1165 1205 1226 1247 1288 1309 1330 1374 1395 1415 1455 1476 1497 1530 1551 1572 1610 1631 1652 1694 1716 1736 1774 1796 1817 1857 1878 1899 1940 1962 1982 2024 2045 2066 2106 2128 2149 2189 2211 2231 2271 2292 2313
3 3 0 0 1 0 1 0
3 4 1 0 0 0 1 1
3 5 1 1 1 0 0 1
3 6 0 0 0 1 1 1
3 8 1 0 0 0 0 0
3 9 1 1 0 1 0 0
3 11 1 0 0 0 1 0
3 12 1 1 0 1 1 0
3 13 1 1 0 0 0 1
3 14 0 1 0 1 1 0
3 16 0 1 1 1 0 0
3 18 0 1 0 1 0 0
3 19 0 1 0 1 1 0
3 20 0 0 0 0 0 1
3 21 0 1 0 0 0 1
3 22 1 1 0 1 0 1
3 24 0 1 0 0 0 0
3 25 1 1 0 1 0 0
3 27 1 1 0 0 0 1
3 28 1 1 0 1 0 0
3 29 0 0 1 0 1 0
3 30 1 0 0 0 1 1
3 31 1 1 1 1 1 0
3 32 1 1 0 1 0 1
4 3 0 0 1 0 1 0
4 4 1 0 0 1 0 1
4 5 0 1 1 0 0 1
4 6 0 1 1 1 0 0
4 8 0 1 1 1 1 0
4 10 0 1 0 1 0 0
4 11 0 1 0 1 1 0
4 13 1 0 1 1 0 1
4 14 0 0 1 0 1 0
4 15 1 0 0 0 0 1
4 17 0 1 1 0 0 1
4 18 1 1 0 0 1 0
4 19 0 0 0 1 0 0
4 20 0 1 1 1 0 0
4 22 0 1 0 1 0 1
4 23 0 1 1 1 0 0
4 24 0 1 0 1 0 1
4 25 0 1 1 1 0 0
4 27 0 1 0 0 0 0
4 28 1 1 0 1 0 0
4 30 1 1 0 0 0 1
4 31 1 1 0 1 0 0
4 32 0 0 1 0 0 1
5 22 0 0 0 0 1 1
5 23 0 1 0 0 0 0
5 24 0 1 0 1 0 1
5 25 1 1 0 1 1 0
5 26 1 1 0 0 0 1
5 27 0 1 0 1 1 0
5 29 0 1 0 0 0 1
5 30 1 1 0 1 0 0
5 31 1 1 0 0 0 1
5 32 0 0 0 1 1 0
6 4 1 0 1 0 1 0
6 5 0 1 1 1 0 1
6 7 1 0 1 0 0 1
6 8 1 0 0 0 1 0
6 9 1 1 0 1 1 0
6 11 0 0 1 1 1 1
6 12 1 1 0 1 1 0
6 13 0 0 1 1 0 0
6 14 0 0 0 1 0 1
6 16 0 1 0 0 0 1
6 17 0 0 0 1 1 0
6 19 0 1 1 0 1 1
6 20 0 0 0 0 0 1
6 21 0 1 1 0 1 1
6 23 0 1 1 0 0 1
6 24 1 1 0 0 1 0
6 25 0 0 0 1 0 0
6 26 0 1 1 1 0 0
6 29 0 0 1 1 1 1
6 30 1 0 0 0 1 1
7 3 1 0 1 0 0 1
7 4 0 1 0 1 1 0
7 5 0 0 1 1 1 0
7 6 0 1 0 1 1 0
7 8 1 1 0 1 0 0
7 10 1 0 1 1 0 1
7 11 0 1 0 1 1 0
7 12 0 1 1 1 1 1
7 13 1 1 0 1 1 1
7 15 0 0 0 0 0 1
7 16 0 1 1 1 0 0
7 18 0 1 0 0 0 0
7 19 0 0 1 0 1 1
7 20 0 1 1 1 0 0
7 22 1 0 1 1 0 1
7 23 0 1 0 1 1 0
7 24 0 0 1 1 0 0
7 25 0 1 0 1 1 0
7 27 1 1 0 1 0 0
7 29 1 0 0 0 1 0
7 30 1 1 0 0 1 1
7 31 1 0 1 0 0 1
7 32 1 1 0 1 1 0
8 3 1 0 1 1 0 0
8 4 0 0 0 1 1 1
8 6 0 1 0 0 0 0
8 7 0 1 0 0 0 1
8 8 1 0 0 1 1 0
8 9 0 1 0 1 0 0
8 10 0 1 0 1 1 0
8 12 0 1 1 0 1 0
8 13 1 0 0 0 0 1
8 14 0 0 1 0 1 0
8 15 1 0 0 0 0 1
8 17 1 0 1 1 0 0
8 18 1 1 0 1 1 0
8 19 0 1 0 1 0 0
8 20 1 1 0 1 1 0
8 21 0 0 0 0 1 1
8 22 0 1 0 0 0 0
8 23 0 0 1 1 0 0
8 24 0 1 0 1 1 0
8 25 0 0 1 1 1 1
8 26 1 1 0 1 1 0
8 27 0 0 1 0 1 0
8 28 0 0 0 1 0 1
8 30 0 1 1 1 1 0
8 31 1 0 1 0 0 1
8 32 1 1 0 1 1 0
9 3 0 0 1 1 0 1
9 4 1 0 0 1 1 0
9 6 1 0 1 0 0 1
9 7 1 1 0 1 1 0
9 8 1 0 0 0 1 0
9 9 1 1 0 1 1 0
9 11 0 1 0 1 0 0
9 12 0 1 0 1 1 0
9 14 0 1 0 0 0 0
9 15 0 0 0 0 1 1
9 16 1 0 1 1 0 0
9 17 1 0 0 0 1 0
9 18 1 1 0 0 1 1
9 20 0 1 0 1 0 1
9 21 0 1 0 1 1 0
9 22 1 1 1 0 0 1
9 23 0 1 1 1 0 0
9 25 1 1 0 1 0 0
9 27 1 0 0 0 1 0
9 28 1 1 0 1 0 1
9 30 1 0 0 0 1 0
9 31 0 1 0 1 1 0
9 32 0 0 1 0 0 1
10 5 0 1 1 0 1 0
10 6 1 0 0 0 0 1
10 7 1 0 0 0 1 0
10 9 1 1 0 1 0 0
10 11 1 0 0 0 1 0
10 12 1 1 0 1 1 0
10 13 0 1 1 1 0 1
10 15 0 1 0 1 0 0
10 16 0 1 0 1 1 0
10 17 0 0 1 1 0 1
10 18 0 1 1 1 0 0
10 20 0 1 0 0 0 0
10 21 1 1 1 1 1 1
10 22 0 1 0 1 1 0
10 24 1 1 0 1 0 0
10 26 0 0 0 0 1 1
10 27 1 0 0 0 1 0
10 28 0 0 0 1 0 0
10 29 0 1 1 1 0 0
10 31 0 1 1 1 1 0
10 32 0 0 1 0 0 1
11 4 1 1 1 1 1 0
11 5 0 1 0 1 1 0
11 6 1 1 0 0 0 0
11 8 1 0 0 0 0 0
11 9 1 1 0 0 0 0
11 10 0 0 1 0 1 1
11 11 0 1 1 1 0 0
11 12 1 0 1 0 1 1
11 13 0 0 0 1 1 0
11 14 1 1 0 0 0 0
11 16 1 0 0 0 0 0
11 17 1 1 0 0 0 0
11 18 1 0 1 1 0 0
11 19 1 1 0 1 0 1
11 20 0 0 0 1 0 0
11 21 1 0 0 0 1 1
11 22 1 1 0 0 0 0
11 24 0 0 1 1 0 1
11 25 1 1 0 0 1 0
11 26 0 0 0 0 0 1
11 27 0 1 1 0 0 0
11 29 0 0 1 1 0 0
11 30 0 0 0 1 0 1
11 31 0 0 1 1 1 1
11 32 1 1 0 1 1 0
12 22 0 0 0 0 1 1
12 23 0 1 0 0 0 0
12 24 0 0 0 0 1 1
12 25 0 0 1 0 0 0
12 26 1 1 1 0 0 1
12 27 1 1 0 1 0 0
12 29 1 1 0 0 0 0
12 30 0 0 1 1 1 0
12 31 0 1 0 1 1 0
12 32 0 0 1 0 0 1
13 19 0 1 0 1 0 0
13 20 0 1 0 1 1 0
13 21 1 0 0 0 1 0
13 22 0 1 0 1 0 0
13 23 0 1 0 1 1 0
13 25 0 1 0 0 0 0
13 26 0 0 1 1 0 1
13 27 1 1 0 1 0 0
13 28 1 0 0 0 1 0
13 29 0 0 1 1 0 1
13 30 1 1 0 1 0 0
14 7 0 0 0 0 0 1
14 8 1 0 0 0 1 0
14 9 0 1 1 1 1 1
14 10 0 0 0 1 1 1
14 13 0 1 0 0 1 1
14 14 0 1 0 1 1 0
14 15 1 1 1 0 0 1
14 16 1 0 0 1 1 1
14 19 0 1 0 0 1 1
14 20 0 1 1 1 0 1
14 21 0 0 1 1 0 0
14 22 0 1 0 1 1 0
14 25 0 0 0 0 1 1
14 26 0 0 1 0 1 1
14 27 1 0 0 0 0 1
14 28 0 0 0 0 0 1
14 29 0 0 1 1 1 0
14 30 1 1 0 1 1 0
16 13 0 0 0 0 1 1
16 14 1 0 0 0 1 0
16 15 0 0 0 1 1 0
16 16 1 0 0 0 1 0
16 17 1 1 0 0 1 1
16 19 0 1 1 0 1 0
16 20 1 0 0 0 0 1
16 21 0 0 0 0 1 1
16 22 1 0 1 0 0 1
17 15 0 0 1 1 0 1
17 16 0 1 1 1 0 0
17 17 0 0 0 0 1 1
17 18 0 1 1 0 1 1
17 19 1 0 1 0 1 0
17 20 1 1 0 1 0 0
19 16 0 1 0 0 0 0
19 17 1 0 0 0 1 0
19 18 0 0 0 1 1 1
19 19 0 0 1 0 1 0
19 20 1 0 0 0 0 1
19 22 1 0 1 0 1 0
19 23 0 1 1 1 0 1
19 24 0 0 0 0 0 1
19 25 1 0 0 0 1 1
19 27 0 1 0 1 0 1
19 29 0 1 0 1 0 1
19 30 1 1 0 1 1 0
19 31 0 0 1 1 0 1
19 32 1 1 0 0 1 0
20 17 0 1 0 0 0 0
20 18 0 0 1 0 1 1
20 19 0 1 1 1 0 0
20 20 1 0 1 0 1 1
20 21 0 0 0 1 1 0
20 23 1 1 0 0 0 1
20 24 0 0 1 1 0 1
20 25 0 0 0 1 1 0
20 27 0 1 0 0 0 0
20 28 0 1 0 0 0 1
20 30 0 1 1 1 1 0
20 31 1 1 1 0 0 1
20 32 1 0 0 1 1 1
21 17 0 1 0 0 1 0
21 18 1 0 0 1 0 0
21 19 1 1 1 0 0 1
21 20 0 1 1 1 0 0
21 22 0 0 1 0 1 0
21 23 1 1 0 1 0 0
21 25 1 0 1 1 1 1
21 26 0 0 0 0 0 1
21 27 1 1 1 1 0 0
21 29 1 1 1 0 1 0
21 30 0 1 0 1 1 0
21 32 0 1 0 1 0 1
22 17 0 0 0 0 1 1
22 18 0 1 0 0 0 0
22 19 0 0 1 0 1 1
22 20 0 1 1 1 0 0
22 21 0 0 1 1 1 0
22 22 0 1 0 1 1 0
22 24 1 1 0 1 0 0
22 26 0 1 1 0 0 1
22 27 1 0 0 1 0 1
22 28 1 0 0 0 1 0
22 29 1 1 0 1 0 1
22 31 1 0 1 0 1 0
22 32 0 1 1 1 0 1
24 12 0 1 0 0 0 0
24 13 0 0 1 0 1 0
24 14 0 0 0 1 1 1
24 16 0 0 0 0 0 1
24 17 1 0 0 0 1 1
24 19 0 0 1 0 1 0
24 20 1 1 0 1 1 0
24 21 1 0 0 0 1 0
24 23 1 1 0 1 0 0
24 25 0 1 1 0 1 0
24 26 1 0 0 0 0 1
24 27 1 0 0 0 0 1
24 29 0 1 1 0 0 1
24 30 1 0 0 1 0 1
24 31 1 0 0 0 1 0
24 32 1 1 0 1 0 1
25 12 0 1 0 0 0 0
25 13 1 0 0 0 1 0
25 14 0 0 0 1 1 1
25 15 0 1 0 0 1 1
25 16 0 0 0 1 1 1
25 18 1 1 0 1 0 0
25 20 1 0 0 0 1 0
25 21 1 1 0 1 0 0
25 22 0 0 1 1 0 0
25 23 0 0 0 1 1 1
25 24 0 0 1 1 1 1
25 25 1 0 0 0 0 1
25 27 0 1 1 0 0 1
25 28 0 0 0 1 1 0
25 29 1 1 0 0 1 0
25 31 1 0 1 0 1 0
25 32 0 1 1 1 0 1
26 13 0 1 0 0 0 0
26 14 0 1 1 0 0 1
26 15 0 1 0 1 1 0
26 16 0 1 1 1 1 1
26 17 1 1 0 1 1 1
26 19 0 1 1 0 0 1
26 20 0 1 1 1 0 0
26 21 0 1 1 0 0 1
26 22 0 1 1 1 0 0
26 24 1 1 0 1 0 0
26 26 0 0 1 0 1 0
26 27 1 0 0 0 0 1
26 28 1 1 1 1 0 1
26 29 0 1 0 1 1 0
26 31 0 1 0 0 0 1
26 32 1 1 0 0 1 1
27 10 0 0 0 0 1 1
27 11 0 1 0 0 0 0
27 12 0 0 0 0 1 1
27 13 1 0 0 0 1 0
27 14 1 0 0 0 1 0
27 15 1 1 0 1 1 0
27 17 0 0 1 0 1 0
27 18 1 1 0 1 0 0
27 20 1 0 1 1 1 1
27 21 0 0 0 0 0 1
27 22 1 1 1 1 0 0
27 24 1 0 1 0 1 0
27 25 1 1 0 1 1 0
27 26 0 0 0 1 0 0
27 27 0 0 1 1 0 0
27 29 0 1 1 0 0 1
27 30 1 0 0 1 0 1
27 31 1 0 0 0 1 0
27 32 1 1 0 1 0 1
