-0.20
41 62 92 113 144 166 196 218 248 269 298 320 350 372 402 424 454 476 507 528 558 580 610 630 661 682 713 734 765 786 815 837 868 888 920 940 971 993 1023 1044 1074 1096 1126 1148 1178 1200 1230 1252 1282 1303 1333 1354 1385 1407 1437 1458 1489 1510 1541 1563 1592 1614 1644 1665
10 31 52 93 114 135 176 197 218 262 283 303 342 364 385 426 446 468 506 528 549 592 613 634 675 696 717 757 777 798 838 860 881 920 941 961 1004 1025 1047 1083 1106 1126 1168 1189 1210 1250 1271 1292 1333 1354 1375 1412 1433 1454 1498 1518 1539 1578 1600 1621 1664 1686 1707 1744 1766 1787 1832 1854 1874 1913 1934 1954 1997 2017 2039 2080 2101 2122 2160 2182 2202 2243 2264 2285
3 4 0 0 1 1 0 1
3 5 0 0 0 1 1 1
3 7 1 1 0 1 0 0
3 9 0 1 1 1 1 0
3 10 0 1 0 1 1 0
3 11 0 0 0 1 0 0
3 12 0 1 1 1 0 0
3 14 0 1 1 1 0 0
3 16 0 1 0 0 0 0
3 17 1 1 1 0 1 0
3 18 1 0 0 0 1 1
3 19 0 1 0 0 1 1
3 20 1 1 0 1 0 0
3 22 1 1 0 1 0 0
3 24 0 1 0 1 0 0
3 25 0 0 0 1 1 0
3 26 0 0 1 1 1 1
3 27 1 1 0 1 1 0
3 29 0 1 1 1 0 0
3 31 0 1 0 1 0 1
4 26 0 1 1 0 0 0
4 27 1 0 0 0 1 0
4 28 1 1 0 1 1 0
4 29 0 0 1 0 0 1
5 16 1 1 1 1 1 0
5 17 1 1 0 1 1 1
5 18 0 0 1 0 1 0
5 19 0 0 0 1 1 0
5 21 1 1 0 1 0 0
5 23 0 0 1 0 1 1
5 24 0 1 1 1 0 0
5 26 0 0 1 1 1 1
5 27 1 1 0 0 1 1
5 28 0 0 0 1 0 0
5 29 1 0 1 0 0 1
5 31 0 1 1 1 0 0
6 20 0 1 1 0 0 1
6 21 0 1 1 1 0 0
6 22 0 1 1 0 0 1
6 23 0 1 1 1 0 0
6 25 1 1 1 0 0 1
6 26 0 1 1 1 0 0
6 27 1 0 1 1 0 0
6 28 0 0 0 1 0 1
6 30 0 1 0 0 0 1
6 31 0 0 0 1 1 0
7 15 0 1 0 0 0 0
7 16 0 0 1 0 1 0
7 17 0 0 0 1 1 0
7 18 1 0 1 1 0 0
7 19 1 1 0 1 1 0
7 21 1 1 0 1 0 0
7 23 1 0 0 0 1 0
7 24 1 1 0 1 0 1
7 26 0 0 1 1 1 0
7 27 1 1 0 1 1 0
7 28 1 0 1 0 1 1
7 29 0 0 0 1 1 1
8 22 0 0 0 0 1 0
8 23 0 1 1 0 0 0
8 24 0 1 0 0 0 1
8 26 0 1 0 1 0 1
8 27 1 1 0 1 1 0
8 28 0 0 1 1 0 1
8 29 0 1 1 1 0 1
8 30 0 0 1 0 0 1
8 31 0 0 1 0 0 0
10 23 0 1 0 0 0 0
10 24 1 1 1 1 0 0
10 25 0 0 0 1 0 1
10 26 0 0 1 1 1 0
10 27 1 0 0 1 1 1
10 29 0 1 1 1 0 0
10 31 0 1 0 1 0 1
11 22 0 0 0 0 1 1
11 23 0 1 0 0 0 0
11 24 0 0 0 1 0 0
11 25 1 0 1 0 1 0
11 26 1 0 1 0 1 1
11 27 0 0 0 1 1 0
11 29 0 1 1 1 0 0
11 31 0 1 0 1 0 1
12 17 1 0 1 0 1 1
12 18 0 0 0 1 1 0
12 19 1 0 1 0 1 1
12 20 0 0 0 1 1 0
12 21 0 0 1 1 0 1
12 22 0 1 1 1 0 1
12 23 0 0 1 1 0 1
12 24 0 1 1 1 0 1
12 26 1 0 0 0 1 0
12 27 1 1 0 1 0 1
12 29 0 1 1 1 0 0
12 31 0 1 0 1 0 1
13 17 0 1 0 0 0 0
13 18 0 1 0 0 0 1
13 20 0 1 1 0 1 1
13 21 1 0 0 0 1 0
13 22 0 1 0 1 1 0
13 24 1 1 0 1 0 0
13 26 0 0 1 1 0 1
13 27 0 0 0 1 0 1
13 28 0 1 1 0 1 0
13 29 1 1 0 0 1 1
14 17 0 0 0 1 0 0
14 18 1 0 1 1 0 0
14 19 1 1 0 1 1 0
14 20 0 0 0 0 1 1
14 21 0 1 1 1 1 0
14 22 0 1 0 1 1 0
14 24 1 1 0 0 0 0
14 25 1 0 1 1 0 0
14 26 1 1 0 0 1 1
14 27 1 0 1 0 1 1
14 28 1 0 0 1 1 0
14 29 1 1 0 0 0 0
14 31 0 1 1 1 0 0
15 5 0 1 0 0 0 0
15 6 0 1 0 1 0 1
15 7 1 1 0 1 0 0
15 8 1 1 1 1 1 1
15 9 0 1 0 1 1 0
15 11 1 1 0 1 0 0
15 13 1 0 1 1 0 0
15 14 1 0 0 1 0 1
15 15 1 0 0 0 1 0
15 16 1 1 0 1 0 0
15 18 0 1 0 0 1 1
15 19 1 1 0 1 0 0
15 20 0 1 0 1 0 1
15 21 0 0 0 1 1 1
15 23 0 0 0 0 1 1
15 24 1 1 1 0 1 0
15 26 1 0 1 1 0 0
15 27 1 1 0 1 0 1
15 28 1 0 1 0 1 0
15 29 0 0 0 1 1 0
15 30 1 0 1 1 0 0
15 31 0 0 0 1 0 1
16 22 0 0 0 0 1 0
16 23 0 1 1 0 0 0
16 24 0 1 0 0 0 1
16 26 0 1 0 1 0 1
16 27 1 1 0 1 1 0
16 28 0 0 1 1 0 1
16 29 0 1 1 1 0 1
16 30 0 0 1 0 0 1
16 31 0 0 1 0 0 0
18 13 0 1 0 0 0 0
18 14 1 0 1 1 0 1
18 15 0 1 0 1 1 0
18 16 1 0 0 0 1 0
18 17 0 0 0 1 1 1
18 19 1 1 0 1 0 0
18 21 0 0 1 1 1 0
18 22 0 1 0 1 1 0
18 23 0 0 1 1 0 1
18 24 1 0 0 1 0 0
18 26 1 0 0 0 1 0
18 27 1 1 0 1 0 1
18 29 0 1 1 1 0 0
18 31 0 1 0 1 0 1
19 6 0 1 1 0 0 0
19 7 0 1 0 1 0 1
19 8 1 1 0 0 1 1
19 9 1 1 1 0 0 1
19 10 1 0 0 0 0 1
19 12 1 0 0 0 1 0
19 13 0 0 0 1 1 1
19 15 0 0 0 0 0 1
19 16 0 1 1 0 1 1
19 17 0 0 1 1 0 1
19 18 1 0 0 0 0 1
19 20 1 1 0 1 0 0
19 22 1 1 1 1 1 1
19 23 0 1 0 1 1 0
19 24 0 1 1 0 0 1
19 25 0 1 1 1 0 0
19 27 0 1 1 0 1 0
19 28 1 0 0 1 0 0
19 30 0 0 1 0 1 1
19 31 1 1 0 1 1 0
20 4 0 1 1 0 0 0
20 5 1 0 1 1 1 0
20 6 1 0 1 0 1 1
20 7 1 0 0 1 1 1
20 9 1 1 0 1 0 0
20 11 1 0 1 1 0 0
20 12 0 0 0 1 1 1
20 13 0 0 1 1 0 1
20 14 1 1 0 1 1 0
20 16 1 0 1 1 1 0
20 17 0 1 0 1 1 0
20 19 0 0 0 0 1 1
20 20 1 0 1 0 1 1
20 21 0 0 0 1 1 0
20 22 0 0 0 0 0 1
20 23 1 1 1 0 1 1
20 24 0 1 0 1 1 0
20 26 1 0 0 0 1 0
20 27 1 1 0 1 0 1
20 29 0 1 1 1 0 0
20 31 0 1 0 1 0 1
21 8 0 1 1 0 0 0
21 9 0 1 0 1 0 1
21 10 0 0 0 0 1 1
21 11 1 1 0 0 0 1
21 12 0 1 0 1 1 0
21 14 1 1 0 1 0 0
21 16 1 0 1 0 1 1
21 17 0 0 0 1 1 1
21 18 0 0 0 0 0 1
21 19 1 0 1 1 0 0
21 21 0 0 1 0 1 0
21 22 1 0 0 0 0 1
21 23 1 1 1 1 1 1
21 24 1 1 0 1 1 0
21 26 1 0 0 0 1 0
21 27 1 1 0 1 0 1
21 29 0 1 1 1 0 0
21 31 0 1 0 1 0 1
22 5 0 1 1 0 0 0
22 6 1 0 1 1 0 0
22 7 0 1 0 1 1 0
22 8 0 1 0 0 1 1
22 9 1 0 0 1 1 1
22 10 1 0 0 0 1 0
22 11 0 0 0 1 0 1
22 13 1 1 0 1 0 0
22 15 1 0 1 0 1 0
22 16 0 0 0 1 1 0
22 17 1 1 1 0 1 1
22 18 0 1 0 1 1 0
22 20 1 1 0 1 0 0
22 22 0 0 1 1 0 1
22 23 1 1 0 1 1 1
22 24 1 1 1 1 1 1
22 25 0 1 1 1 0 0
22 26 0 0 1 1 1 0
22 27 0 1 0 1 1 0
22 29 0 1 1 1 0 0
22 31 0 1 0 1 0 1
23 19 0 0 1 1 0 0
23 20 1 0 0 1 0 1
23 21 1 0 0 0 1 0
23 22 0 0 0 1 1 1
23 24 1 1 0 1 0 0
23 26 0 1 1 0 1 0
23 27 0 1 0 1 1 0
23 28 1 0 1 0 1 1
23 29 1 0 0 1 1 0
23 31 0 1 1 1 0 0
24 20 0 1 1 0 0 0
24 21 0 0 1 0 1 0
24 22 0 0 0 1 1 0
24 23 0 1 1 0 0 1
24 24 1 0 0 1 1 1
24 26 1 0 1 0 1 0
24 27 0 1 1 1 0 1
24 28 1 1 1 0 0 1
24 29 1 0 0 0 0 1
25 22 0 0 0 0 1 0
25 23 0 1 1 0 0 0
25 24 0 1 0 0 0 1
25 26 0 1 0 1 0 1
25 27 1 1 0 1 1 0
25 28 0 0 1 1 0 1
25 29 0 1 1 1 0 1
25 30 0 0 1 0 0 1
25 31 0 0 1 0 0 0
27 14 0 1 0 0 0 0
27 15 1 0 0 0 1 0
27 17 1 0 0 0 0 1
27 19 0 1 1 0 0 1
27 20 1 0 0 1 1 0
27 21 0 0 0 0 1 1
27 22 1 0 0 0 1 0
27 23 0 0 0 0 1 0
27 24 0 1 1 1 0 0
27 26 1 0 0 0 1 0
27 27 1 1 0 1 0 1
27 29 0 1 1 1 0 0
27 31 0 1 0 1 0 1
