0.10
24 45 75 97 127 148 179 201 231 252 283 305 334 356 386 408 439 460 490 512 542 563 594 615 645 667 697 719 749 770 801 822 852 874 905 925 956 977 1008 1029 1060 1081 1111 1132 1162 1184 1215 1236 1267 1288 1319 1341 1370 1392 1422 1444 1474 1495 1526 1548 1578 1599 1629 1650
13 34 55 95 116 137 177 198 219 259 280 301 341 362 383 425 447 467 507 528 549 591 613 634 673 695 715 755 776 798 838 859 881 922 944 964 1005 1027 1048 1088 1109 1129 1171 1193 1214 1253 1275 1295 1337 1359 1379 1415 1436 1457 1497 1518 1539 1580 1602 1623 1667 1688 1708 1745 1766 1787 1827 1853 1874 1912 1934 1954 1996 2018 2038 2078 2100 2121 2162 2185 2206 2246 2267 2287
3 27 0 0 0 0 1 1
3 28 0 1 0 0 0 0
3 29 0 0 1 1 0 0
3 30 0 0 0 1 0 1
3 31 0 0 1 0 0 1
5 8 0 0 0 0 1 1
5 9 0 0 1 0 0 1
5 10 0 0 0 0 1 0
5 11 1 1 1 0 0 1
5 12 0 0 1 0 0 1
5 13 0 1 1 0 0 0
5 14 1 0 0 0 1 0
5 15 1 1 0 1 0 0
5 16 0 0 1 1 0 1
5 17 1 1 0 0 1 1
5 19 0 0 1 0 1 0
5 20 1 0 0 0 0 1
5 22 0 0 0 0 1 1
5 23 1 0 1 0 1 0
5 25 0 1 0 1 0 1
6 15 0 0 0 1 0 0
6 16 0 0 1 1 0 0
6 17 0 0 0 1 0 1
6 18 0 0 0 0 1 1
6 19 1 0 1 0 1 0
8 16 0 1 0 0 0 0
8 17 1 1 0 0 0 1
8 18 1 1 0 1 0 1
8 20 0 0 0 1 0 0
8 21 1 0 0 0 0 1
8 22 1 0 0 0 1 0
8 24 0 1 1 1 0 0
8 26 0 1 0 1 0 1
8 28 0 0 1 1 0 1
8 29 1 1 0 0 1 0
8 30 1 0 1 1 1 0
8 31 1 1 0 1 1 0
9 5 0 0 1 0 0 1
9 6 0 0 1 0 1 1
9 7 1 1 0 1 1 1
9 8 0 0 1 0 1 0
9 9 1 1 0 1 1 0
9 11 0 1 1 0 1 0
9 12 0 0 0 1 1 1
9 13 0 1 1 1 1 1
9 14 0 1 0 1 1 0
9 16 1 1 0 1 0 0
9 18 1 0 1 1 1 0
9 19 0 0 0 1 0 0
9 20 1 0 0 0 1 1
9 22 1 1 1 1 0 0
9 24 1 0 1 0 1 0
9 25 1 1 0 1 1 0
9 26 0 0 0 1 0 0
9 27 0 0 1 1 0 0
9 29 0 1 0 1 0 0
9 31 0 1 0 1 0 1
10 2 0 1 0 0 0 0
10 3 1 0 0 0 1 0
10 4 1 1 0 1 0 0
10 5 0 0 1 1 0 1
10 6 1 1 0 0 1 1
10 8 1 1 0 1 0 0
10 10 0 0 1 0 1 0
10 11 1 0 0 0 0 1
10 12 1 0 0 0 1 0
10 13 1 1 0 1 1 0
10 14 0 1 0 0 0 1
10 15 1 1 0 1 0 0
10 17 0 1 0 1 0 1
10 18 1 0 0 0 1 1
10 20 0 0 0 0 0 1
10 21 1 0 1 0 0 1
10 22 1 1 1 0 0 1
10 23 1 0 0 1 1 0
10 24 0 1 0 0 1 1
10 25 0 0 0 1 1 0
10 27 1 0 1 0 1 1
10 28 0 0 0 1 1 0
10 30 0 0 1 0 1 0
10 31 1 0 0 0 0 1
11 3 0 0 1 0 1 0
11 4 0 1 0 1 1 0
11 6 1 1 0 1 0 0
11 8 0 1 1 0 0 1
11 9 1 0 0 1 1 0
11 10 1 0 1 0 1 1
11 11 0 0 0 1 1 0
11 13 1 1 0 1 0 0
11 15 0 1 1 0 0 1
11 16 1 0 0 1 0 1
11 17 0 1 0 1 0 1
11 19 0 0 1 0 1 0
11 20 1 0 0 0 0 1
11 21 0 0 0 0 0 1
11 22 1 1 1 1 0 0
11 23 1 1 1 1 0 0
11 24 0 1 0 1 1 0
11 26 1 0 1 1 1 1
11 27 0 0 0 0 0 1
11 28 1 1 1 1 0 0
11 30 0 0 1 0 1 0
11 31 1 0 0 0 0 1
12 26 0 1 0 0 0 0
12 27 0 1 1 1 1 0
12 28 0 0 0 1 1 1
12 29 0 0 1 0 0 1
13 3 1 1 0 1 0 0
13 5 0 0 1 1 0 1
13 6 1 1 0 1 0 1
13 7 1 0 0 0 1 0
13 8 1 1 0 1 1 0
13 10 1 1 0 1 0 0
13 12 0 0 1 0 1 0
13 13 1 0 0 0 0 1
13 14 1 1 1 1 1 1
13 15 1 1 0 1 1 0
13 16 1 1 1 0 1 0
13 17 1 1 0 1 1 1
13 19 0 0 1 0 1 0
13 20 1 1 0 1 0 0
13 22 1 0 0 0 1 0
13 23 0 1 0 1 1 0
13 24 0 0 0 0 0 1
13 25 1 0 0 0 0 1
13 27 0 0 0 0 1 0
13 28 0 0 1 1 0 1
13 30 0 0 1 0 1 0
13 31 1 0 0 0 0 1
14 27 0 1 0 0 0 0
14 28 1 1 1 0 0 1
14 29 1 0 0 1 1 0
15 4 1 1 0 1 0 0
15 6 0 1 1 1 1 1
15 7 1 1 0 0 1 0
15 8 0 0 0 1 0 0
15 9 0 1 0 0 1 0
15 11 1 0 0 0 1 0
15 12 0 0 0 1 1 0
15 13 0 0 0 0 1 0
15 14 0 0 1 1 0 1
15 16 1 1 0 1 0 0
15 18 1 0 1 1 0 0
15 19 1 1 0 1 1 0
15 20 0 0 1 1 1 0
15 21 0 0 0 1 1 1
15 23 0 1 1 1 0 1
15 24 1 0 1 0 1 0
15 25 0 0 0 1 1 1
15 27 0 1 0 0 0 1
15 28 1 1 0 1 0 1
15 30 0 0 1 0 1 0
15 31 0 1 0 1 1 0
16 23 0 1 0 0 0 0
16 24 0 1 0 0 0 0
16 25 0 1 0 0 0 0
16 26 0 0 1 1 0 0
16 27 1 0 0 1 0 1
16 28 1 0 0 0 1 0
16 29 0 0 0 1 1 1
17 17 0 1 0 0 0 0
17 18 0 0 1 0 1 0
17 19 0 0 0 1 1 1
17 21 0 0 0 0 0 1
17 22 1 0 0 0 1 1
17 24 0 1 0 1 0 1
17 26 0 1 1 1 1 1
17 27 0 1 0 1 1 0
17 28 0 0 1 1 1 1
17 29 1 1 0 0 1 0
17 30 0 0 1 0 0 1
17 31 0 0 1 0 0 0
18 3 0 0 0 0 1 1
18 4 0 1 0 0 0 0
18 5 1 0 1 1 0 0
18 6 1 0 0 1 0 1
18 7 1 0 0 0 1 0
18 8 0 0 0 1 1 1
18 10 1 0 0 0 1 0
18 11 1 1 0 1 0 0
18 12 0 0 1 1 0 1
18 13 1 1 0 0 1 1
18 15 1 0 1 0 1 0
18 16 0 1 1 1 0 1
18 18 0 0 1 1 1 1
18 19 0 0 0 1 1 1
18 20 0 0 1 1 0 1
18 21 1 0 0 1 1 0
18 23 0 1 0 1 0 0
18 25 0 1 0 0 1 1
18 26 1 0 0 1 0 1
18 27 0 0 0 0 0 1
18 28 1 0 1 0 0 1
18 30 1 0 1 1 0 0
18 31 0 0 0 1 1 1
20 5 0 0 0 0 0 1
20 6 0 1 0 0 0 0
20 7 1 1 1 0 1 0
20 8 0 1 1 1 0 0
20 9 1 0 1 0 1 1
20 10 0 0 0 1 1 1
20 12 0 0 1 1 1 1
20 13 0 1 0 1 1 0
20 15 0 0 1 0 1 1
20 16 1 1 0 1 1 1
20 18 1 0 0 0 1 0
20 19 0 0 0 1 1 1
20 20 0 0 0 0 0 1
20 21 1 0 1 1 0 0
20 23 1 1 0 1 0 0
20 25 0 1 0 1 0 1
20 27 0 0 1 0 1 0
20 28 1 0 0 1 0 1
20 29 0 1 1 0 0 1
20 30 0 1 1 1 0 0
20 31 1 1 1 0 1 0
21 3 0 1 0 0 0 0
21 4 0 1 0 0 0 0
21 5 0 1 0 0 0 0
21 6 0 1 1 0 0 1
21 7 1 1 0 1 1 1
21 8 0 1 1 0 0 1
21 9 0 1 1 1 0 0
21 11 0 0 1 0 1 0
21 12 1 1 0 1 0 0
21 13 0 0 0 0 1 1
21 14 1 0 1 0 1 0
21 16 1 0 0 0 1 0
21 17 1 1 0 1 0 0
21 18 0 0 1 1 0 1
21 19 1 1 0 0 1 1
21 21 0 0 1 0 1 0
21 22 1 0 0 0 0 1
21 24 1 1 1 0 1 0
21 25 1 1 0 1 0 0
21 27 0 1 0 1 0 1
21 29 1 1 1 0 1 0
21 30 0 0 0 1 0 0
21 31 0 0 1 1 1 0
22 2 0 0 0 0 1 1
22 3 1 1 0 0 1 0
22 4 0 0 1 0 0 1
22 5 1 1 0 1 1 0
22 6 0 0 0 1 0 0
22 7 1 1 1 0 0 1
22 9 0 0 0 0 1 1
22 10 1 1 1 0 1 1
22 11 0 0 1 0 0 1
22 12 0 0 0 1 0 0
22 13 0 0 0 1 0 0
22 14 1 1 1 0 0 1
22 16 1 0 1 1 0 0
22 17 1 1 0 1 0 1
22 18 0 1 0 1 1 0
22 19 1 0 0 1 0 0
22 20 1 0 0 0 1 0
22 21 0 0 0 1 0 0
22 22 1 1 1 0 0 1
23 22 0 1 0 0 1 0
23 23 0 1 0 0 1 0
23 24 0 1 0 0 1 0
23 25 0 1 0 0 1 0
23 26 0 1 0 0 1 0
23 27 0 1 0 0 1 0
23 28 0 1 0 0 1 0
23 29 0 1 0 0 1 0
23 30 0 1 0 0 1 0
23 31 0 1 0 0 1 0
24 6 0 0 0 0 1 0
24 7 0 0 1 0 0 1
24 8 1 0 1 1 1 1
24 9 0 1 0 1 1 0
24 10 0 0 0 1 0 0
24 11 0 1 1 1 0 0
24 13 0 0 1 1 0 0
24 14 0 0 0 1 0 1
24 15 0 0 0 0 1 1
24 16 1 0 1 0 1 0
24 17 0 0 1 0 0 1
24 18 0 1 0 0 0 0
24 20 0 1 1 1 0 1
24 21 1 0 1 1 1 1
24 22 0 1 0 1 1 0
24 24 0 0 0 0 1 1
24 25 0 0 1 0 0 1
24 26 0 0 0 0 1 0
24 27 1 1 1 0 0 1
24 28 0 0 1 0 0 1
24 29 0 1 1 0 0 0
25 6 1 0 1 1 0 0
25 7 1 1 0 1 0 1
25 8 1 1 0 1 1 0
25 9 1 0 0 0 1 0
25 10 1 0 0 0 1 0
25 11 0 0 0 1 0 0
25 12 1 1 1 0 0 1
25 14 0 0 1 0 1 0
25 15 0 1 1 1 0 0
25 16 0 0 1 1 1 1
25 17 0 0 0 1 1 0
25 18 0 0 1 1 0 1
25 19 1 1 0 1 1 1
25 21 1 1 1 0 1 1
25 22 0 1 0 1 1 0
25 23 0 0 0 0 1 0
25 24 0 1 0 0 1 0
25 26 0 0 1 1 1 0
25 27 1 0 0 1 0 1
25 28 0 1 1 0 0 1
25 29 1 1 0 0 1 0
25 30 0 0 0 0 0 1
25 31 0 1 1 0 0 0
26 2 0 0 1 0 1 0
26 3 1 0 0 0 0 1
26 5 0 1 0 0 0 0
26 6 0 0 0 0 1 1
26 7 0 0 1 0 0 0
26 8 1 0 0 1 1 0
26 9 1 0 0 0 1 0
26 10 1 0 0 0 1 0
26 11 0 0 0 1 0 0
26 12 1 1 1 0 0 1
26 13 0 0 1 0 0 1
26 14 1 1 0 0 1 0
26 15 0 0 0 1 0 0
26 16 1 0 0 0 1 0
26 17 0 0 0 1 0 0
26 18 1 1 1 0 0 1
26 19 0 0 0 0 0 1
26 20 0 1 1 0 0 0
26 22 0 0 1 1 0 0
26 23 0 0 0 1 0 1
26 24 0 0 0 0 1 1
26 25 1 0 1 0 1 0
26 26 0 0 0 0 1 1
26 27 0 1 0 0 0 0
26 28 0 0 0 0 1 1
26 29 0 0 1 0 0 0
26 30 0 0 1 1 1 1
26 31 0 0 0 1 1 0
27 13 0 0 0 0 1 1
27 14 0 1 0 0 0 0
27 15 0 1 1 0 0 1
27 16 1 1 0 0 1 0
27 17 0 0 0 1 0 0
27 18 0 1 1 1 0 0
27 20 0 1 0 0 0 0
27 21 0 1 1 0 0 1
27 22 1 1 0 0 1 0
27 24 1 1 1 1 1 1
27 25 0 1 0 1 1 0
27 26 0 0 1 1 1 0
27 27 1 1 0 1 1 0
27 29 1 0 1 1 0 1
27 30 1 1 0 1 1 0
27 31 0 0 1 0 0 1
