0.30
33 53 81 102 132 153 184 206 236 257 288 309 340 361 391 413 443 464 495 516 547 568 598 620 650 672 702 723 753 775 805 826 857 878 909 930 960 982 1012 1033 1064 1085 1115 1136 1167 1189 1219 1240 1271 1292 1323 1344 1374 1396 1426 1447 1477 1499 1529 1552 1581 1603 1630 1650
75 95 115 153 175 195 238 260 281 318 339 361 403 425 446 485 507 528 567 589 609 653 674 695 733 755 776 816 837 858 898 920 941 985 1007 1028 1066 1081 1101 1149 1170 1191 1229 1250 1271 1312 1334 1354 1392 1412 1432 1474 1495 1516 1556 1578 1600 1641 1662 1683 1722 1742 1764 1805 1827 1847 1887 1908 1930 1971 1993 2013 2053 2075 2096 2137 2158 2180 2218 2238 2265
2 2 1 0 0 0 1 1
2 4 1 0 1 1 1 0
2 5 0 1 0 1 0 0
2 7 1 1 0 1 1 0
2 8 1 1 0 0 1 1
2 9 1 1 0 0 0 0
2 10 0 1 0 1 0 1
2 11 1 1 1 0 0 0
2 12 1 1 0 0 1 1
2 13 1 0 0 0 1 1
2 14 0 1 0 0 0 0
2 15 1 1 0 1 1 1
2 17 1 1 1 1 0 0
2 18 1 0 0 0 0 1
2 19 1 1 0 1 0 0
2 20 0 1 1 0 0 1
2 22 1 0 0 1 1 0
2 24 1 0 1 0 1 1
2 25 0 1 0 0 1 1
2 26 1 1 0 0 1 0
2 27 0 1 0 0 0 1
2 28 0 0 0 0 1 1
3 2 1 0 1 1 1 0
3 3 0 1 0 1 0 0
3 5 0 1 0 1 0 0
3 6 0 0 1 0 0 0
3 8 1 0 0 0 1 1
3 9 0 1 1 0 0 1
3 10 1 1 0 0 1 0
3 13 1 1 1 0 0 0
3 14 0 1 1 1 0 1
3 15 1 1 1 0 0 0
3 16 0 1 1 1 0 1
3 18 1 0 0 1 1 0
3 20 0 1 0 1 1 0
3 21 1 0 1 0 0 1
3 22 1 1 0 1 0 0
3 23 0 1 1 0 0 1
4 2 0 1 0 1 1 1
4 3 0 1 1 0 0 0
4 4 1 0 1 1 0 1
4 5 0 0 1 0 0 0
4 6 1 1 1 0 0 0
4 7 0 1 0 0 0 1
5 2 1 0 1 1 0 0
5 3 0 1 0 1 0 0
5 4 0 1 1 0 1 1
5 6 1 0 0 1 1 0
5 8 1 0 1 0 1 0
5 9 0 0 0 1 0 0
5 11 1 0 0 0 1 1
5 12 0 0 1 0 1 1
5 13 0 1 1 1 0 0
5 14 1 0 0 0 0 0
5 16 1 0 0 1 1 0
5 18 1 0 1 0 1 0
5 19 0 0 0 1 0 0
5 21 1 1 0 1 0 0
5 22 0 1 1 1 0 1
5 23 0 1 1 1 1 0
5 24 0 0 1 1 1 1
5 26 1 0 0 1 1 0
5 28 1 0 1 0 1 0
5 29 0 0 0 0 1 1
6 2 1 0 1 1 1 0
6 3 0 0 1 0 1 0
6 5 1 1 0 1 1 0
6 6 1 1 0 0 1 1
6 8 1 0 0 1 0 0
6 9 0 1 0 0 1 1
6 11 1 0 1 0 1 0
6 13 1 0 0 1 1 0
6 15 1 1 0 0 1 0
6 16 0 1 1 1 1 1
6 17 0 1 0 1 1 0
6 18 1 1 1 0 1 1
6 20 0 0 1 1 0 0
6 22 1 0 1 0 0 0
6 23 0 0 1 1 0 1
6 25 1 0 0 0 1 1
6 26 0 1 1 0 0 1
7 2 1 0 1 0 0 0
7 3 0 0 1 1 0 1
7 5 1 0 1 0 0 0
7 6 0 0 1 1 0 1
7 7 1 0 0 1 1 0
7 8 0 1 0 0 0 1
8 2 1 0 1 1 1 0
8 3 0 1 0 1 0 0
8 5 1 0 0 1 1 0
8 7 1 1 0 1 0 0
8 8 1 0 1 0 0 1
8 9 0 1 0 1 1 0
8 10 0 1 1 0 1 0
8 11 0 0 0 1 0 0
8 13 1 0 1 1 1 0
8 14 0 1 0 1 0 0
8 16 1 0 0 1 1 0
8 18 0 1 0 1 1 0
8 19 0 1 0 0 1 1
8 20 1 1 0 1 1 0
8 21 0 1 1 0 1 1
8 22 0 0 0 1 0 0
8 24 1 0 1 1 1 0
8 25 0 1 0 1 0 0
8 27 1 0 0 1 1 0
9 4 1 0 1 0 1 1
9 5 0 1 1 0 0 0
9 6 1 1 0 0 1 1
9 7 0 0 0 0 1 1
10 2 0 0 0 0 0 1
10 3 0 0 1 0 0 1
10 4 1 0 1 0 1 1
10 5 1 0 1 0 0 1
10 6 1 1 0 1 1 0
10 7 1 0 1 0 1 0
10 9 0 0 1 0 1 0
10 10 0 0 0 0 1 0
11 2 1 0 1 0 1 0
11 4 1 0 1 0 0 0
11 5 1 1 0 0 0 1
11 6 0 1 0 1 0 1
11 7 0 1 1 0 0 0
11 9 1 0 0 1 1 0
11 11 1 0 1 0 1 1
11 12 1 0 1 0 0 1
11 13 1 1 0 1 1 0
11 14 1 0 1 0 1 0
11 15 0 0 0 0 1 1
11 16 0 1 0 0 0 0
12 12 0 0 1 1 1 1
12 13 1 0 0 0 0 0
12 14 0 1 0 1 0 0
12 15 1 1 0 1 1 0
12 16 0 1 0 1 0 0
12 17 1 0 1 1 1 0
12 18 1 0 0 1 0 1
12 20 0 0 1 1 1 1
12 21 1 0 0 1 1 0
12 22 0 0 1 0 0 1
12 23 0 1 1 1 1 1
12 24 0 1 1 0 0 0
12 26 0 0 1 1 1 1
12 27 1 1 0 0 0 0
12 28 0 1 0 1 1 0
12 29 0 0 1 0 0 1
12 30 0 1 0 1 1 0
12 31 0 1 1 0 0 0
13 2 0 1 0 0 1 0
13 3 0 1 0 0 1 0
13 4 0 1 0 0 1 0
13 5 0 1 0 0 1 0
13 6 0 1 0 0 1 0
13 7 0 1 0 0 1 0
13 8 0 1 0 0 1 0
13 9 0 1 0 0 1 0
13 10 0 1 0 0 1 0
13 11 0 1 0 0 1 0
14 4 0 0 0 0 1 1
14 5 0 0 1 0 0 1
14 6 0 0 1 1 1 1
14 7 0 1 0 0 0 0
14 8 0 0 1 0 0 1
14 9 0 1 1 0 0 0
14 11 1 1 0 0 1 0
14 12 1 1 1 1 0 1
14 13 1 0 1 0 1 1
14 15 0 0 0 0 1 0
14 16 0 0 1 0 0 1
14 17 1 0 0 0 1 1
14 18 1 0 1 0 0 1
14 19 0 1 1 1 1 0
14 20 1 0 0 0 0 1
14 22 1 0 0 1 1 0
14 24 1 0 0 0 1 1
14 25 1 0 0 0 0 0
14 26 0 0 1 0 0 1
14 27 0 1 0 0 0 0
15 2 0 0 0 0 1 1
15 3 0 0 1 0 0 0
15 4 0 1 0 1 1 0
15 5 0 0 1 0 1 1
15 6 1 0 1 1 0 0
15 7 1 1 0 0 0 1
15 9 0 1 0 0 1 0
15 10 0 1 0 0 0 0
15 11 1 1 0 0 1 0
15 12 0 1 1 1 1 1
15 14 1 1 1 1 1 0
15 15 1 0 1 0 0 1
15 16 1 1 0 0 0 0
15 17 1 1 1 0 0 1
15 18 1 0 0 0 1 1
15 19 0 1 0 0 0 1
15 21 0 0 1 1 1 1
15 22 1 0 0 0 0 0
15 23 0 1 0 1 0 0
15 24 0 1 0 1 0 0
15 25 1 0 0 1 1 0
15 26 1 0 1 1 1 0
15 27 1 0 0 1 0 1
16 2 1 1 0 0 0 0
16 3 1 1 1 0 0 1
16 4 0 0 0 0 0 1
16 5 0 1 1 0 0 0
16 6 0 0 0 0 1 0
16 7 0 1 1 0 0 0
18 4 1 0 0 1 0 1
18 5 0 1 0 0 0 0
18 6 0 1 1 1 1 0
18 7 0 1 1 0 1 0
18 9 0 0 1 1 0 1
18 11 1 1 1 0 0 0
18 12 1 0 0 1 0 1
18 13 1 1 0 0 1 0
18 14 0 1 0 1 0 0
19 4 0 1 0 1 0 0
19 7 1 1 0 0 1 1
19 9 1 1 0 1 1 0
19 10 1 1 1 0 0 1
19 11 1 0 1 0 0 0
19 12 1 0 0 0 0 1
19 14 1 0 0 1 1 0
19 15 0 1 0 0 0 1
19 17 1 1 1 0 0 0
19 18 0 1 1 0 0 1
19 19 1 0 0 1 1 0
19 20 1 0 1 0 0 1
19 22 1 0 1 0 0 0
19 23 0 1 0 0 0 1
19 24 0 1 0 0 1 0
19 25 0 1 0 0 0 0
19 26 0 0 0 0 1 0
19 28 1 1 0 0 0 0
19 29 0 1 1 1 0 1
19 30 0 1 1 1 0 0
19 31 0 1 0 0 1 1
20 2 0 0 1 1 0 0
20 3 0 1 0 0 0 1
20 4 1 0 0 0 1 1
20 5 1 1 1 0 1 1
20 7 1 0 0 0 1 1
20 8 1 0 0 0 0 0
20 9 0 0 0 0 1 0
20 10 0 1 1 0 0 0
20 11 0 1 1 1 1 0
20 12 1 1 1 0 0 1
20 13 1 1 0 1 1 0
20 14 1 1 0 0 1 1
20 16 0 1 0 1 0 0
20 17 1 1 0 0 1 0
20 18 1 1 0 1 0 1
20 19 0 0 0 0 1 0
20 21 0 0 0 1 1 0
20 22 1 0 1 0 1 0
20 23 0 0 0 1 1 0
20 25 1 1 0 1 1 0
20 26 1 1 0 0 0 1
20 28 0 0 1 1 0 0
20 29 0 0 1 0 0 0
21 2 1 0 1 0 1 1
21 3 1 0 1 0 1 0
21 4 0 0 1 1 0 0
21 5 0 1 0 0 0 1
21 6 0 0 1 0 0 0
21 8 0 1 0 1 0 0
21 9 1 1 0 1 1 0
21 10 0 1 0 0 0 1
21 12 0 1 0 1 1 0
21 13 0 0 1 0 1 1
21 15 1 0 1 1 0 0
21 16 0 0 1 0 1 0
21 17 0 0 0 0 1 0
21 18 0 0 1 0 0 0
21 20 0 0 0 1 1 0
21 21 1 0 1 0 1 0
21 22 0 0 0 1 1 0
21 24 0 0 1 1 0 1
21 26 1 0 1 0 1 1
21 27 1 0 1 0 0 1
21 28 1 1 0 1 1 0
21 29 1 0 1 0 1 0
21 31 1 0 0 0 1 1
22 2 0 1 0 1 0 0
22 3 0 0 1 1 0 0
22 4 0 1 0 0 1 1
22 6 1 0 0 0 1 1
22 7 0 0 1 0 1 1
22 8 1 0 1 1 0 0
22 9 0 1 0 0 0 1
22 11 1 1 0 1 1 0
22 12 1 1 0 1 1 1
22 13 1 1 0 0 1 0
22 14 0 1 0 1 0 0
22 15 0 0 0 0 1 0
22 16 0 0 1 0 0 0
23 4 1 1 1 0 1 0
23 5 0 1 1 0 0 0
23 8 1 0 1 0 1 1
23 9 0 1 0 1 0 1
23 11 0 0 1 1 0 0
23 12 0 1 0 0 0 1
23 13 1 0 0 0 1 1
23 14 1 1 1 0 1 1
23 16 1 0 0 0 1 1
23 17 1 0 0 0 0 0
23 19 0 0 1 1 0 0
23 20 0 1 0 0 1 1
23 21 0 0 0 0 1 0
23 23 1 0 0 0 1 1
23 24 1 0 0 0 0 0
23 25 0 1 0 1 1 0
23 26 0 0 1 0 1 1
23 28 1 0 0 0 1 1
23 29 1 0 1 0 0 1
23 30 1 1 0 1 0 0
23 31 0 0 1 0 1 0
24 2 0 0 1 0 0 1
24 3 1 1 1 0 0 0
24 4 0 1 0 0 0 1
24 6 1 0 0 1 1 0
24 7 0 1 0 1 1 1
24 9 1 0 1 0 1 1
24 10 1 0 1 0 0 1
24 11 1 1 0 1 1 0
24 12 1 0 1 0 1 0
24 14 1 0 1 0 1 1
24 15 0 0 1 0 1 1
24 16 1 0 1 1 0 1
24 18 1 0 0 1 1 0
24 20 1 1 0 1 1 0
24 21 1 1 1 0 0 1
24 22 1 0 1 0 0 0
24 23 1 0 0 0 0 1
24 24 0 0 0 0 1 0
24 25 0 0 1 0 0 0
24 26 0 0 1 1 0 0
24 27 0 1 0 0 0 1
24 28 0 0 1 1 0 0
24 29 0 1 0 0 1 1
25 2 1 1 0 1 1 0
25 3 1 1 1 0 0 1
25 4 1 0 1 0 0 0
25 5 1 0 0 0 0 1
25 7 1 1 0 0 1 1
25 8 0 1 1 0 0 0
25 10 1 0 0 0 1 1
25 12 0 1 1 1 1 0
25 13 0 1 0 0 1 1
25 14 1 1 0 1 1 0
25 15 1 0 1 0 1 0
25 17 1 0 1 1 1 0
25 18 0 0 1 0 1 0
25 19 0 0 1 0 0 0
25 20 1 1 0 0 1 0
25 21 1 0 0 0 1 0
25 23 1 0 0 0 1 1
25 24 0 1 1 0 0 0
25 25 1 0 1 0 0 1
25 27 1 1 1 0 0 0
25 28 0 1 0 1 0 1
25 30 1 1 0 0 0 0
25 31 0 0 1 1 1 0
26 2 0 0 1 0 0 1
26 3 1 1 0 0 1 0
26 4 1 0 0 1 0 1
26 6 1 0 0 1 1 0
26 7 0 0 0 0 1 0
26 8 0 0 1 0 0 0
26 9 0 0 1 1 0 0
26 10 0 1 0 0 0 1
26 11 1 1 0 0 1 0
26 12 1 0 0 0 1 0
26 14 1 0 0 0 1 1
26 15 0 1 1 0 0 0
26 16 1 0 1 0 0 1
26 18 1 1 0 0 1 1
26 20 1 0 0 0 1 1
26 21 0 0 1 0 1 1
26 22 1 0 1 1 0 0
26 23 0 1 0 0 0 1
26 25 0 1 1 1 1 0
26 26 0 1 0 0 0 1
26 27 1 0 0 1 1 0
26 28 1 0 0 1 0 1
26 29 0 0 0 0 1 0
26 30 0 0 1 0 0 0
27 29 0 0 1 1 1 1
27 30 1 0 0 0 0 0
27 31 1 0 0 0 0 0
3 11 0 0 1 0 0 0
