0.60
30 52 82 104 133 156 187 208 238 259 290 311 342 363 394 414 445 466 497 519 549 571 599 622 652 674 704 725 755 777 808 829 859 881 911 932 963 985 1014 1036 1066 1088 1118 1140 1171 1192 1221 1243 1273 1295 1325 1346 1377 1398 1429 1451 1481 1502 1532 1554 1584 1606 1636 1657 1687 1708
76 97 118 159 180 201 244 265 287 327 348 369 410 431 452 492 513 534 575 596 619 660 681 702 740 761 783 824 846 866 904 926 946 991 1011 1032 1068 1090 1111 1155 1176 1197 1235 1257 1277 1318 1340 1361 1398 1421 1440 1484 1505 1526 1564 1586 1607 1648 1669 1690 1730 1751 1772 1815 1836 1857 1896 1918 1939 1981 2002 2023 2063 2085 2105 2146 2166 2188 2229 2249 2271
2 4 0 1 1 1 0 0
2 5 0 0 1 0 1 0
2 6 0 1 1 1 0 1
2 8 0 1 0 0 0 0
2 9 0 0 0 0 1 0
2 10 0 0 1 0 0 1
2 11 0 1 1 1 1 0
2 12 0 0 0 1 1 1
2 13 0 0 1 0 1 0
2 14 0 1 0 1 1 0
2 16 0 0 1 1 1 1
2 17 1 1 0 0 1 1
2 19 0 1 1 0 0 1
2 20 1 1 0 0 1 0
2 21 1 0 1 0 1 1
2 22 0 1 0 1 1 0
2 23 0 0 1 0 0 1
2 24 0 1 0 0 0 0
2 26 1 1 0 1 0 0
2 28 0 0 0 1 0 0
2 29 1 0 0 0 1 1
2 30 0 1 1 1 1 0
2 31 0 1 0 1 1 0
3 3 0 0 1 1 0 1
3 4 1 1 0 1 1 0
3 6 0 0 0 0 1 1
3 7 0 1 1 0 1 1
3 8 1 1 1 0 1 0
3 9 0 1 0 1 1 0
3 11 0 1 1 1 1 1
3 12 0 1 0 1 1 0
3 14 1 0 1 0 1 0
3 15 0 1 0 1 1 0
3 16 0 1 0 1 0 1
3 17 1 1 0 1 1 0
3 18 0 0 0 0 1 0
3 19 1 0 1 1 0 1
3 20 1 1 0 0 0 1
3 21 1 0 0 1 1 1
3 23 0 1 1 0 0 1
3 24 1 1 0 0 1 0
3 25 1 0 1 0 1 1
3 26 0 1 0 1 1 0
3 28 0 1 1 1 1 1
3 29 1 0 0 0 0 1
3 30 1 0 0 0 1 1
3 31 1 0 0 1 1 0
4 5 0 0 0 0 1 1
4 6 0 1 0 0 0 0
4 7 0 0 1 0 1 0
4 8 1 1 0 1 1 0
4 10 1 0 0 0 0 1
4 12 0 1 1 0 0 1
4 13 1 1 0 1 1 0
4 14 1 1 1 0 0 0
4 15 0 1 0 1 1 0
4 17 1 0 1 0 0 1
4 18 0 0 0 1 0 1
4 19 1 0 0 0 1 0
4 21 1 1 0 1 0 0
4 23 0 0 1 0 1 1
4 24 1 1 0 1 1 1
4 26 0 1 0 1 0 1
4 27 1 0 0 0 1 1
4 29 0 0 1 1 0 1
4 30 1 1 0 0 1 1
4 31 0 0 1 0 0 1
6 12 0 0 0 0 1 1
6 13 0 0 1 0 0 1
6 14 0 0 0 0 1 0
6 15 1 1 1 0 0 1
6 16 0 0 1 0 0 1
6 17 0 1 1 0 0 0
6 18 0 1 0 1 0 1
6 19 1 1 0 1 1 0
6 20 0 0 1 1 0 1
6 21 0 1 1 1 0 1
7 12 0 0 1 1 0 1
7 13 1 0 0 1 1 0
7 14 0 1 0 1 0 1
7 15 1 1 0 0 1 1
7 16 1 1 1 0 0 1
7 17 1 0 0 1 0 1
7 18 1 0 1 0 1 0
7 19 0 0 0 1 1 1
9 3 0 0 0 0 1 1
9 4 1 0 1 0 1 0
9 6 1 1 0 1 0 0
9 8 0 0 0 0 1 1
9 9 1 0 0 0 1 0
9 10 1 0 0 0 1 0
9 11 0 0 0 1 0 1
9 13 0 1 1 1 0 0
9 15 1 1 0 1 0 0
9 17 1 1 1 1 0 0
9 19 0 0 1 1 1 1
9 20 1 1 0 1 0 0
9 22 0 1 0 0 0 0
9 23 0 1 0 1 0 1
9 24 1 1 0 1 1 0
9 25 0 0 1 1 0 1
9 26 0 1 1 1 0 1
9 28 0 0 0 0 1 1
9 29 1 0 1 0 1 0
9 31 0 1 0 1 0 1
10 25 0 0 0 0 1 0
10 26 0 1 1 0 0 0
10 27 0 0 1 1 0 0
10 28 0 0 0 1 0 1
10 29 0 0 1 0 0 1
11 2 0 0 0 0 1 1
11 3 1 0 0 0 0 1
11 5 0 1 0 0 0 1
11 6 1 1 0 0 1 1
11 7 1 0 0 0 0 0
11 9 0 1 0 0 0 1
11 10 0 0 0 1 1 0
11 12 1 1 1 0 0 1
11 13 1 1 0 1 0 1
11 14 0 0 1 1 0 1
11 15 0 0 0 1 1 0
11 17 0 1 0 1 0 0
11 19 0 0 0 0 1 1
11 20 1 0 0 0 0 1
11 21 1 0 0 0 1 0
11 22 0 0 0 1 1 1
11 24 1 1 0 1 0 0
11 26 0 1 0 1 0 1
11 28 1 0 1 1 0 0
11 29 0 0 0 1 1 1
12 23 0 0 0 0 1 1
12 24 0 1 0 0 0 0
12 25 1 1 1 0 0 1
12 26 0 1 1 1 0 0
12 27 0 0 1 0 0 1
13 4 0 1 0 0 0 0
13 5 0 1 1 0 1 0
13 6 1 1 0 0 1 0
13 7 0 1 1 0 1 1
13 8 1 1 0 1 1 0
13 10 1 1 0 1 0 0
13 12 1 0 1 0 1 0
13 13 0 0 0 1 1 1
13 14 1 1 1 1 1 0
13 15 0 1 0 1 1 0
13 17 1 1 1 0 1 1
13 18 0 1 0 1 1 0
13 19 1 0 1 1 0 0
13 20 0 1 0 1 1 0
13 22 0 1 1 1 0 0
13 24 0 1 0 0 1 0
13 25 0 0 0 1 1 1
13 26 0 0 0 0 1 0
13 27 0 0 1 1 0 1
14 3 1 1 0 1 0 0
14 5 0 0 0 0 1 1
14 6 0 0 1 1 1 0
14 7 0 1 0 1 1 0
14 8 0 0 0 0 1 0
14 9 1 0 1 1 0 0
14 10 0 0 0 1 0 1
14 12 1 1 0 1 0 0
14 14 0 0 0 0 1 1
14 15 0 1 0 0 1 1
14 16 0 1 0 0 1 1
14 17 1 1 0 1 1 0
14 19 0 0 1 0 1 0
14 20 0 0 0 1 1 1
14 21 0 0 1 1 1 1
14 22 1 0 0 1 0 1
14 23 0 1 1 0 1 0
14 24 1 1 0 1 1 1
14 26 0 1 1 1 0 0
14 28 0 1 0 0 1 0
14 29 0 0 0 1 1 1
14 30 0 0 0 0 1 0
14 31 0 0 1 1 0 1
15 25 0 1 0 0 0 0
15 26 0 0 1 1 0 0
15 27 1 1 0 1 1 0
15 28 0 0 1 1 0 0
15 29 1 1 0 1 0 1
16 3 1 1 1 1 1 0
16 4 1 1 0 1 1 1
16 6 1 1 0 1 0 0
16 8 1 1 1 0 0 1
16 9 0 1 1 1 0 0
16 10 0 1 1 0 0 1
16 11 0 1 1 1 0 0
16 13 1 0 1 0 1 0
16 14 1 1 0 1 0 0
16 15 0 0 0 0 1 0
16 16 0 1 1 1 0 0
16 18 0 0 1 1 0 1
16 19 1 1 0 1 1 0
16 20 0 0 0 0 0 1
16 21 1 0 1 1 1 1
16 23 0 1 0 0 0 1
16 24 1 1 0 1 0 1
16 26 0 1 1 1 0 0
16 28 0 1 0 0 1 0
16 29 0 0 0 1 1 1
16 30 0 0 0 0 1 0
16 31 0 0 1 1 0 1
17 26 0 1 0 0 0 0
17 27 0 0 0 0 1 0
17 28 1 0 1 1 0 0
17 29 0 0 1 0 0 1
18 4 1 1 0 1 0 0
18 6 0 1 0 1 0 0
18 7 1 1 0 1 1 0
18 8 0 0 0 0 1 1
18 9 1 1 1 0 1 0
18 11 1 1 0 1 0 0
18 13 0 1 1 0 1 0
18 14 1 0 0 0 0 1
18 15 0 0 1 1 1 0
18 16 0 1 0 1 1 0
18 18 0 1 0 1 0 1
18 20 1 0 0 0 1 0
18 21 0 0 0 1 0 1
18 22 1 0 0 0 1 0
18 23 1 1 0 1 1 0
18 25 1 1 1 0 0 1
18 26 1 1 0 1 0 1
18 27 0 0 1 1 0 1
18 28 0 0 0 1 1 0
18 30 0 1 1 1 1 1
18 31 1 1 0 1 0 0
19 24 0 0 0 0 1 1
19 25 0 1 0 0 0 0
19 26 1 1 1 0 0 1
19 27 1 0 0 1 0 1
19 28 1 1 1 1 1 0
19 29 0 1 0 1 1 0
21 5 0 0 1 0 0 1
21 6 0 0 1 0 0 0
21 7 0 0 1 0 1 0
21 8 1 0 0 1 0 1
21 9 0 1 1 0 0 1
21 10 0 1 1 1 0 0
21 11 1 1 1 0 1 0
21 13 0 1 0 0 1 1
21 14 1 1 0 1 0 0
21 15 0 0 0 1 0 0
21 16 1 0 0 0 0 1
21 17 0 0 1 1 0 1
21 18 0 0 0 1 1 0
21 20 0 1 0 1 0 1
21 21 0 0 1 0 0 1
21 22 0 0 1 0 0 0
21 23 0 0 0 0 1 1
21 24 1 0 1 0 1 0
21 26 0 1 0 1 0 1
21 28 0 0 1 1 1 1
21 29 1 1 0 1 0 0
22 2 0 1 1 0 0 1
22 3 1 1 0 1 1 1
22 5 1 1 0 1 0 0
22 7 0 0 1 0 1 0
22 8 1 0 0 1 0 1
22 9 1 1 1 0 0 1
22 10 0 0 0 1 1 1
22 12 0 0 1 1 0 0
22 13 0 0 0 1 0 1
22 14 1 0 0 0 1 0
22 15 0 0 0 1 0 1
22 17 0 0 1 0 1 1
22 18 0 1 1 1 0 0
22 20 1 0 1 1 1 1
22 21 0 1 0 0 1 1
22 22 1 0 0 1 0 0
22 24 0 1 0 0 0 1
22 25 1 1 0 1 0 1
22 27 0 1 0 0 0 1
22 28 1 1 0 0 1 1
22 29 1 0 0 0 0 0
23 24 0 1 0 0 0 0
23 25 0 0 1 1 0 0
23 26 1 1 0 1 1 0
23 27 0 0 1 0 0 1
24 2 0 1 1 0 0 1
24 3 1 0 0 0 1 1
24 5 1 1 0 1 0 0
24 7 0 0 1 1 1 0
24 8 1 1 0 1 1 0
24 9 0 0 0 0 1 0
24 10 0 0 1 1 0 1
24 12 1 1 0 1 0 0
24 14 0 1 1 0 1 0
24 15 1 1 0 1 0 0
24 16 0 1 1 0 1 1
24 17 0 1 0 1 1 0
24 19 1 1 1 0 0 1
24 20 1 0 0 1 1 0
24 21 1 1 1 0 1 0
24 22 1 0 0 0 1 1
24 24 0 1 0 0 0 1
24 25 1 1 0 1 0 1
24 27 0 1 0 0 0 1
24 28 1 1 0 0 1 1
24 29 1 0 0 0 0 0
25 24 0 1 0 0 0 0
25 25 0 0 1 1 1 0
25 26 0 0 0 1 1 1
25 27 0 0 1 0 0 1
26 3 1 1 0 1 0 0
26 5 1 1 1 0 1 0
26 6 0 1 1 1 0 0
26 7 0 0 1 0 1 0
26 8 0 1 0 1 1 0
26 10 1 1 0 1 0 0
26 12 0 0 0 0 0 1
26 13 1 1 1 1 0 0
26 14 1 1 1 1 0 0
26 15 0 1 0 1 1 0
26 17 1 1 0 1 0 0
26 18 0 0 0 0 1 1
26 19 0 1 1 1 0 0
26 21 1 0 1 0 1 0
26 22 0 1 0 1 1 0
26 23 0 1 0 0 0 1
26 24 1 1 0 1 0 0
26 26 0 1 0 0 0 1
26 27 1 1 0 1 0 1
26 29 0 1 0 0 0 1
26 30 1 1 0 0 1 1
26 31 1 0 0 0 0 0
27 2 1 0 0 1 0 0
27 3 0 0 0 1 0 0
27 4 1 1 1 0 0 1
