0.40
32 52 80 102 131 153 184 205 236 257 288 310 339 361 392 413 443 465 495 516 545 566 595 617 649 671 701 722 752 774 805 825 857 878 908 930 962 982 1012 1034 1064 1086 1117 1138 1168 1190 1218 1243 1272 1293 1324 1346 1376 1398 1428 1448 1480 1500 1533 1553 1583 1603 1643 1663 1667 1687
39 59 79 99 119 139 177 198 219 261 283 301 339 359 379 414 436 458 498 520 540 580 602 622 664 686 707 745 765 785 827 849 870 911 932 953 995 1017 1038 1075 1097 1119 1157 1177 1197 1240 1261 1283 1327 1348 1370 1406 1427 1448 1492 1514 1535 1573 1593 1613 1657 1679 1700 1739 1760 1781 1823 1845 1866 1904 1925 1946 1984 2010 2030 2072 2093 2114 2155 2177 2198 2240 2260 2280
3 11 1 1 0 0 1 0
3 12 1 0 1 1 0 1
3 13 1 0 0 0 0 0
3 14 1 1 1 1 1 0
3 15 1 1 1 0 1 0
3 16 0 0 0 0 1 1
3 17 0 0 1 0 0 1
3 18 0 0 1 1 1 1
3 19 0 1 0 0 0 0
3 20 0 0 1 0 0 1
3 21 0 1 1 0 0 0
4 14 0 0 1 1 0 1
4 15 0 1 0 0 0 0
4 16 1 1 0 1 1 0
4 17 0 1 1 0 1 1
4 18 1 0 0 0 0 0
4 19 0 0 1 1 0 0
4 20 0 1 0 0 1 1
4 21 1 0 0 0 0 0
6 2 1 1 0 0 1 0
6 3 0 0 1 1 1 0
6 4 1 0 0 0 1 1
6 5 0 1 0 0 0 0
6 6 1 1 0 0 1 0
6 7 1 1 1 0 1 1
7 2 1 1 0 0 1 0
7 3 1 0 1 1 0 1
7 4 1 1 1 1 1 0
7 5 1 1 1 0 1 1
7 7 1 0 0 0 1 1
7 9 0 1 0 1 0 0
7 10 1 0 1 1 0 0
7 11 0 1 1 1 0 1
7 13 1 1 0 0 1 0
7 14 0 0 1 1 1 0
7 15 1 1 0 0 1 0
7 16 0 0 1 1 1 0
7 18 1 0 0 1 1 0
7 20 1 1 0 0 1 1
7 21 0 1 0 0 0 0
7 22 1 1 1 1 0 0
7 23 0 0 1 0 1 0
8 2 1 0 1 0 1 0
8 4 1 0 1 0 1 1
8 5 0 1 0 1 0 1
8 7 0 0 1 1 0 0
8 8 0 1 0 0 0 0
8 9 0 1 1 1 1 0
8 10 1 1 1 0 1 1
9 2 1 0 1 1 0 0
9 3 1 0 1 0 0 1
9 4 1 0 1 0 0 0
9 5 1 1 0 0 0 1
9 7 1 0 1 0 1 1
9 8 0 1 0 1 0 1
9 10 1 0 1 1 1 0
9 11 0 0 1 0 1 0
9 12 0 1 1 1 1 0
9 13 1 1 1 0 1 1
11 2 0 0 1 1 0 0
11 3 0 1 1 0 0 1
11 4 1 0 0 1 1 0
11 5 0 0 1 0 1 0
11 7 1 1 0 0 1 0
11 8 1 1 1 0 1 1
12 2 1 1 0 0 1 0
12 3 1 0 1 1 0 1
12 4 1 1 1 1 1 0
12 5 1 1 1 0 1 1
12 7 1 0 0 0 1 1
12 9 0 1 0 1 0 0
12 10 0 0 1 1 0 0
12 11 0 1 1 0 0 1
12 13 0 0 1 1 0 0
12 14 0 1 0 1 0 1
12 15 0 0 1 1 0 0
12 16 0 1 0 1 0 1
12 18 1 0 0 1 1 0
12 20 1 1 1 1 1 0
12 21 1 1 0 1 1 1
12 22 1 1 1 1 0 0
12 23 0 0 1 1 1 0
13 2 1 0 1 0 1 0
13 4 1 0 1 0 1 1
13 5 0 1 0 1 0 1
13 7 0 0 1 1 0 0
13 8 0 1 0 0 0 1
13 9 0 1 1 1 1 0
13 10 1 1 1 0 1 1
14 2 1 1 0 0 1 0
14 3 1 1 0 0 0 1
14 4 1 0 1 1 1 0
14 5 1 0 1 1 0 1
14 7 1 0 1 0 1 1
14 8 0 1 0 1 0 1
14 10 1 0 1 1 1 0
14 11 0 0 1 0 1 0
14 12 0 1 1 1 1 0
14 13 1 1 1 0 1 1
16 2 1 1 0 0 1 0
16 3 1 1 1 0 1 1
16 4 1 1 1 0 0 0
16 5 0 1 0 1 0 1
16 7 0 0 1 0 1 0
17 2 1 1 0 0 1 0
17 3 1 0 1 1 0 1
17 4 1 1 1 1 1 0
17 5 1 1 1 0 1 1
17 7 1 0 0 0 1 1
17 9 0 1 0 1 0 0
17 10 1 1 0 1 0 0
17 13 0 1 0 1 0 1
17 14 0 0 1 0 0 0
17 15 0 1 0 1 0 1
17 17 1 0 0 1 1 0
17 19 1 1 0 1 0 0
17 20 0 0 1 0 1 1
17 21 1 0 1 1 0 0
17 22 1 0 1 0 0 1
18 2 1 0 1 0 1 0
18 4 1 0 1 0 1 1
18 5 0 1 0 1 0 1
18 7 1 0 1 1 1 1
18 8 0 1 1 0 0 0
18 9 0 1 1 1 1 0
18 10 1 1 1 0 1 1
19 2 1 0 1 1 0 0
19 3 1 0 1 0 0 1
19 4 1 0 1 0 0 0
19 5 1 1 0 0 0 1
19 7 1 0 1 0 1 1
19 8 0 1 0 1 0 1
19 10 1 1 1 0 0 0
19 11 0 1 0 1 0 0
19 12 0 1 1 1 1 0
19 13 1 1 1 0 1 1
21 2 1 1 1 0 1 0
21 4 1 1 0 0 1 0
21 5 1 0 0 1 0 1
21 6 1 0 1 0 1 1
21 7 0 1 0 1 0 1
22 2 1 1 0 0 1 0
22 3 1 0 1 1 0 1
22 4 1 1 1 1 1 0
22 5 1 1 1 0 1 1
22 7 1 0 0 0 1 1
22 9 0 1 0 1 0 0
22 10 1 1 0 1 1 1
22 11 1 0 0 0 0 0
22 13 1 0 1 0 0 0
22 14 1 0 0 1 0 1
22 15 1 0 1 0 0 0
22 16 1 0 0 1 0 1
22 18 1 0 0 1 1 0
22 20 1 1 0 0 1 0
22 21 0 1 0 1 0 1
22 22 1 1 0 0 1 0
22 23 1 1 0 1 0 1
23 2 1 0 1 0 1 0
23 4 1 0 1 0 1 1
23 5 0 1 0 1 0 1
23 7 0 0 1 1 0 0
23 8 0 1 0 0 0 1
23 9 0 1 1 1 1 0
23 10 1 1 1 0 1 1
24 2 1 0 0 1 1 0
24 3 0 0 1 0 1 0
24 4 1 1 1 0 0 0
24 5 1 0 1 0 0 1
24 7 1 0 1 0 1 1
24 8 0 1 0 1 0 1
24 10 1 0 1 1 1 0
24 11 0 0 1 0 1 0
24 12 0 1 1 1 1 0
24 13 1 1 1 0 1 1
25 2 0 1 0 0 1 0
25 3 0 1 0 0 1 0
25 4 0 1 0 0 1 0
25 5 0 1 0 0 1 0
25 6 0 1 0 0 1 0
25 7 0 1 0 0 1 0
25 8 0 1 0 0 1 0
25 9 0 1 0 0 1 0
25 10 0 1 0 0 1 0
25 11 0 1 0 0 1 0
26 4 0 0 0 0 1 1
26 5 0 0 1 0 0 1
26 6 0 0 1 1 1 1
26 7 0 1 0 0 0 0
26 8 0 0 1 0 0 1
26 9 0 1 1 0 0 0
26 11 1 1 0 0 1 0
26 12 1 1 1 1 0 1
26 13 1 0 1 0 1 1
26 15 0 0 0 0 1 0
26 16 0 0 1 0 0 1
26 17 0 0 1 1 0 1
26 18 0 1 0 0 0 0
26 19 1 1 0 1 1 0
26 20 0 1 1 0 1 1
26 21 0 0 1 1 0 0
26 22 0 1 0 0 1 1
26 24 1 0 0 0 1 1
26 25 1 0 0 0 0 0
26 26 1 1 0 0 1 0
26 27 1 1 1 1 0 1
26 28 0 0 1 0 0 1
26 29 0 1 0 0 0 0
27 2 0 0 0 0 1 1
27 3 0 0 1 0 0 0
27 4 1 1 0 0 1 0
27 5 0 1 0 1 0 1
27 6 1 1 0 0 1 0
27 7 1 1 0 1 0 1
27 9 0 1 0 0 1 0
27 10 0 1 0 0 0 0
27 11 0 1 0 1 0 0
27 12 0 1 1 0 0 0
27 14 1 1 1 1 1 0
27 15 1 0 1 0 0 1
27 16 1 1 0 0 0 0
27 17 1 1 1 0 0 1
27 18 1 0 0 0 1 1
27 19 0 1 0 0 0 1
27 21 0 0 1 1 1 1
27 22 1 0 0 0 0 0
27 23 0 1 0 1 0 0
27 24 0 1 0 1 0 0
27 25 1 1 0 0 1 0
27 26 1 0 1 1 1 0
27 27 1 0 0 1 0 1
28 30 0 0 1 1 1 1
28 31 1 0 0 1 0 0
17 11 0 1 1 0 0 1
