-1.00
57 77 105 126 156 178 209 230 260 282 312 333 364 385 415 437 467 488 518 540 570 592 622 643 674 695 725 747 777 798 828 850 880 901 932 953 984 1004 1035 1057 1087 1108 1139 1159 1190 1211 1242 1263 1294 1315 1345 1366 1397 1419 1449 1470 1500 1522 1553 1574 1604 1625 1652 1672
98 118 138 176 198 219 263 285 306 345 366 388 429 451 472 510 532 553 594 616 636 678 700 721 758 779 799 843 865 886 923 944 966 1004 1029 1049 1089 1109 1131 1175 1196 1217 1254 1276 1296 1339 1361 1382 1416 1438 1457 1495 1515 1535 1574 1595 1617 1660 1682 1703 1740 1761 1782 1825 1847 1868 1906 1927 1948 1989 2011 2032 2072 2094 2115 2155 2177 2197 2241 2262 2283
2 4 0 0 1 0 0 1
2 5 1 1 0 1 0 0
2 6 1 0 1 0 0 1
2 7 0 0 0 0 1 0
3 2 1 1 0 0 1 0
3 3 1 0 1 1 0 1
3 5 1 1 1 0 0 0
3 6 1 0 0 1 0 1
3 7 0 1 0 1 1 0
3 8 0 0 1 0 1 1
3 10 1 0 0 1 1 0
3 12 0 1 0 1 1 0
3 13 1 1 1 0 1 1
3 14 1 1 0 1 0 0
3 15 0 0 1 0 1 0
3 16 0 0 0 0 1 0
3 18 1 0 0 0 0 1
3 19 1 0 0 0 0 0
3 20 1 1 0 0 1 0
3 21 0 1 0 1 0 1
3 23 1 0 0 0 1 1
3 24 1 1 1 0 1 1
3 25 0 0 1 1 0 0
3 26 0 1 0 0 1 1
3 28 0 1 0 1 1 0
3 29 1 0 1 0 0 1
3 30 0 0 0 0 1 0
3 31 0 1 1 0 0 0
4 2 1 0 1 0 1 0
4 4 1 1 0 0 0 0
4 5 0 0 1 0 1 0
4 7 1 0 1 0 0 0
4 8 1 1 1 1 0 1
4 9 1 1 0 0 0 0
4 10 1 0 1 0 0 1
4 14 1 1 1 0 0 0
4 15 0 1 0 1 0 0
4 16 1 1 1 0 0 0
4 17 1 0 1 1 0 1
4 19 0 0 0 1 1 1
4 20 0 1 1 0 0 0
4 21 1 0 1 0 1 1
4 22 0 1 0 1 0 1
4 24 1 0 0 0 1 0
4 25 1 1 1 0 1 1
4 26 0 0 1 1 0 0
4 27 0 1 1 0 0 1
5 2 0 1 1 1 1 0
5 3 1 0 0 0 1 0
5 4 1 0 1 0 1 1
5 5 0 1 0 1 0 1
5 7 1 0 0 0 1 1
5 8 0 1 1 0 0 1
5 9 1 0 1 1 0 0
5 10 1 0 0 1 0 1
5 11 0 0 0 0 1 0
5 13 1 1 0 1 1 0
5 14 0 1 0 1 0 0
5 15 0 0 1 1 0 1
5 17 0 1 0 1 0 1
5 18 0 1 1 0 0 0
5 20 1 1 0 0 1 0
5 21 0 1 0 0 0 1
5 23 0 1 0 1 0 0
5 24 1 0 1 0 0 0
5 25 1 0 0 0 1 0
5 27 1 1 0 0 1 0
5 28 0 1 0 1 0 0
5 29 0 1 1 0 1 1
5 30 0 0 0 0 1 0
6 2 1 1 0 0 0 1
6 3 1 0 0 0 0 0
6 4 0 1 0 1 1 1
6 7 0 0 1 0 0 0
6 8 1 1 0 0 1 1
6 10 1 0 1 1 1 0
6 11 0 0 1 0 1 0
6 12 1 1 1 0 0 0
6 13 0 1 0 1 0 0
6 15 1 0 0 0 1 1
6 17 0 1 1 1 1 0
6 18 0 1 0 1 0 1
6 19 1 0 1 1 0 1
6 20 0 0 0 0 1 0
6 22 1 0 0 0 1 1
6 24 1 1 1 1 1 0
6 25 0 1 0 0 1 0
6 26 0 0 0 0 1 0
7 2 1 1 0 1 1 0
7 3 1 0 1 1 0 1
7 5 1 0 1 0 0 0
7 6 0 0 1 1 0 1
7 7 0 0 1 1 0 0
7 8 1 0 1 0 0 1
7 10 1 1 0 0 0 1
7 11 1 0 0 0 0 0
7 12 1 1 1 0 0 1
7 13 0 0 0 0 1 0
7 15 1 0 0 1 1 0
7 16 0 1 0 1 0 1
7 17 1 1 1 0 0 0
7 18 0 1 0 1 0 1
7 20 0 1 1 1 0 0
7 21 1 0 1 0 0 1
7 22 1 0 0 0 1 1
7 23 0 0 1 1 1 1
7 24 0 0 0 0 1 0
8 2 1 1 0 0 0 1
8 3 1 0 0 0 0 0
8 4 0 1 0 1 1 1
8 6 0 0 1 1 0 0
8 7 0 0 1 0 0 0
8 8 1 1 0 0 1 1
8 10 1 0 1 1 1 0
8 11 0 0 1 0 1 0
8 12 1 1 1 0 0 0
8 13 0 1 0 1 0 0
8 15 1 0 1 0 1 0
8 16 1 0 1 1 0 0
8 17 0 0 1 0 1 1
8 19 1 1 0 0 0 0
8 20 1 0 1 0 0 1
8 21 1 1 0 0 1 0
8 22 1 0 1 1 0 1
8 24 1 0 0 0 1 1
8 25 0 0 1 1 1 1
8 26 1 0 1 0 0 0
8 27 1 1 1 0 1 1
8 29 0 1 0 1 0 0
8 30 1 0 1 1 0 1
8 31 0 1 1 0 0 0
9 4 1 1 0 0 1 0
9 5 1 0 1 0 1 0
9 6 0 0 0 0 1 0
10 2 1 1 1 0 0 0
10 3 1 1 1 0 1 1
10 4 0 1 0 1 0 0
10 5 0 0 1 0 0 0
10 7 0 1 0 1 0 0
10 8 1 0 1 1 0 1
10 9 0 1 1 0 0 0
10 11 0 1 1 1 0 0
10 12 0 0 1 0 0 0
10 13 0 0 0 0 1 0
10 14 0 0 0 0 1 0
10 15 0 0 0 0 1 0
10 17 1 0 1 1 1 0
10 18 0 0 1 0 1 0
10 19 1 1 1 0 0 0
10 20 0 1 0 1 0 0
10 21 0 0 0 0 1 0
10 23 1 0 0 1 1 1
10 24 0 0 1 0 0 0
10 25 1 1 0 0 1 0
10 26 0 0 1 1 1 1
10 28 1 0 0 1 1 0
10 30 0 0 1 1 0 0
10 31 0 1 0 0 1 1
11 4 0 0 1 0 0 1
11 5 1 1 0 1 1 0
11 6 1 0 1 0 1 0
11 7 0 0 0 0 1 1
11 8 0 1 0 0 0 0
12 2 0 1 0 0 1 0
12 3 0 1 0 0 1 0
12 4 0 1 0 0 1 0
12 5 0 1 0 0 1 0
12 6 0 1 0 0 1 0
12 7 0 1 0 0 1 0
12 8 0 1 0 0 1 0
12 9 0 1 0 0 1 0
12 10 0 1 0 0 1 0
12 11 0 1 0 0 1 0
13 4 0 0 0 0 1 1
13 5 0 0 1 0 0 1
13 6 0 0 1 1 1 1
13 7 0 1 0 0 0 0
13 8 0 0 1 0 0 1
13 9 0 1 1 0 0 0
13 11 1 1 0 0 1 0
13 12 1 1 1 1 0 1
13 13 1 0 1 0 1 1
13 15 0 0 0 0 1 0
13 16 0 0 1 0 0 1
13 17 1 0 0 1 1 0
13 18 0 1 0 1 0 1
13 19 0 1 1 0 1 1
13 20 0 1 1 0 0 0
13 21 1 0 0 0 1 1
13 22 1 0 1 0 0 1
13 24 1 0 0 0 1 1
13 25 1 0 0 0 0 0
13 27 1 0 1 0 0 0
13 28 1 1 1 1 0 1
14 2 0 0 1 0 0 1
14 3 1 1 0 0 0 0
14 4 1 0 0 1 0 1
14 5 0 0 1 0 0 1
14 6 0 1 0 0 0 0
14 8 0 0 0 0 1 1
14 9 0 0 1 0 0 0
14 10 0 0 1 1 0 0
14 11 0 1 0 0 0 1
14 12 1 1 0 1 1 0
14 13 1 0 1 1 0 1
14 15 0 1 0 0 1 0
14 16 0 1 0 0 0 0
14 17 0 1 0 1 0 0
14 18 0 1 1 0 0 0
14 20 1 1 1 1 1 0
14 21 1 0 1 0 0 1
14 22 1 1 0 0 0 0
14 23 1 1 1 0 0 1
14 24 1 0 0 0 1 1
14 25 0 1 0 0 0 1
14 27 0 0 1 1 1 1
14 28 1 0 0 0 0 0
14 29 0 1 0 1 0 0
14 30 1 1 0 0 1 0
14 31 0 1 0 1 0 0
15 2 0 0 1 0 0 1
15 3 1 0 1 1 1 0
15 4 1 0 0 1 0 1
15 6 1 1 0 0 0 0
15 7 1 1 1 0 0 1
15 8 0 0 0 0 0 1
15 9 0 1 1 0 0 0
15 10 0 0 0 0 1 0
15 11 0 1 1 0 0 0
15 12 1 0 0 1 1 0
15 13 0 1 0 1 0 1
15 14 0 1 1 0 1 1
15 15 0 1 1 0 0 0
15 16 1 0 0 0 1 1
15 17 1 0 1 0 0 1
15 19 0 0 0 0 1 1
15 20 0 0 1 0 0 0
15 21 0 0 1 1 1 1
15 22 1 0 0 0 0 0
15 23 0 1 0 1 0 0
15 24 0 1 0 1 1 0
15 25 1 0 0 0 1 0
16 2 0 0 1 0 0 1
16 3 0 0 1 1 1 1
16 4 1 0 0 0 0 0
16 5 0 1 0 1 0 0
16 6 1 0 0 0 1 0
16 7 0 1 0 1 1 0
16 8 0 0 0 0 0 1
16 9 0 1 1 0 0 0
16 10 0 0 0 0 1 0
16 12 1 0 1 0 1 1
16 13 1 0 1 0 0 1
16 14 1 1 0 1 1 0
16 15 0 1 0 1 0 0
16 17 1 0 1 1 1 0
16 18 1 1 1 0 0 1
16 19 1 1 0 1 1 0
16 20 1 0 0 0 0 1
16 21 0 0 0 0 1 0
16 23 1 0 0 0 1 1
16 24 0 0 1 1 1 1
16 25 0 0 1 1 0 1
16 27 1 1 0 0 1 0
16 28 0 1 1 0 0 1
16 29 0 0 1 1 0 0
16 30 1 1 1 0 1 1
16 31 0 0 0 0 1 0
17 2 1 0 0 0 1 1
17 3 1 0 0 0 0 0
17 4 0 1 0 1 1 0
17 5 0 0 1 0 1 1
17 6 0 0 0 0 1 0
17 7 0 1 1 0 0 0
19 4 1 0 0 1 0 1
19 5 0 1 0 0 0 0
19 6 0 1 1 1 1 0
19 7 0 1 1 0 1 0
19 9 0 0 1 1 0 1
19 11 1 1 1 0 0 0
19 12 1 0 0 1 0 1
19 13 1 1 0 0 1 0
19 14 0 1 0 1 0 0
20 4 0 1 0 1 0 0
20 7 1 1 0 0 1 1
20 9 1 1 0 1 1 0
20 10 1 1 1 0 0 1
20 11 1 0 1 0 0 0
20 12 1 0 0 0 0 1
20 14 1 0 0 1 1 0
20 15 0 1 0 0 0 1
20 17 1 1 0 0 0 0
20 18 0 1 1 1 0 1
20 19 0 1 1 1 0 0
20 20 0 1 0 0 1 1
20 22 1 0 1 0 0 0
20 23 0 1 0 0 0 1
20 24 0 1 0 0 1 0
20 25 0 1 0 0 0 0
20 26 0 0 0 0 1 0
20 28 1 1 0 0 1 0
20 29 0 1 0 1 0 0
20 30 1 1 0 0 1 0
20 31 1 1 0 0 0 1
21 2 0 1 1 1 1 0
21 3 0 1 0 1 0 0
21 4 1 1 0 0 1 0
21 5 0 1 0 1 1 1
21 7 1 0 0 0 1 1
21 8 1 0 0 0 0 0
21 9 0 1 0 1 1 0
21 10 0 0 1 0 1 1
21 12 1 0 0 1 1 1
21 14 0 0 0 1 1 0
21 15 1 0 0 1 0 0
21 16 1 1 1 0 0 1
21 17 0 1 1 1 0 0
21 18 0 1 0 0 1 0
21 20 1 0 0 1 1 0
21 22 1 0 0 0 1 1
21 23 1 1 1 0 1 1
21 24 0 0 1 1 0 0
21 25 0 1 1 0 0 1
21 26 0 0 0 1 1 0
21 28 0 0 0 1 1 0
21 29 1 0 1 1 0 0
21 30 0 1 0 0 0 1
22 2 0 0 1 0 0 1
22 3 0 1 1 1 0 0
22 4 1 0 1 0 1 0
22 5 0 0 0 1 1 0
22 7 1 0 1 0 1 1
22 8 1 0 1 0 0 1
22 9 1 1 0 1 1 0
22 10 1 0 1 0 1 0
22 12 0 1 1 1 1 0
22 13 1 0 1 0 0 1
22 14 1 0 0 1 1 0
22 15 0 1 0 1 0 0
22 17 1 0 0 0 1 1
22 18 0 1 0 0 0 0
22 20 1 0 0 1 1 0
22 22 0 0 1 1 0 0
22 23 0 1 0 0 1 1
22 24 0 0 1 1 0 0
22 25 0 1 0 0 1 1
22 27 1 1 0 1 1 0
22 28 1 1 1 0 0 1
22 29 1 1 0 1 1 0
22 30 0 1 1 1 1 1
22 31 0 0 0 0 1 0
23 2 1 0 0 0 1 1
23 3 1 0 1 0 1 0
23 4 1 0 0 0 1 1
23 5 1 0 1 0 1 0
23 7 1 0 0 0 1 1
23 8 1 0 0 0 0 0
23 9 0 1 0 1 1 0
23 10 0 0 1 0 1 1
23 12 1 0 1 1 1 0
23 13 0 1 1 1 0 1
23 14 1 1 0 0 1 0
23 15 1 1 0 0 0 1
23 17 1 0 0 0 1 1
23 18 0 0 1 0 1 1
23 19 1 1 1 1 1 0
23 20 1 0 1 0 0 1
23 22 1 0 1 0 0 0
23 23 1 0 0 0 0 1
23 24 1 1 0 1 1 0
23 25 1 1 1 0 0 1
23 27 1 0 0 1 1 0
23 29 1 1 0 0 0 0
23 30 1 0 0 1 0 1
24 2 0 0 1 0 0 1
24 3 1 1 0 0 1 0
24 4 1 1 1 1 1 1
24 6 1 0 1 0 0 0
24 7 0 1 0 1 0 0
24 8 1 1 0 1 0 0
24 9 1 0 1 0 0 1
24 10 0 0 0 0 1 0
24 11 0 1 1 0 0 0
25 4 1 1 1 0 1 0
25 5 0 1 1 0 0 0
25 8 0 0 1 1 0 0
25 9 1 0 1 0 0 1
25 10 0 1 0 1 0 0
25 12 1 0 0 0 1 1
25 13 1 0 0 0 0 0
25 14 0 0 1 1 0 0
25 15 0 1 0 0 1 1
25 17 1 0 1 0 0 0
25 18 0 1 0 1 0 0
25 20 1 1 0 0 1 0
25 21 1 1 0 0 1 1
25 22 1 0 0 0 1 1
25 23 0 1 1 0 0 0
25 25 1 0 1 0 1 1
25 26 1 0 1 0 1 0
25 27 1 0 0 1 1 1
25 29 1 0 0 1 1 0
26 2 1 1 0 0 1 0
26 3 1 0 1 1 0 1
26 4 1 1 0 1 1 0
26 5 1 1 0 1 1 1
26 7 1 0 0 1 0 0
26 8 0 1 0 0 0 0
26 9 0 0 1 1 0 1
26 10 0 0 0 0 1 0
26 12 1 0 1 0 0 0
26 13 1 1 1 0 0 1
26 14 1 0 1 0 0 0
26 15 1 1 1 0 0 1
26 17 1 0 1 1 1 0
26 18 0 0 1 0 1 0
26 19 0 0 1 0 0 0
26 20 1 1 0 0 1 0
26 21 1 0 0 0 1 0
26 23 1 0 0 0 1 1
26 25 1 1 0 1 1 0
26 26 0 1 0 1 0 0
26 27 1 1 0 1 1 0
26 28 0 1 0 1 0 0
26 30 1 0 0 1 1 0
26 31 0 0 0 1 0 0
27 30 0 0 1 1 1 1
27 31 1 1 0 1 1 0
4 12 1 0 0 1 1 0
6 6 0 0 1 1 0 0
