-0.30
54 75 105 126 157 179 208 230 261 282 312 334 364 386 416 438 467 489 519 541 571 592 623 644 675 696 726 748 778 799 829 851 881 903 933 954 985 1007 1037 1058 1089 1110 1140 1162 1192 1213 1243 1266 1296 1317 1348 1369 1400 1421 1452 1473 1503 1525 1555 1577 1607 1629 1666 1687
70 91 112 153 174 195 237 259 280 320 341 362 402 423 445 484 505 526 568 589 610 652 673 694 734 754 774 816 838 858 898 919 940 983 1004 1026 1062 1084 1106 1149 1170 1191 1231 1252 1273 1313 1334 1356 1391 1412 1434 1478 1500 1521 1561 1582 1603 1644 1665 1686 1725 1746 1767 1810 1831 1853 1891 1913 1934 1976 1997 2018 2057 2080 2101 2141 2162 2183 2227 2248 2271
2 14 1 1 0 0 1 0
2 15 1 0 1 1 0 1
2 16 1 1 1 1 1 0
2 17 1 1 1 0 1 1
3 11 1 1 0 0 1 0
3 12 0 1 0 1 0 0
3 13 0 1 0 0 0 0
3 14 1 0 1 1 0 0
3 16 0 1 1 0 0 0
3 17 0 1 0 1 1 0
3 18 0 1 0 0 1 1
3 19 0 1 0 0 0 0
5 1 1 1 0 1 1 0
5 2 1 0 1 0 0 1
5 3 1 1 0 0 1 0
5 4 1 0 1 1 0 1
5 6 1 0 0 1 1 0
5 8 1 1 0 1 1 0
5 9 0 1 0 0 0 1
5 11 1 0 0 0 1 1
5 13 0 1 0 1 0 0
5 14 0 0 1 1 0 0
5 15 1 0 0 0 0 0
5 17 1 0 1 0 0 0
5 18 1 0 0 0 0 1
5 19 1 1 1 1 0 1
5 20 0 0 1 0 0 0
5 22 1 0 0 1 1 0
5 24 1 0 0 1 1 0
5 25 0 1 0 1 0 0
6 1 1 0 1 0 1 1
6 2 0 1 0 0 1 1
6 4 1 0 1 0 1 1
6 5 0 1 0 1 0 1
6 7 1 1 0 0 1 1
6 10 0 1 1 0 0 0
6 11 1 1 1 0 0 0
6 14 1 0 0 1 1 0
6 16 1 1 0 1 1 1
6 17 0 0 1 0 0 0
6 19 0 1 1 0 0 1
6 21 1 1 0 0 1 0
6 22 1 0 1 1 0 1
6 23 1 0 1 0 0 0
6 24 0 1 0 1 0 0
8 1 1 1 0 1 1 0
8 2 1 0 1 0 0 1
8 3 1 1 0 0 1 0
8 4 1 0 1 1 0 1
8 6 1 0 0 1 1 0
8 8 1 0 1 1 0 0
8 9 1 0 0 1 0 1
8 10 1 0 1 1 0 0
8 11 0 1 1 0 1 0
8 13 1 0 1 0 0 0
8 14 0 1 1 1 1 1
8 16 1 0 0 0 1 1
8 18 0 1 0 1 0 0
8 19 0 0 1 1 0 0
8 20 0 1 0 0 1 1
8 22 1 0 1 1 0 0
8 23 0 1 0 0 0 1
8 24 1 1 0 0 1 0
8 25 1 0 1 0 0 1
8 27 1 0 0 1 1 0
8 29 1 1 1 1 1 0
8 30 0 1 1 0 0 0
9 3 0 0 1 0 0 1
9 4 0 1 1 0 1 1
9 5 0 0 1 0 0 0
10 1 1 1 0 1 0 0
10 2 0 1 1 0 0 1
10 3 1 1 0 1 0 0
10 4 1 0 1 0 0 1
10 7 0 1 1 0 0 0
10 8 1 1 1 0 0 0
10 9 0 1 0 1 0 0
10 11 1 0 0 1 1 0
10 13 1 1 0 0 1 0
10 14 0 1 0 1 1 1
10 15 1 0 0 0 1 1
10 18 1 1 0 0 0 0
10 19 1 0 0 0 1 0
10 20 1 1 1 0 0 0
10 21 0 1 0 1 0 0
12 1 1 1 0 0 0 0
12 2 1 0 0 0 1 0
12 3 1 1 1 0 0 0
12 4 0 1 0 1 0 0
12 6 1 1 0 0 1 0
12 7 1 1 1 0 1 1
13 1 1 1 0 0 1 0
13 2 1 0 1 1 0 1
13 3 1 1 1 1 1 0
13 4 1 1 1 0 1 1
13 6 1 0 0 0 1 1
13 8 0 1 0 1 0 0
13 9 1 0 1 0 0 0
13 10 0 1 0 0 0 1
13 12 1 0 1 1 0 0
13 13 0 1 1 1 0 1
13 14 1 1 0 0 1 1
13 16 1 0 1 1 1 0
13 18 1 1 1 0 0 0
13 19 0 1 0 0 1 0
13 21 1 0 0 1 1 0
13 23 1 0 0 0 1 1
13 24 1 0 1 0 0 1
14 1 1 0 0 1 1 1
14 2 0 0 1 0 0 0
14 3 1 1 0 0 0 0
14 4 1 0 1 0 0 1
14 6 1 1 1 0 0 0
14 7 0 1 1 0 1 0
14 8 1 0 1 0 0 0
14 9 0 0 1 1 0 1
16 7 0 0 1 1 1 1
16 8 1 1 0 0 0 0
16 11 1 0 1 0 1 0
16 13 1 0 0 1 1 1
16 15 1 0 0 1 0 0
16 16 1 1 1 0 0 1
16 17 0 1 1 1 0 0
16 18 0 1 0 0 1 0
16 20 1 0 0 1 1 0
16 22 1 0 0 0 1 1
16 23 1 1 1 0 1 1
17 12 0 0 1 1 0 0
17 13 0 1 1 0 0 1
17 14 0 0 0 0 1 1
17 15 0 0 1 0 0 1
17 17 0 1 0 0 0 0
17 19 0 1 1 0 0 0
18 13 1 0 0 1 1 0
18 14 0 1 0 1 0 1
18 15 0 1 1 0 0 0
18 16 0 1 1 0 1 1
18 17 0 1 1 0 0 0
18 18 1 0 0 0 1 1
18 19 1 0 1 0 0 1
18 20 1 0 0 0 0 0
20 3 1 1 0 0 1 0
20 4 1 0 1 1 0 1
20 5 1 1 0 0 1 0
20 8 0 0 1 1 0 0
20 9 0 1 0 0 1 1
20 10 0 0 0 0 1 0
20 12 1 0 0 0 1 1
20 13 1 0 0 0 0 0
20 14 0 1 0 1 1 0
20 15 0 0 1 0 1 1
20 17 1 0 0 1 1 1
20 19 1 0 0 1 0 0
20 20 1 1 1 0 0 1
20 21 0 1 1 1 0 0
20 22 0 1 0 0 1 0
20 24 1 0 0 1 1 0
20 26 1 0 0 0 1 1
20 27 1 1 1 0 1 1
20 28 0 0 1 1 0 0
20 29 0 1 1 0 0 1
20 30 0 0 0 0 1 0
21 1 1 1 0 1 0 0
21 2 1 0 1 0 0 1
21 4 0 1 0 0 0 1
21 6 0 1 0 0 0 1
21 8 1 1 0 0 0 0
21 9 0 1 1 1 0 1
21 11 0 1 0 1 1 0
21 12 0 1 1 0 0 0
21 13 1 1 0 0 0 0
21 14 0 0 1 0 1 1
21 16 1 0 1 0 0 0
21 17 1 1 0 0 0 1
21 18 1 1 1 0 0 0
21 19 0 1 1 1 1 1
21 21 0 1 0 0 0 1
21 22 0 0 1 0 0 0
21 24 0 1 0 1 1 0
21 25 1 1 1 0 1 1
21 26 1 1 1 0 0 0
21 27 1 1 0 0 0 1
21 29 1 0 0 1 1 0
22 1 1 1 0 1 1 0
22 2 1 0 1 0 1 0
22 3 0 1 1 1 1 0
22 4 1 0 1 0 0 1
22 5 0 0 0 0 1 0
22 6 0 1 1 0 0 0
22 7 1 0 0 1 1 0
22 8 1 0 1 0 0 1
22 10 0 0 1 1 0 0
22 11 0 1 0 0 0 1
22 12 1 0 0 0 1 1
22 13 1 1 1 0 1 1
22 15 1 0 0 0 1 1
22 16 1 0 0 0 0 0
22 17 0 0 0 0 1 0
22 19 0 0 1 1 1 0
22 21 0 1 1 1 0 0
22 22 0 1 0 1 1 1
22 23 0 0 1 1 0 0
22 24 0 1 0 0 0 1
22 26 1 0 1 0 1 1
22 27 1 0 1 0 1 0
22 28 0 0 1 1 0 0
22 29 0 1 0 0 0 1
22 30 0 0 1 0 0 0
23 1 0 1 0 1 0 0
23 2 0 1 1 1 1 0
23 3 0 1 0 0 1 1
23 5 1 0 1 0 0 0
23 6 0 0 1 1 0 1
23 8 1 1 0 1 1 0
23 9 1 1 1 0 0 1
23 10 1 0 0 0 1 0
23 11 1 1 1 0 1 1
23 12 0 0 0 0 1 0
23 14 1 0 1 0 1 1
23 15 0 0 1 0 0 0
23 16 1 1 0 0 1 0
23 17 0 1 0 1 0 0
23 19 0 1 1 1 1 0
23 20 0 1 0 1 0 0
23 21 1 1 0 0 1 0
23 22 0 1 0 1 1 1
23 24 1 0 0 0 1 1
23 25 1 0 0 0 0 0
23 26 0 1 0 1 1 0
23 27 0 0 1 0 1 1
23 29 1 0 1 1 1 0
23 30 0 0 1 0 1 0
24 1 0 0 1 0 0 1
24 2 0 0 1 1 0 0
24 3 0 1 0 0 1 1
24 5 1 1 0 1 0 0
24 6 0 0 1 0 1 0
24 7 1 0 1 0 1 1
24 9 1 0 1 1 1 0
24 10 0 1 1 1 0 1
24 11 1 1 0 0 1 0
24 12 1 1 0 0 0 1
24 14 1 0 0 0 1 1
24 15 0 0 1 0 1 1
24 16 1 1 1 1 1 0
24 17 1 0 1 0 0 1
24 19 1 0 0 1 1 0
24 21 0 1 0 1 0 1
24 22 0 1 1 0 0 0
24 24 0 0 1 1 0 1
24 26 1 1 0 0 1 0
24 28 0 0 0 0 1 0
25 1 1 1 1 0 0 0
25 2 1 0 0 1 0 1
25 4 0 0 1 1 0 1
25 6 1 1 0 0 0 0
25 7 0 1 1 1 0 1
25 8 0 0 0 0 1 0
25 10 1 1 1 1 1 0
25 11 1 1 1 0 1 1
25 12 1 0 1 0 0 0
25 13 1 0 1 0 0 1
25 15 0 0 1 1 0 1
25 17 1 1 0 0 1 0
25 18 0 1 0 1 0 0
25 19 0 1 1 0 1 1
25 20 0 0 0 0 1 0
25 21 0 1 1 0 0 0
27 29 0 0 1 1 1 1
3 15 1 0 1 0 0 1
6 18 1 0 0 0 1 1
6 12 1 0 1 1 0 1
6 9 0 1 1 1 1 1
10 6 1 0 1 0 0 1
10 16 1 1 1 0 1 1
17 16 0 0 1 1 1 1
17 11 0 0 1 0 0 1
20 6 1 0 1 1 0 1
21 20 0 0 1 1 0 0
21 5 0 0 1 1 0 0
21 3 1 0 1 1 0 0
24 27 0 0 1 0 1 1
27 30 1 0 0 0 1 0
17 18 0 0 1 0 0 1
13 17 1 0 0 1 0 1
