-0.30
15 37 67 88 118 140 169 191 221 243 274 295 325 347 376 399 429 450 480 502 532 554 584 606 635 657 687 709 739 760 791 812 843 864 894 915 946 967 998 1019 1050 1071 1101 1123 1153 1175 1205 1227 1257 1278 1308 1330 1360 1382 1412 1434 1464 1485 1516 1537 1567 1589 1619 1640 1670 1691
22 43 64 104 125 146 186 207 229 271 293 313 352 374 395 437 458 478 517 539 560 601 622 643 684 706 727 766 788 808 849 871 892 931 953 974 1018 1039 1061 1096 1117 1139 1184 1203 1225 1261 1283 1304 1349 1369 1391 1425 1447 1468 1511 1533 1554 1593 1614 1636 1677 1698 1719 1757 1779 1800 1844 1865 1887 1923 1946 1967 2008 2031 2051 2093 2115 2135 2173 2194 2215 2255 2276 2297
3 17 0 0 1 0 1 1
3 18 1 0 0 0 0 1
3 19 0 1 1 1 1 1
3 20 0 1 1 1 0 0
3 22 1 1 0 1 0 0
3 24 0 1 0 0 1 0
3 25 1 0 0 0 1 1
3 26 0 0 1 1 1 1
3 27 1 0 0 1 0 0
3 29 1 1 1 1 0 0
3 31 0 1 0 1 0 1
4 12 0 0 1 0 0 1
4 13 1 0 0 0 1 0
4 14 1 1 0 1 0 0
4 15 0 0 1 1 0 1
4 16 1 1 0 0 1 1
4 18 1 1 0 1 0 0
4 20 0 1 0 0 0 1
4 21 1 1 0 1 0 0
4 22 0 1 1 0 1 1
4 23 1 1 0 1 1 0
4 25 0 0 1 0 1 0
4 26 1 0 0 0 0 1
4 28 0 1 0 1 0 1
4 29 1 0 0 0 1 1
4 30 0 0 1 0 1 0
4 31 1 0 0 1 0 1
5 11 0 1 0 0 0 0
5 12 0 0 1 1 1 0
5 13 1 1 0 1 1 0
5 14 0 0 0 1 0 0
5 15 1 1 1 0 1 0
5 16 0 1 0 1 1 0
5 18 1 1 1 0 0 1
5 19 1 1 0 1 1 1
5 20 1 0 1 1 0 0
5 21 0 0 0 1 1 0
5 23 0 0 0 0 0 1
5 24 1 0 0 0 1 0
5 26 1 1 0 0 0 1
5 27 1 1 0 1 1 0
5 28 1 0 0 0 1 0
5 30 0 0 1 0 1 0
5 31 1 0 0 0 0 1
6 12 0 1 1 0 0 0
6 13 1 0 0 0 1 0
6 14 1 1 0 1 0 1
6 16 0 0 1 0 1 0
6 17 0 1 0 1 1 0
6 19 1 1 1 0 1 1
6 20 0 1 0 1 1 0
6 22 0 1 1 1 0 0
6 23 0 0 0 0 0 1
6 24 1 0 0 0 0 1
6 26 1 1 0 0 0 1
6 27 1 1 0 1 1 0
6 28 1 0 0 0 1 0
6 30 0 1 0 0 0 1
6 31 1 1 0 1 0 1
7 7 0 1 0 0 0 0
7 8 1 0 1 1 0 1
7 9 0 1 0 1 1 0
7 10 1 0 1 1 1 0
7 11 1 1 0 1 1 0
7 13 1 1 0 1 0 0
7 15 0 1 0 1 0 1
7 17 0 1 1 1 0 0
7 19 1 0 1 0 1 0
7 20 1 1 0 1 1 0
7 22 0 0 0 0 1 0
7 23 0 0 1 1 0 1
7 24 0 1 0 1 1 0
7 26 1 0 1 1 0 0
7 27 1 0 0 1 1 1
7 28 1 0 0 0 1 0
7 30 0 0 1 0 1 0
7 31 1 0 0 0 0 1
8 4 0 1 0 0 0 0
8 5 0 0 1 0 1 1
8 6 1 0 0 0 0 1
8 7 0 0 1 1 1 0
8 8 1 1 0 1 1 0
8 10 0 0 1 1 0 1
8 11 1 1 0 0 1 0
8 13 0 0 0 1 0 0
8 14 1 1 1 1 1 1
8 15 0 1 0 1 1 0
8 16 0 0 1 1 1 1
8 17 1 0 0 1 1 0
8 19 0 0 1 0 1 1
8 20 0 1 1 1 0 0
8 21 0 0 0 1 0 0
8 22 1 0 0 0 1 0
8 23 1 1 0 1 0 0
8 25 0 1 0 0 0 0
8 26 1 0 1 1 0 0
8 27 1 1 0 0 1 1
8 28 0 1 0 0 1 0
8 29 1 1 0 1 1 1
8 30 0 0 0 0 0 1
8 31 0 1 1 0 0 0
9 4 0 0 0 0 1 1
9 5 0 0 1 0 0 0
9 6 0 0 1 0 1 1
9 7 1 0 0 1 1 0
9 8 0 1 1 0 0 1
9 9 1 0 0 1 1 0
9 11 1 1 0 1 0 0
9 13 0 0 0 0 1 1
9 14 1 0 0 0 1 0
9 15 1 0 0 0 1 0
9 16 0 0 0 1 0 1
9 18 0 1 1 1 1 0
9 20 1 1 1 1 1 0
9 21 1 1 0 1 0 0
9 22 0 0 0 0 1 0
9 23 0 0 1 0 1 0
9 24 1 0 0 0 0 1
9 26 0 0 0 1 0 0
9 27 1 0 0 0 0 1
9 28 0 1 1 1 1 0
9 29 0 0 0 1 1 1
9 30 0 1 1 0 0 1
9 31 1 1 0 1 0 1
10 6 0 1 1 0 0 0
10 7 1 0 1 1 0 1
10 8 0 0 0 1 1 1
10 9 0 0 0 1 0 0
10 10 1 1 1 0 1 0
10 12 1 1 0 1 0 0
10 14 1 1 1 0 1 0
10 15 0 1 1 1 0 0
10 17 0 0 1 0 1 0
10 18 0 1 0 1 1 0
10 20 0 1 0 0 1 1
10 21 0 1 1 1 0 1
10 22 0 0 1 1 0 0
10 23 0 1 0 1 1 0
10 25 0 1 0 0 1 1
10 26 1 1 0 1 0 0
10 27 0 0 0 0 1 1
10 28 0 0 1 1 0 1
10 29 1 1 0 1 1 1
10 31 0 1 0 1 0 1
11 5 0 1 0 0 0 0
11 6 0 0 1 1 0 1
11 7 1 1 0 1 1 0
11 8 0 0 1 0 1 0
11 9 1 1 0 1 1 1
11 11 0 1 0 0 1 1
11 12 1 1 0 1 0 0
11 13 1 1 1 0 0 1
11 14 0 0 0 1 1 1
11 16 1 1 1 0 0 1
11 17 0 0 0 1 1 0
11 18 1 1 1 0 1 1
11 19 0 1 0 1 1 0
11 21 1 1 0 1 0 0
11 23 0 0 1 1 1 1
11 24 0 1 1 1 0 0
11 25 1 0 1 0 1 0
11 26 0 0 0 1 1 0
11 27 0 0 1 0 1 1
11 28 1 1 0 1 1 1
11 30 0 0 1 0 1 0
11 31 1 0 0 0 0 1
12 4 1 0 1 1 0 0
12 5 1 1 0 1 1 0
12 6 0 0 0 0 0 1
12 7 1 0 0 0 0 1
12 9 1 0 1 0 1 0
12 10 0 1 1 1 0 1
12 12 0 1 0 0 0 1
12 13 0 1 1 1 0 0
12 14 1 0 0 0 1 0
12 15 1 1 0 1 0 1
12 17 1 0 1 1 1 0
12 18 1 1 0 1 1 0
12 20 1 1 1 0 1 0
12 21 0 1 1 1 0 0
12 23 1 1 0 1 0 0
12 25 0 0 1 0 1 0
12 26 0 1 0 1 1 0
12 27 0 1 1 0 1 1
12 28 0 1 0 1 1 0
12 30 0 0 1 0 1 0
12 31 1 0 0 0 0 1
13 25 0 1 1 0 0 0
13 26 0 0 1 1 0 1
13 27 1 1 0 1 1 1
13 28 1 1 1 1 1 1
13 29 0 1 0 1 1 0
14 2 0 0 1 0 1 0
14 3 0 1 0 1 1 0
14 5 1 1 0 1 0 0
14 7 1 1 1 0 0 1
14 8 0 1 1 1 0 0
14 9 0 0 1 1 1 0
14 10 0 1 0 1 1 0
14 12 1 0 1 1 0 0
14 13 1 1 0 1 0 1
14 14 0 0 1 0 1 1
14 15 1 1 0 1 0 0
14 17 1 0 0 0 1 0
14 18 1 1 0 1 0 1
14 20 0 1 0 0 0 0
14 21 1 0 1 1 0 0
14 22 1 1 0 0 1 1
14 23 1 1 1 0 1 0
14 24 0 1 1 1 0 0
14 26 1 1 0 1 0 0
14 28 0 0 1 1 1 1
14 29 1 1 0 1 0 1
14 30 1 0 1 1 0 1
14 31 1 1 0 1 1 0
15 27 0 1 0 0 0 1
15 28 1 0 0 1 0 0
15 29 0 0 1 0 0 1
16 2 0 1 1 1 1 0
16 3 0 0 0 0 0 1
16 4 1 0 0 0 0 1
16 6 1 0 1 0 1 0
16 7 0 1 1 1 0 1
16 8 1 0 1 1 0 0
16 9 0 1 0 1 1 0
16 11 0 1 0 0 0 0
16 12 0 1 0 0 0 0
16 13 0 1 0 0 0 0
16 14 1 1 1 1 1 0
16 15 1 1 0 0 1 0
16 17 0 0 1 0 1 0
16 18 1 0 0 1 0 1
16 19 0 1 0 0 0 1
16 20 1 1 0 1 0 1
16 22 0 1 0 0 0 0
16 23 1 0 0 0 1 0
16 24 0 1 0 1 1 0
16 26 0 0 1 0 1 0
16 27 1 0 0 1 0 1
16 28 0 1 0 0 0 1
16 29 1 1 0 1 0 1
16 31 0 1 1 1 0 0
17 25 0 1 1 0 0 0
17 26 0 1 0 0 1 1
17 27 0 1 0 1 1 0
17 28 1 1 1 0 0 1
17 29 1 0 0 1 1 1
18 5 0 1 0 0 0 0
18 6 1 1 1 0 1 0
18 7 1 0 0 1 0 0
18 8 1 1 0 0 0 1
18 9 0 0 0 1 0 1
18 11 0 0 1 0 1 0
18 12 1 1 0 1 0 0
18 14 0 0 1 0 1 0
18 15 1 0 0 1 0 1
18 16 1 0 0 0 1 0
18 17 1 1 0 1 1 0
18 19 1 1 1 1 1 1
18 20 0 1 0 1 1 0
18 21 0 0 0 1 0 0
18 22 1 0 0 0 0 1
18 23 1 0 0 0 1 0
18 24 0 0 0 1 1 1
18 26 1 1 0 1 0 0
18 28 0 0 1 1 1 1
18 29 1 1 0 1 0 1
18 30 0 0 1 1 0 0
18 31 0 0 0 1 1 1
19 3 1 1 1 1 1 0
19 4 1 1 0 1 1 1
19 5 0 0 0 0 1 0
19 6 1 0 1 0 0 1
19 8 0 1 1 1 1 0
19 9 1 0 1 0 1 1
19 10 1 0 0 1 0 1
19 12 1 0 1 0 1 0
19 13 0 1 0 1 1 0
19 14 0 0 1 1 1 1
19 15 1 1 0 1 0 1
19 17 0 0 1 0 1 0
19 18 1 0 0 0 0 1
19 19 0 0 1 1 1 1
19 20 1 0 0 0 0 1
19 22 0 1 0 1 0 1
19 24 0 1 0 0 0 0
19 25 1 0 1 1 0 0
19 26 0 0 0 1 1 0
19 27 0 1 0 0 0 1
19 28 1 1 0 1 0 1
19 30 0 0 1 1 1 0
19 31 1 1 0 1 1 0
20 20 0 1 0 0 0 0
20 21 0 1 0 0 0 0
20 22 0 1 0 0 0 0
20 23 1 1 1 0 1 0
20 24 0 1 1 1 0 0
20 25 0 0 0 0 0 1
20 26 0 0 1 1 0 1
20 27 0 0 0 1 0 1
20 29 1 1 0 1 0 0
21 3 0 1 0 0 0 0
21 4 0 0 1 1 1 1
21 5 0 1 1 1 0 0
21 6 1 0 1 1 0 1
21 7 1 1 0 1 1 0
21 9 1 1 0 1 0 0
21 11 1 0 1 1 0 0
21 12 0 1 0 1 1 0
21 13 0 0 0 0 1 0
21 14 0 0 1 1 0 1
21 16 0 1 0 1 0 1
21 17 1 1 0 1 1 0
21 18 1 1 1 0 1 1
21 19 0 0 0 1 1 1
21 21 0 0 1 0 1 1
21 22 1 0 0 0 0 1
21 23 0 1 1 1 1 1
21 24 0 1 1 1 0 0
21 26 1 1 0 1 0 0
21 28 0 0 1 1 0 0
21 29 0 1 0 1 1 0
21 30 0 0 0 0 1 0
21 31 0 0 1 1 0 1
22 3 0 0 1 0 1 0
22 4 0 0 0 1 1 1
22 5 0 0 1 1 1 1
22 6 1 0 0 0 0 1
22 8 0 0 1 0 1 1
22 9 1 0 0 0 0 1
22 10 0 1 1 1 1 1
22 11 0 1 1 1 0 0
22 13 0 1 0 0 0 0
22 14 1 1 1 0 1 0
22 15 0 1 0 1 1 0
22 17 0 0 1 0 1 0
22 18 0 1 0 1 1 0
22 20 1 1 1 0 1 1
22 21 0 1 0 1 1 0
22 23 0 0 1 0 1 0
22 24 0 0 0 1 1 1
22 25 0 0 1 1 1 1
22 26 1 0 0 0 0 1
22 28 0 0 0 0 0 1
22 29 1 0 0 0 0 1
22 30 0 1 1 1 1 1
22 31 0 1 1 1 0 0
23 26 0 1 0 0 0 0
23 27 0 0 1 1 1 1
23 28 0 0 0 1 0 0
23 29 0 0 1 1 1 0
24 4 0 1 0 0 0 0
24 5 1 1 1 0 0 1
24 6 1 0 0 0 0 1
24 7 0 0 0 0 1 0
24 8 1 1 1 1 1 0
24 10 0 0 1 1 1 1
24 11 1 1 0 0 1 0
24 12 0 0 0 1 0 0
24 13 1 0 0 0 1 0
24 15 1 1 0 0 0 1
24 16 1 1 0 1 1 0
24 17 1 0 0 0 1 0
24 19 1 1 0 1 0 0
24 21 0 0 0 0 0 1
24 22 1 0 1 1 1 1
24 23 1 1 0 0 0 1
24 24 0 0 0 1 1 1
24 26 0 1 0 0 0 1
24 27 1 1 0 1 0 1
24 29 0 1 1 1 1 0
24 30 0 0 0 0 0 1
24 31 1 0 0 0 0 1
25 6 1 1 1 0 0 1
25 7 0 1 1 1 0 0
25 9 0 0 1 0 1 0
25 10 0 0 0 1 1 0
25 11 1 1 1 0 0 1
25 12 1 0 0 1 1 1
25 14 0 1 0 1 1 1
25 16 0 0 1 1 0 1
25 17 1 1 0 1 1 0
25 18 1 0 1 1 0 0
25 19 1 1 0 1 1 0
25 21 0 1 0 0 0 0
25 22 0 0 1 0 1 1
25 23 0 0 0 1 1 1
25 24 0 0 1 1 0 0
25 25 1 0 0 1 0 1
25 27 0 1 0 0 0 0
25 28 1 1 1 1 1 0
25 29 1 1 0 1 0 1
25 30 0 0 0 1 0 0
25 31 0 1 0 0 1 0
26 26 0 0 0 0 1 1
26 27 0 1 0 0 0 0
26 28 0 1 0 0 1 0
26 29 1 1 0 1 1 1
27 2 0 0 1 1 0 0
27 3 0 0 0 1 0 1
27 5 0 0 1 0 1 1
27 6 1 0 0 0 0 1
27 7 0 1 1 1 1 1
27 8 0 1 1 1 0 0
27 10 1 1 0 1 0 0
27 12 0 1 0 0 1 0
27 13 1 0 0 0 1 1
27 14 0 0 1 1 1 1
27 15 1 0 0 1 0 0
27 17 1 1 1 1 0 0
27 19 0 1 0 1 0 1
27 21 0 1 0 0 0 0
27 22 1 0 1 1 0 0
27 23 1 0 0 1 0 1
27 24 0 0 1 0 1 1
27 25 0 1 1 1 0 0
27 27 0 1 0 0 0 1
27 28 1 1 0 1 0 1
27 30 1 0 1 0 1 0
27 31 0 1 1 1 0 1
