-0.40
31 51 79 100 130 153 182 204 234 255 286 307 338 359 390 412 442 463 494 515 545 567 597 618 649 670 701 722 753 774 804 826 856 877 908 929 960 981 1012 1032 1063 1085 1115 1137 1167 1188 1219 1240 1271 1291 1323 1343 1374 1395 1427 1447 1477 1499 1529 1550 1581 1602 1629 1649
31 51 71 109 129 149 187 209 229 276 296 316 354 376 398 437 459 479 520 541 562 604 625 646 687 708 729 768 790 811 852 873 894 934 955 976 1019 1040 1061 1099 1120 1141 1184 1206 1226 1265 1286 1307 1350 1372 1393 1429 1451 1471 1515 1536 1557 1594 1616 1637 1681 1702 1722 1760 1781 1802 1845 1866 1887 1926 1947 1968 2010 2031 2052 2092 2113 2134 2174 2195 2217 2255 2275 2295
3 16 1 0 1 1 0 0
3 18 1 1 1 0 0 0
3 19 1 0 1 0 0 1
5 13 1 0 0 1 1 0
5 15 0 1 0 1 0 0
5 17 1 0 0 1 1 0
5 18 1 1 1 0 0 1
5 19 1 1 1 1 0 1
6 2 0 1 1 1 1 1
6 3 0 1 1 0 0 0
6 4 1 0 0 1 1 0
6 5 1 0 1 0 0 1
7 4 0 0 1 1 1 1
7 5 1 0 0 0 0 0
7 8 1 0 0 0 1 1
7 9 1 0 0 0 0 0
7 11 1 1 1 0 0 0
7 12 1 0 1 1 0 1
7 13 1 0 0 0 1 1
7 14 1 1 1 0 1 1
7 15 0 0 0 0 1 0
7 16 0 0 0 0 1 0
7 17 0 0 0 0 1 0
7 18 0 0 0 0 1 0
7 19 0 0 0 0 1 0
7 20 0 0 0 0 1 0
7 21 0 0 0 0 1 0
7 22 0 0 0 0 1 0
7 23 0 0 0 0 1 0
7 24 0 0 0 0 1 0
7 25 0 0 0 0 1 0
7 26 0 0 0 0 1 0
7 27 0 0 0 0 1 0
7 28 0 0 0 0 1 0
7 29 0 0 0 0 1 0
7 30 0 0 1 1 1 1
7 31 1 0 0 0 0 0
8 6 1 0 1 0 1 0
8 8 0 1 0 1 0 0
8 9 0 1 1 0 0 0
8 11 0 0 1 1 0 0
8 12 0 1 0 0 0 1
8 14 0 1 1 1 1 0
8 15 1 0 1 0 0 1
8 16 1 0 0 1 1 0
8 17 0 1 0 1 0 0
8 20 0 1 0 1 0 1
8 21 0 1 1 0 0 0
8 22 1 0 1 0 0 0
8 23 1 0 0 0 0 1
8 24 1 0 0 0 0 0
8 25 0 0 0 0 1 0
8 26 0 0 0 0 1 0
8 27 0 0 0 0 1 0
8 28 0 0 0 0 1 0
8 29 0 0 0 0 1 0
8 30 0 0 1 1 1 1
8 31 1 1 0 0 0 0
9 6 1 1 0 0 1 0
9 7 1 0 1 1 0 1
9 8 1 1 1 1 1 0
9 9 1 1 1 0 1 1
9 12 0 0 1 1 0 1
9 13 0 1 0 0 0 0
9 14 1 1 0 1 1 0
9 15 0 1 1 0 1 1
9 16 1 0 0 0 0 0
9 17 0 0 1 1 0 0
9 18 0 1 0 0 1 1
9 19 1 0 0 0 0 0
9 20 0 0 0 0 1 0
9 21 0 0 0 0 1 0
9 22 0 0 0 0 1 0
9 23 0 0 0 0 1 0
9 24 0 0 0 0 1 0
9 25 0 0 0 0 1 0
9 26 0 0 0 0 1 0
9 27 0 0 0 0 1 0
9 28 0 0 0 0 1 0
9 29 0 0 0 0 1 0
9 30 0 0 1 1 1 1
9 31 1 0 0 1 0 0
10 4 0 0 1 1 1 1
10 5 1 1 0 0 0 0
10 8 1 0 1 0 1 0
10 10 1 0 0 1 1 1
10 12 1 0 0 1 0 0
10 13 1 1 1 0 0 1
10 14 0 1 1 1 0 0
10 15 0 1 0 0 1 0
10 17 1 0 0 1 1 0
10 19 1 0 0 0 1 1
10 20 1 1 1 0 1 1
10 21 0 0 1 1 0 0
10 22 0 1 1 0 0 1
10 25 1 0 0 1 1 0
10 26 0 1 0 1 0 1
10 27 0 1 1 0 0 0
11 6 0 0 1 0 0 1
11 7 0 1 1 0 1 1
11 8 0 1 1 0 0 0
11 9 1 0 0 0 1 1
11 10 1 0 1 0 0 1
11 11 1 0 0 0 0 0
11 12 0 0 0 0 1 0
11 13 0 0 0 0 1 0
11 14 0 0 0 0 1 0
11 15 0 0 0 0 1 0
11 16 0 0 0 0 1 0
11 17 0 0 0 0 1 0
11 18 0 0 0 0 1 0
11 19 0 0 0 0 1 0
11 20 0 0 0 0 1 0
11 21 0 0 0 0 1 0
11 22 0 0 0 0 1 0
11 23 0 0 0 0 1 0
11 24 0 0 0 0 1 0
11 25 0 0 0 0 1 0
11 26 0 0 0 0 1 0
11 27 0 0 0 0 1 0
11 28 0 0 0 0 1 0
11 29 0 0 0 0 1 0
11 30 0 0 1 1 1 1
11 31 1 0 0 0 1 0
12 4 0 0 1 1 1 1
12 5 1 0 0 1 0 0
12 8 0 1 1 0 1 1
12 9 0 0 1 0 1 0
12 11 1 0 1 0 1 1
12 12 1 0 1 0 0 1
12 13 1 1 0 1 1 0
12 14 1 0 1 0 1 0
12 16 0 0 1 0 1 0
12 17 0 0 0 0 1 0
12 19 1 0 1 0 1 0
12 21 1 0 1 0 0 0
12 22 1 1 0 0 0 1
12 23 0 1 0 1 0 1
12 24 0 1 1 0 0 0
12 26 1 0 0 1 1 0
13 6 1 0 1 0 1 1
13 7 1 0 1 0 0 1
13 8 1 1 0 1 1 0
13 9 1 0 1 0 1 0
13 12 1 0 0 0 1 1
13 13 1 0 1 0 0 1
13 14 1 0 0 0 0 0
13 15 0 1 1 1 1 0
13 16 1 0 0 0 0 1
13 17 0 1 0 0 0 0
13 18 0 0 0 0 1 0
13 19 0 0 0 0 1 0
13 20 0 0 0 0 1 0
13 21 0 0 0 0 1 0
13 22 0 0 0 0 1 0
13 23 0 0 0 0 1 0
13 24 0 0 0 0 1 0
13 25 0 0 0 0 1 0
13 26 0 0 0 0 1 0
13 27 0 0 0 0 1 0
13 28 0 0 0 0 1 0
13 29 0 0 0 0 1 0
13 30 0 0 1 1 1 1
13 31 0 1 0 1 0 0
14 4 0 0 1 1 1 1
14 5 1 0 0 1 1 0
14 8 0 1 1 0 1 1
14 9 0 0 1 0 1 0
14 11 1 0 1 1 1 1
14 12 0 1 1 0 0 0
14 13 1 1 0 1 1 0
14 14 1 0 1 0 1 0
14 15 1 0 0 0 1 1
14 16 1 0 0 0 0 0
14 18 1 1 1 0 0 0
14 19 1 0 1 1 0 1
14 20 1 0 0 0 1 1
14 21 1 1 1 0 1 1
14 22 0 0 0 0 1 0
14 23 0 0 0 0 1 0
14 24 0 0 0 0 1 0
14 25 0 0 0 0 1 0
14 26 0 0 0 0 1 0
14 27 0 0 0 0 1 0
14 28 0 0 0 0 1 0
14 29 0 0 1 1 1 1
14 30 1 0 0 0 0 0
14 31 1 1 0 0 0 0
15 6 1 0 1 0 1 1
15 7 1 0 1 0 0 1
15 8 1 1 0 1 1 0
15 9 1 0 1 0 1 0
15 12 1 1 1 0 0 0
15 13 0 1 0 1 0 1
15 14 1 0 1 1 0 0
15 15 0 0 1 1 1 1
15 16 0 1 1 1 1 0
15 17 1 0 1 0 1 0
15 18 1 1 0 1 0 0
15 19 1 0 1 0 0 1
15 20 0 0 0 0 1 0
15 21 0 0 0 0 1 0
15 22 0 0 0 0 1 0
15 23 0 0 0 0 1 0
15 24 0 0 0 0 1 0
15 25 0 0 0 0 1 0
15 26 0 0 0 0 1 0
15 27 0 0 0 0 1 0
15 28 0 0 0 0 1 0
15 29 0 0 1 1 1 1
15 30 1 0 0 0 0 0
15 31 1 0 0 1 0 0
16 6 1 1 0 0 1 0
16 8 0 1 0 1 1 0
16 9 0 0 1 0 1 1
16 11 0 1 1 1 1 0
16 12 1 1 1 0 0 1
16 14 1 1 0 0 1 0
16 15 0 1 0 0 0 1
16 16 1 1 1 0 0 0
16 17 1 1 0 0 1 1
16 20 1 1 0 0 1 0
16 21 1 1 0 0 1 1
16 22 0 1 1 1 0 0
16 23 1 0 0 0 0 0
16 24 0 0 0 0 1 0
16 25 0 0 0 0 1 0
16 26 0 0 0 0 1 0
16 27 0 0 0 0 1 0
16 28 0 0 0 0 1 0
16 29 0 0 1 1 1 1
16 30 1 0 0 0 0 0
16 31 1 0 0 0 1 0
17 2 1 1 0 0 1 0
17 3 1 0 0 0 1 0
17 4 1 0 1 0 1 1
17 5 1 0 1 0 1 0
17 6 0 0 0 0 0 1
17 7 0 0 1 0 0 0
17 8 1 0 1 0 0 0
17 9 1 1 1 0 1 1
17 10 0 0 1 1 0 1
17 12 1 1 0 1 1 0
17 13 0 0 1 1 1 0
17 14 1 1 0 1 1 0
17 15 0 1 0 1 0 0
17 16 0 0 0 0 0 1
17 17 0 0 1 0 0 0
17 18 1 0 1 0 1 1
17 19 0 1 0 0 1 1
17 20 1 1 0 0 1 0
17 21 0 1 0 0 0 1
17 22 1 1 0 0 1 0
17 23 1 0 0 0 0 1
17 25 1 1 0 0 1 0
17 26 0 1 1 1 1 1
17 27 1 1 0 0 1 0
17 28 0 1 0 1 0 0
18 4 1 1 0 1 1 0
18 5 0 0 1 1 1 0
18 7 0 1 1 1 1 0
18 8 0 0 1 0 1 0
18 10 0 1 0 1 0 0
18 11 1 1 0 1 0 0
18 12 0 1 1 0 0 1
18 14 0 1 1 1 1 0
18 15 1 0 1 0 0 1
18 16 0 0 0 0 1 0
18 17 0 0 0 0 1 0
18 18 0 0 0 0 1 0
18 19 0 0 0 0 1 0
18 20 0 0 0 0 1 0
18 21 0 0 0 0 1 0
18 22 0 0 0 0 1 0
18 23 0 0 0 0 1 0
18 24 0 0 0 0 1 0
18 25 0 0 0 0 1 0
18 26 0 0 0 0 1 0
18 27 0 0 0 0 1 0
18 28 0 0 0 0 1 0
18 29 0 0 1 1 1 1
18 30 1 0 0 0 0 0
18 31 1 1 0 0 1 0
19 13 1 0 0 1 1 0
19 14 0 1 0 1 0 0
19 15 1 1 1 0 1 0
19 16 0 1 1 0 0 0
19 18 1 0 0 1 1 0
19 19 1 1 1 0 0 1
19 20 1 1 1 1 0 1
20 2 0 1 1 1 1 1
20 3 0 1 1 0 0 0
20 4 1 0 0 1 1 0
20 5 1 0 1 0 0 1
21 4 0 0 1 1 1 1
21 5 1 0 0 0 1 0
21 8 1 0 1 0 0 0
21 9 0 1 0 0 1 1
21 10 0 0 1 0 0 0
21 11 0 1 0 1 0 0
21 12 0 0 1 0 0 0
21 13 1 1 0 1 1 0
21 14 0 1 0 1 0 0
21 15 0 0 1 0 0 0
21 18 1 1 1 0 0 0
21 19 1 0 1 0 0 1
21 20 0 0 1 0 0 0
21 21 1 1 0 0 1 0
21 22 0 0 0 1 1 1
21 23 0 1 1 0 0 0
21 24 0 0 0 0 1 0
21 25 0 0 0 0 1 0
21 26 0 0 0 0 1 0
21 27 0 0 0 0 1 0
21 28 0 0 0 0 1 0
21 29 0 0 1 1 1 1
21 30 1 1 0 0 0 0
21 31 1 0 0 1 0 0
22 4 0 0 1 1 1 1
22 5 1 1 0 1 0 0
22 8 0 1 1 0 1 1
22 9 0 0 1 0 1 0
22 11 1 1 1 1 0 0
22 12 1 0 1 0 0 1
22 13 1 1 1 0 0 0
22 14 1 1 0 0 1 1
22 16 0 1 0 1 1 0
22 17 0 0 1 0 1 1
22 18 1 1 0 1 1 0
22 19 1 1 0 1 0 1
22 21 0 0 0 0 1 1
22 22 0 0 1 0 0 0
22 23 1 1 0 1 1 0
22 24 1 0 0 0 1 0
22 25 1 1 0 0 1 0
22 26 1 1 1 1 0 1
22 27 0 0 0 0 0 1
22 28 0 1 1 0 0 0
23 6 1 1 1 0 0 0
23 7 1 1 0 0 1 1
23 8 0 1 0 0 0 0
23 9 1 0 0 0 1 1
23 10 0 1 1 0 1 0
23 11 0 1 1 0 0 0
23 12 0 1 1 1 1 0
23 13 0 1 1 0 0 1
23 14 0 1 0 0 0 0
23 15 0 0 0 0 1 0
23 16 0 0 0 0 1 0
23 17 0 0 0 0 1 0
23 18 0 0 0 0 1 0
23 19 0 0 0 0 1 0
23 20 0 0 0 0 1 0
23 21 0 0 0 0 1 0
23 22 0 0 0 0 1 0
23 23 0 0 0 0 1 0
23 24 0 0 0 0 1 0
23 25 0 0 0 0 1 0
23 26 0 0 0 0 1 0
23 27 0 0 0 0 1 0
23 28 0 0 0 0 1 0
23 29 0 0 1 1 1 1
23 30 1 0 0 1 0 0
23 31 1 1 0 0 1 0
24 4 0 0 1 1 1 1
24 5 1 1 0 1 1 0
24 8 1 1 0 0 0 0
24 9 1 0 0 1 0 1
24 10 0 1 1 1 0 0
24 11 0 1 0 0 0 1
24 12 1 1 1 0 0 0
24 13 0 1 0 0 1 1
24 16 1 0 1 0 0 0
24 17 0 1 0 1 0 0
24 18 1 1 0 0 1 0
24 19 0 1 0 0 0 1
24 20 1 1 0 1 0 0
24 21 1 0 1 0 0 1
24 22 0 0 0 0 1 0
24 23 0 0 0 0 1 0
24 24 0 0 0 0 1 0
24 25 0 0 0 0 1 0
24 26 0 0 0 0 1 0
24 27 0 0 0 0 1 0
24 28 0 0 0 0 1 0
24 29 0 0 1 1 1 1
24 30 1 1 0 1 0 0
24 31 1 0 0 0 1 0
25 4 0 0 1 1 1 1
25 5 1 1 0 0 1 0
25 8 0 1 1 0 1 1
25 9 0 0 1 0 1 0
25 11 0 1 0 1 1 0
25 12 0 1 0 0 0 1
25 13 0 1 0 1 0 1
25 15 1 0 0 0 1 1
25 16 0 0 1 1 1 1
25 17 1 0 1 1 0 0
25 18 1 0 0 0 0 1
25 20 0 0 0 0 1 1
25 21 0 0 1 0 0 0
25 22 1 1 0 1 1 0
25 23 1 0 0 0 1 0
25 24 1 1 0 0 1 0
25 25 1 1 1 1 0 1
25 26 0 0 0 0 0 1
25 27 0 1 1 0 0 0
26 6 1 1 0 1 1 0
26 7 1 0 0 0 1 0
26 8 1 0 1 0 0 0
26 9 0 1 0 0 0 1
26 10 0 0 0 0 0 1
26 11 0 0 1 0 0 0
26 12 1 1 1 0 0 0
26 13 0 1 0 0 1 0
26 14 1 0 0 1 1 0
26 15 0 1 0 0 1 0
26 16 0 0 0 0 1 0
26 17 0 0 0 0 1 0
26 18 0 0 0 0 1 0
26 19 0 0 0 0 1 0
26 20 0 0 0 0 1 0
26 21 0 0 0 0 1 0
26 22 0 0 0 0 1 0
26 23 0 0 0 0 1 0
26 24 0 0 0 0 1 0
26 25 0 0 0 0 1 0
26 26 0 0 0 0 1 0
26 27 0 0 0 0 1 0
26 28 0 0 0 0 1 0
26 29 0 0 1 1 1 1
26 30 1 1 0 1 1 0
26 31 1 0 0 0 1 0
27 2 1 1 0 0 1 0
27 3 1 0 0 0 1 0
27 4 1 0 1 0 1 1
27 5 1 0 1 0 1 0
27 6 0 0 0 0 0 1
27 7 0 0 1 0 0 0
27 8 1 0 1 0 0 0
27 9 1 1 1 0 1 1
27 10 0 0 1 1 0 1
27 12 1 1 0 1 1 0
27 13 0 0 1 1 1 0
27 14 1 1 0 1 1 0
27 15 0 1 0 1 0 0
27 16 0 0 0 0 0 1
27 17 0 0 1 0 0 0
27 18 1 0 1 0 1 1
27 19 0 1 0 0 1 1
27 20 1 1 0 0 1 0
27 21 0 1 0 0 0 1
27 22 1 1 0 0 1 0
27 23 1 0 0 0 0 1
27 25 1 1 0 0 1 0
27 26 0 1 1 1 1 1
27 27 1 1 0 0 1 0
27 28 0 1 0 1 0 0
3 17 1 0 1 0 0 1
5 14 0 1 0 1 0 0
16 7 0 1 1 1 0 1
