0
23 44 74 95 125 145 175 198 228 249 280 301 331 353 383 405 435 456 487 507 539 559 589 610 640 663 693 714 744 766 796 817 848 870 899 920 951 973 1002 1023 1054 1075 1106 1128 1158 1180 1210 1231 1261 1282 1312 1333 1363 1384 1414 1435 1465 1486 1516 1537 1567 1588 1618 1639 1669 1690
61 82 103 143 164 185 225 246 267 307 329 349 391 413 434 475 496 517 558 579 600 641 662 683 719 741 761 802 823 844 885 906 927 968 989 1010 1046 1067 1089 1132 1154 1175 1213 1235 1255 1296 1317 1338 1379 1400 1421 1462 1483 1504 1544 1565 1586 1626 1647 1668 1708 1729 1750 1790 1811 1832 1872 1893 1914 1956 1978 1999 2039 2060 2081 2121 2142 2163 2203 2224 2245 2285 2306 2327
4 8 0 1 0 0 1 0
4 9 1 0 0 0 0 1
4 10 1 1 0 0 0 1
4 11 0 0 0 1 1 0
4 13 1 1 1 0 0 1
4 14 1 1 0 1 1 1
4 15 0 0 1 0 1 0
4 16 0 0 0 1 0 1
4 18 1 0 1 0 0 1
4 19 1 1 0 0 0 1
4 20 1 1 0 1 1 0
4 22 0 0 1 1 0 1
4 23 0 0 0 0 1 1
4 24 1 0 0 0 1 0
5 13 0 0 1 1 0 1
5 14 0 1 1 1 0 0
5 15 0 0 1 0 1 0
5 16 0 0 0 1 0 1
5 17 1 1 0 0 0 1
5 18 1 1 0 1 1 0
5 20 1 0 1 1 0 0
5 21 0 0 0 0 1 0
5 22 0 1 1 1 0 0
7 14 0 0 0 0 1 0
7 15 0 1 0 0 1 0
7 16 0 0 0 0 0 1
7 17 1 0 1 0 0 1
9 10 0 0 1 0 1 0
9 11 1 0 0 1 0 0
9 12 1 0 1 1 1 0
9 13 0 1 0 1 1 0
9 16 1 0 0 0 1 0
9 17 1 1 0 1 1 0
9 18 1 0 1 1 0 0
9 19 1 1 0 1 0 1
9 20 0 1 1 1 1 0
9 21 1 1 0 1 1 0
11 16 1 0 0 0 1 0
13 9 0 1 0 1 0 1
13 10 1 0 0 0 1 1
13 11 0 1 1 1 1 0
13 12 1 1 0 1 1 0
13 13 0 0 0 0 1 0
13 14 1 0 1 1 0 0
13 16 1 0 1 0 1 0
13 17 1 0 0 1 0 0
13 18 1 1 0 0 0 1
13 19 1 1 0 1 1 0
13 21 1 1 1 0 0 1
13 22 1 1 0 1 1 1
13 23 0 0 1 0 1 0
13 24 0 0 0 1 0 1
14 7 1 0 1 0 1 0
14 8 1 0 0 1 0 0
14 9 1 1 0 0 0 1
14 10 1 1 0 1 1 0
14 12 1 1 1 0 0 1
14 13 1 1 0 1 1 1
14 14 0 0 1 0 1 0
14 15 0 0 0 1 0 1
14 17 0 1 0 0 1 0
14 18 0 0 0 0 0 1
14 19 1 0 1 0 0 1
14 21 1 1 1 0 1 1
14 22 0 1 0 1 1 0
14 23 0 1 1 0 1 0
14 24 1 0 0 0 0 1
15 8 0 0 1 1 0 1
15 9 1 0 0 0 0 1
15 10 1 0 1 1 0 0
15 11 0 0 0 1 1 0
15 14 0 0 1 1 1 0
15 15 0 1 0 1 1 0
15 16 0 1 1 0 1 0
15 17 1 0 0 0 0 1
15 19 0 1 0 0 0 1
15 20 1 0 0 1 1 0
15 21 1 0 1 0 1 0
15 22 0 0 0 1 0 1
24 9 0 0 1 0 1 0
24 10 0 1 1 1 0 0
24 11 0 0 1 1 1 1
24 12 0 0 0 1 1 0
24 13 0 0 1 1 0 1
24 14 1 1 0 1 1 1
24 16 0 1 0 0 1 0
24 17 0 0 1 0 1 1
24 18 1 0 0 1 0 1
24 20 0 1 0 1 0 1
24 21 1 1 0 1 1 0
24 22 0 1 1 0 1 0
24 23 1 0 0 0 0 1
14 3 0 1 1 1 1 0
14 5 1 0 1 1 0 0
14 4 1 1 0 1 1 0
