0.20
33 55 85 107 137 159 189 211 241 263 293 313 345 365 396 418 448 470 500 522 552 573 604 625 655 677 707 729 759 780 810 832 863 884 914 936 966 988 1018 1039 1070 1092 1122 1143 1173 1194 1225 1246 1278 1299 1326 1350 1380 1402 1432 1452 1485 1506 1536 1557 1584 1604 1631 1651
98 118 138 176 197 218 262 283 305 343 364 385 426 447 469 508 529 550 592 613 634 675 696 717 757 778 799 840 861 882 921 943 964 1002 1028 1048 1086 1108 1129 1173 1194 1214 1252 1274 1296 1334 1354 1374 1412 1432 1452 1490 1510 1530 1568 1588 1608 1646 1666 1686 1724 1744 1764 1802 1822 1842 1880 1900 1920 1958 1978 1998 2036 2056 2076 2114 2134 2154 2192 2212 2232 2270 2290 2310
2 3 1 0 1 0 1 1
2 4 1 1 1 0 1 1
2 5 1 1 0 1 1 0
2 6 1 1 0 0 0 1
2 8 1 1 0 0 1 0
2 9 0 0 1 1 1 0
2 10 1 0 0 0 1 1
2 11 1 0 1 0 1 0
2 13 0 1 1 1 1 0
2 14 1 0 0 1 0 1
2 15 1 0 0 1 1 0
2 16 0 1 0 1 0 0
2 17 0 0 0 0 1 0
2 18 0 0 0 0 1 0
2 19 0 0 0 0 1 0
2 20 0 0 0 0 1 0
2 21 0 0 0 0 1 0
2 22 0 0 0 0 1 0
2 23 0 0 0 0 1 0
2 24 0 0 0 0 1 0
2 25 0 0 0 0 1 0
2 26 0 0 0 0 1 0
2 27 0 0 0 0 1 0
2 28 0 0 1 1 1 1
2 29 0 1 0 1 0 0
2 30 1 0 0 1 1 0
3 12 1 0 0 1 1 0
3 13 0 1 0 1 0 0
3 14 0 1 1 1 0 0
3 15 1 1 1 0 0 1
3 17 1 0 0 1 1 0
3 18 1 1 1 0 0 1
3 19 1 1 1 1 0 1
4 1 0 1 1 1 1 1
4 2 0 1 1 0 0 0
4 3 1 0 0 1 1 0
4 4 1 0 1 0 0 1
5 3 0 0 1 1 1 1
5 4 0 1 0 1 0 0
5 7 0 1 1 1 1 0
5 8 1 1 1 0 0 1
5 10 1 0 0 0 1 1
5 11 0 0 1 1 1 1
5 12 1 0 1 1 0 0
5 13 1 0 0 0 0 1
5 16 1 1 0 0 0 0
5 17 1 0 0 0 0 1
5 18 1 1 0 0 1 0
5 19 1 1 0 0 0 1
5 20 0 0 0 0 1 0
5 21 0 0 0 0 1 0
5 22 0 0 0 0 1 0
5 23 0 0 0 0 1 0
5 24 0 0 0 0 1 0
5 25 0 0 0 0 1 0
5 26 0 0 0 0 1 0
5 27 0 0 0 0 1 0
5 28 0 0 1 1 1 1
5 29 0 1 0 1 0 0
5 30 0 1 0 1 0 0
6 3 0 0 1 1 1 1
6 4 1 0 0 0 0 0
6 5 0 1 0 1 1 0
6 8 1 0 1 1 1 0
6 9 0 0 1 0 1 0
6 10 1 0 0 0 1 1
6 11 1 0 1 0 0 1
6 14 0 1 1 0 1 1
6 15 0 1 0 0 0 0
6 16 1 0 0 1 1 0
6 17 1 0 0 0 0 1
6 18 0 0 1 0 0 0
6 19 1 1 0 1 1 0
6 20 0 0 0 1 1 1
6 21 1 0 0 0 0 0
6 22 0 0 0 0 1 0
6 23 0 0 0 0 1 0
6 24 0 0 0 0 1 0
6 25 0 0 0 0 1 0
6 26 0 0 0 0 1 0
6 27 0 0 1 1 1 1
6 28 1 0 0 0 0 0
6 29 0 1 0 1 1 0
6 30 1 1 0 1 1 0
7 3 0 0 1 1 1 1
7 4 1 0 0 0 0 0
7 5 1 0 0 0 0 0
7 8 0 1 1 0 1 1
7 9 0 0 1 0 1 0
7 11 1 0 0 1 1 0
7 12 0 1 0 1 0 0
7 13 1 1 0 0 1 0
7 14 1 1 0 1 0 1
7 16 0 1 1 1 0 0
7 17 0 0 1 0 1 1
7 18 1 1 1 0 0 0
7 19 1 1 0 0 0 1
7 21 1 0 0 1 1 0
7 22 1 1 0 1 1 1
7 23 1 1 0 0 1 0
7 24 1 0 1 1 0 1
8 5 0 0 1 1 0 0
8 6 0 1 1 0 0 1
8 7 1 0 0 0 0 0
8 8 1 0 1 0 0 0
8 9 0 1 1 0 0 1
8 10 0 1 1 0 0 0
8 11 1 0 1 0 0 0
8 12 0 1 1 0 0 1
8 13 0 1 1 0 0 0
8 14 0 0 0 0 1 0
8 15 0 0 0 0 1 0
8 16 0 0 0 0 1 0
8 17 0 0 0 0 1 0
8 18 0 0 0 0 1 0
8 19 0 0 0 0 1 0
8 20 0 0 0 0 1 0
8 21 0 0 0 0 1 0
8 22 0 0 0 0 1 0
8 23 0 0 0 0 1 0
8 24 0 0 0 0 1 0
8 25 0 0 0 0 1 0
8 26 0 0 0 0 1 0
8 27 0 0 1 1 1 1
8 28 1 0 0 0 0 0
8 29 1 0 0 0 0 0
8 30 1 1 0 1 1 0
9 3 0 0 1 1 1 1
9 4 1 0 0 0 0 0
9 5 1 1 0 0 0 0
9 8 0 1 1 0 1 1
9 9 0 0 1 0 1 0
9 11 0 1 0 1 1 0
9 12 0 0 1 0 1 1
9 13 1 0 0 0 1 1
9 14 0 0 1 1 1 1
9 17 1 1 0 0 0 0
9 18 0 1 0 0 0 1
9 19 1 1 1 0 0 0
9 20 1 1 1 0 0 1
9 21 1 0 0 1 1 0
9 22 0 1 0 1 1 1
9 23 0 1 1 1 0 0
9 24 0 0 0 0 1 0
9 25 0 0 0 0 1 0
9 26 0 0 0 0 1 0
9 27 0 0 1 1 1 1
9 28 1 0 0 0 0 0
9 29 1 1 0 0 0 0
9 30 0 1 0 1 0 0
10 1 1 0 1 0 1 1
10 2 0 1 0 0 1 1
10 3 1 1 0 0 1 0
10 4 0 1 0 0 0 1
10 5 1 1 0 0 1 0
10 6 1 0 0 0 0 1
10 8 1 1 0 0 1 0
10 9 0 1 1 1 1 1
10 10 1 1 0 0 1 0
10 11 0 1 0 1 0 0
10 12 0 0 0 0 0 1
10 13 0 0 1 0 0 0
10 14 1 1 0 0 1 0
10 15 1 0 0 0 1 0
10 16 1 0 1 0 1 1
10 17 1 0 1 0 1 0
10 18 0 0 0 0 0 1
10 19 0 0 1 0 0 0
10 20 1 0 1 0 0 0
10 21 1 1 1 0 1 1
10 22 0 0 1 1 0 1
10 23 0 0 1 0 0 0
11 3 1 1 0 1 1 0
11 4 0 0 1 1 1 0
11 5 1 1 0 1 1 0
11 6 0 1 0 1 0 0
11 9 1 1 0 1 1 0
11 10 1 1 0 1 1 1
11 11 0 0 1 1 0 0
11 12 1 0 1 0 0 1
11 14 1 0 1 0 1 0
11 15 1 0 1 1 0 0
11 16 0 0 1 0 1 1
11 18 1 0 0 1 1 0
11 20 1 0 0 0 1 1
11 21 0 1 0 0 0 1
11 22 1 0 1 0 0 0
11 23 0 0 1 1 0 1
11 24 0 0 0 0 1 0
11 25 0 0 0 0 1 0
11 26 0 0 0 0 1 0
11 27 0 0 1 1 1 1
11 28 1 0 0 0 0 0
11 29 1 0 0 1 0 0
11 30 1 1 0 1 1 0
12 1 0 1 0 0 1 0
12 2 0 1 0 0 1 0
12 3 0 1 0 0 1 0
12 4 0 1 0 0 1 0
12 5 0 1 0 0 1 0
12 6 0 1 0 0 1 0
12 7 0 1 0 0 1 0
12 8 0 1 0 0 1 0
12 9 0 1 0 0 1 0
12 10 0 1 0 0 1 0
13 3 0 0 1 1 0 0
13 4 1 0 1 0 0 1
13 5 0 0 1 0 0 1
13 7 1 1 1 1 0 0
13 8 1 0 0 1 0 1
13 9 1 0 1 1 0 0
13 10 1 0 1 0 0 1
13 12 1 0 1 0 0 0
13 13 1 0 0 1 0 1
13 15 1 0 1 1 0 0
13 16 0 1 1 1 0 1
13 17 1 1 0 0 1 1
13 19 1 1 0 0 0 0
13 20 0 0 1 1 1 0
13 22 0 1 1 0 1 1
13 23 0 0 1 0 1 0
13 25 1 0 0 1 1 0
13 27 1 0 0 0 1 1
14 1 1 1 0 1 1 0
14 2 1 0 0 0 0 1
14 3 1 0 0 1 1 0
14 4 1 0 1 0 0 1
14 6 1 0 1 0 0 0
14 7 0 1 0 0 0 1
14 8 0 1 0 0 1 0
14 9 0 0 0 0 1 0
14 11 1 1 0 0 0 0
14 12 0 0 1 1 1 0
14 13 1 1 0 0 1 1
14 15 0 1 1 0 1 1
14 16 0 0 1 0 1 0
14 18 1 0 0 1 1 0
14 20 1 0 0 0 1 1
14 22 1 1 1 0 0 0
14 23 0 1 1 1 1 1
14 24 1 0 0 1 1 0
14 25 1 0 1 0 0 1
15 1 1 0 1 0 0 0
15 2 0 1 0 0 0 1
15 3 0 1 0 0 1 0
15 4 0 0 0 0 1 0
15 5 0 1 1 0 0 0
19 28 0 0 0 0 0 0
22 6 0 0 0 0 0 0
23 3 0 0 0 0 0 0
23 6 0 0 0 0 0 0
23 28 0 0 0 0 0 0
25 3 0 0 0 0 0 0
