0.30
46 67 90 110 142 163 193 216 244 266 297 318 347 369 400 421 451 473 503 524 555 577 606 628 658 679 710 731 762 784 814 836 865 887 917 939 969 990 1021 1042 1073 1093 1124 1146 1176 1197 1227 1249 1279 1300 1331 1353 1383 1404 1434 1456 1487 1507 1538 1560 1590 1612 1642 1663
57 84 105 145 166 187 229 251 272 312 333 355 396 418 438 478 499 520 558 580 601 643 664 685 724 745 767 807 828 849 889 910 931 973 994 1015 1051 1073 1094 1137 1158 1181 1221 1242 1263 1301 1323 1344 1380 1402 1423 1467 1489 1510 1547 1569 1590 1633 1655 1676 1716 1737 1758 1799 1821 1842 1880 1902 1923 1965 1986 2008 2046 2067 2089 2129 2149 2171 2211 2232 2253 2287 2308 2329
2 19 0 1 0 0 0 0
2 20 1 0 1 0 1 0
2 21 0 0 0 1 1 1
2 22 1 1 1 0 1 0
2 23 0 1 0 1 1 0
2 25 0 1 1 0 0 1
2 26 1 0 0 1 0 1
2 27 1 0 0 0 1 0
2 28 1 1 0 1 0 1
2 30 0 0 1 0 1 1
2 31 1 1 0 1 0 0
3 4 0 1 0 0 0 0
3 5 1 0 0 0 1 0
3 6 1 1 0 0 1 1
3 7 0 0 0 1 0 0
3 8 1 0 0 0 0 1
3 10 1 1 0 1 0 0
3 12 0 1 0 0 1 0
3 13 1 0 0 1 0 0
3 14 0 0 1 0 1 1
3 15 0 1 1 1 0 0
3 17 0 1 0 0 0 1
3 18 1 1 0 0 1 1
3 20 1 0 0 0 1 0
3 21 0 0 0 1 0 1
3 22 1 1 1 0 1 1
3 23 1 1 0 1 1 0
3 25 0 0 1 1 0 1
3 26 1 1 0 0 1 1
3 27 1 0 0 0 1 0
3 28 1 1 0 1 0 1
3 30 0 1 1 0 1 0
3 31 1 0 0 1 0 0
4 14 0 0 1 1 0 1
4 15 0 1 0 1 1 0
4 16 1 1 1 1 1 0
4 17 0 1 0 1 1 0
4 19 1 1 0 1 0 0
4 21 1 0 0 0 1 0
4 22 0 0 0 1 1 1
4 23 1 1 1 0 0 1
4 24 0 1 1 1 0 0
4 26 0 1 1 0 0 1
4 27 1 0 0 1 0 1
4 28 1 0 0 0 1 0
4 29 1 1 0 1 0 1
4 31 1 1 1 1 0 0
5 8 0 0 0 0 1 1
5 9 0 1 0 0 0 0
5 10 1 0 0 0 1 0
5 11 0 0 0 1 0 1
5 12 0 0 0 0 1 0
5 13 1 0 1 1 0 1
5 15 0 1 0 0 1 1
5 16 1 1 0 1 1 0
5 17 0 1 0 0 1 1
5 18 1 1 0 1 1 0
5 20 0 1 0 0 1 0
5 21 0 1 0 1 1 0
5 22 0 0 1 1 0 0
5 23 0 0 0 1 1 1
5 25 1 1 0 1 0 0
5 27 0 1 0 0 0 1
5 28 1 1 0 0 1 1
5 30 0 1 0 0 0 1
5 31 0 0 0 1 1 0
7 4 0 1 0 0 0 0
7 5 1 1 1 0 0 1
7 6 1 0 0 1 1 0
7 7 0 0 1 1 1 1
7 8 0 1 1 1 0 0
7 10 1 0 1 0 1 0
7 11 0 1 1 1 0 1
7 12 0 0 1 0 1 1
7 13 1 0 0 1 1 0
7 15 0 0 1 1 0 1
7 16 1 1 0 1 1 0
7 17 1 0 1 0 1 0
7 18 0 0 0 1 1 0
7 20 1 1 0 1 0 0
7 22 0 1 0 0 0 1
7 23 1 1 0 0 1 1
7 25 0 1 0 0 0 1
7 26 0 0 0 1 1 0
7 28 0 1 1 1 1 1
7 29 0 1 0 1 1 0
7 30 0 0 1 1 1 1
7 31 1 1 0 0 1 0
8 11 0 0 1 0 0 1
8 12 1 1 1 0 0 1
8 13 1 0 0 1 1 0
8 14 1 1 0 0 0 1
8 15 1 0 0 1 1 1
8 17 0 0 1 0 1 0
8 18 1 0 0 0 0 1
8 19 0 0 1 1 0 1
8 20 1 0 0 1 0 1
8 22 0 1 0 0 0 0
8 23 1 0 1 1 0 1
8 24 1 0 1 0 1 0
8 25 1 1 0 0 1 1
8 27 0 0 1 0 1 0
8 28 1 0 0 0 0 1
8 29 0 0 0 0 1 1
8 30 0 0 1 1 0 1
8 31 1 0 0 1 1 1
9 9 0 1 0 0 0 0
9 10 0 1 0 0 1 1
9 11 0 0 0 1 1 1
9 12 0 0 1 1 0 1
9 13 1 1 0 0 1 1
9 15 1 1 0 1 0 0
9 17 0 0 0 1 0 0
9 18 0 1 1 1 0 0
9 19 0 1 0 0 1 1
9 20 1 1 0 1 1 1
9 22 1 0 1 0 1 1
9 23 0 1 0 1 1 0
9 24 0 0 0 0 1 1
9 25 0 0 1 1 1 1
9 27 0 1 0 0 0 1
9 28 1 1 0 1 0 1
9 30 1 0 1 0 1 0
9 31 0 1 1 1 0 1
10 9 0 0 0 0 1 1
10 10 0 1 0 0 0 0
10 11 1 1 1 0 0 1
10 12 1 0 0 1 0 1
10 13 1 0 1 0 1 1
10 14 1 0 0 1 0 1
10 16 1 1 0 1 0 0
10 18 1 0 0 0 1 0
10 19 0 0 0 0 1 0
10 20 1 1 1 0 1 0
10 22 0 1 0 0 0 1
10 23 1 1 0 0 1 1
10 25 0 1 1 1 0 0
10 27 1 1 1 0 0 1
10 28 1 0 0 1 0 0
10 30 0 0 1 0 1 0
10 31 1 0 0 0 0 1
12 9 1 1 0 1 0 0
12 11 1 0 1 0 1 0
12 12 0 0 1 1 1 0
12 13 0 0 0 1 0 1
12 15 0 1 0 1 0 1
12 17 0 1 0 0 0 0
12 18 0 1 0 0 0 1
12 20 0 1 0 1 0 1
12 21 1 1 0 1 1 0
12 22 0 0 1 1 0 1
12 23 0 1 1 1 0 1
12 26 1 0 0 1 0 0
12 27 1 1 1 0 0 1
13 12 0 0 0 0 1 1
13 13 0 0 1 0 0 1
13 14 0 0 0 0 1 0
13 15 1 1 1 0 0 1
13 16 0 0 1 0 0 1
13 17 0 1 1 0 0 0
13 18 0 1 0 1 0 1
13 19 1 1 0 1 1 0
13 20 0 0 1 1 0 1
13 21 0 1 1 1 0 1
14 14 0 0 0 0 1 0
14 15 0 0 1 1 0 0
14 16 1 1 0 0 1 1
14 17 0 0 0 1 0 0
14 18 0 0 1 1 0 1
14 19 0 1 1 1 0 0
16 4 0 1 0 0 0 0
16 5 0 0 1 0 1 0
16 6 1 1 0 1 1 0
16 8 1 0 0 0 0 1
16 10 0 1 0 1 0 1
16 11 1 1 0 1 1 0
16 12 0 0 0 0 1 1
16 13 1 0 1 0 1 0
16 15 1 1 0 1 0 0
16 17 0 0 1 1 0 0
16 18 0 0 0 1 0 1
16 19 0 1 1 0 0 1
16 20 0 1 1 1 0 0
16 22 0 1 1 1 1 1
16 23 0 1 1 1 0 0
16 24 1 0 0 0 1 0
16 26 0 1 1 1 0 0
16 28 0 0 1 0 1 0
16 29 1 0 0 0 0 1
17 2 1 0 1 1 0 1
17 3 0 0 0 1 0 1
17 5 1 0 1 0 0 1
17 7 0 0 1 1 1 1
17 8 1 1 0 1 1 0
17 9 0 0 0 0 0 1
17 10 0 1 1 1 0 0
17 11 1 0 0 0 1 0
17 12 0 0 0 1 1 1
17 14 1 1 0 1 0 0
17 16 0 1 1 0 0 1
17 17 1 1 0 1 1 1
17 18 0 1 1 0 0 1
17 19 0 1 1 1 0 0
17 21 0 0 1 0 1 0
17 22 1 0 0 0 0 1
17 23 0 1 1 0 1 0
17 24 1 1 0 0 1 0
17 25 1 1 0 0 0 1
17 26 1 1 0 1 1 0
17 28 0 1 1 0 1 0
17 29 1 0 0 0 0 1
17 30 0 0 0 1 0 0
17 31 0 1 1 1 0 0
18 4 0 0 1 1 1 0
18 5 1 0 0 1 1 1
18 7 0 1 0 1 0 1
18 8 1 1 0 0 1 1
18 9 1 0 1 0 1 0
18 10 0 0 0 1 1 0
18 12 0 0 1 0 1 0
18 13 1 0 0 0 0 1
18 14 0 1 1 0 1 0
18 15 1 1 0 1 0 0
18 16 0 0 0 0 0 1
18 17 1 1 1 1 0 0
18 19 0 1 0 0 0 0
18 20 0 0 1 1 1 1
18 21 1 1 0 1 1 0
18 22 1 0 1 0 1 0
18 23 1 1 0 1 0 0
18 24 0 0 0 0 1 0
18 25 0 1 1 1 0 0
18 27 1 1 0 1 0 0
18 29 0 1 0 1 0 0
18 30 0 0 0 1 1 1
18 31 0 0 1 0 0 1
19 2 1 0 0 0 1 0
19 3 1 1 0 1 1 0
19 5 1 1 0 1 0 0
19 7 1 1 1 0 0 1
19 8 0 1 1 1 0 0
19 9 0 0 1 1 1 0
19 10 0 1 0 1 1 0
19 12 1 0 1 1 0 1
19 13 0 1 0 1 1 0
19 14 0 1 1 1 1 1
19 15 0 1 1 1 0 1
19 17 1 0 0 0 0 0
19 18 0 0 1 1 0 1
19 19 1 0 0 1 1 0
19 20 0 0 1 1 0 1
19 21 0 1 1 1 0 0
19 23 0 1 0 1 0 1
19 24 1 1 0 0 1 1
19 25 1 1 1 0 0 1
19 26 1 0 0 0 0 1
19 28 1 0 0 0 0 0
19 29 0 1 0 0 1 0
19 30 0 0 0 1 0 1
19 31 0 0 1 0 0 1
20 5 0 0 0 0 1 1
20 6 0 1 0 0 0 0
20 7 0 0 1 0 1 1
20 8 1 1 0 1 1 1
20 9 1 1 1 0 1 0
20 10 0 1 0 1 1 0
20 12 1 0 0 0 1 0
20 13 0 0 0 1 0 1
20 14 0 0 1 0 1 1
20 15 1 1 0 1 0 0
20 17 0 1 1 0 0 1
20 18 1 1 0 0 1 0
20 20 0 0 1 1 0 0
20 21 0 0 0 1 1 1
20 23 1 0 1 0 1 0
20 24 0 0 0 1 1 1
20 25 0 0 1 1 0 1
20 26 1 1 0 1 0 0
20 28 0 1 0 0 0 0
20 29 0 0 1 1 0 0
20 30 0 0 0 1 0 1
20 31 0 0 1 0 0 1
22 3 0 1 0 0 0 0
22 4 0 0 1 0 1 0
22 5 1 1 0 1 1 1
22 6 1 1 1 0 1 0
22 7 0 1 1 1 0 0
22 8 0 1 0 0 1 1
22 9 0 0 0 1 1 1
22 11 1 1 0 1 0 0
22 13 0 1 1 1 1 0
22 14 1 1 0 1 1 0
22 15 0 0 1 0 1 0
22 16 1 0 0 1 1 1
22 18 0 0 1 0 1 1
22 19 0 1 1 1 0 0
22 21 1 0 1 1 0 0
22 22 0 0 0 1 1 0
22 23 0 0 1 0 1 0
22 24 0 1 0 1 1 0
22 26 1 0 0 0 1 0
22 27 1 1 0 1 0 1
22 29 0 1 1 1 0 0
22 31 0 1 0 1 0 1
23 6 0 1 1 0 0 0
23 7 0 0 1 0 1 0
23 8 1 1 0 1 1 0
23 10 1 1 0 1 0 0
23 12 1 0 1 0 1 1
23 13 0 0 0 1 1 0
23 14 1 0 0 0 1 0
23 15 1 0 0 1 1 1
23 17 0 0 1 0 1 0
23 18 1 0 0 0 0 1
23 19 0 0 0 0 0 1
23 20 0 0 1 0 1 1
23 21 1 0 0 1 1 0
23 23 1 0 1 0 1 0
23 24 0 0 0 1 1 1
23 26 1 0 1 1 0 0
23 27 1 1 0 1 0 1
23 28 1 0 1 0 1 0
23 29 0 0 0 1 1 0
23 30 0 0 1 1 0 1
23 31 0 1 1 1 0 0
24 8 0 1 0 0 0 0
24 9 1 1 1 0 0 1
24 10 1 1 0 1 0 0
24 11 0 1 1 0 1 1
24 12 0 0 0 1 0 1
24 14 1 1 0 1 0 0
24 16 1 0 1 0 1 1
24 17 0 1 0 1 1 0
24 18 1 1 1 0 0 0
24 19 0 1 0 1 1 0
24 21 0 0 1 0 1 1
24 22 0 1 1 1 0 0
24 23 0 0 0 0 1 0
24 24 0 0 1 0 1 0
24 26 1 0 0 0 1 0
24 27 1 1 0 1 0 1
24 29 0 1 1 1 0 0
24 31 0 1 0 1 0 1
25 4 0 0 1 1 0 0
25 5 0 1 0 1 1 0
25 6 0 0 0 1 0 0
25 7 0 1 0 1 0 1
25 9 1 0 0 0 1 0
25 10 0 0 0 1 1 1
25 12 0 1 1 0 1 0
25 13 1 1 0 1 0 0
25 14 1 1 1 0 1 0
25 15 1 0 0 0 1 1
25 17 1 1 0 1 0 0
25 19 0 0 0 0 0 1
25 20 0 1 1 1 0 0
25 21 1 0 0 0 1 0
25 22 0 0 0 1 1 1
25 24 1 0 1 0 1 0
25 25 0 1 1 1 0 1
25 27 1 0 0 0 1 0
25 28 1 1 0 1 0 1
25 30 0 1 0 0 1 1
25 31 1 0 0 0 0 1
26 25 0 1 1 0 0 0
26 26 0 1 0 1 0 1
26 27 1 0 0 0 1 1
26 28 0 0 1 0 1 0
26 29 1 0 0 1 0 1
27 2 1 0 0 0 1 0
27 3 1 1 1 0 0 1
