0.10
48 69 99 122 152 173 203 225 255 277 308 328 359 380 411 433 463 484 514 536 567 587 618 640 669 691 722 743 774 795 825 847 877 899 929 950 981 1002 1032 1054 1084 1106 1136 1157 1187 1209 1240 1261 1291 1312 1342 1364 1394 1416 1447 1468 1498 1519 1550 1572 1602 1624 1654 1675
71 92 113 154 176 194 235 256 277 307 329 349 391 413 434 473 495 516 557 579 600 641 662 683 723 744 764 806 827 848 888 910 931 974 995 1016 1053 1074 1096 1139 1160 1181 1220 1241 1262 1305 1326 1347 1388 1409 1430 1468 1489 1510 1551 1572 1593 1633 1654 1675 1716 1737 1758 1797 1819 1840 1879 1900 1922 1964 1985 2006 2046 2067 2088 2129 2151 2172 2211 2232 2254
2 14 1 0 1 1 1 1
2 15 0 0 1 1 1 1
2 16 1 1 0 1 0 0
2 18 1 0 0 0 1 0
2 19 1 0 0 0 1 0
2 20 1 1 0 1 0 0
4 3 0 0 0 0 1 1
4 4 0 1 0 0 0 0
4 5 0 1 1 1 1 0
4 6 0 1 1 0 1 0
4 7 1 1 0 1 1 0
4 9 0 1 0 1 0 1
4 10 1 0 0 0 1 1
4 12 0 1 1 0 0 1
4 13 1 1 0 0 1 0
4 15 0 1 0 0 0 0
4 16 0 0 0 1 0 0
4 17 0 0 0 1 0 1
4 19 1 0 0 0 0 1
4 21 0 0 0 1 0 0
4 22 1 0 1 1 0 1
4 23 0 1 0 1 1 0
4 24 1 0 0 0 1 1
4 26 0 1 0 1 0 1
4 27 1 1 0 1 1 0
4 28 0 0 0 0 1 1
4 29 1 0 1 0 1 0
5 2 1 1 0 1 0 0
5 4 1 0 0 0 1 0
5 5 1 1 0 0 1 1
5 6 0 0 1 1 0 1
5 7 1 0 0 0 0 1
5 9 1 1 1 0 1 0
5 11 0 0 0 1 0 0
5 12 1 0 1 1 0 1
5 13 0 1 0 1 1 0
5 14 1 0 0 0 1 1
5 16 1 0 1 0 0 1
5 18 0 1 0 1 0 1
5 19 1 1 0 1 1 0
5 20 0 0 0 0 1 1
5 21 1 0 1 0 1 0
5 23 0 0 0 0 0 1
5 24 1 0 0 0 1 0
5 26 0 0 1 1 0 1
5 27 0 1 1 1 0 1
5 28 1 0 0 0 1 0
5 30 0 0 1 0 1 0
5 31 1 0 0 0 0 1
6 3 0 1 0 1 0 0
6 4 0 0 0 1 1 1
6 5 0 0 0 0 1 1
6 6 1 1 0 1 1 1
6 8 0 1 0 1 1 1
6 10 0 1 1 0 0 1
6 11 1 1 0 1 1 1
6 12 0 1 1 0 0 1
6 13 0 1 1 1 0 0
6 15 0 1 1 0 0 1
6 16 1 1 0 0 1 0
6 17 0 0 0 1 0 0
6 18 0 1 1 1 0 0
6 20 0 0 1 0 1 0
6 21 1 0 0 0 0 1
6 22 0 0 1 1 1 1
6 23 0 1 0 1 1 0
6 24 0 0 0 0 1 1
6 25 1 1 1 0 0 0
6 27 0 1 0 0 0 0
6 28 0 0 1 0 1 0
6 29 1 1 0 1 1 0
6 30 0 0 0 1 0 0
6 31 0 1 1 1 0 0
7 3 0 0 0 0 1 0
7 4 0 0 1 1 1 0
7 5 0 0 0 0 1 1
7 6 0 1 0 0 0 0
7 7 0 0 0 0 0 1
7 8 0 0 1 0 1 0
7 9 1 0 0 0 0 1
7 10 0 0 1 1 0 1
7 11 1 1 0 1 0 0
7 13 0 0 1 1 0 1
7 14 0 1 1 1 0 0
7 15 0 0 0 0 1 0
7 16 0 0 1 1 0 1
7 18 0 0 1 0 1 0
7 19 0 0 0 1 1 1
7 20 0 1 1 0 1 0
7 21 1 1 0 1 0 0
7 22 0 0 1 1 1 1
7 23 1 1 0 1 1 0
7 25 0 1 0 0 0 0
7 26 0 0 1 1 1 1
7 27 1 1 0 1 1 0
7 28 0 0 1 1 0 0
7 29 0 0 0 1 0 1
7 31 1 1 0 1 0 0
8 3 0 1 0 0 1 1
8 4 1 1 0 0 1 1
8 6 1 0 0 0 1 0
8 7 0 0 1 0 1 0
8 8 0 0 0 1 0 1
8 10 0 1 0 0 0 0
8 11 0 0 1 0 1 0
8 12 1 1 0 1 1 0
8 13 0 0 0 1 0 0
8 14 0 1 1 1 0 0
8 16 0 1 0 1 0 0
8 17 0 1 0 1 1 0
8 18 0 0 1 0 1 0
8 19 1 0 0 0 0 1
8 21 0 0 1 0 1 1
8 22 0 1 1 1 0 0
8 23 0 0 1 1 1 0
8 24 0 1 0 1 1 0
8 26 0 0 1 1 0 0
8 27 0 0 0 1 1 0
8 29 0 1 1 0 1 0
8 30 1 0 0 0 1 1
8 31 0 0 1 0 0 1
9 4 1 1 1 0 1 0
9 5 1 1 0 1 0 0
9 7 0 1 1 0 0 1
9 8 0 1 1 1 0 0
9 9 1 0 1 1 1 0
9 10 1 1 0 1 1 0
9 12 0 1 0 0 0 0
9 13 0 0 1 1 0 0
9 14 0 0 0 1 1 1
9 15 0 0 1 1 1 0
9 16 0 1 0 1 1 0
9 18 1 1 1 1 1 1
9 19 0 1 0 1 1 0
9 20 0 0 0 1 0 0
9 21 1 1 0 1 1 0
9 23 0 1 0 0 0 0
9 24 0 1 0 0 1 1
9 25 1 0 0 1 0 0
9 26 0 0 1 1 0 0
9 27 0 0 0 1 0 1
9 29 0 0 0 0 0 1
9 30 0 1 0 1 0 0
9 31 0 0 1 0 0 1
10 11 0 0 0 0 1 1
10 12 0 1 0 0 0 0
10 13 0 0 1 1 0 0
10 14 0 0 0 1 0 1
10 15 0 0 1 1 1 1
10 16 1 1 0 1 1 0
10 18 1 1 0 1 0 0
10 20 1 0 1 1 0 1
10 21 0 1 0 1 1 0
10 22 1 0 1 1 1 0
10 23 1 1 0 1 1 0
10 25 0 0 1 0 1 0
10 26 0 1 0 1 1 0
10 28 0 1 0 1 0 1
10 29 1 1 0 1 1 0
10 30 0 0 1 1 0 1
10 31 0 1 1 1 0 1
11 3 0 0 1 1 1 1
11 4 0 1 0 1 1 0
11 5 0 1 0 0 1 1
11 6 0 0 0 1 1 0
11 8 0 1 1 0 1 0
11 9 1 0 0 0 0 1
11 10 0 0 0 1 0 0
11 11 0 1 1 1 0 0
11 13 0 0 1 1 0 1
11 14 1 0 0 0 0 1
11 15 1 1 1 1 1 0
11 16 1 1 0 1 1 0
11 18 1 1 0 0 0 1
11 20 0 1 0 0 0 0
11 21 0 0 0 1 0 0
11 22 0 1 1 1 0 0
11 23 0 0 1 1 1 0
11 24 0 1 0 1 1 0
11 26 1 0 0 0 1 0
11 27 0 1 0 1 1 0
11 28 1 1 1 0 1 1
11 29 0 1 0 1 1 0
12 4 0 0 1 1 0 0
12 5 0 1 0 1 1 0
12 7 1 0 0 0 1 0
12 8 1 1 0 0 1 1
12 9 1 0 1 0 0 1
12 10 1 1 0 1 1 0
12 12 1 1 0 1 0 0
12 14 0 0 1 1 1 1
12 15 1 1 0 1 1 0
12 16 0 0 1 1 0 0
12 17 0 0 0 1 0 1
12 19 1 0 1 1 0 1
12 20 0 1 0 1 1 0
12 21 0 0 0 1 0 0
12 22 1 0 0 0 1 1
12 24 0 1 1 0 0 1
12 25 1 1 0 0 1 0
12 26 0 0 0 1 0 0
12 27 0 1 1 1 0 0
12 29 0 0 1 0 1 0
12 30 1 0 0 0 0 1
12 31 0 0 1 0 0 1
13 2 0 1 1 0 0 1
13 3 1 1 0 0 1 0
13 4 0 0 0 1 0 0
13 5 0 1 1 1 0 0
13 7 1 1 1 0 1 0
13 8 0 1 0 1 1 0
13 9 1 0 0 0 1 0
13 10 1 1 0 0 1 1
13 12 0 1 0 0 0 0
13 13 0 0 0 0 1 0
13 14 0 1 0 0 1 0
13 15 0 0 1 0 1 0
13 16 0 0 0 1 0 1
13 18 0 0 1 1 0 1
13 19 1 1 0 1 0 0
13 20 0 0 1 0 1 1
13 21 0 0 0 1 1 1
13 23 0 0 1 1 0 1
13 24 1 0 0 1 1 0
13 25 0 0 1 1 1 1
13 26 1 0 0 1 1 0
13 27 0 0 0 0 1 1
13 28 0 1 0 0 0 0
13 29 1 0 1 1 0 1
13 30 0 1 0 1 1 0
13 31 0 0 1 0 0 1
14 3 1 1 0 1 0 0
14 5 0 1 1 0 1 0
14 6 1 0 0 0 0 1
14 7 0 0 0 1 0 0
14 8 0 1 1 1 0 0
14 10 0 1 0 1 0 0
14 11 1 1 0 1 1 0
14 12 1 0 0 0 1 0
14 13 0 0 0 1 1 1
14 15 0 1 0 0 0 0
14 16 0 0 1 1 0 0
14 17 0 0 0 1 0 1
14 18 0 0 1 1 1 1
14 19 1 1 0 1 1 0
14 21 1 0 1 1 0 1
14 22 0 1 0 1 1 0
14 23 0 0 0 1 0 0
14 24 1 0 0 0 1 1
14 26 1 1 0 1 0 0
14 28 0 1 0 0 0 1
14 29 1 1 0 1 0 0
14 30 1 1 0 0 0 1
14 31 0 0 0 1 1 0
15 2 0 0 0 0 0 1
15 3 1 0 1 0 0 1
15 5 0 0 1 0 1 0
15 6 1 1 0 1 1 0
15 7 0 0 0 1 0 0
15 8 0 1 1 1 0 0
15 10 1 1 0 1 0 0
15 12 1 0 1 1 0 0
15 13 0 0 0 1 1 1
15 14 0 0 1 1 0 0
15 15 1 1 0 1 0 1
15 17 0 0 1 0 1 1
15 18 0 1 1 1 0 0
15 19 0 0 1 1 1 0
15 20 0 1 0 1 1 0
15 22 0 1 0 0 0 0
15 23 1 0 1 1 0 1
15 24 0 1 0 1 1 0
15 25 0 0 1 1 0 0
15 26 0 1 0 1 1 0
15 28 0 0 1 1 0 1
15 29 0 1 1 1 0 0
15 30 0 0 0 0 1 1
15 31 1 0 0 0 1 0
16 28 0 0 0 0 1 1
16 29 0 1 0 0 0 0
16 30 1 0 1 1 0 0
16 31 0 0 1 0 0 1
18 15 0 0 1 1 0 1
18 16 1 1 0 1 0 0
18 17 0 0 0 0 1 1
18 18 1 1 1 0 1 1
20 12 0 1 1 1 1 1
20 13 0 1 1 1 0 0
20 14 1 0 1 1 0 1
20 15 0 0 0 1 1 1
20 17 0 0 0 1 0 0
20 18 0 1 1 1 0 0
20 21 0 0 0 1 0 0
20 22 1 1 1 0 0 1
22 3 0 0 0 1 0 0
22 4 1 0 0 0 1 1
22 6 0 1 0 1 0 0
22 7 0 1 0 1 1 0
22 9 0 1 1 1 1 1
22 10 0 1 1 1 0 0
22 11 1 0 0 0 1 0
22 13 0 1 0 0 0 0
22 14 0 0 1 1 0 0
22 15 0 0 0 1 0 1
22 16 0 1 1 0 0 1
22 17 0 1 1 1 0 0
22 19 0 0 1 1 0 1
22 20 1 1 0 0 1 1
22 21 1 0 1 1 0 0
22 22 0 0 0 1 1 1
22 24 0 0 1 1 0 1
22 25 0 1 1 1 0 0
22 27 0 1 1 1 1 1
22 28 0 1 1 1 0 0
22 29 1 0 0 0 1 0
23 3 0 0 1 0 1 0
23 4 0 1 0 1 1 0
23 6 1 1 0 0 0 1
23 8 0 1 0 0 1 1
23 9 1 1 0 1 0 0
23 10 0 0 0 1 0 0
23 11 0 1 1 0 0 1
23 12 0 1 1 1 0 0
23 14 0 1 0 0 0 0
23 15 0 1 1 0 0 1
23 16 0 1 1 1 0 0
23 18 1 0 0 0 0 1
23 20 0 0 0 0 1 1
23 21 1 0 1 0 1 0
23 22 0 0 0 0 1 1
23 23 0 1 0 0 0 0
23 24 1 0 1 0 0 1
23 25 0 1 0 1 1 0
23 26 0 1 1 1 1 1
23 27 1 1 0 1 1 1
23 29 1 0 1 1 0 1
23 30 0 1 0 1 1 0
23 31 0 0 1 0 0 1
24 3 0 1 0 0 0 0
24 4 0 1 1 0 1 0
24 5 1 1 0 1 0 1
24 7 1 0 0 0 0 1
24 9 0 1 1 1 1 1
24 10 1 1 0 1 1 1
24 12 0 1 1 0 0 0
24 13 1 0 0 0 1 0
24 14 1 1 0 0 1 1
24 15 1 0 0 0 1 0
24 17 1 1 1 0 1 0
24 18 0 1 1 0 1 0
24 19 1 1 0 0 1 0
24 21 1 0 0 0 1 0
24 22 1 1 0 1 0 0
24 23 0 0 1 1 0 1
24 24 1 1 0 0 1 1
24 26 1 1 0 1 0 0
24 28 0 1 0 1 0 1
24 29 1 1 0 1 1 0
24 30 0 0 1 1 0 1
24 31 0 1 1 1 0 1
25 3 0 0 1 1 1 1
25 4 1 0 0 1 1 0
25 5 0 0 0 0 1 1
25 6 0 1 0 0 0 0
25 7 1 0 1 0 1 0
25 8 0 0 0 1 0 1
25 9 0 1 0 1 0 0
25 10 1 1 0 1 1 0
25 12 0 1 0 0 0 1
25 13 1 0 0 1 1 0
25 14 0 0 0 0 1 0
25 15 0 0 1 1 0 1
25 17 0 1 0 1 0 0
25 18 1 1 0 1 1 0
25 19 0 0 1 1 0 0
25 20 0 0 0 1 0 1
25 22 0 0 0 1 0 0
25 23 1 0 1 1 0 1
25 24 0 1 0 1 1 0
25 25 0 0 0 1 0 0
25 26 1 0 0 0 1 1
25 28 0 1 0 0 1 1
25 29 1 1 0 1 0 0
25 30 0 1 1 0 1 0
25 31 1 1 0 1 0 1
26 3 0 0 1 1 1 1
26 4 1 1 0 1 1 0
26 6 1 1 0 1 0 0
26 8 0 1 1 0 0 1
26 9 1 1 0 0 1 0
26 10 0 0 0 1 0 0
26 11 0 1 1 1 0 0
26 13 0 0 0 0 1 1
26 14 1 1 1 0 1 0
26 15 1 0 0 0 1 0
26 16 1 1 0 0 1 1
26 18 1 0 0 0 1 0
26 19 0 1 0 1 1 0
26 20 0 0 0 0 0 1
26 21 0 1 1 1 0 1
26 23 0 1 0 0 0 0
26 24 0 0 1 1 0 1
26 25 1 1 0 1 0 0
26 26 0 0 1 0 1 1
26 27 0 0 0 1 1 1
26 29 0 0 1 1 0 1
26 30 1 0 0 1 1 0
26 31 0 0 1 0 0 1
27 2 0 0 0 1 0 0
27 3 1 1 1 0 0 1
