0.10
39 59 84 106 138 160 191 213 243 264 295 316 346 368 398 420 450 472 502 523 553 575 605 627 657 679 709 730 761 782 812 834 865 886 916 937 968 989 1020 1041 1071 1093 1123 1144 1175 1195 1227 1248 1279 1301 1331 1351 1382 1404 1434 1456 1485 1507 1538 1560 1589 1609 1636 1656
34 54 74 112 132 152 192 210 228 264 284 304 342 363 384 425 448 468 506 526 546 592 613 634 674 696 716 756 778 798 839 861 881 922 943 964 1006 1028 1048 1086 1107 1129 1172 1193 1215 1254 1275 1295 1338 1359 1380 1415 1436 1458 1496 1516 1536 1581 1602 1623 1666 1688 1709 1746 1767 1788 1826 1852 1872 1912 1934 1955 1997 2018 2039 2079 2101 2121 2163 2185 2206 2244 2264 2284
3 2 0 0 1 0 0 1
3 3 1 0 1 0 0 0
3 4 1 0 0 0 0 1
3 5 0 0 0 0 1 0
3 6 0 1 1 0 0 0
5 8 1 0 1 0 1 0
5 10 0 1 0 1 0 1
5 11 0 1 1 0 0 0
5 13 0 0 1 1 0 0
5 14 0 1 0 0 0 1
5 16 0 1 1 1 1 0
5 17 1 0 1 0 0 1
5 18 1 0 0 1 1 0
5 19 0 1 0 1 0 0
5 20 0 0 0 0 1 1
5 21 0 0 1 0 0 1
5 22 0 0 1 1 1 1
5 23 0 1 0 0 0 0
5 24 0 0 1 0 0 1
5 25 0 1 1 0 0 0
6 14 0 1 0 1 0 1
6 15 0 1 1 0 0 0
6 16 1 0 1 0 0 0
6 17 1 0 0 0 0 1
6 18 1 0 0 0 0 0
8 2 1 1 0 1 1 0
8 3 1 1 0 1 0 1
8 4 0 1 0 1 1 0
8 5 1 0 1 0 0 1
8 7 1 0 1 0 1 0
8 9 1 0 0 0 1 1
8 11 0 1 0 1 0 0
8 12 0 0 1 1 0 0
8 13 1 0 0 0 0 0
8 15 1 0 1 1 1 0
8 16 0 0 1 1 1 0
8 17 0 0 0 0 1 0
9 2 1 0 1 0 1 0
9 4 1 0 0 0 1 0
9 6 1 0 0 0 0 1
9 7 1 0 0 0 0 0
9 8 1 1 0 1 1 0
9 9 0 1 0 1 0 1
9 11 1 0 0 1 1 1
9 13 0 1 1 1 0 0
9 14 1 0 0 0 0 0
9 15 1 1 0 1 0 1
9 17 1 0 0 1 1 0
9 19 1 1 0 0 1 0
9 20 1 1 1 0 1 1
9 21 1 1 1 0 0 0
9 22 0 1 0 0 1 1
9 24 1 1 0 1 1 0
9 25 0 1 0 0 0 1
9 26 1 1 1 1 1 0
9 27 0 1 1 0 0 1
9 28 0 0 1 0 0 1
10 2 0 0 1 1 0 0
10 3 0 1 0 0 0 1
10 5 1 1 0 0 0 0
10 6 0 1 1 1 0 1
10 8 1 1 0 0 0 0
10 9 0 1 1 0 1 0
10 10 1 1 0 1 0 0
10 11 0 0 1 1 1 1
10 12 0 0 1 1 0 1
10 13 0 0 1 0 0 0
10 15 0 1 1 1 0 0
10 16 1 0 1 0 1 0
10 18 1 0 0 1 1 0
10 19 0 0 1 0 1 0
10 20 1 1 0 1 1 0
10 21 0 1 0 1 0 0
10 22 0 0 1 1 0 0
10 23 0 1 0 0 0 1
10 25 1 0 0 1 1 0
10 27 0 1 1 1 1 0
10 28 1 0 1 0 0 1
10 29 1 0 0 1 1 0
10 30 0 1 0 1 0 0
10 31 0 0 0 0 1 0
11 2 0 0 1 1 0 0
11 3 0 1 0 0 0 1
11 5 1 0 0 1 1 1
11 6 0 0 1 0 0 0
11 7 1 1 1 1 0 1
11 9 1 1 0 0 1 0
11 10 1 0 0 1 1 1
11 11 1 0 0 1 1 1
11 12 0 0 1 0 0 0
11 13 0 0 1 1 0 0
11 14 0 1 0 0 0 1
11 16 1 0 1 0 1 0
11 17 1 0 1 1 0 0
11 18 0 0 1 0 1 1
11 20 1 0 0 1 1 0
11 22 1 1 0 0 0 0
11 23 0 1 1 1 0 1
11 24 1 1 0 1 0 0
11 25 0 0 1 0 1 1
11 27 1 0 0 1 1 0
11 29 1 1 0 0 1 0
11 30 0 1 0 0 0 1
12 4 0 0 1 0 0 1
12 5 1 1 1 0 0 0
12 6 1 1 0 0 1 1
12 7 0 0 0 0 1 0
13 2 0 0 1 1 0 0
13 3 0 1 0 0 0 1
13 5 1 0 1 0 0 1
13 6 0 1 0 0 0 0
13 8 0 0 1 1 0 0
13 9 0 0 1 0 0 0
13 10 1 1 0 0 1 0
13 11 0 1 0 1 0 0
13 13 1 0 0 1 1 0
13 14 0 1 0 0 0 1
13 16 1 1 1 1 1 0
13 17 0 1 0 1 1 1
13 18 1 1 0 1 1 0
13 19 1 1 1 1 1 1
13 20 0 0 1 1 0 0
13 21 0 1 0 0 0 1
13 23 1 0 0 1 1 0
13 25 1 1 0 1 1 0
13 26 0 1 0 1 0 0
13 27 1 0 1 1 1 0
13 28 1 0 1 0 0 1
13 30 1 0 0 1 1 0
14 4 1 1 0 1 0 0
14 5 0 0 1 1 1 1
14 6 0 0 0 0 1 0
15 2 1 1 0 0 1 0
15 3 0 1 0 0 0 1
15 5 1 0 1 1 1 0
15 6 0 0 1 0 1 0
15 8 1 1 1 0 0 0
15 9 0 1 0 1 0 1
15 10 1 0 1 0 1 1
15 12 1 1 1 0 0 0
15 13 1 1 0 0 0 1
15 14 1 1 0 1 1 0
15 15 1 0 0 1 0 1
15 17 1 0 0 1 1 0
15 19 1 0 1 0 0 1
15 20 0 1 0 0 0 0
15 21 1 1 0 0 0 0
15 22 0 1 0 1 0 0
15 24 0 1 0 0 1 0
15 25 1 0 0 0 0 0
15 26 0 1 0 1 1 0
15 27 1 1 1 0 1 1
15 29 1 0 0 1 1 0
16 4 1 1 1 0 0 0
16 5 0 1 0 1 0 0
16 6 1 0 1 1 0 0
16 7 1 0 0 0 0 1
16 8 0 0 0 0 1 0
16 9 0 0 0 0 1 0
16 10 0 0 0 0 1 0
17 2 0 0 0 0 0 1
17 3 0 0 1 0 0 1
17 4 0 1 0 1 1 0
17 5 1 1 1 0 0 1
17 6 1 1 0 0 1 0
17 7 1 1 1 0 1 1
17 9 1 0 1 0 1 0
17 11 0 1 1 1 0 0
17 12 0 0 1 0 0 0
17 14 1 1 1 0 0 0
17 15 0 1 0 0 0 1
17 16 0 0 0 0 1 0
18 2 1 1 1 0 0 0
18 3 1 0 0 1 0 1
18 5 0 0 1 1 0 1
18 6 0 0 1 0 0 0
18 7 1 0 1 1 0 0
18 8 0 1 1 0 1 0
18 10 1 0 0 0 1 0
18 12 1 1 0 1 0 0
18 13 1 0 1 0 0 1
18 14 1 1 1 0 0 0
18 15 1 1 1 0 0 1
18 17 1 0 1 0 1 1
18 18 0 1 0 1 0 1
18 20 0 1 1 1 1 0
18 21 1 0 1 0 0 1
18 22 1 0 0 1 1 0
18 23 0 1 0 1 0 0
18 25 1 1 1 0 0 0
18 26 0 1 0 1 0 0
18 27 1 0 1 1 0 0
18 28 1 0 0 1 0 1
18 29 0 0 0 0 1 0
18 30 0 1 1 0 0 0
20 2 0 1 0 1 1 1
20 3 1 0 0 0 1 1
20 4 0 0 1 0 1 1
20 5 1 0 1 1 0 0
20 6 0 1 0 0 0 1
20 8 1 0 1 0 1 0
20 10 1 0 0 1 1 0
20 12 1 0 0 1 0 1
20 13 0 0 1 0 0 0
20 14 1 1 1 0 0 0
20 15 0 1 0 1 0 0
20 17 1 1 1 1 1 0
20 18 0 1 1 0 0 1
20 20 1 1 0 0 1 0
20 21 1 1 1 0 0 1
20 23 1 1 1 0 0 0
20 24 0 1 1 1 0 1
20 25 1 0 0 0 1 1
20 26 0 1 0 1 1 1
20 27 0 0 0 0 1 0
20 28 0 0 1 0 0 0
21 2 1 1 0 0 0 1
21 3 1 0 0 0 0 0
21 4 0 1 0 1 1 1
21 6 1 0 1 0 1 0
21 8 1 0 0 1 1 0
21 9 0 1 0 1 1 1
21 11 0 0 1 1 0 0
21 12 0 1 0 0 0 1
21 14 0 1 1 1 1 0
21 15 1 0 1 0 0 1
21 16 1 0 0 1 1 0
21 17 0 1 0 1 0 0
21 19 0 1 0 1 0 1
21 20 0 1 1 0 0 0
21 21 1 0 0 1 1 0
21 22 0 1 0 0 0 1
21 24 1 0 0 0 1 1
21 25 0 0 1 0 1 1
21 26 1 1 1 1 1 0
21 27 0 0 1 0 1 1
21 28 0 0 0 0 1 0
21 29 0 0 0 0 1 0
21 30 0 0 0 0 1 0
22 11 0 0 1 1 1 1
22 12 1 0 0 0 0 0
22 13 0 1 0 1 0 0
22 14 1 0 0 1 0 0
22 15 1 1 0 0 1 0
22 16 1 0 1 1 1 0
22 17 1 0 0 1 0 1
22 19 0 0 1 1 1 1
22 20 1 0 0 0 0 0
22 21 1 0 0 0 0 0
22 22 0 0 1 0 0 1
22 23 0 1 1 1 1 1
22 24 0 1 1 0 0 0
22 26 0 0 1 1 1 1
22 27 1 0 0 0 0 0
22 28 1 1 0 1 1 0
22 29 0 0 1 0 0 1
22 30 0 1 0 1 1 0
22 31 0 1 1 0 0 0
23 2 0 1 0 0 1 0
23 3 0 1 0 0 1 0
23 4 0 1 0 0 1 0
23 5 0 1 0 0 1 0
23 6 0 1 0 0 1 0
23 7 0 1 0 0 1 0
23 8 0 1 0 0 1 0
23 9 0 1 0 0 1 0
23 10 0 1 0 0 1 0
23 11 0 1 0 0 1 0
24 4 0 0 0 0 1 1
24 5 0 0 1 0 0 1
24 6 0 0 1 1 1 1
24 7 0 1 0 0 0 0
24 8 0 0 1 0 0 1
24 9 0 1 1 0 0 0
24 11 1 1 0 0 1 0
24 12 1 1 1 1 0 1
24 13 1 0 1 0 1 1
24 15 0 0 0 0 1 0
24 16 0 0 1 0 0 1
24 17 0 1 0 1 0 1
24 18 0 1 1 0 0 0
24 19 1 0 1 0 0 0
24 20 1 0 0 0 0 1
24 22 1 0 0 0 1 1
24 23 1 0 0 0 0 0
24 24 1 1 0 0 1 0
24 25 1 1 1 1 0 1
24 26 0 0 1 0 0 1
24 27 0 1 0 0 0 0
25 2 0 0 0 0 1 1
25 3 0 0 1 0 0 0
25 4 0 1 0 1 1 0
25 5 0 0 1 0 1 1
25 6 1 0 1 1 0 0
25 7 1 1 0 0 0 1
25 9 0 1 0 0 1 0
25 10 0 1 0 0 0 0
25 11 1 1 0 0 1 0
25 12 0 1 1 1 1 1
25 14 1 1 1 1 1 0
25 15 1 0 1 0 0 1
25 16 1 1 0 0 0 0
25 17 1 1 1 0 0 1
25 18 1 0 0 0 1 1
25 19 0 1 0 0 0 1
25 21 0 0 1 1 1 1
25 22 1 0 0 0 0 0
25 23 0 1 0 1 0 0
25 24 0 1 0 1 0 0
25 25 1 1 0 1 1 0
25 26 1 0 1 1 1 0
25 27 1 0 0 1 0 1
26 2 1 1 0 0 0 0
26 3 1 1 1 0 0 1
26 4 0 0 0 0 0 1
26 5 0 1 1 0 0 0
26 6 0 0 0 0 1 0
26 7 0 1 1 0 0 0
26 8 0 1 0 1 0 1
26 9 0 1 1 0 0 0
26 10 1 0 1 0 0 0
26 11 1 0 0 0 0 1
26 13 0 0 0 0 1 1
26 14 0 0 1 0 0 0
26 15 0 0 1 1 1 1
26 16 1 0 0 0 0 0
26 17 0 1 0 1 0 0
26 18 1 0 0 0 0 0
26 19 0 1 0 1 1 0
26 20 0 0 1 0 0 1
26 21 0 0 1 1 1 1
26 22 1 0 0 0 0 0
26 23 0 1 0 1 0 0
26 24 0 1 0 1 0 0
26 25 1 1 0 1 0 0
26 26 0 0 0 0 0 1
26 27 0 1 1 0 0 0
26 28 0 0 0 0 1 0
26 30 0 0 1 1 0 0
26 31 0 1 0 0 0 1
27 2 0 0 1 0 0 1
27 3 1 1 0 1 1 0
27 4 1 0 1 1 0 1
27 6 1 1 0 1 1 0
27 7 1 1 0 0 0 1
27 8 1 1 0 0 1 0
27 9 1 1 1 1 1 1
27 11 0 1 0 1 1 0
27 12 0 0 1 0 1 1
27 13 0 0 0 0 1 0
27 15 1 0 0 0 1 1
27 16 1 0 0 0 0 0
27 17 0 1 0 1 1 0
27 18 0 0 1 0 1 1
27 19 0 0 0 0 1 0
27 20 0 1 1 0 0 0
