0.10
39 59 87 108 139 160 191 213 243 264 295 317 346 368 399 420 451 471 502 523 554 576 605 627 657 678 708 729 761 782 813 833 864 885 916 937 968 989 1020 1041 1071 1093 1122 1144 1175 1196 1226 1249 1279 1299 1330 1352 1381 1403 1434 1457 1485 1507 1538 1560 1590 1613 1640 1660
67 87 107 145 166 187 229 251 272 312 334 354 392 412 432 477 498 520 561 583 603 641 661 681 726 747 768 807 829 850 890 911 932 974 995 1016 1054 1076 1096 1140 1161 1183 1220 1241 1262 1304 1326 1347 1383 1404 1425 1469 1491 1511 1549 1571 1592 1630 1650 1670 1715 1737 1757 1800 1822 1843 1880 1902 1923 1966 1988 2008 2046 2068 2089 2131 2153 2173 2214 2234 2257
2 2 1 1 0 0 1 0
2 3 1 1 0 0 1 1
2 4 0 1 1 1 0 0
2 5 1 0 0 0 0 0
2 7 1 0 0 1 1 0
2 9 0 0 0 0 1 0
2 10 0 0 1 0 0 1
2 11 1 1 0 0 1 0
2 12 0 1 1 1 0 1
2 13 0 1 0 1 1 0
2 14 0 0 1 0 1 1
2 16 0 1 1 1 1 0
2 17 1 1 1 0 0 1
2 19 1 1 0 0 1 0
2 20 0 1 0 0 0 1
2 21 1 1 1 0 0 0
2 22 1 1 0 0 1 1
2 23 0 0 1 0 0 1
2 24 0 1 0 0 0 0
2 25 0 0 0 0 1 0
2 27 1 0 1 0 1 1
2 28 0 1 0 0 0 1
2 29 1 0 0 0 1 1
3 2 1 1 0 1 0 0
3 3 0 1 1 1 0 0
3 4 0 0 1 1 0 0
3 5 1 1 1 0 1 1
3 7 1 1 0 0 1 0
3 8 0 1 1 1 0 1
3 9 0 1 0 1 1 0
3 10 0 0 1 0 1 1
3 12 1 1 1 1 0 0
3 13 0 0 1 1 1 0
3 14 1 0 1 1 0 1
3 15 0 1 0 0 0 0
3 16 1 1 0 1 1 0
3 17 1 0 1 0 1 0
3 18 1 1 0 0 1 0
3 21 1 1 0 0 1 0
3 22 1 1 1 0 1 1
3 24 1 1 0 0 1 0
3 25 0 1 0 1 1 1
3 26 0 1 1 0 1 1
3 27 0 1 1 0 0 0
3 29 1 1 0 1 1 0
3 30 1 0 1 0 0 1
4 2 0 0 1 0 0 1
4 3 0 1 1 1 1 0
4 4 1 0 1 0 0 1
4 6 0 1 1 1 0 0
4 7 1 0 1 0 1 0
4 9 1 1 1 1 1 0
4 10 0 1 1 0 0 1
4 12 1 0 0 1 1 0
4 14 0 1 0 1 0 0
4 15 1 0 1 0 0 0
4 16 0 0 1 1 0 1
4 18 1 1 0 0 1 0
4 19 0 0 0 1 1 1
4 20 1 1 0 1 1 0
4 21 0 0 1 0 1 1
4 23 0 0 1 1 0 0
4 25 1 1 0 1 1 0
4 26 0 1 0 0 0 1
4 27 0 0 0 0 1 0
4 28 0 1 1 0 0 0
6 12 1 0 1 0 1 1
6 13 1 0 1 0 0 1
6 14 1 1 0 1 1 0
6 15 1 0 1 0 1 0
6 16 0 0 0 0 1 1
6 17 0 0 1 0 0 1
6 18 0 0 1 1 1 1
6 19 0 1 0 0 0 0
6 20 0 0 1 0 0 1
6 21 0 1 1 0 0 0
7 14 1 1 1 0 0 0
7 15 0 1 0 1 0 1
7 16 1 0 1 1 0 0
7 17 0 0 1 1 1 1
7 18 0 1 1 1 1 0
7 19 1 0 1 0 1 0
7 20 1 1 0 1 0 0
7 21 1 0 1 0 0 1
9 2 1 0 1 0 1 0
9 4 0 1 0 1 0 1
9 5 0 1 1 0 0 0
9 7 1 0 1 0 1 1
9 8 1 0 1 0 0 1
9 9 1 1 0 1 1 0
9 10 1 0 1 0 1 0
9 11 0 0 0 0 1 0
9 13 1 0 0 1 1 0
9 14 1 1 1 0 0 1
9 16 1 0 0 1 1 1
9 18 1 0 0 1 1 0
9 20 1 0 0 0 1 1
9 22 1 0 1 0 0 0
9 23 0 1 0 1 0 0
9 24 0 1 0 1 0 0
9 25 0 1 1 0 0 0
9 27 1 0 0 1 1 0
9 29 0 1 0 1 0 1
9 30 0 1 1 0 0 0
10 4 0 0 1 0 0 1
10 5 1 0 1 0 0 0
10 6 1 0 0 0 0 1
10 7 0 0 0 0 1 1
10 8 0 1 0 0 0 0
11 4 1 1 1 0 0 0
11 5 1 0 0 1 0 1
11 7 1 0 1 0 1 0
11 9 1 0 0 1 1 0
11 11 1 1 1 0 0 0
11 12 0 1 0 1 0 0
11 13 0 0 1 1 0 0
11 14 0 1 1 0 0 0
11 16 1 0 0 0 1 0
11 18 1 1 0 0 0 0
11 19 1 0 1 0 0 1
11 20 1 0 1 1 1 0
11 21 0 0 1 1 1 1
11 23 1 1 0 0 0 0
11 24 0 0 1 0 1 0
11 26 0 0 0 1 0 0
11 27 0 1 1 1 1 0
11 28 0 0 1 0 1 0
11 30 0 0 1 1 0 0
11 31 0 1 1 0 0 0
12 6 0 0 1 0 0 1
12 7 1 0 0 0 1 1
12 8 0 0 1 1 1 1
12 9 0 0 0 0 1 0
12 10 0 1 1 0 0 0
13 6 1 0 1 0 0 1
13 7 0 1 0 0 0 0
13 8 1 1 1 0 0 0
13 9 0 1 0 0 1 0
13 11 1 0 0 0 1 1
13 13 1 1 0 0 1 0
13 14 1 0 0 1 0 1
13 15 1 1 0 0 1 0
13 16 0 1 1 1 1 1
13 18 1 1 0 0 1 0
13 19 1 1 0 1 1 1
13 20 1 1 1 0 0 0
13 21 0 1 0 1 0 1
13 23 1 0 0 1 1 0
13 25 1 1 0 1 1 0
13 26 0 1 1 0 1 1
13 27 0 1 0 1 1 0
13 28 0 1 0 0 1 1
13 29 0 0 0 0 1 0
14 2 1 0 1 0 0 1
14 3 0 1 0 0 0 0
14 4 1 1 1 0 0 0
14 5 0 1 0 0 1 0
14 7 1 0 0 0 1 1
14 9 1 1 1 1 1 0
14 10 0 1 0 0 1 1
14 11 1 0 1 1 0 0
14 12 1 1 1 0 0 1
14 13 1 1 1 0 0 0
14 14 0 1 0 0 0 1
14 16 1 1 0 1 1 0
14 17 0 1 1 0 1 0
14 18 0 1 1 0 1 0
14 19 0 1 1 0 0 0
14 21 1 0 0 1 1 0
14 23 1 0 1 0 0 0
14 24 1 0 0 1 0 1
14 25 0 1 0 0 0 0
14 26 1 1 0 0 1 0
14 27 1 1 0 0 0 1
14 28 0 1 1 0 0 0
14 30 1 0 0 1 1 0
15 4 1 0 1 1 1 0
15 5 1 0 0 0 0 1
15 6 1 1 0 1 1 0
15 7 1 0 0 0 0 1
15 8 0 0 0 0 1 0
16 2 1 0 1 0 0 1
16 3 0 1 0 0 0 0
16 4 1 1 1 0 0 0
16 5 0 1 0 0 1 0
16 7 1 0 0 0 1 1
16 9 1 0 1 1 1 0
16 10 0 0 1 0 1 0
16 12 1 1 1 1 0 1
16 13 0 0 1 0 0 0
16 14 1 1 0 1 1 0
16 15 1 0 1 0 0 1
16 17 1 0 0 0 1 1
16 18 0 1 0 0 0 0
16 19 1 0 0 1 1 0
16 20 0 1 0 1 0 1
16 22 1 0 0 0 1 1
16 23 0 0 1 0 1 1
16 24 1 0 0 0 1 1
16 25 0 0 1 1 1 1
16 27 1 0 0 1 1 0
16 29 1 1 1 1 1 0
16 30 1 1 0 1 1 1
17 4 0 0 1 0 0 1
17 5 1 0 0 1 0 1
17 6 0 1 0 0 0 0
17 7 0 0 0 0 1 0
18 2 1 0 0 1 1 0
18 3 1 1 1 0 1 1
18 5 1 1 0 0 0 0
18 6 1 0 1 0 0 1
18 7 1 0 1 1 1 0
18 8 0 0 1 1 1 1
18 10 1 1 0 1 1 0
18 11 0 1 0 1 0 0
18 12 1 0 1 0 0 0
18 13 0 1 0 1 0 0
18 15 1 0 1 0 1 0
18 17 1 1 0 0 1 0
18 18 1 1 0 0 0 1
18 19 0 0 1 1 0 0
18 20 0 1 0 0 1 1
18 22 1 0 0 1 1 0
18 24 0 1 0 1 1 1
18 25 0 1 1 0 0 0
18 26 1 1 0 1 1 0
18 27 1 0 0 0 1 0
18 29 1 0 0 1 1 0
19 4 1 1 0 0 1 0
19 5 1 1 0 1 1 1
19 6 1 0 1 1 0 0
19 7 0 0 1 1 1 1
19 8 0 0 0 0 1 0
19 9 0 1 1 0 0 0
21 4 1 0 0 1 1 0
21 5 1 1 1 0 0 1
21 7 1 0 1 0 1 0
21 9 0 1 0 1 0 1
21 10 0 1 1 0 0 0
21 11 0 0 0 0 0 1
21 12 0 0 1 0 0 1
21 13 1 0 1 0 1 0
21 15 1 1 0 0 0 0
21 16 1 0 1 0 0 1
21 17 0 0 1 1 0 0
21 18 1 0 0 0 0 0
21 19 1 0 0 1 1 0
21 20 0 1 1 0 1 0
21 22 0 1 0 1 1 1
21 23 1 0 0 0 1 1
21 24 0 0 1 0 1 1
21 25 1 0 1 1 0 0
21 26 0 1 0 0 0 1
21 27 0 0 0 0 0 1
21 28 0 0 1 0 0 1
22 4 0 0 0 1 0 0
22 5 0 1 1 1 1 0
22 6 0 0 1 0 1 0
22 8 1 0 1 1 1 0
22 9 0 0 1 0 1 0
22 11 1 0 0 1 0 0
22 12 0 1 1 0 1 0
22 13 1 1 1 1 0 1
22 15 1 0 0 0 1 1
22 16 0 1 1 0 0 1
22 18 1 0 1 0 0 0
22 19 0 1 0 1 0 0
22 20 1 0 1 0 0 0
22 21 1 0 0 0 0 1
22 23 1 1 1 0 0 0
22 24 0 0 1 1 1 1
22 25 1 0 1 1 0 0
22 26 0 1 0 0 0 1
22 28 1 0 0 1 1 0
22 30 1 1 1 1 1 0
22 31 0 0 1 0 1 1
23 6 0 0 1 0 0 1
23 7 1 1 0 1 1 0
23 8 1 0 0 0 0 1
23 9 0 0 0 0 1 0
24 4 0 0 0 1 0 0
24 5 0 1 1 1 1 0
24 6 0 0 1 0 1 0
24 8 1 0 1 1 1 0
24 9 0 0 1 0 1 0
24 11 0 1 1 1 0 0
24 12 0 1 0 1 1 1
24 13 1 1 0 1 0 0
24 14 0 0 1 1 1 1
24 16 1 1 0 0 1 0
24 17 0 1 1 0 1 1
24 18 1 0 0 1 1 0
24 19 0 1 0 0 1 1
24 21 1 0 0 1 1 0
24 23 1 0 1 0 0 1
24 24 0 1 0 0 0 0
24 25 1 1 0 1 1 0
24 26 1 1 0 0 0 1
24 28 1 0 0 1 1 0
24 30 0 1 1 1 0 0
24 31 0 0 1 0 1 1
25 6 0 0 1 0 0 1
25 7 1 1 1 0 0 0
25 8 1 1 0 0 0 1
25 9 0 0 0 0 1 0
26 2 0 0 0 1 0 0
26 3 0 1 1 1 1 0
26 4 0 0 1 0 1 0
26 6 1 0 1 1 1 0
26 7 0 0 1 0 1 0
26 9 1 0 0 1 1 0
26 10 0 0 1 0 1 0
26 11 1 1 0 0 1 0
26 12 0 1 0 1 0 1
26 14 1 0 0 0 1 1
26 15 0 1 1 0 0 0
26 16 1 0 0 1 1 0
26 18 1 1 0 0 1 0
26 19 1 0 0 1 1 1
26 20 1 0 0 1 1 1
26 21 0 0 1 0 0 0
26 23 1 0 0 1 1 0
26 25 1 1 0 0 1 0
26 26 0 1 0 0 0 1
26 27 1 0 0 0 1 1
26 28 0 1 0 1 1 1
26 30 1 0 0 1 1 0
27 29 0 0 1 1 1 1
27 30 1 0 0 0 0 0
27 31 1 0 0 1 0 0
3 19 0 1 0 1 0 1
