0.50
25 46 76 98 129 151 180 203 233 254 285 306 338 359 388 410 440 461 491 513 543 564 595 617 646 668 699 720 749 772 801 823 854 874 905 926 957 978 1008 1029 1059 1081 1113 1133 1163 1185 1214 1236 1267 1288 1318 1340 1370 1392 1421 1443 1473 1494 1525 1546 1577 1598 1628 1649 1679 1700
74 95 116 156 176 198 240 262 283 323 344 365 407 428 450 489 510 531 573 594 615 656 677 699 739 760 781 820 842 864 903 924 945 985 1009 1030 1065 1087 1108 1152 1174 1195 1232 1253 1275 1317 1338 1360 1397 1417 1437 1477 1498 1519 1553 1574 1595 1637 1659 1680 1717 1739 1760 1802 1824 1845 1884 1904 1927 1969 1991 2012 2051 2072 2093 2134 2155 2176 2216 2238 2258 2298 2319 2340
2 26 0 1 0 0 0 0
2 27 0 0 1 1 0 1
2 28 1 0 0 1 1 0
2 29 0 0 1 0 0 1
3 2 0 0 0 0 1 1
3 3 0 1 0 0 0 0
3 4 0 0 1 1 0 1
3 5 1 1 0 0 1 0
3 7 0 1 1 0 1 0
3 8 1 0 0 0 0 1
3 9 0 1 1 1 1 1
3 10 0 1 1 1 0 0
3 12 1 0 1 0 1 0
3 13 0 1 0 1 1 0
3 14 0 0 0 1 0 0
3 15 0 0 1 1 0 0
3 17 0 1 0 0 0 0
3 18 0 1 0 0 0 1
3 19 1 0 0 1 1 0
3 20 0 1 1 1 1 1
3 21 1 1 0 0 1 0
3 23 1 1 0 1 0 0
3 25 0 1 1 0 0 1
3 26 1 1 0 0 1 0
3 27 1 0 1 1 0 0
3 28 0 0 0 1 1 1
3 30 1 0 1 1 0 1
3 31 0 1 0 1 1 0
4 6 0 0 1 0 1 1
4 7 1 0 0 0 0 1
4 8 0 1 1 1 1 1
4 9 0 1 0 1 0 0
4 11 1 0 1 0 1 0
4 12 0 1 1 1 0 1
4 13 0 0 0 0 1 1
4 14 1 1 1 0 0 0
4 16 1 0 1 1 0 1
4 17 0 0 0 1 1 1
4 18 1 0 0 0 1 0
4 19 0 0 0 1 1 1
4 21 1 1 0 1 0 0
4 23 0 0 1 1 0 1
4 24 0 0 0 1 1 0
4 25 1 0 1 1 1 1
4 26 0 0 0 1 0 1
4 28 0 1 0 0 0 1
4 29 0 0 0 1 1 0
4 31 0 1 0 1 0 1
5 3 0 1 0 0 0 0
5 4 0 1 1 0 1 1
5 5 1 0 0 0 1 0
5 6 0 1 0 1 1 0
5 8 0 1 0 1 0 0
5 9 0 0 0 1 0 1
5 10 1 0 0 0 1 0
5 12 0 0 1 0 1 0
5 13 0 1 0 1 1 0
5 15 0 0 0 0 1 1
5 16 1 0 1 0 1 0
5 18 1 0 1 0 0 1
5 19 1 0 0 0 1 0
5 20 1 1 0 1 1 0
5 22 0 1 0 0 0 0
5 23 1 0 1 1 0 0
5 24 1 0 0 1 0 1
5 25 0 0 1 0 1 1
5 26 0 1 1 1 0 0
5 28 1 0 1 0 1 0
5 29 0 1 1 1 0 1
5 30 0 1 0 1 0 0
5 31 1 1 0 0 1 1
6 7 0 1 0 0 0 0
6 8 0 1 0 0 1 0
6 9 1 1 0 1 1 1
6 11 0 1 1 1 0 0
6 13 0 1 0 0 0 0
6 14 1 0 1 1 0 1
6 15 1 0 1 0 1 0
6 16 1 1 0 0 1 1
6 18 0 1 1 1 0 0
6 20 1 0 0 0 1 0
6 21 0 0 0 1 1 1
6 22 0 1 0 0 0 1
6 23 1 1 0 1 0 1
6 25 0 1 1 1 1 0
6 26 0 0 0 0 0 1
6 27 1 0 0 0 0 1
6 29 1 1 1 0 1 0
6 30 0 0 0 1 0 0
6 31 0 0 1 1 1 0
7 9 0 1 0 0 0 0
7 10 1 1 1 0 0 1
7 11 0 1 1 1 0 0
7 12 0 0 1 1 0 1
7 13 1 0 0 0 1 1
7 15 1 0 1 0 1 0
7 16 0 0 0 1 1 1
7 17 1 0 1 0 1 0
7 18 1 1 0 1 0 0
7 20 0 1 0 0 0 0
7 21 0 0 1 1 1 1
7 22 0 0 0 1 0 0
7 23 0 0 1 1 1 0
7 25 0 0 1 1 0 1
7 26 1 0 0 0 0 1
7 27 1 0 1 0 0 1
7 28 0 0 0 1 0 1
7 30 1 0 1 1 0 1
7 31 1 1 0 1 1 0
8 2 0 0 0 0 1 1
8 3 1 0 1 1 0 1
8 4 1 0 0 0 1 0
8 6 0 1 1 1 1 1
8 7 0 0 0 1 0 1
8 8 1 1 1 0 0 1
8 9 0 1 1 1 0 0
8 11 1 0 1 1 0 1
8 12 0 1 0 1 1 0
8 13 0 0 1 1 0 1
8 14 0 0 0 1 1 0
8 16 0 1 1 0 0 1
8 17 1 0 0 1 0 1
8 18 0 1 0 1 0 1
8 20 1 0 0 0 1 0
8 21 0 0 0 1 1 1
8 22 0 1 0 0 0 1
8 23 1 1 0 1 0 1
8 25 0 1 1 1 1 0
8 26 0 0 0 0 0 1
8 27 1 0 0 0 0 1
8 29 1 1 1 0 1 0
8 30 0 0 0 1 0 0
8 31 0 0 1 1 1 0
9 27 0 1 0 0 0 0
9 28 0 1 0 1 0 1
9 29 0 1 0 1 1 0
10 2 0 1 1 0 1 0
10 3 1 0 0 0 0 1
10 5 1 1 0 1 0 0
10 7 1 1 1 0 0 1
10 8 0 1 0 1 1 0
10 9 0 0 0 0 0 1
10 10 1 1 1 1 0 0
10 12 0 1 0 0 0 0
10 13 1 0 0 0 1 0
10 14 0 0 0 1 1 1
10 15 0 1 0 0 0 1
10 16 1 1 0 1 0 1
10 18 0 1 0 0 0 0
10 19 0 1 0 0 0 0
10 20 0 1 0 0 0 0
10 21 0 0 0 0 0 1
10 22 1 0 0 0 1 1
10 24 0 0 0 0 1 1
10 25 1 0 1 1 0 1
10 26 1 0 0 0 1 0
10 28 0 0 0 0 0 1
10 29 1 0 0 0 1 0
10 30 0 1 1 1 1 1
10 31 0 0 0 1 1 1
11 25 0 0 0 0 1 0
11 26 0 1 1 0 0 0
11 27 0 1 0 1 0 1
11 28 1 1 0 1 1 0
11 29 0 0 1 0 0 1
12 22 0 1 0 0 1 0
12 23 0 1 0 0 1 0
12 24 0 1 0 0 1 0
12 25 0 1 0 0 1 0
12 26 0 1 0 0 1 0
12 27 0 1 0 0 1 0
12 28 0 1 0 0 1 0
12 29 0 1 0 0 1 0
12 30 0 1 0 0 1 0
12 31 0 1 0 0 1 0
13 5 1 0 1 1 1 1
13 6 0 0 0 1 0 1
13 8 0 0 0 1 0 0
13 9 0 1 1 1 0 0
13 11 0 0 1 1 0 1
13 12 0 1 1 1 0 0
13 13 0 0 0 0 1 1
13 14 0 1 1 0 1 1
13 15 1 0 1 0 1 0
13 16 1 1 0 1 0 0
13 17 0 0 1 0 0 1
13 18 0 1 0 0 0 0
13 20 0 1 1 1 0 1
13 21 1 0 1 1 1 1
13 22 0 1 0 1 1 0
13 24 0 0 0 0 1 1
13 25 0 0 1 0 0 1
13 26 0 0 0 0 1 0
13 27 1 1 1 0 0 1
13 28 0 0 1 0 0 1
13 29 0 1 1 0 0 0
14 2 1 0 0 0 1 0
14 3 0 1 0 1 1 0
14 4 1 0 0 0 1 0
14 5 0 0 0 1 0 0
14 6 1 1 1 0 0 1
14 8 0 0 1 0 1 0
14 9 0 1 1 1 0 0
14 10 0 0 1 1 1 1
14 11 0 0 0 1 1 0
14 12 0 0 1 1 0 1
14 13 1 1 0 1 1 1
14 15 0 0 0 0 1 1
14 16 1 0 0 0 1 0
14 17 0 0 0 0 1 0
14 18 0 1 0 0 1 0
14 20 1 0 1 1 0 1
14 21 1 1 0 1 1 0
14 22 0 0 1 0 1 0
14 23 1 0 0 0 0 1
14 24 0 0 0 0 0 1
14 25 0 1 1 0 0 0
14 27 0 0 0 0 1 0
14 28 0 0 1 0 0 1
14 29 1 0 1 1 0 0
14 30 0 0 0 1 1 0
14 31 0 0 1 0 0 1
15 8 0 1 0 1 0 0
15 9 1 1 0 0 1 0
15 10 1 0 0 0 1 0
15 11 0 0 0 1 0 0
15 12 1 1 1 0 0 1
15 13 0 0 0 0 0 1
15 14 0 1 1 0 0 0
15 16 0 0 1 1 0 1
15 17 0 1 1 1 0 0
15 18 0 0 0 0 1 1
15 19 0 1 1 0 1 1
15 20 1 0 1 0 1 0
15 21 1 1 0 1 0 0
15 22 0 0 0 0 1 1
15 23 0 1 0 0 0 0
15 24 0 0 0 0 1 1
15 25 0 0 1 0 0 0
15 26 0 0 1 1 1 1
15 27 0 0 0 1 1 0
15 29 1 0 1 1 0 0
15 30 1 1 0 1 0 1
15 31 0 0 1 0 0 1
16 2 0 1 0 0 0 0
16 3 0 1 1 1 1 1
16 4 1 0 0 0 0 1
16 5 0 0 1 0 1 1
16 6 0 1 0 1 1 0
16 8 1 0 1 0 0 1
16 9 1 1 1 0 0 1
16 10 0 1 1 1 0 0
16 12 0 1 0 0 0 0
16 13 0 0 1 1 0 0
16 14 1 1 0 1 1 0
16 15 0 0 1 1 1 1
16 16 1 1 0 1 0 1
16 18 1 0 0 0 1 0
16 19 1 1 0 1 1 0
16 20 0 0 1 1 0 1
16 21 0 1 1 1 0 1
16 23 0 1 0 0 0 0
16 24 0 0 0 0 1 1
16 25 0 0 1 0 0 0
16 26 1 1 0 0 1 0
16 27 0 1 0 1 0 0
16 28 1 0 0 0 1 0
16 29 0 0 0 1 0 0
16 30 1 1 1 0 0 1
16 31 0 0 1 0 0 1
17 26 0 0 0 0 1 1
17 27 0 1 0 0 0 0
17 28 0 1 1 0 0 1
17 29 1 1 0 0 1 0
17 30 0 0 0 1 0 0
17 31 0 1 1 1 0 0
19 19 1 0 0 0 1 0
19 20 0 1 0 1 1 0
19 21 1 0 1 1 0 0
19 22 0 0 0 1 1 1
19 24 1 0 1 0 0 1
19 26 0 1 0 0 1 1
19 27 1 1 0 0 1 1
19 28 0 0 0 0 1 0
19 29 1 0 1 1 0 0
20 2 0 0 1 1 1 0
20 3 0 1 0 1 1 0
20 4 1 0 0 0 1 0
20 5 0 1 0 1 1 0
20 7 0 1 0 0 0 0
20 8 0 0 0 0 1 0
20 9 0 1 0 0 1 0
20 10 0 0 1 0 1 0
20 11 0 0 0 1 0 1
20 13 0 1 1 0 1 0
20 14 1 0 0 0 1 1
20 15 1 0 1 0 1 1
20 16 0 0 0 1 1 0
20 18 0 0 1 0 1 0
20 19 1 1 0 1 0 0
20 21 0 0 1 1 0 0
20 22 0 0 0 1 0 1
20 23 0 0 1 1 1 1
20 24 1 1 0 1 1 0
20 26 0 1 1 1 1 0
20 29 1 0 0 0 1 0
21 3 0 0 1 0 1 0
21 4 1 0 0 1 0 1
21 5 1 1 0 0 0 0
21 7 1 1 0 0 0 0
21 8 0 0 1 0 1 1
21 9 1 0 0 0 0 1
21 10 0 1 1 1 1 1
21 11 0 1 1 1 0 0
21 13 1 1 0 1 0 0
21 15 0 1 0 0 1 0
21 16 1 0 0 0 1 1
21 17 0 0 1 1 1 1
21 18 1 0 0 1 0 0
21 19 1 1 0 0 0 0
21 21 1 1 1 1 0 0
21 23 0 1 1 0 0 1
21 24 1 1 0 0 1 0
21 25 0 0 0 1 0 0
21 26 0 1 1 1 0 0
21 28 1 1 1 0 1 0
21 29 0 1 0 1 1 0
21 30 1 0 0 0 1 0
21 31 1 1 0 0 1 1
22 2 0 1 0 0 0 0
22 3 1 1 1 0 1 1
22 4 1 1 0 1 1 0
22 5 0 0 1 1 1 1
22 6 1 1 0 1 1 0
22 8 0 1 1 0 1 0
22 9 1 0 0 0 0 1
22 10 0 1 1 0 1 0
22 11 1 0 0 0 0 1
22 13 1 1 0 1 0 0
22 15 0 0 0 0 1 0
22 16 0 1 1 1 0 0
22 18 1 0 0 0 1 0
22 19 1 1 0 1 0 0
22 20 0 0 1 1 0 1
22 21 1 1 0 0 1 1
22 23 0 1 0 1 0 1
22 24 1 1 0 1 1 0
22 25 0 0 1 1 0 1
22 26 0 1 1 1 0 1
22 28 1 1 0 0 0 0
22 29 0 1 0 1 0 1
22 30 1 0 0 0 1 1
22 31 0 0 1 0 0 1
23 3 1 0 1 1 0 0
23 4 0 0 0 1 1 0
23 6 1 1 0 1 0 0
23 8 0 0 1 1 1 1
23 9 1 1 0 1 1 0
23 10 0 0 1 1 0 0
23 11 0 0 0 1 0 1
23 13 0 0 1 1 0 1
23 14 1 1 0 1 1 1
23 15 0 1 1 0 0 1
23 16 0 1 1 1 0 0
23 18 0 0 1 1 1 0
23 19 0 1 0 1 1 0
23 20 1 0 1 0 1 1
23 21 1 1 0 1 0 1
23 23 0 1 1 0 0 1
23 24 1 1 0 0 1 0
23 25 0 0 0 1 0 0
23 26 0 1 1 1 0 0
23 28 0 1 0 1 0 1
23 29 0 1 1 1 0 0
23 30 0 1 0 1 0 1
23 31 0 1 1 1 0 0
24 22 0 0 0 0 1 1
24 23 0 1 0 0 0 0
24 24 0 0 1 1 0 1
24 25 1 0 0 1 1 0
24 26 1 0 0 0 1 0
24 27 0 0 0 1 0 1
24 29 1 1 1 1 1 1
24 30 0 1 0 1 1 0
24 31 0 0 1 0 0 1
25 4 1 1 0 1 0 0
25 6 1 1 1 1 0 0
25 7 0 1 0 1 0 1
25 8 0 1 1 1 0 1
25 10 0 0 0 0 1 1
25 11 0 1 1 1 0 0
25 12 0 1 1 1 1 0
25 13 0 1 0 1 1 0
25 15 1 0 0 0 1 0
25 16 0 0 0 1 0 1
25 18 0 1 1 0 1 0
25 19 1 0 0 0 0 1
25 20 0 0 0 1 0 0
25 21 0 1 1 1 0 0
25 23 1 0 0 0 1 0
25 24 0 0 1 1 0 1
25 25 1 0 0 0 0 1
25 28 0 0 0 0 1 1
25 29 0 1 0 1 1 1
26 2 1 0 0 0 0 0
26 3 1 1 0 1 0 0
26 5 1 0 0 0 1 0
26 6 1 1 0 1 1 0
26 7 1 0 0 0 1 0
26 8 1 1 0 1 1 0
26 10 0 1 1 1 0 0
26 12 0 1 0 1 0 0
26 13 0 1 0 1 1 0
26 14 0 0 0 0 0 1
26 15 0 1 0 0 0 1
26 16 1 1 0 1 0 1
26 18 0 0 1 1 1 1
26 19 0 0 0 1 0 1
26 20 0 0 1 1 1 1
26 21 0 0 0 1 0 1
26 23 0 1 0 0 0 0
26 24 1 0 1 0 0 1
26 25 0 0 0 0 1 0
26 26 1 0 0 1 0 0
26 28 1 1 1 1 1 0
26 29 1 1 0 1 1 0
26 30 1 0 1 1 0 1
26 31 0 1 0 1 1 0
27 2 1 1 0 1 1 0
27 3 1 1 1 0 0 1
