-0.40
43 61 91 113 143 164 195 216 247 269 299 320 350 372 402 424 454 476 505 528 557 579 610 631 661 682 713 734 765 786 816 838 869 889 919 941 972 993 1024 1045 1075 1096 1127 1148 1179 1201 1231 1252 1282 1304 1334 1356 1386 1407 1438 1459 1490 1511 1542 1563 1593 1616 1646 1667
58 79 100 140 161 182 222 243 265 307 329 350 389 411 432 472 493 515 554 575 597 638 660 681 721 742 764 803 824 845 887 908 929 967 989 1010 1050 1075 1096 1133 1154 1175 1218 1240 1261 1300 1322 1343 1383 1404 1425 1465 1486 1507 1547 1568 1589 1629 1650 1671 1711 1732 1753 1793 1814 1835 1875 1896 1917 1957 1978 1999 2039 2060 2081 2121 2142 2163 2203 2224 2245 2285 2306 2327
3 2 1 1 0 1 0 0
3 3 1 0 0 0 1 0
3 4 1 1 1 0 0 1
3 5 0 1 0 0 0 0
3 6 0 1 0 0 0 0
3 7 0 1 0 0 0 0
3 8 0 1 0 0 0 0
3 9 0 1 0 0 0 0
3 10 0 1 0 0 0 0
3 11 0 1 0 0 0 0
3 12 0 1 0 0 0 0
3 13 0 1 0 0 0 0
3 14 0 1 0 0 0 0
3 15 0 1 0 0 0 0
3 16 1 0 0 0 1 0
3 17 1 1 0 1 0 0
3 18 1 0 1 1 0 0
3 19 1 1 0 0 1 1
3 21 0 1 0 1 0 1
3 22 0 1 1 1 0 0
3 23 1 1 0 0 0 1
3 24 0 1 0 1 1 0
3 26 0 0 1 1 1 0
3 27 1 1 0 1 1 0
3 28 0 1 1 1 1 1
3 29 0 1 1 1 0 1
4 13 1 0 1 1 1 1
4 14 0 0 1 1 1 1
4 15 1 1 0 1 0 0
4 17 0 0 1 1 1 1
4 18 1 0 0 0 1 1
4 19 1 0 0 0 1 0
4 20 1 1 0 1 0 0
5 28 0 0 1 1 0 1
5 29 1 1 0 1 0 0
5 30 0 0 0 0 1 1
5 31 1 1 1 0 1 1
6 2 1 0 0 0 1 0
6 3 1 0 0 0 1 0
6 4 1 1 1 0 0 1
6 5 0 1 0 0 0 0
6 6 0 1 0 0 0 0
6 7 0 1 0 0 0 0
6 8 0 1 0 0 0 0
6 9 0 1 0 0 0 0
6 10 0 1 0 0 0 0
6 11 0 1 0 0 0 0
6 12 0 1 0 0 0 0
6 13 0 0 1 1 1 0
6 14 0 1 0 1 1 0
6 15 0 0 1 1 0 0
6 16 0 0 0 1 1 0
6 19 0 0 1 1 0 0
6 20 1 0 0 1 0 1
6 21 1 1 1 0 0 1
6 22 0 1 1 1 0 0
6 24 0 0 1 1 1 1
6 25 1 1 0 0 1 1
6 28 1 0 0 0 1 0
6 29 1 1 1 0 0 1
7 2 1 1 0 1 1 0
7 3 1 1 0 0 1 0
7 4 0 0 0 1 0 0
7 5 1 1 1 0 0 1
7 6 0 1 0 0 0 0
7 7 0 1 0 0 0 0
7 8 0 1 0 0 0 0
7 9 0 1 0 0 0 0
7 10 0 1 0 0 0 0
7 11 0 0 0 1 0 0
7 12 1 1 1 0 0 0
7 13 1 1 0 1 1 0
7 14 0 0 0 0 0 1
7 15 0 0 1 1 0 0
7 16 1 1 0 1 0 0
7 17 0 0 0 0 1 0
7 18 0 1 1 0 1 1
7 21 0 0 1 1 0 1
7 22 0 1 1 1 0 0
7 23 0 1 0 0 0 1
7 24 1 1 0 1 0 1
7 27 1 1 0 0 1 0
7 28 0 0 0 1 0 0
7 29 1 1 1 0 0 1
8 8 1 0 1 1 0 1
8 9 0 1 0 1 1 0
8 10 1 1 1 1 1 0
8 11 1 1 0 1 0 0
8 13 0 0 1 1 1 0
8 14 0 0 0 1 1 1
8 15 0 1 1 0 0 1
8 16 1 0 0 0 1 1
8 18 1 0 1 1 1 0
8 19 0 1 0 1 1 0
8 20 1 0 0 0 1 0
8 21 1 1 0 1 0 0
8 23 0 1 0 0 0 1
8 24 0 1 1 0 1 1
8 27 0 0 0 1 0 0
8 28 0 0 0 1 0 0
8 29 1 1 1 0 0 1
9 2 1 1 0 1 1 0
9 3 0 0 0 1 0 0
9 4 0 0 0 1 0 0
9 5 1 1 1 0 0 1
9 6 0 1 0 0 0 0
9 7 0 1 0 0 0 0
9 8 0 1 0 0 0 0
9 9 0 1 0 0 0 0
9 10 0 1 0 0 0 0
9 11 0 1 0 0 0 0
9 12 0 1 0 0 0 0
9 13 0 1 0 0 0 0
9 14 0 1 0 0 0 0
9 15 0 1 0 0 0 0
9 16 0 1 0 0 0 0
9 17 0 1 0 0 0 0
9 18 0 1 0 0 0 0
9 19 0 0 0 0 1 1
9 20 0 0 1 0 1 1
9 21 0 0 0 1 0 1
9 22 0 0 0 0 1 1
9 23 0 0 1 0 1 1
9 24 0 0 0 1 0 1
9 25 0 0 0 1 0 0
9 26 0 0 1 0 1 1
9 27 1 0 0 0 0 1
10 2 1 0 0 0 1 0
10 3 0 0 0 1 1 0
10 4 0 0 0 1 0 0
10 5 1 1 1 0 0 1
10 6 0 1 0 0 0 0
10 7 0 1 0 0 0 0
10 8 0 1 0 0 0 0
10 9 1 0 0 0 1 1
10 10 1 1 1 0 1 0
10 11 1 1 0 1 0 0
10 12 0 0 1 1 1 1
10 13 0 0 0 1 1 1
10 14 0 0 1 0 1 0
10 15 0 0 0 1 1 0
10 18 1 1 1 0 0 1
10 19 0 1 1 1 0 0
10 20 0 1 1 0 0 1
10 21 1 1 0 0 1 0
10 23 0 1 0 0 0 1
10 24 0 1 1 0 1 1
10 27 0 0 0 1 1 0
10 28 0 0 0 1 0 0
10 29 1 1 1 0 0 1
11 9 0 0 0 0 0 1
11 10 1 0 1 0 0 1
11 11 0 1 1 1 1 1
11 12 0 0 0 1 0 1
11 13 0 0 0 0 0 1
11 14 0 0 1 0 0 0
11 15 0 1 0 1 0 1
11 16 0 1 1 1 0 1
11 17 0 1 0 1 0 0
11 18 0 1 0 1 1 0
11 19 0 0 0 0 0 1
11 20 0 0 1 0 0 0
11 21 1 0 0 0 1 0
11 22 0 1 0 1 1 0
11 23 1 1 1 0 1 1
11 24 0 1 0 1 1 0
11 26 0 0 1 1 0 0
11 27 0 1 0 1 1 0
11 28 0 0 1 0 1 0
11 29 0 1 0 1 1 0
11 30 0 1 1 0 1 0
11 31 0 1 1 1 0 1
12 2 1 1 0 1 1 0
12 3 1 0 0 1 0 0
12 4 0 0 0 1 0 0
12 5 1 1 1 0 0 1
12 6 0 1 0 0 0 0
12 7 0 1 0 0 0 0
12 8 0 1 0 0 0 0
12 9 1 0 1 0 0 1
12 10 0 0 0 1 0 1
12 11 0 0 1 0 1 0
12 12 0 1 1 1 0 0
12 14 1 1 0 1 0 0
12 16 0 1 1 0 0 1
12 17 1 0 0 1 0 1
12 18 0 1 0 1 0 1
12 20 0 0 1 1 0 1
12 21 1 0 0 0 0 1
12 22 1 1 1 1 1 0
12 23 1 1 0 1 1 0
12 26 1 0 0 0 1 0
12 27 1 1 0 1 1 0
12 28 1 1 0 0 0 1
12 29 1 1 0 1 1 0
13 22 0 1 0 0 1 0
13 23 0 1 0 0 1 0
13 24 0 1 0 0 1 0
13 25 0 1 0 0 1 0
13 26 0 1 0 0 1 0
13 27 0 1 0 0 1 0
13 28 0 1 0 0 1 0
13 29 0 1 0 0 1 0
13 30 0 1 0 0 1 0
13 31 0 1 0 0 1 0
14 5 0 1 1 1 0 0
14 7 1 1 0 1 0 0
14 9 0 1 0 0 0 1
14 10 0 1 1 0 1 1
14 12 1 1 0 0 0 1
14 13 0 0 0 1 1 0
14 15 0 1 1 1 1 0
14 16 1 0 1 0 1 1
14 17 1 0 0 1 0 1
14 19 1 0 1 1 0 0
14 20 0 0 0 1 0 1
14 22 0 0 1 1 0 1
14 23 1 0 0 1 0 1
14 24 1 0 1 1 0 0
14 25 1 0 0 1 1 1
14 27 0 0 1 0 0 1
14 28 0 0 1 1 0 1
14 29 1 0 0 0 0 1
15 7 0 0 1 1 0 1
15 8 1 1 0 1 0 0
15 9 1 1 1 0 1 1
15 10 0 0 0 1 1 1
15 12 0 1 1 1 0 0
15 14 1 1 0 1 0 0
15 16 0 1 0 0 0 1
15 17 0 1 1 0 1 1
15 19 0 1 1 1 1 0
15 20 1 1 0 0 0 1
15 21 0 0 0 1 1 0
15 23 0 1 0 0 0 0
15 24 0 1 0 0 1 0
15 25 0 0 1 0 1 0
15 26 0 0 0 1 0 1
15 28 0 0 1 1 0 1
15 29 1 1 0 1 0 0
15 30 0 0 1 1 0 0
15 31 1 1 0 1 1 0
16 27 0 0 0 0 1 1
16 28 0 1 0 0 0 0
16 29 0 1 0 0 1 0
16 30 0 0 1 0 1 0
16 31 0 0 0 1 0 1
20 4 0 0 0 0 0 0
23 26 0 0 0 0 0 0
24 4 0 0 0 0 0 0
24 26 0 0 0 0 0 0
24 29 0 0 0 0 0 0
26 29 0 0 0 0 0 0
