0.10
20 41 71 93 123 145 175 197 227 249 279 300 332 353 382 404 435 456 486 508 538 560 590 611 642 663 694 715 746 767 796 819 849 870 902 922 953 975 1005 1026 1056 1078 1109 1129 1159 1181 1212 1233 1264 1285 1315 1337 1367 1389 1419 1441 1471 1492 1523 1545 1575 1597 1627 1648
86 107 128 168 189 211 251 272 293 337 358 379 415 437 458 503 524 545 583 605 626 668 690 712 747 769 790 835 856 878 915 936 958 1002 1024 1045 1086 1107 1127 1167 1189 1210 1249 1270 1291 1336 1357 1379 1414 1436 1456 1498 1519 1540 1582 1604 1625 1665 1686 1708 1749 1769 1791 1828 1850 1871 1914 1936 1957 1995 2017 2038 2079 2101 2122 2161 2182 2203 2243 2264 2285
2 2 1 1 0 0 0 1
2 3 1 1 0 1 1 0
2 5 0 1 1 1 0 0
2 6 0 1 0 1 0 1
2 7 0 1 0 1 1 0
2 9 0 1 0 0 0 0
2 10 1 0 0 0 1 0
2 11 1 1 0 0 1 1
2 12 0 0 0 1 0 0
2 13 1 0 1 0 1 0
2 15 0 1 0 1 1 1
2 17 0 0 0 0 1 0
2 18 1 0 1 1 0 1
2 19 0 1 0 0 1 1
2 20 1 1 0 1 1 0
2 22 1 1 0 1 0 0
2 24 0 1 0 0 0 1
2 25 1 1 0 0 1 1
2 26 1 0 0 0 0 0
2 28 1 0 1 0 0 1
2 29 0 0 0 1 0 1
2 30 0 0 0 1 0 0
2 31 0 1 1 1 0 0
3 4 1 1 1 0 0 1
3 5 1 0 0 1 1 0
3 6 1 0 1 1 0 0
3 7 1 1 0 0 1 1
3 9 0 1 0 0 1 1
3 10 1 1 0 1 0 0
3 11 0 1 1 1 1 1
3 12 0 1 1 1 0 0
3 14 1 0 1 0 1 0
3 15 0 1 1 1 0 1
3 17 0 1 0 0 0 0
3 18 1 0 1 0 1 0
3 19 0 0 0 1 1 0
3 20 0 1 1 0 1 0
3 21 1 0 0 0 1 1
3 23 1 1 0 1 0 0
3 25 0 0 1 0 1 1
3 26 0 1 1 1 0 0
3 27 0 0 1 1 1 1
3 28 0 1 1 1 0 0
3 30 0 1 0 0 0 1
3 31 1 1 0 1 0 1
4 3 0 1 0 0 0 1
4 4 1 0 0 1 1 0
4 6 0 1 0 0 0 0
4 7 0 1 0 0 1 1
4 8 1 1 0 1 0 1
4 9 1 0 1 0 1 0
4 10 0 0 0 1 1 0
4 11 0 1 1 1 1 1
4 12 1 1 0 0 1 1
4 13 0 0 0 0 1 0
4 14 1 1 0 0 0 1
4 16 1 1 0 0 0 1
4 17 0 0 1 1 0 1
4 18 0 0 0 1 1 0
4 20 0 1 0 0 0 0
4 21 0 1 1 1 1 1
4 22 0 1 0 1 1 0
4 23 0 0 0 0 1 0
4 24 0 1 1 1 0 0
4 26 1 1 0 1 0 0
4 28 0 0 1 1 0 1
4 29 1 0 0 1 1 0
4 30 1 1 1 0 1 0
4 31 1 1 0 1 1 1
5 2 1 1 0 0 0 1
5 3 1 1 0 1 1 0
5 5 0 1 1 1 1 1
5 6 1 1 0 1 1 0
5 7 1 1 1 0 0 1
5 8 1 1 0 1 0 1
5 10 1 0 0 0 1 0
5 11 1 1 0 1 0 1
5 13 0 1 1 1 0 0
5 14 0 0 0 0 1 1
5 15 1 1 0 0 0 1
5 16 0 0 0 0 1 1
5 17 0 1 0 0 0 0
5 18 0 0 1 1 1 0
5 19 1 1 1 0 0 1
5 20 0 1 1 1 0 0
5 22 1 1 0 1 0 0
5 24 0 0 1 1 0 1
5 25 1 0 0 0 1 1
5 26 0 0 1 1 0 1
5 27 1 0 0 0 1 1
5 29 0 0 1 1 0 1
5 30 1 1 0 1 1 1
5 31 0 0 1 0 0 1
6 2 1 0 1 0 1 0
6 3 0 1 0 1 1 0
6 5 0 0 1 0 1 1
6 6 0 1 1 1 0 0
6 7 0 0 0 0 1 1
6 8 0 1 1 1 0 0
6 9 0 0 1 0 0 1
6 10 0 0 1 0 0 0
6 11 1 1 1 1 1 0
6 12 1 1 0 0 1 0
6 13 1 0 1 1 0 0
6 14 0 0 0 1 1 0
6 16 0 0 1 1 1 0
6 17 0 1 0 1 1 0
6 19 1 1 0 1 0 0
6 21 0 1 1 0 0 1
6 22 1 1 0 0 1 0
6 23 1 0 1 0 1 0
6 24 1 1 0 0 1 1
6 25 0 0 0 0 1 0
6 26 0 1 1 1 1 0
6 28 0 0 1 0 1 0
6 29 1 1 0 1 1 0
6 30 0 0 1 0 1 0
6 31 1 0 0 0 0 1
7 3 0 0 0 0 0 1
7 4 0 1 0 0 0 0
7 5 0 0 1 0 1 0
7 6 1 1 0 1 0 1
7 8 0 0 0 0 1 1
7 9 0 0 1 1 0 0
7 10 1 1 1 0 0 1
7 11 1 1 0 1 1 0
7 13 0 1 0 0 0 1
7 14 1 1 0 0 1 1
7 15 1 0 0 0 0 0
7 17 1 0 0 0 1 0
7 18 0 0 0 1 1 0
7 20 1 0 0 0 1 0
7 21 0 1 0 1 1 0
7 22 0 1 1 0 1 0
7 23 1 1 0 1 0 0
7 25 0 0 1 0 1 0
7 26 1 0 0 1 0 1
7 27 0 1 1 0 0 1
7 28 0 1 1 1 0 0
7 30 0 1 1 1 1 0
7 31 0 0 1 0 0 1
8 3 0 1 0 1 0 1
8 4 0 1 1 1 0 1
8 6 1 0 0 0 1 0
8 7 0 0 1 0 1 0
8 8 0 0 0 1 0 1
8 9 0 0 1 1 0 1
8 10 0 0 0 1 1 0
8 12 0 0 0 0 1 1
8 13 0 1 1 1 0 0
8 14 0 0 1 1 1 1
8 15 1 1 0 1 0 1
8 17 0 0 1 0 1 0
8 18 1 0 0 1 0 1
8 19 0 1 1 0 0 1
8 20 0 1 1 1 0 0
8 22 0 1 1 1 1 0
8 23 1 0 1 0 1 0
8 24 0 1 0 1 1 0
8 26 0 0 1 0 1 0
8 27 1 0 0 1 0 1
8 28 0 1 0 0 0 1
8 29 1 1 0 1 0 1
8 30 0 0 1 0 0 1
8 31 0 0 1 0 0 0
9 2 0 1 0 0 0 1
9 3 1 1 0 0 1 1
9 5 0 1 1 0 0 1
9 6 1 1 0 1 1 0
9 8 0 0 0 0 1 1
9 9 1 0 1 0 1 0
9 10 0 1 1 1 0 1
9 12 1 1 1 1 0 0
9 13 0 0 1 1 0 1
9 14 0 0 0 1 1 0
9 16 1 0 0 0 1 0
9 17 1 1 0 1 0 1
9 19 0 0 1 1 0 0
9 20 0 0 0 1 0 1
9 22 0 1 0 1 0 1
9 24 1 0 0 0 1 0
9 25 0 1 0 1 0 1
9 26 1 0 0 0 1 1
9 27 0 0 0 0 0 1
9 28 0 1 0 0 0 0
9 29 0 1 0 0 1 1
9 30 1 1 0 1 0 0
9 31 0 0 1 0 0 1
10 3 1 0 1 1 0 1
10 4 0 1 0 1 1 0
10 6 0 1 0 1 0 1
10 8 1 0 0 0 1 0
10 9 1 1 0 0 1 1
10 11 1 1 1 1 0 0
10 12 0 0 1 1 0 1
10 13 0 0 0 1 1 0
10 15 0 1 0 1 0 0
10 17 0 1 0 0 0 0
10 18 1 0 1 1 0 0
10 19 1 1 0 1 1 0
10 20 1 1 0 0 0 1
10 21 1 1 0 0 1 1
10 23 0 0 1 0 1 0
10 24 1 0 0 1 0 1
10 25 0 1 1 0 0 1
10 26 0 1 1 1 0 0
10 28 1 0 1 1 0 1
10 29 0 0 1 1 1 1
10 30 0 0 1 0 1 1
10 31 0 1 1 1 0 0
11 3 0 1 0 0 1 1
11 4 1 1 0 1 0 0
11 5 0 1 1 1 1 1
11 6 0 1 1 1 0 0
11 8 1 1 1 1 0 1
11 9 0 0 0 1 0 1
11 10 1 1 1 1 0 1
11 11 0 0 0 1 0 1
11 12 0 1 1 0 1 1
11 13 0 1 1 1 0 0
11 14 0 1 1 0 1 1
11 15 0 1 1 1 0 0
11 17 0 1 0 1 0 1
11 19 0 0 1 0 1 1
11 20 1 1 0 0 1 0
11 22 0 1 0 0 0 0
11 23 0 1 0 0 0 1
11 24 1 0 0 1 1 0
11 25 0 0 1 1 1 1
11 26 0 0 0 1 1 0
11 28 0 0 1 0 1 0
11 29 1 0 0 1 0 1
11 30 0 1 1 0 0 1
11 31 0 1 1 1 0 0
12 5 0 0 0 0 1 1
12 6 1 0 1 1 1 1
12 7 0 0 1 1 1 0
12 8 0 1 0 1 1 0
12 10 1 1 0 1 0 0
12 12 0 1 1 0 0 1
12 13 1 1 0 0 1 0
12 14 1 0 1 0 1 0
12 15 0 1 0 0 1 1
12 16 0 0 0 0 1 0
12 17 0 1 1 1 1 0
12 19 0 0 1 0 1 0
12 20 1 0 0 0 0 1
12 22 0 0 1 1 0 1
12 23 0 1 1 1 0 1
12 24 0 0 1 1 1 1
12 25 1 0 0 1 0 1
12 27 0 1 0 0 0 0
12 28 1 1 1 0 1 1
12 29 1 1 0 1 1 0
12 30 0 0 1 1 1 1
12 31 1 0 0 1 1 1
13 28 0 0 0 0 1 1
13 29 0 1 0 0 0 0
13 30 0 1 0 0 0 1
13 31 0 0 0 1 1 0
14 3 0 1 0 0 0 0
14 4 1 0 1 1 0 0
14 5 0 0 0 1 0 1
14 7 1 1 1 1 0 1
14 8 0 0 0 1 0 1
14 9 1 0 1 1 0 0
14 10 0 0 0 1 0 1
14 11 0 0 1 1 1 1
14 12 1 0 0 0 1 1
14 14 1 0 0 0 1 0
14 15 1 1 0 1 0 1
14 17 0 0 1 0 1 0
14 18 0 0 0 1 1 1
14 19 0 1 0 1 0 0
14 20 1 1 0 1 1 0
14 23 0 1 0 0 1 1
14 24 1 0 0 0 1 0
14 25 1 1 0 1 0 1
14 26 0 1 0 0 0 1
14 27 1 0 0 0 1 1
14 28 0 1 0 0 0 1
14 29 0 0 0 1 1 0
15 3 0 0 1 1 0 1
15 4 0 0 0 1 1 0
15 5 0 1 0 0 1 1
15 6 0 1 0 1 1 0
15 8 1 0 0 0 1 0
15 9 1 1 0 1 0 1
15 11 1 1 1 1 1 0
15 12 0 1 0 1 1 0
15 14 1 0 1 1 0 0
15 15 0 0 0 1 0 1
15 17 1 1 1 1 0 1
15 18 0 0 0 1 0 1
15 19 1 0 1 1 0 0
15 20 0 0 0 1 0 1
15 21 0 1 1 1 1 0
15 22 0 0 0 1 1 1
15 24 0 0 0 0 1 0
15 25 0 1 0 0 0 1
15 26 1 1 0 1 0 1
15 28 1 0 1 0 1 0
15 29 0 1 1 1 0 1
15 30 1 0 1 1 0 0
15 31 0 1 0 1 1 0
16 27 0 0 0 0 0 1
16 28 0 1 0 0 0 0
16 29 0 1 0 0 1 1
16 30 0 1 0 1 1 0
16 31 0 0 1 0 0 1
17 2 0 1 1 0 1 0
17 3 1 0 0 0 0 1
17 5 1 0 1 1 0 0
17 6 0 0 0 1 0 1
17 8 1 1 1 1 0 1
17 9 0 0 0 1 0 1
17 10 1 0 1 1 0 0
17 11 0 0 0 0 0 1
17 12 0 1 1 1 1 0
17 13 0 0 0 1 1 1
17 15 0 0 1 0 1 0
17 16 1 0 0 0 0 1
17 18 0 0 0 0 0 1
17 19 0 1 1 1 0 0
17 20 1 0 0 0 1 0
17 21 1 1 0 1 1 0
17 24 0 0 1 0 1 0
17 25 0 0 0 1 0 1
17 26 0 1 0 1 0 1
17 27 0 0 0 1 1 1
17 28 1 0 1 1 1 0
17 29 0 1 0 1 1 0
18 2 0 1 1 1 1 0
18 3 0 0 0 1 1 1
18 5 0 1 0 1 0 1
18 6 0 1 1 1 0 1
18 7 0 1 1 0 0 1
18 8 1 0 0 1 1 0
18 10 1 0 0 0 1 0
18 11 0 0 1 0 1 0
18 12 0 0 0 1 0 1
18 14 0 1 1 1 1 1
18 15 1 1 0 1 0 0
18 17 1 0 1 1 0 0
18 18 0 0 0 1 0 1
18 20 1 1 1 1 0 1
18 21 0 0 0 1 0 1
18 22 1 0 0 0 1 0
18 24 1 0 1 0 1 1
18 25 1 0 0 1 0 1
18 27 1 1 0 1 0 0
18 29 1 0 1 1 0 0
18 30 1 1 0 1 1 0
18 31 0 0 1 0 0 1
19 5 1 1 1 1 0 1
19 6 0 0 0 1 0 1
19 7 1 0 0 0 1 0
19 9 1 1 1 0 0 1
19 10 1 1 0 0 1 1
19 11 1 0 1 1 0 0
19 12 0 0 0 1 1 0
19 14 1 0 0 0 1 0
19 15 0 0 1 0 1 0
19 16 0 0 0 1 0 1
19 18 0 1 1 1 1 1
19 19 1 1 0 1 0 0
19 21 0 1 1 0 0 1
19 22 1 0 0 1 1 0
19 23 1 0 0 0 1 0
19 25 1 0 1 0 1 1
19 26 1 0 0 1 0 1
19 28 0 1 0 0 0 0
19 29 0 1 1 0 0 1
19 30 1 0 0 1 1 0
19 31 0 0 1 0 0 1
20 3 0 0 0 1 0 0
20 4 1 1 1 0 1 1
20 5 0 1 0 0 1 1
20 6 1 0 0 0 0 1
20 8 1 1 0 0 0 1
20 9 0 0 0 0 0 1
20 10 1 0 0 0 0 1
20 12 0 1 0 1 0 1
20 14 0 1 1 0 0 0
20 15 0 1 1 0 0 1
20 16 1 0 0 1 0 1
20 17 0 1 0 0 0 1
20 18 1 1 0 0 1 1
20 19 1 0 0 0 0 0
20 21 1 1 0 0 0 1
20 22 0 0 1 1 0 1
20 23 0 0 0 1 1 0
20 25 0 1 0 1 0 0
20 27 0 1 0 1 0 1
20 29 0 1 0 0 0 0
20 30 1 0 1 1 0 0
20 31 0 0 0 1 0 1
21 26 0 0 0 0 1 1
21 27 0 1 0 0 0 0
21 28 0 1 0 0 0 1
21 29 1 0 0 1 1 0
21 30 0 0 1 1 0 1
21 31 1 1 0 1 1 1
22 3 1 0 0 0 0 1
22 5 1 0 1 0 1 1
22 6 0 0 0 1 1 0
22 7 0 0 0 0 1 0
22 8 1 0 0 1 0 0
22 10 0 1 1 1 1 0
22 11 1 0 1 0 1 1
22 12 1 0 0 1 0 1
22 14 1 0 1 1 0 0
22 15 1 1 0 1 0 0
22 16 1 0 0 0 1 0
22 18 1 0 1 1 0 1
22 19 0 0 1 0 1 0
22 20 1 0 0 0 0 1
22 22 1 0 0 0 1 0
22 23 1 1 0 1 0 1
22 26 1 1 1 0 1 1
22 27 1 1 0 1 1 0
22 28 0 1 1 0 1 0
22 29 1 1 0 1 1 0
23 2 1 1 1 0 1 0
23 3 1 1 0 1 0 0
23 5 1 0 1 1 1 0
23 6 1 1 0 1 1 0
23 7 0 1 1 0 0 1
23 8 1 1 0 0 1 0
23 10 0 1 1 0 1 1
23 11 1 0 0 0 1 0
23 12 0 1 0 1 1 0
23 14 0 1 1 1 1 1
23 15 1 1 0 1 1 0
23 16 1 1 1 0 0 1
23 17 1 1 0 1 0 1
23 19 0 0 1 0 1 0
23 20 1 0 0 1 0 1
23 21 0 1 1 0 0 1
23 22 0 1 1 1 0 1
23 24 1 0 1 0 1 0
23 25 0 0 0 1 1 1
23 26 1 0 1 1 0 1
23 27 1 1 0 1 1 0
23 29 0 1 0 0 0 0
23 30 0 0 1 1 1 0
23 31 0 1 0 1 1 0
24 20 0 0 0 0 0 1
24 21 0 1 0 0 0 0
24 22 0 0 1 0 1 0
24 23 1 1 0 1 0 1
24 25 1 0 1 0 1 1
24 26 0 0 0 1 1 0
24 27 0 0 0 0 1 0
24 28 1 0 0 1 0 0
24 30 1 0 0 0 1 0
24 31 1 1 0 1 0 1
25 4 0 1 0 0 0 1
25 5 1 0 0 1 1 1
25 7 0 1 0 0 0 0
25 8 0 0 0 0 1 1
25 9 0 1 1 1 0 0
25 10 0 1 0 1 0 1
25 11 1 0 0 1 0 0
25 13 0 0 1 1 1 1
25 14 1 1 0 1 1 0
25 15 0 0 1 1 0 1
25 16 0 0 0 1 1 0
25 18 0 0 0 0 1 1
25 19 0 1 1 1 1 0
25 21 0 1 0 1 0 1
25 24 0 0 1 0 1 0
25 25 0 0 0 1 0 1
25 26 0 1 0 1 0 1
25 27 0 0 0 1 1 1
25 28 1 0 1 1 1 0
25 29 0 1 0 1 1 0
26 3 0 0 1 1 0 1
26 4 1 1 0 1 0 1
26 6 0 1 0 1 0 1
26 7 1 1 0 1 0 0
26 8 1 0 1 0 0 1
26 9 0 1 0 1 1 0
26 11 0 0 1 0 1 0
26 12 0 0 0 1 1 1
26 13 0 0 0 0 0 1
26 14 1 0 1 0 1 0
26 15 1 0 0 1 0 1
26 17 0 1 1 0 0 1
26 18 1 0 0 1 0 1
26 19 1 0 0 0 1 0
26 20 1 1 0 1 0 1
26 21 0 0 0 0 0 1
26 22 0 1 0 0 0 0
26 23 0 1 0 0 0 1
26 24 1 0 0 1 1 0
26 25 0 0 1 1 0 0
26 26 0 1 0 1 1 0
26 28 0 0 1 0 1 0
26 29 1 0 0 1 0 1
26 30 0 1 1 0 0 1
26 31 0 1 1 1 0 0
