0.10
20 41 71 93 124 145 176 197 227 249 280 301 331 353 383 405 435 456 487 508 538 560 590 612 642 664 694 716 746 767 798 820 850 871 902 923 954 975 1006 1027 1057 1079 1109 1131 1161 1182 1213 1234 1265 1286 1317 1338 1369 1390 1421 1443 1472 1494 1525 1546 1577 1599 1629 1650
81 102 123 163 185 206 246 267 291 330 352 374 410 432 453 497 519 540 579 600 621 664 685 706 742 764 785 829 850 871 910 931 952 995 1018 1038 1077 1098 1119 1163 1184 1206 1242 1264 1285 1327 1348 1370 1408 1429 1450 1491 1513 1533 1575 1597 1618 1657 1679 1700 1740 1761 1782 1822 1843 1864 1910 1931 1952 1988 2009 2030 2074 2096 2117 2155 2177 2197 2237 2258 2279
2 14 0 0 0 0 1 1
2 15 0 1 0 0 0 0
2 16 1 0 1 1 0 0
2 17 0 1 0 1 1 0
2 18 0 0 1 1 1 0
2 19 0 1 0 1 1 0
2 21 0 1 1 0 0 1
2 22 1 1 0 0 1 0
2 24 0 1 1 1 1 1
2 25 0 0 0 1 0 1
2 27 0 1 0 0 0 0
2 28 1 1 1 0 0 1
2 29 0 1 1 1 0 0
2 30 0 0 1 1 0 1
2 31 1 1 0 0 1 0
4 3 1 0 0 0 0 0
4 4 0 1 0 0 1 1
4 5 1 0 0 0 1 0
4 6 1 1 0 1 0 1
4 7 0 1 1 0 1 0
4 8 1 1 0 1 0 0
4 9 0 0 0 1 0 0
4 10 0 0 1 1 1 1
4 12 1 0 0 0 0 0
4 13 0 1 1 1 0 0
4 14 0 1 1 0 0 1
4 15 0 1 1 1 0 0
4 16 0 1 1 0 1 0
4 17 1 0 0 0 0 1
4 19 1 0 0 0 0 0
4 20 0 0 0 0 1 1
4 21 0 0 1 0 0 1
4 22 0 0 0 0 1 1
4 23 1 1 1 0 0 1
4 24 0 0 1 0 0 1
4 25 0 1 1 0 0 0
4 26 1 1 1 0 1 1
4 27 1 1 0 1 1 0
4 28 0 1 0 0 1 0
4 29 1 1 0 1 1 0
5 2 0 1 0 0 0 1
5 3 0 0 0 1 1 1
5 4 0 1 0 0 0 1
5 5 1 0 0 0 1 1
5 7 1 0 0 0 0 0
5 8 0 0 0 0 1 1
5 9 0 0 1 0 0 1
5 10 0 1 0 0 1 0
5 11 1 1 1 0 0 1
5 12 0 0 1 0 0 1
5 13 0 1 1 0 0 0
5 14 0 1 0 1 0 1
5 15 1 1 0 1 0 1
5 16 0 0 1 1 1 1
5 17 1 0 0 0 1 0
5 18 0 1 0 1 1 0
5 19 1 0 1 0 1 0
5 20 0 0 0 1 1 1
5 21 0 0 1 0 1 0
5 22 1 1 0 1 1 0
5 24 1 0 0 0 0 0
5 25 0 1 0 0 1 1
5 26 1 0 0 0 1 0
5 27 1 1 0 1 0 1
5 28 0 1 0 0 0 1
5 29 1 0 0 0 1 1
5 30 0 1 0 0 0 1
5 31 0 0 0 1 1 0
6 4 0 1 1 0 1 0
6 5 1 1 0 0 1 1
6 7 1 1 1 0 0 1
6 8 1 1 0 1 0 0
6 10 0 1 1 0 0 1
6 11 1 1 0 0 1 0
6 12 0 0 0 0 1 0
6 13 1 0 1 0 0 1
6 15 1 0 0 0 1 0
6 16 1 1 0 1 1 0
6 18 0 1 0 0 1 1
6 19 1 0 0 0 1 0
6 20 1 1 0 1 0 1
6 21 1 0 1 0 1 0
6 22 0 0 0 1 1 1
6 23 0 1 0 0 0 1
6 24 1 0 0 0 1 1
6 26 1 0 0 0 0 0
6 27 0 1 0 1 0 1
6 28 1 1 0 1 0 1
6 29 1 0 0 0 1 0
6 30 0 0 0 1 1 1
6 31 0 0 1 0 0 1
7 27 0 0 0 0 1 1
7 28 0 1 0 0 0 0
7 29 0 0 1 0 1 1
7 30 0 1 1 1 0 0
7 31 0 0 1 0 0 1
8 7 0 0 0 0 0 1
8 8 0 1 0 0 0 0
8 9 1 0 1 0 1 0
8 10 0 0 0 1 1 1
8 12 0 1 1 1 1 0
8 13 1 0 1 0 1 1
8 14 1 0 0 1 0 1
8 15 0 1 1 1 1 0
8 17 0 1 0 0 1 1
8 18 1 0 0 0 1 0
8 19 1 1 0 1 0 1
8 20 0 1 1 0 1 0
8 21 1 1 0 1 0 0
8 22 0 0 0 1 0 0
8 23 0 0 1 1 1 1
8 26 1 1 1 0 1 1
8 27 1 1 0 1 1 0
8 28 0 1 1 0 1 0
8 29 1 1 0 1 1 0
9 8 0 0 0 0 1 1
9 9 0 1 0 0 0 0
9 10 1 0 1 1 1 0
9 11 0 1 0 1 1 0
9 12 1 0 1 1 0 0
9 13 1 1 0 1 0 0
9 15 0 1 0 0 0 0
9 16 0 0 1 0 1 0
9 17 0 0 0 1 1 1
9 19 1 0 1 0 1 0
9 20 0 0 0 1 1 1
9 23 0 1 0 0 1 1
9 24 1 0 0 0 1 0
9 25 1 1 0 1 0 1
9 26 0 1 1 0 1 0
9 27 1 1 0 1 0 0
9 28 0 0 0 1 0 0
9 29 0 0 1 1 1 1
10 2 0 1 1 1 0 0
10 4 1 0 0 0 1 0
10 5 1 1 0 1 0 1
10 7 0 1 1 0 0 0
10 8 0 0 1 0 1 0
10 9 0 0 0 1 1 1
10 10 1 1 1 1 0 1
10 11 0 0 0 1 0 1
10 12 0 0 1 1 0 1
10 13 0 0 0 1 1 0
10 15 1 0 0 0 1 0
10 16 1 1 0 1 0 1
10 18 1 1 1 0 1 0
10 20 0 1 1 0 0 1
10 21 0 1 0 1 1 0
10 23 0 1 0 1 0 1
10 26 1 1 1 0 1 1
10 27 1 1 0 1 1 0
10 28 0 1 1 0 1 0
10 29 1 1 0 1 1 0
11 2 0 0 1 0 1 1
11 3 1 1 0 1 0 0
11 5 0 1 1 1 1 1
11 6 0 1 1 1 0 0
11 7 1 1 1 0 1 0
11 8 1 1 0 1 0 0
11 10 1 1 0 1 0 0
11 12 0 0 0 0 1 0
11 13 0 1 1 1 0 0
11 14 0 1 0 1 0 0
11 15 1 1 0 0 1 1
11 17 0 0 1 1 0 1
11 18 1 1 0 0 1 0
11 20 0 0 1 1 1 0
11 21 0 1 0 1 1 0
11 23 0 0 1 0 1 0
11 24 1 1 0 1 1 0
11 25 1 0 0 0 1 0
11 27 0 1 1 0 0 1
11 28 1 1 0 1 1 0
11 30 1 0 1 0 1 0
11 31 0 0 0 1 1 1
12 2 0 1 1 1 1 0
12 3 1 0 1 0 1 1
12 4 1 0 0 1 0 1
12 6 1 0 0 0 0 0
12 7 0 0 1 1 1 0
12 8 1 0 0 1 0 1
12 9 1 0 1 1 0 0
12 10 0 0 0 1 1 1
12 12 0 0 1 0 1 0
12 13 1 1 0 1 0 0
12 14 0 1 1 0 1 0
12 15 1 1 0 1 0 0
12 16 0 0 1 1 0 1
12 17 0 0 0 1 1 0
12 19 0 0 1 0 1 0
12 20 1 1 0 1 1 0
12 21 1 0 0 0 1 0
12 23 0 1 0 0 0 0
12 24 1 1 1 0 1 0
12 25 1 1 0 1 0 0
12 26 0 0 0 0 1 1
12 27 1 0 0 0 0 1
12 29 0 0 1 1 0 0
12 30 1 1 0 0 1 1
12 31 0 0 1 0 0 1
13 5 0 0 0 0 1 1
13 6 0 0 1 0 1 0
13 8 1 1 0 1 0 0
13 10 0 0 1 1 0 0
13 11 0 0 0 1 0 1
13 12 0 1 1 0 0 1
13 13 1 1 0 0 1 0
13 15 0 0 1 1 1 0
13 16 1 1 0 1 1 0
13 17 0 0 1 1 0 1
13 18 0 0 0 1 1 0
13 20 1 1 0 1 0 0
13 22 0 0 1 1 1 0
13 23 0 1 0 1 1 0
13 24 1 0 1 0 1 1
13 25 0 0 0 1 1 0
13 26 0 0 0 0 1 0
13 27 1 0 0 1 0 0
13 29 0 0 0 1 0 0
13 30 1 0 0 0 1 1
13 31 1 0 0 0 1 0
14 27 0 0 0 0 1 1
14 28 0 1 0 0 0 0
14 29 0 0 1 1 1 1
14 30 0 1 0 1 1 0
14 31 0 0 1 0 0 1
15 3 0 0 1 1 1 0
15 4 1 1 0 1 1 0
15 5 1 1 1 1 0 0
15 7 0 0 1 1 0 0
15 8 1 1 0 1 1 0
15 9 1 1 1 0 0 1
15 10 1 0 0 1 0 0
15 12 1 0 1 1 1 0
15 13 0 1 0 1 1 0
15 14 1 0 1 1 0 0
15 15 1 1 0 1 0 0
15 17 0 1 0 1 0 1
15 18 0 1 1 1 0 0
15 19 0 0 1 1 0 0
15 20 1 1 0 0 1 1
15 23 0 1 0 0 1 1
15 24 1 0 0 0 1 0
15 25 1 1 0 1 0 1
15 26 0 1 1 0 1 0
15 27 1 1 0 1 0 0
15 28 0 0 0 1 0 0
15 29 0 0 1 1 1 1
16 2 0 1 1 1 0 0
16 3 0 0 1 0 1 0
16 4 0 0 0 1 0 1
16 6 0 1 0 0 0 0
16 7 0 1 1 0 0 1
16 8 0 1 1 1 0 0
16 9 0 1 0 1 0 1
16 10 1 1 0 1 1 0
16 12 0 1 1 0 0 1
16 13 1 1 0 0 1 0
16 15 1 0 0 0 1 0
16 16 0 0 0 1 1 0
16 18 1 1 0 0 0 1
16 19 0 0 1 1 0 1
16 20 0 0 0 1 1 0
16 22 0 1 0 0 0 1
16 23 1 1 0 0 1 1
16 25 1 0 1 1 1 1
16 26 0 0 0 1 0 1
16 28 1 0 1 1 0 1
16 29 0 0 0 1 1 1
16 30 1 0 0 0 1 0
16 31 0 0 0 1 1 1
17 3 0 0 0 0 1 1
17 4 0 1 0 0 0 0
17 5 0 0 1 1 0 1
17 6 0 0 0 1 1 0
17 7 0 0 1 0 1 1
17 8 1 1 0 0 1 0
17 10 0 1 0 1 0 1
17 11 0 1 1 1 0 1
17 13 1 1 1 0 1 1
17 14 0 0 0 1 1 1
17 16 0 1 1 0 0 1
17 17 0 0 0 1 0 1
17 18 0 0 1 1 0 1
17 19 0 0 0 1 1 0
17 21 0 1 0 0 0 0
17 22 1 0 0 0 0 1
17 23 0 0 1 1 0 1
17 24 1 1 0 1 1 0
17 26 0 0 0 0 1 1
17 27 1 1 1 0 1 0
17 28 1 0 0 0 1 0
17 30 0 1 0 0 0 1
17 31 1 1 0 0 1 1
18 2 0 1 0 1 0 1
18 4 0 0 0 0 0 1
18 5 0 1 1 1 0 0
18 7 1 0 0 0 1 0
18 8 0 0 1 0 1 0
18 9 0 0 0 1 0 1
18 11 1 1 1 1 1 0
18 12 1 1 0 1 0 0
18 13 0 1 1 1 1 1
18 14 0 1 1 1 0 0
18 16 1 1 0 1 0 0
18 18 0 1 0 0 0 1
18 19 1 0 0 1 1 0
18 20 0 0 1 0 1 0
18 21 0 1 0 1 1 0
18 23 0 1 1 1 1 0
18 24 1 0 1 0 1 1
18 25 1 0 0 1 0 1
18 27 0 0 1 1 1 1
18 28 1 1 0 0 1 0
18 29 0 0 0 0 1 1
18 30 1 0 0 0 1 0
18 31 1 1 0 1 1 0
19 2 1 1 1 1 0 0
19 4 0 1 1 1 1 0
19 5 0 0 0 0 0 1
19 6 1 0 0 0 0 1
19 8 0 1 0 1 0 1
19 10 0 1 0 0 0 0
19 11 0 1 0 1 0 1
19 12 0 0 1 0 1 1
19 13 1 0 0 0 0 1
19 15 1 1 0 1 0 0
19 17 0 0 0 0 1 0
19 18 0 0 1 1 0 1
19 19 1 1 0 1 0 0
19 20 0 0 0 0 1 1
19 21 1 0 1 1 1 1
19 23 1 1 0 1 0 0
19 25 0 1 0 0 0 1
19 26 1 1 0 0 1 1
19 28 1 0 0 0 1 0
19 29 0 0 0 1 1 1
19 30 0 1 0 1 0 1
19 31 1 1 0 0 1 1
20 3 1 1 1 0 0 1
20 4 1 1 0 1 0 0
20 6 0 0 1 1 1 0
20 7 0 1 0 1 1 0
20 8 0 0 0 1 0 0
20 9 0 0 1 1 1 1
20 11 0 1 0 0 0 0
20 12 0 0 1 1 0 1
20 13 1 1 0 1 0 1
20 14 0 1 1 0 0 1
20 15 1 0 0 1 1 0
20 17 1 1 0 1 0 0
20 19 0 1 0 0 0 1
20 20 1 1 0 0 1 1
20 22 0 1 1 1 1 1
20 23 0 1 1 1 0 0
20 24 0 0 0 0 1 0
20 25 0 0 1 1 0 0
20 27 0 0 0 0 0 1
20 28 0 1 1 0 0 1
20 29 1 1 0 0 1 0
20 30 0 0 1 0 1 0
20 31 1 0 0 1 0 1
21 8 0 0 0 0 1 1
21 9 0 1 0 0 0 0
21 10 0 0 0 0 1 1
21 11 1 0 0 0 0 1
21 12 0 0 1 1 0 1
21 13 1 1 0 1 1 1
21 15 1 1 0 1 0 0
21 17 0 1 0 0 1 1
21 18 0 0 0 1 1 0
21 19 0 0 1 1 1 1
21 20 1 0 0 1 0 0
21 22 1 1 0 1 0 0
21 24 0 1 0 0 0 1
21 25 1 1 0 0 1 1
21 27 0 0 1 0 1 0
21 28 1 0 0 0 0 1
21 29 1 0 1 0 1 0
21 30 1 1 0 1 0 0
21 31 0 0 1 0 0 1
22 2 0 1 0 0 1 1
22 3 1 1 0 1 0 0
22 5 0 1 1 0 0 1
22 6 1 1 0 0 1 0
22 7 1 0 1 0 1 0
22 8 1 1 0 0 1 1
22 9 0 0 0 0 1 0
22 10 0 1 1 1 1 0
22 12 0 1 0 0 0 1
22 13 1 1 0 1 0 1
22 15 1 1 1 1 1 0
22 16 1 1 0 1 1 1
22 18 0 1 0 0 0 0
22 19 0 1 1 0 0 1
22 20 1 1 0 0 1 0
22 22 1 0 1 0 1 0
22 23 0 0 0 1 1 1
22 26 1 1 1 0 1 1
22 27 1 1 0 1 1 0
22 28 0 1 1 0 1 0
22 29 1 1 0 1 1 0
23 27 0 0 0 0 1 1
23 28 0 1 0 0 0 0
23 29 0 0 1 1 0 0
23 30 1 1 0 0 1 1
23 31 0 0 1 0 0 1
24 4 0 1 1 0 0 0
24 5 0 0 1 0 1 0
24 6 1 0 0 0 0 1
24 7 1 1 1 0 0 1
24 8 1 1 0 1 0 0
24 10 0 1 1 1 1 1
24 11 0 0 0 1 0 1
24 12 0 1 1 0 0 1
24 13 1 0 0 1 0 1
24 15 1 0 1 0 1 0
24 16 0 1 1 1 0 1
24 18 0 1 0 0 0 1
24 19 1 1 0 0 1 1
24 22 0 1 0 1 0 1
24 23 1 1 0 1 0 1
24 24 1 0 0 0 1 0
24 25 0 0 0 1 1 1
24 26 0 1 0 0 0 1
24 27 0 0 0 1 1 1
24 28 0 1 0 0 0 1
24 29 1 0 0 0 1 1
25 16 0 0 0 0 1 1
25 17 0 1 0 0 0 0
25 18 1 0 1 1 1 0
25 19 0 1 0 1 1 0
25 20 1 0 1 1 0 0
25 21 1 1 0 1 0 0
25 23 0 1 0 0 0 0
25 24 0 0 1 0 1 0
25 25 0 0 0 1 1 1
25 27 1 0 1 0 1 0
25 28 0 0 0 1 1 1
25 30 0 1 0 0 0 1
25 31 1 1 0 0 1 1
26 19 0 0 0 0 1 1
26 20 0 1 0 0 0 0
26 21 0 0 1 0 1 1
26 22 0 1 1 1 0 0
26 24 0 0 1 0 1 0
26 25 0 0 0 1 0 1
26 26 0 1 0 1 0 1
26 27 0 0 0 1 1 1
26 28 1 0 1 1 1 0
26 29 0 1 0 1 1 0
