0
26 47 78 99 130 151 182 203 234 254 286 307 338 359 389 412 442 464 492 513 544 565 594 616 648 669 700 721 752 773 805 825 852 873 905 926 956 977 1011 1033 1061 1082 1114 1134 1165 1187 1217 1239 1269 1292 1323 1344 1375 1396 1427 1448 1479 1500 1531 1552 1583 1604 1635 1656
11 32 53 93 114 141 181 202 223 263 284 305 341 363 384 423 444 465 508 530 551 591 612 633 672 694 715 754 775 796 838 859 880 920 941 962 1002 1023 1045 1086 1109 1130 1169 1191 1212 1251 1272 1293 1332 1353 1374 1414 1435 1456 1496 1517 1538 1578 1599 1620 1660 1681 1702 1742 1763 1784 1824 1845 1866 1909 1931 1952 1992 2013 2034 2074 2095 2116 2156 2177 2198 2238 2259 2280
4 9 0 1 0 0 1 0
4 10 1 0 0 0 0 1
4 11 1 1 0 0 0 1
4 12 0 0 0 1 1 0
4 14 1 1 1 0 0 1
4 15 1 1 0 1 1 1
4 16 0 0 1 0 1 0
4 17 0 0 0 1 0 1
4 19 1 0 1 0 0 1
4 20 1 1 0 0 0 1
4 21 1 1 0 1 1 0
4 23 0 0 1 1 0 1
4 24 0 0 0 0 1 1
4 25 1 0 0 0 1 0
5 14 0 0 1 1 0 1
5 15 0 1 1 1 0 0
5 16 0 0 1 0 1 0
5 17 0 0 0 1 0 1
5 18 1 1 0 0 0 1
5 19 1 1 0 1 1 0
5 21 1 0 1 1 0 0
5 22 0 0 0 0 1 0
5 23 0 1 1 1 0 0
7 15 0 0 0 0 1 0
7 16 0 1 0 0 1 0
7 17 0 0 0 0 0 1
7 18 1 0 1 0 0 1
9 11 0 0 1 0 1 0
9 12 1 0 0 1 0 0
9 13 1 0 1 1 1 0
9 14 0 1 0 1 1 0
9 17 1 0 0 0 1 0
9 18 1 1 0 1 1 0
9 19 1 0 1 1 0 0
9 20 1 1 0 1 0 1
9 21 0 1 1 1 1 0
9 22 1 1 0 1 1 0
11 16 0 0 0 0 1 1
11 17 0 1 0 1 1 1
13 10 0 1 0 1 0 1
13 11 1 0 0 0 1 1
13 12 0 1 1 1 1 0
13 13 1 1 0 1 1 0
13 14 0 0 0 0 1 0
13 15 1 0 1 1 0 0
13 17 1 0 1 0 1 0
13 18 1 0 0 1 0 0
13 19 1 1 0 0 0 1
13 20 1 1 0 1 1 0
13 22 1 1 1 0 0 1
13 23 1 1 0 1 1 1
13 24 0 0 1 0 1 0
13 25 0 0 0 1 0 1
14 4 0 1 1 1 1 0
14 5 1 1 0 1 1 0
14 6 1 0 1 1 0 0
14 8 1 0 1 0 1 0
14 9 1 0 0 1 0 0
14 10 1 1 0 0 0 1
14 11 1 1 0 1 1 0
14 13 1 1 1 0 0 1
14 14 1 1 0 1 1 1
14 15 0 0 1 0 1 0
14 16 0 0 0 1 0 1
14 18 0 1 0 0 1 0
14 19 0 0 0 0 0 1
14 20 1 0 1 0 0 1
14 22 1 1 1 0 1 1
14 23 0 1 0 1 1 0
14 24 0 1 1 0 1 0
14 25 1 0 0 0 0 1
15 9 0 0 1 1 0 1
15 10 1 0 0 0 0 1
15 11 1 0 1 1 0 0
15 12 0 0 0 1 1 0
15 15 0 0 1 1 1 0
15 16 0 1 0 1 1 0
15 17 0 1 1 0 1 0
15 18 1 0 0 0 0 1
15 20 0 1 0 0 0 1
15 21 1 0 0 1 1 0
15 22 1 0 1 0 1 0
15 23 0 0 0 1 0 1
24 10 0 0 1 0 1 0
24 11 0 1 1 1 0 0
24 12 0 0 1 1 1 1
24 13 0 0 0 1 1 0
24 14 0 0 1 1 0 1
24 15 1 1 0 1 1 1
24 17 0 1 0 0 1 0
24 18 0 0 1 0 1 1
24 19 1 0 0 1 0 1
24 21 0 1 0 1 0 1
24 22 1 1 0 1 1 0
24 23 0 1 1 0 1 0
24 24 1 0 0 0 0 1
