0.20
40 61 92 113 144 165 196 217 249 270 300 321 352 373 404 425 455 476 507 529 559 581 611 632 663 685 715 736 766 787 818 841 870 892 922 944 974 995 1026 1047 1078 1099 1130 1151 1181 1202 1233 1254 1285 1306 1337 1358 1388 1410 1440 1462 1493 1514 1544 1566 1593 1613 1640 1660
62 82 102 140 161 182 222 244 265 308 329 350 387 409 430 474 496 517 555 577 598 642 663 684 721 742 763 807 829 850 888 910 930 974 996 1017 1054 1076 1097 1140 1162 1182 1222 1244 1264 1307 1329 1350 1388 1410 1430 1472 1494 1515 1555 1577 1599 1639 1660 1681 1722 1743 1764 1803 1825 1846 1890 1911 1932 1970 1991 2012 2055 2077 2098 2137 2158 2179 2222 2242 2264
2 3 1 1 0 1 1 0
2 4 0 1 0 0 1 1
2 5 1 1 0 1 1 0
2 6 0 1 1 1 1 1
2 9 1 0 0 1 1 0
2 10 0 0 1 0 1 0
2 11 1 1 0 1 1 0
2 12 1 1 0 1 0 1
2 14 0 1 0 1 1 0
2 15 0 1 1 0 0 1
2 16 1 0 1 0 0 0
2 17 0 1 0 1 0 1
2 19 1 1 0 0 1 0
2 20 1 0 0 0 1 0
2 21 0 0 0 0 1 0
2 23 0 1 0 1 1 0
2 24 0 1 1 0 0 1
2 26 0 1 1 1 1 0
2 27 0 0 1 0 1 0
2 29 0 0 1 1 0 0
2 30 1 1 1 0 0 1
3 1 0 0 1 0 0 1
3 2 1 0 1 0 1 1
3 3 0 1 0 1 0 1
3 5 1 0 1 0 1 0
3 7 1 0 0 1 1 0
3 9 1 0 1 1 0 0
3 10 1 0 0 1 0 1
3 11 1 0 1 0 0 0
3 12 1 0 0 1 0 1
3 13 0 0 0 0 1 0
3 14 0 1 1 0 0 0
3 15 1 1 0 0 1 0
3 16 1 1 0 0 0 0
3 17 1 1 1 0 0 0
3 18 1 0 1 0 1 0
3 19 1 0 1 0 0 0
3 20 0 1 0 0 0 1
3 21 0 0 0 0 1 0
3 23 0 1 0 1 1 0
3 24 0 0 1 0 1 1
3 25 1 1 0 1 1 0
3 26 1 1 0 1 0 1
3 28 1 0 0 1 1 0
3 29 1 1 1 0 1 1
4 1 0 1 0 1 0 0
4 2 0 0 1 0 0 0
4 3 0 1 0 1 1 1
4 4 0 0 0 0 0 1
4 5 0 0 1 0 0 1
4 6 1 0 1 0 1 0
4 8 1 0 0 0 1 0
4 9 1 0 0 0 1 1
4 11 0 0 1 1 0 0
4 12 0 1 0 0 0 1
4 13 1 0 1 1 0 1
4 15 1 1 0 0 1 0
4 16 1 0 1 0 0 1
4 18 0 0 1 0 0 1
4 19 1 0 1 1 1 0
4 20 0 1 0 1 0 0
4 22 1 1 0 0 0 0
4 23 1 0 1 0 0 0
4 24 1 1 0 1 1 0
4 25 1 0 1 0 1 0
4 27 1 1 0 1 1 0
4 28 1 0 1 0 0 1
4 29 0 1 0 1 0 0
4 30 0 1 1 0 0 0
5 1 0 0 1 1 0 0
5 2 0 1 1 0 1 1
5 3 1 1 1 0 1 0
5 4 1 0 1 0 0 1
5 6 0 0 1 1 0 0
5 7 0 1 0 0 0 0
5 9 0 1 0 1 0 0
5 10 1 1 0 1 0 0
5 11 1 0 1 0 0 1
5 13 1 1 0 0 1 0
5 14 1 0 0 1 1 1
5 15 0 1 0 0 0 1
5 16 0 1 1 0 0 0
5 18 1 0 0 1 1 0
5 20 1 0 1 0 1 1
5 21 1 0 0 0 0 0
5 22 0 1 1 0 1 0
5 23 0 1 0 1 0 1
5 24 0 0 0 0 1 0
5 26 1 0 0 1 1 0
5 27 0 1 1 0 1 0
5 28 1 1 1 0 0 0
5 29 0 1 0 0 0 1
6 1 1 0 1 0 1 1
6 2 0 1 0 1 1 1
6 3 1 1 0 0 1 0
6 4 1 1 1 0 1 1
6 6 1 1 0 1 1 0
6 7 1 1 0 1 1 1
6 8 0 1 1 1 1 0
6 9 1 1 1 0 1 1
6 10 0 0 0 0 1 0
6 12 1 1 0 1 1 0
6 13 1 1 0 0 1 1
6 15 1 1 0 0 1 0
6 16 0 1 0 1 1 1
6 18 1 1 0 0 1 0
6 19 1 0 0 1 0 0
6 20 1 1 1 1 1 0
6 21 1 0 1 0 0 1
6 23 1 0 1 1 1 0
6 24 0 1 0 1 0 0
6 26 1 0 0 1 1 0
6 28 0 1 0 1 1 0
6 29 0 0 1 0 1 1
7 1 0 0 1 0 0 1
7 2 1 0 0 1 0 0
7 3 0 1 0 0 0 0
7 5 1 0 0 1 0 0
7 6 0 1 0 0 0 1
7 7 1 1 0 0 0 1
7 8 0 0 1 0 0 0
7 9 0 0 0 0 1 1
7 10 0 0 1 0 0 1
7 11 0 0 1 1 1 1
7 12 0 1 0 0 1 1
7 13 0 0 1 0 0 1
7 14 0 1 1 0 0 0
7 16 1 1 1 0 0 0
7 17 0 1 0 1 0 1
7 18 0 0 0 0 1 0
7 20 1 1 0 0 0 0
7 21 0 1 0 1 0 0
7 24 0 1 0 1 0 0
7 27 1 0 0 1 0 1
7 29 0 1 0 1 0 1
8 1 0 0 1 1 0 0
8 2 0 1 0 0 0 1
8 3 0 0 1 1 0 0
8 4 0 1 0 0 1 1
8 6 1 1 0 0 0 0
8 7 0 0 1 1 1 0
8 8 1 0 1 1 0 0
8 9 1 0 0 1 0 1
8 11 1 0 0 0 1 1
8 12 0 1 1 0 0 1
8 14 1 0 0 1 1 0
8 16 1 0 0 1 0 0
8 17 1 1 1 0 0 1
8 18 1 0 1 0 0 0
8 19 1 0 1 0 0 1
8 21 1 1 0 1 1 0
8 22 0 0 1 1 1 1
8 23 1 1 0 1 1 0
8 26 1 1 1 1 1 0
8 27 1 0 1 0 0 1
8 29 0 1 0 1 1 0
8 30 0 0 1 0 1 1
9 1 0 1 0 1 0 0
9 2 0 1 1 0 0 0
9 3 1 1 1 0 0 0
9 4 0 0 1 1 1 0
9 5 0 0 0 0 1 1
9 7 1 1 0 0 1 0
9 8 1 0 0 1 0 1
9 9 1 0 1 0 1 1
9 10 0 1 0 1 0 1
9 12 1 0 1 1 1 0
9 13 0 1 0 1 0 0
9 15 0 1 1 1 0 0
9 16 0 1 0 1 1 1
9 17 0 1 0 1 1 0
9 18 1 1 1 0 0 1
9 20 1 1 0 1 1 0
9 21 1 0 0 1 0 1
9 22 1 1 1 1 1 0
9 23 0 1 0 0 0 0
9 24 0 0 1 1 0 0
9 25 0 1 0 0 0 1
9 27 0 0 1 1 0 0
9 28 0 1 1 0 1 0
9 29 0 1 1 1 1 1
9 30 1 0 0 0 0 0
10 1 1 1 1 1 1 0
10 2 1 0 1 0 0 1
10 3 1 1 0 1 0 0
10 4 0 0 1 0 1 0
10 5 0 0 0 0 1 0
10 7 0 1 0 1 0 0
10 8 1 0 0 1 1 0
10 9 1 0 0 0 0 1
10 11 0 0 1 1 1 0
10 13 1 0 0 1 0 0
10 14 0 1 0 0 1 1
10 16 0 0 1 1 0 0
10 17 0 1 0 0 0 1
10 18 1 1 0 1 1 0
10 19 0 1 0 0 0 1
10 21 1 1 0 0 0 0
10 22 1 0 1 0 0 1
10 23 1 1 0 0 1 0
10 24 1 0 0 0 0 1
10 26 1 0 0 1 1 0
10 28 1 0 0 0 1 1
10 29 0 1 1 0 0 1
11 1 0 0 1 0 0 1
11 2 0 1 0 1 1 0
11 3 0 0 1 0 1 1
11 5 1 0 0 0 1 1
11 6 0 0 1 0 1 1
11 7 1 0 0 0 1 1
11 8 0 1 1 0 0 1
11 10 1 1 0 1 1 0
11 11 0 1 0 0 0 0
11 12 1 1 0 0 1 0
11 13 1 1 0 1 0 1
11 15 0 1 0 1 0 0
11 16 1 1 0 0 0 0
11 17 0 1 1 0 0 1
11 19 0 1 0 1 1 0
11 20 1 1 1 0 1 1
11 22 1 1 1 0 0 0
11 23 0 1 0 1 0 1
11 24 0 0 0 0 1 0
11 26 1 0 0 1 1 0
11 27 0 1 1 0 1 0
11 28 1 1 1 0 0 0
12 1 1 0 1 1 1 0
12 2 0 0 1 0 1 0
12 4 1 0 0 0 1 1
12 5 0 1 0 0 0 0
12 6 1 1 0 0 1 0
12 7 1 1 1 0 1 1
12 8 0 0 0 0 1 0
12 10 1 0 1 1 1 0
12 11 0 1 0 1 0 0
12 13 1 1 0 0 0 0
12 14 1 0 1 0 0 1
12 15 1 0 0 1 1 0
12 16 1 1 1 0 0 1
12 18 1 1 1 1 0 1
12 19 0 1 1 0 0 0
12 20 0 1 0 1 0 0
12 22 1 1 0 1 0 0
12 23 0 1 1 0 0 1
12 24 1 0 1 0 0 0
12 25 0 1 0 1 0 0
12 27 0 0 1 1 0 0
12 28 0 1 0 0 0 1
13 2 0 0 1 1 0 0
13 3 0 1 0 0 1 1
13 5 1 1 1 1 1 0
13 6 1 0 1 0 0 1
13 7 1 1 0 1 0 0
13 8 0 0 1 0 1 0
13 9 0 0 0 0 1 0
13 11 1 1 1 0 1 0
13 12 1 0 1 0 0 0
13 13 1 0 0 0 1 0
13 15 1 1 0 0 0 1
13 16 1 0 0 0 0 0
13 17 0 1 0 1 1 1
13 19 1 0 0 0 1 1
13 20 1 1 1 0 1 1
13 21 1 0 0 1 1 0
13 22 0 1 1 0 1 0
13 24 1 1 1 0 0 0
13 25 1 0 1 1 0 1
13 26 1 1 0 0 1 0
13 27 1 1 0 0 0 1
13 29 1 0 0 0 1 1
13 30 0 1 1 0 0 1
14 1 1 0 0 1 1 0
14 3 1 1 0 1 1 0
14 4 1 1 1 0 0 1
14 5 1 0 0 1 1 0
14 6 0 1 0 0 1 1
14 7 0 0 0 0 1 0
14 9 1 0 0 0 1 1
14 10 1 0 1 0 1 0
14 11 1 1 0 0 0 0
14 12 1 0 1 0 0 1
14 13 1 0 0 1 1 0
14 14 1 0 0 0 0 1
14 16 1 1 0 0 1 0
14 17 0 1 0 1 0 1
14 19 1 1 0 0 1 0
14 20 0 1 0 1 1 1
14 22 1 1 0 0 1 0
14 23 1 0 1 0 1 0
14 24 1 0 1 1 0 0
14 25 1 0 0 1 0 1
15 1 0 0 1 0 0 1
15 2 0 0 0 0 1 1
15 3 0 0 1 0 0 1
15 4 0 0 1 1 1 1
15 5 0 1 0 0 0 1
15 6 0 0 1 0 0 1
15 7 0 1 1 0 0 0
15 9 0 1 1 1 1 0
15 10 0 0 1 0 1 0
15 12 0 1 0 1 0 0
15 13 1 1 0 0 0 0
15 14 1 0 1 0 0 1
15 15 1 1 0 1 0 0
15 16 0 0 1 0 1 1
15 18 1 0 0 1 1 0
15 20 1 0 1 0 0 0
15 21 1 0 0 1 0 1
15 22 1 0 1 0 0 0
15 23 1 1 0 1 1 1
15 24 0 0 0 0 1 0
15 25 0 1 1 0 0 0
15 26 1 0 1 1 1 0
15 27 0 1 0 1 0 0
15 29 1 0 1 0 0 0
15 30 1 1 1 0 0 1
16 1 0 1 1 1 1 0
16 2 0 0 1 0 1 0
16 4 1 0 1 0 1 1
16 5 0 1 0 1 1 1
16 6 1 1 0 1 1 0
16 7 1 1 0 0 0 1
16 9 1 1 0 1 1 0
16 10 1 0 0 0 1 0
16 11 1 1 1 0 0 0
16 12 1 0 0 1 0 1
16 14 1 0 1 0 1 1
16 15 0 1 1 0 1 0
16 16 1 1 0 1 0 0
16 17 0 0 1 1 1 1
16 19 1 0 0 1 1 0
16 21 1 1 0 1 1 0
16 22 0 0 1 1 0 1
16 23 1 0 0 1 1 0
16 24 0 0 1 0 1 0
16 26 0 1 1 1 0 0
16 27 0 1 0 0 1 0
16 28 1 0 0 0 1 1
16 29 1 0 0 0 0 0
16 30 0 0 0 0 1 0
17 1 1 0 1 0 1 1
17 2 1 0 1 0 0 1
17 3 0 1 0 1 0 0
17 4 0 0 1 0 0 0
17 6 1 0 0 0 1 1
17 7 0 0 1 0 0 0
17 9 1 0 1 0 0 1
17 10 0 1 0 0 0 0
17 11 1 1 1 0 0 0
17 12 0 1 0 0 1 0
17 14 1 0 1 0 1 1
17 15 0 0 1 0 1 1
17 16 1 0 1 1 0 1
17 18 1 1 0 1 0 0
17 19 1 0 1 0 0 1
17 20 1 1 0 0 1 0
17 22 1 0 0 1 1 0
17 24 1 0 0 0 1 1
17 25 0 1 1 0 0 1
17 26 0 1 0 1 1 0
17 27 0 0 1 0 1 1
17 29 1 0 1 0 0 0
17 30 1 0 0 0 0 1
18 1 0 0 1 0 0 1
18 2 1 1 0 1 1 0
18 3 1 1 0 1 0 1
18 4 1 0 0 1 1 0
18 5 0 1 1 0 0 1
18 6 1 1 1 1 1 0
18 7 1 1 1 0 0 1
18 8 0 0 0 0 1 0
18 10 1 1 0 1 1 0
18 11 0 1 0 1 0 0
18 12 1 0 0 0 1 1
18 13 0 0 1 0 0 0
18 15 0 1 1 1 1 0
18 16 1 0 0 0 1 0
18 17 1 0 0 0 1 1
18 18 0 1 0 0 0 0
18 20 0 1 0 1 0 0
18 21 1 0 1 1 0 1
18 22 0 1 1 0 0 0
18 24 1 0 0 1 1 0
18 26 1 1 0 0 1 0
18 27 1 1 0 0 0 1
18 28 1 1 1 1 1 0
18 29 0 1 1 0 0 1
18 30 0 0 0 0 1 0
19 1 1 0 0 1 0 0
19 2 0 1 0 0 1 1
19 3 1 1 1 0 0 0
19 4 0 1 0 1 0 1
19 6 1 1 0 0 0 0
19 7 1 0 1 0 0 1
19 8 0 0 1 1 0 0
19 9 1 0 0 0 0 0
19 10 1 0 0 1 1 0
19 11 0 1 1 0 1 0
19 13 0 1 0 1 1 0
19 14 0 0 1 0 1 1
19 15 1 1 1 0 0 0
19 16 0 1 1 1 0 1
19 18 0 1 1 1 1 0
19 19 0 1 0 0 1 1
19 20 1 0 1 0 0 0
19 21 1 0 0 0 0 1
19 23 1 0 0 1 1 0
19 25 1 0 0 0 1 0
19 26 0 0 1 0 0 0
19 27 1 0 1 1 0 0
19 28 1 1 1 0 0 1
20 1 0 0 1 0 0 1
20 2 0 1 0 1 1 0
20 3 0 0 1 0 1 1
20 4 0 0 0 0 1 0
20 6 1 0 0 0 1 0
20 8 1 1 0 0 0 0
20 9 1 0 1 0 0 1
20 10 1 0 1 0 1 0
20 11 0 0 1 1 1 1
20 12 1 1 0 0 0 0
20 13 1 0 1 0 0 1
20 15 1 0 0 1 1 0
20 16 0 1 0 1 1 1
20 18 0 1 1 1 1 0
20 19 0 0 1 0 1 0
20 21 1 0 0 1 1 0
20 23 1 1 0 1 1 0
20 24 1 0 0 0 0 1
20 25 0 0 1 1 0 1
20 26 0 1 1 0 0 0
20 28 1 1 0 1 0 0
20 29 0 0 1 0 1 0
21 1 0 0 1 0 0 1
21 2 1 0 0 0 1 1
21 3 0 0 1 1 1 1
21 5 1 1 1 0 0 0
21 6 1 0 0 1 0 1
21 7 1 0 1 1 0 0
21 8 1 1 0 0 0 1
21 9 0 0 0 0 1 0
21 10 0 1 1 0 0 0
21 11 1 1 0 0 1 1
21 12 0 1 0 0 0 0
21 14 0 1 0 1 0 1
21 15 0 1 0 1 1 0
21 16 0 0 1 0 1 1
21 17 0 0 0 0 1 0
21 19 1 0 1 0 1 0
21 20 1 0 1 1 0 0
21 21 0 0 1 0 1 1
21 23 1 0 0 1 1 0
21 24 1 1 1 0 1 1
21 26 1 0 1 0 1 1
21 27 0 1 0 1 0 1
21 29 1 0 0 1 1 0
21 30 0 0 1 0 1 1
22 1 0 0 1 0 0 1
22 2 1 1 0 0 1 0
22 3 1 1 1 0 1 1
22 5 1 0 1 1 1 0
22 6 0 1 0 0 0 0
22 8 0 1 0 1 0 0
22 9 1 1 0 1 1 0
22 12 0 1 0 0 1 0
22 13 1 1 0 0 1 0
22 14 0 1 0 0 0 1
22 16 1 0 0 1 1 0
22 18 1 1 0 0 1 0
22 19 0 1 0 1 1 1
22 20 1 0 0 1 1 0
22 21 0 0 1 0 1 0
22 22 0 0 0 0 1 0
22 23 0 1 1 0 0 0
23 3 1 1 0 0 1 0
23 4 1 1 0 1 0 1
23 5 1 1 1 0 0 0
23 6 1 0 1 0 1 0
23 7 1 0 1 0 0 0
23 8 0 1 0 0 0 1
23 11 1 0 1 0 1 0
23 13 1 0 0 1 1 0
23 15 0 1 0 1 0 0
23 16 0 1 1 0 0 0
23 17 0 1 1 1 0 0
23 19 0 1 0 1 0 0
23 20 0 0 1 0 0 0
23 21 1 1 0 1 1 0
23 22 1 0 0 0 0 1
23 24 1 1 0 0 1 0
23 25 1 0 1 1 0 1
23 27 1 0 0 1 1 0
23 28 1 0 0 1 0 1
23 29 1 1 0 0 1 0
23 30 1 1 0 1 0 1
24 1 1 1 0 1 1 0
24 2 0 1 1 0 1 0
24 3 1 1 0 0 0 0
24 4 1 0 0 0 0 1
24 5 1 1 0 1 1 0
24 6 1 0 1 0 1 0
24 8 1 1 1 0 0 0
24 9 0 1 0 0 0 1
24 10 0 0 0 0 1 1
24 12 1 0 1 0 1 0
24 14 1 0 0 0 1 0
24 16 0 1 0 1 0 0
24 17 0 0 1 0 0 0
24 18 1 1 0 1 1 0
24 19 1 0 0 0 0 1
24 21 0 0 1 1 0 0
24 22 0 0 1 0 0 0
24 23 0 0 1 0 0 0
24 24 0 1 0 0 0 1
24 26 1 0 1 0 1 0
24 27 1 0 1 1 0 0
24 28 0 0 1 0 1 1
24 30 1 0 0 0 1 0
25 1 1 0 0 0 1 1
25 2 0 0 1 1 1 1
25 3 1 1 1 0 0 1
25 4 1 0 0 0 0 0
25 5 1 1 0 0 1 0
25 6 0 1 0 1 0 0
25 7 0 1 0 1 1 0
25 8 0 1 1 0 0 0
25 9 0 0 0 0 1 1
25 10 0 0 1 0 0 1
25 11 0 0 1 1 1 1
25 12 0 1 1 0 1 0
25 13 0 0 1 0 0 1
25 14 0 1 1 0 0 0
25 16 1 0 1 0 0 0
25 17 0 1 0 1 0 0
25 18 1 0 0 0 1 1
25 19 0 1 1 0 0 0
25 20 0 0 0 0 1 0
25 22 0 1 0 1 0 0
25 23 1 0 0 1 1 0
25 24 1 0 0 0 0 1
25 26 0 0 1 1 1 0
25 29 0 1 0 0 1 0
26 1 0 0 1 0 0 1
26 2 0 1 1 1 1 1
26 3 1 0 0 0 0 0
26 5 0 0 1 1 0 0
26 6 0 1 0 0 0 0
26 7 1 1 0 0 1 0
26 8 1 0 0 0 0 1
26 10 1 1 1 1 1 0
26 11 1 0 1 0 0 1
26 12 1 1 0 1 0 0
26 13 0 0 1 0 1 0
26 14 0 0 0 0 1 1
26 16 1 0 1 0 1 0
26 17 0 1 1 0 0 0
26 18 1 0 0 0 1 1
26 20 1 0 0 1 1 0
26 21 1 0 0 1 0 1
26 22 1 1 0 0 1 0
26 23 1 1 0 1 0 1
26 25 1 1 0 0 0 0
26 26 1 0 1 0 0 1
26 27 0 0 1 1 0 0
26 28 0 1 0 0 1 0
26 29 1 1 0 0 1 0
26 30 0 0 1 0 0 1
27 29 0 0 1 1 1 1
27 30 1 0 0 1 0 0
7 28 1 0 1 0 1 1
7 26 1 1 0 0 1 0
7 23 1 0 1 1 1 0
8 24 1 1 0 1 0 1
11 29 0 1 0 0 0 1
13 1 0 1 0 0 0 0
21 13 0 1 1 1 1 0
22 10 0 0 1 1 0 1
25 28 0 0 1 1 0 0
