0.10
50 71 104 126 156 178 209 230 261 282 312 334 364 386 416 437 468 489 520 541 572 593 623 644 675 696 726 748 778 800 830 851 883 904 934 955 986 1007 1037 1059 1089 1111 1141 1163 1193 1214 1245 1266 1297 1318 1348 1370 1400 1421 1453 1474 1504 1525 1556 1578 1608 1630 1660 1681
49 70 91 131 152 174 214 235 256 299 321 342 379 400 421 466 488 509 547 568 589 633 654 675 712 734 754 800 821 842 879 900 922 966 988 1010 1046 1067 1088 1131 1152 1174 1214 1235 1256 1297 1319 1340 1378 1399 1421 1462 1484 1505 1546 1568 1589 1629 1650 1672 1712 1733 1755 1792 1814 1835 1878 1900 1922 1959 1980 2002 2044 2066 2087 2125 2147 2168 2209 2232 2252
2 3 0 0 1 1 0 1
2 4 1 1 0 1 1 1
2 6 0 1 0 0 0 0
2 7 0 0 0 0 1 0
2 8 0 1 1 1 1 0
2 9 1 0 0 0 1 0
2 10 0 0 0 1 1 1
2 12 0 0 1 0 1 0
2 13 1 0 0 1 0 1
2 14 0 1 1 0 0 1
2 15 0 1 1 1 0 0
2 17 1 0 1 0 0 1
2 18 1 1 0 1 1 0
2 20 0 0 0 0 1 1
2 21 1 0 1 1 1 1
2 22 0 0 1 1 0 1
2 23 0 0 0 1 1 0
2 25 0 1 0 1 0 0
2 27 0 1 0 0 0 0
2 28 0 0 0 0 1 0
2 29 0 1 1 1 1 0
2 30 1 0 0 0 1 0
2 31 0 0 0 1 1 1
3 3 0 1 1 1 1 0
3 4 1 1 0 1 1 0
3 6 0 0 1 0 1 0
3 7 1 0 0 0 0 1
3 8 0 1 0 0 1 1
3 9 0 0 0 1 1 0
3 11 0 1 0 0 1 1
3 12 1 0 0 0 1 0
3 13 1 1 0 1 0 1
3 14 0 1 1 0 1 0
3 15 1 1 0 1 0 0
3 16 0 0 0 1 0 0
3 17 0 0 1 1 1 1
3 19 1 0 1 0 0 1
3 20 1 1 1 0 1 0
3 21 1 1 0 1 0 0
3 23 0 1 0 1 0 1
3 25 1 1 1 0 1 0
3 26 0 0 0 1 0 0
3 27 0 0 0 1 1 0
3 29 0 0 1 0 1 0
3 30 0 0 0 1 1 1
3 31 0 0 1 0 0 1
4 2 1 0 0 0 1 0
4 3 0 1 0 1 0 1
4 4 1 0 0 0 1 1
4 6 0 1 0 0 0 0
4 7 0 0 1 1 1 1
4 8 1 1 0 1 1 0
4 9 0 0 1 1 1 1
4 10 1 0 0 1 1 0
4 12 1 1 0 1 0 0
4 14 0 0 1 0 1 0
4 15 0 0 0 1 0 1
4 16 0 1 1 0 0 1
4 17 0 1 1 1 0 0
4 19 0 0 1 0 1 0
4 20 0 1 0 1 1 0
4 22 0 1 1 0 0 1
4 23 0 1 0 1 1 0
4 24 0 1 1 1 1 1
4 25 1 1 0 1 1 1
4 27 1 1 0 1 0 0
4 29 1 0 0 0 1 0
4 30 1 1 0 1 1 0
4 31 0 0 1 0 0 1
5 3 0 1 0 1 0 1
5 5 0 0 1 0 0 1
5 6 1 1 1 0 1 0
5 7 1 1 0 1 0 0
5 9 0 0 1 0 1 1
5 10 1 1 0 1 1 1
5 11 1 0 0 0 1 0
5 13 0 0 1 0 1 0
5 14 1 0 0 0 0 1
5 16 0 0 1 1 0 0
5 17 0 1 0 1 1 0
5 18 0 0 1 1 1 0
5 19 1 1 0 1 1 0
5 21 0 1 0 0 0 1
5 22 0 1 0 0 1 1
5 24 0 0 1 1 0 1
5 25 0 1 0 1 1 0
5 27 1 1 0 0 1 0
5 28 0 1 0 1 1 0
5 30 1 0 0 0 1 0
5 31 1 0 0 1 0 0
6 2 0 0 1 1 1 0
6 3 1 1 0 1 0 1
6 5 1 0 1 0 1 0
6 6 0 1 1 1 0 1
6 7 1 0 1 1 0 0
6 8 0 1 0 1 1 0
6 9 0 0 0 0 1 1
6 10 0 1 0 0 0 0
6 11 0 1 1 0 1 0
6 12 1 0 0 0 1 1
6 13 0 0 1 1 0 1
6 14 1 0 0 0 1 1
6 16 1 1 0 1 0 0
6 18 0 0 1 1 0 1
6 19 1 1 0 1 1 1
6 20 0 1 0 0 1 1
6 21 0 1 0 1 1 0
6 23 0 1 1 1 1 0
6 24 1 0 1 0 1 1
6 25 1 0 0 1 0 1
6 26 0 0 1 1 0 0
6 27 0 0 0 1 1 0
6 29 1 0 0 0 1 0
6 30 1 1 0 1 1 0
6 31 0 1 1 1 0 1
7 2 0 0 0 0 0 1
7 3 0 1 0 0 0 0
7 4 0 1 0 0 0 1
7 5 1 0 0 1 0 1
7 7 0 0 1 0 1 0
7 8 0 0 0 1 1 1
7 10 0 1 0 0 0 1
7 11 1 1 0 1 0 0
7 12 1 1 1 0 1 0
7 13 0 1 0 1 1 0
7 15 1 1 0 1 0 0
7 17 0 1 0 1 0 1
7 19 0 1 0 0 1 1
7 20 1 1 0 1 0 0
7 21 0 0 1 0 1 0
7 22 1 1 0 1 0 0
7 24 0 0 1 1 0 0
7 25 1 1 0 1 1 0
7 26 0 0 0 0 0 1
7 27 1 0 0 0 1 0
7 29 0 1 1 1 0 0
7 30 0 0 1 1 0 1
7 31 0 0 0 1 1 0
8 4 1 1 0 1 0 0
8 6 0 0 1 1 0 0
8 7 0 0 0 1 0 1
8 8 0 0 0 0 1 0
8 9 0 0 1 1 0 1
8 11 0 0 1 1 0 1
8 12 0 0 0 1 0 1
8 13 1 1 1 0 0 1
8 14 0 0 0 1 1 1
8 16 0 0 1 0 1 0
8 17 1 0 0 0 0 1
8 19 1 0 0 0 1 0
8 20 1 1 0 1 0 1
8 23 0 1 0 0 1 1
8 24 1 0 0 0 1 0
8 25 1 1 0 1 0 1
8 26 0 1 0 0 0 1
8 27 1 0 0 0 1 1
8 28 0 1 0 0 0 1
8 29 0 0 0 1 1 0
9 4 1 1 1 0 1 0
9 5 0 1 0 1 0 1
9 6 0 1 1 1 0 1
9 8 1 1 1 0 0 1
9 9 1 1 0 1 0 1
9 10 0 0 1 1 0 1
9 11 0 0 0 1 1 0
9 13 0 0 1 0 1 0
9 14 0 0 0 1 0 1
9 16 0 1 0 0 0 1
9 17 1 1 0 1 0 0
9 18 1 1 1 0 1 0
9 19 0 1 0 1 1 0
9 21 1 1 0 1 0 0
9 23 1 0 1 1 0 1
9 24 0 0 1 0 1 0
9 25 1 0 0 0 0 1
9 27 0 1 0 0 0 0
9 28 0 1 0 1 0 1
9 29 0 1 0 1 1 0
9 30 1 0 1 1 1 0
9 31 1 1 0 1 1 0
10 14 0 0 0 0 1 1
10 15 0 1 0 0 0 0
10 16 0 1 0 1 0 0
10 17 1 1 0 1 1 0
10 18 1 0 1 1 0 0
10 19 0 0 0 1 1 0
10 21 1 1 0 1 0 0
10 23 0 1 1 0 0 1
10 24 1 1 0 0 1 0
10 25 0 0 1 1 1 1
10 26 1 0 0 1 0 0
10 28 1 1 0 1 0 0
10 30 1 0 0 0 1 0
10 31 1 1 0 1 0 1
11 2 0 1 1 1 0 0
11 3 0 0 1 1 0 1
11 4 0 0 0 1 1 0
11 6 0 1 1 1 1 0
11 7 1 1 0 1 1 0
11 9 1 0 1 0 1 0
11 10 0 0 0 1 1 1
11 11 0 1 1 0 0 1
11 12 0 0 0 1 1 0
11 14 0 1 0 0 0 1
11 15 1 1 0 1 0 0
11 16 1 1 1 0 1 0
11 17 0 1 0 1 1 0
11 19 1 1 0 1 0 0
11 21 0 1 0 1 0 1
11 24 0 0 1 0 1 0
11 25 0 0 0 1 0 1
11 26 0 1 0 1 0 1
11 27 0 0 0 1 1 1
11 28 1 0 1 1 1 0
11 29 0 1 0 1 1 0
12 14 0 0 0 0 1 1
12 15 0 1 0 0 0 0
12 16 1 0 0 0 1 0
12 17 0 1 0 1 1 0
12 18 1 1 1 1 1 0
12 19 0 1 0 1 1 0
12 21 1 1 0 1 0 0
12 23 1 0 0 0 1 0
12 24 1 1 0 1 0 1
12 26 0 1 0 0 1 1
12 27 1 1 0 0 1 1
12 29 0 0 1 0 1 0
12 30 0 0 0 1 1 1
12 31 1 1 1 0 1 0
13 3 0 1 1 0 0 1
13 4 1 0 0 1 0 1
13 5 0 1 0 0 0 1
13 6 1 1 0 0 1 1
13 8 1 0 1 0 0 1
13 9 1 1 1 0 1 0
13 10 1 1 0 1 0 0
13 12 0 1 1 0 0 1
13 13 1 0 0 1 0 1
13 14 0 1 1 0 0 1
13 15 1 1 0 0 1 0
13 17 0 1 0 0 1 1
13 18 1 1 0 1 0 0
13 19 0 0 1 1 1 1
13 20 1 1 0 1 0 1
13 23 0 1 0 0 1 1
13 24 1 0 0 0 1 0
13 25 1 1 0 1 0 1
13 26 0 1 0 0 0 1
13 27 1 0 0 0 1 1
13 28 0 1 0 0 0 1
13 29 0 0 0 1 1 0
14 3 0 0 0 0 1 1
14 4 1 0 0 0 0 1
14 6 1 1 0 0 0 1
14 8 0 0 1 1 0 0
14 9 1 1 0 1 0 0
14 10 1 0 0 0 1 0
14 12 0 1 1 1 1 1
14 13 1 1 0 1 0 0
14 15 0 1 0 0 0 0
14 16 1 0 0 0 1 0
14 17 0 1 0 1 1 0
14 18 0 1 1 0 1 0
14 19 1 1 0 1 0 0
14 21 1 1 0 1 0 0
14 23 1 1 1 1 1 0
14 24 0 1 0 1 1 0
14 25 1 0 0 0 1 0
14 26 0 1 0 1 1 0
14 27 0 0 1 1 0 1
14 28 0 0 0 1 1 0
14 30 0 1 0 1 0 1
14 31 1 0 0 0 1 1
15 21 0 0 0 0 0 1
15 22 0 1 0 0 0 0
15 23 0 1 0 0 0 1
15 24 1 0 0 1 0 1
15 26 1 0 0 0 1 0
15 27 1 1 0 1 0 0
15 28 0 0 0 0 0 1
15 29 1 0 0 0 1 1
15 31 1 0 0 0 0 1
16 3 0 1 0 0 0 1
16 4 1 1 0 0 1 1
16 6 0 1 1 0 0 1
16 7 0 1 0 1 1 0
16 9 1 1 1 0 1 0
16 10 0 1 0 1 1 0
16 12 0 1 1 0 0 1
16 13 1 1 0 0 1 0
16 15 0 0 1 0 1 0
16 16 1 1 0 1 1 0
16 17 1 0 0 0 1 0
16 19 0 0 0 0 0 1
16 20 0 1 0 0 0 1
16 21 1 1 0 1 0 1
16 24 0 0 1 0 1 0
16 25 0 0 0 1 0 1
16 26 0 1 0 1 0 1
16 27 0 0 0 1 1 1
16 28 1 0 1 1 1 0
16 29 0 1 0 1 1 0
17 10 0 0 0 0 0 1
17 11 0 1 0 0 0 0
17 12 1 0 0 0 1 0
17 13 0 1 0 1 1 0
17 14 0 1 1 0 1 0
17 15 1 1 0 1 0 0
17 17 1 1 0 1 0 0
17 19 0 0 0 0 0 1
17 20 1 0 0 0 1 1
17 21 0 1 0 0 0 1
17 22 0 1 1 1 0 0
17 24 1 0 0 0 1 0
17 25 0 0 0 0 1 1
17 26 1 0 1 1 1 1
17 27 0 0 1 1 0 1
17 28 0 0 0 1 1 0
17 30 0 1 0 1 0 1
17 31 1 0 0 0 1 1
18 2 1 0 1 0 1 0
18 3 1 1 0 1 1 0
18 4 0 0 0 1 0 0
18 5 0 0 1 1 0 0
18 6 0 0 1 1 0 1
18 7 0 0 0 1 1 0
18 9 0 1 0 0 0 0
18 10 0 0 1 1 1 1
18 11 1 0 0 1 1 0
18 12 0 1 0 0 1 1
18 13 1 0 0 1 0 1
18 15 1 1 0 1 0 0
18 17 0 0 0 0 1 1
18 18 1 0 0 1 0 0
18 19 0 0 1 1 0 1
18 20 1 1 0 1 1 1
18 23 0 1 0 0 1 1
18 24 1 0 0 0 1 0
18 25 1 1 0 1 0 1
18 26 0 1 0 0 0 1
18 27 1 0 0 0 1 1
18 28 0 1 0 0 0 1
18 29 0 0 0 1 1 0
19 19 0 0 0 0 1 1
19 20 0 1 0 0 0 0
19 21 0 1 1 0 0 1
19 22 0 1 0 1 1 0
19 23 0 1 1 1 1 1
19 24 1 1 0 1 1 1
19 26 1 1 1 0 1 0
19 27 0 0 0 0 0 1
19 28 0 0 1 1 1 0
19 30 0 1 1 1 1 0
19 31 1 1 0 1 1 0
20 2 0 0 1 0 1 0
20 3 0 1 1 1 0 0
20 4 0 0 1 1 0 1
20 5 1 1 0 1 0 0
20 7 1 0 1 0 1 1
20 8 1 1 0 1 1 0
20 10 1 0 0 0 1 0
20 11 0 0 0 0 1 1
20 12 1 0 1 1 1 1
20 14 1 0 0 0 1 0
20 15 1 1 0 1 0 1
20 16 0 0 0 0 1 0
20 17 0 1 1 0 0 0
20 18 0 0 1 0 1 0
20 19 1 0 0 1 0 1
20 20 0 1 1 0 0 1
20 21 0 1 1 1 0 0
20 24 0 0 1 0 1 0
20 25 0 0 0 1 0 1
20 26 0 1 0 1 0 1
20 27 0 0 0 1 1 1
20 28 1 0 1 1 1 0
20 29 0 1 0 1 1 0
21 20 0 0 0 0 0 1
21 21 0 1 0 0 0 0
21 22 0 1 0 0 0 1
21 23 1 0 0 1 0 1
21 25 0 0 0 0 1 1
21 26 1 0 0 1 0 0
21 27 1 0 1 1 0 1
21 28 0 0 0 1 1 1
21 30 0 0 0 0 0 1
21 31 1 1 0 0 0 1
22 3 1 0 1 1 0 0
22 4 0 1 0 1 1 0
22 6 1 0 0 0 1 0
22 7 1 1 0 1 0 1
22 9 0 1 0 0 0 0
22 10 1 0 1 1 0 1
22 11 0 1 0 1 1 0
22 12 1 0 0 0 1 0
22 13 1 0 1 1 0 1
22 14 0 1 0 1 1 0
22 16 1 0 0 0 1 0
22 17 1 1 0 1 0 1
22 19 0 0 1 1 0 0
22 20 0 0 0 1 0 1
22 23 0 1 0 0 1 1
22 24 1 0 0 0 1 0
22 25 1 1 0 1 0 1
22 26 0 1 1 0 1 0
22 27 1 1 0 1 0 0
22 28 0 0 0 1 0 0
22 29 0 0 1 1 1 1
23 2 1 0 1 1 0 1
23 3 0 1 0 1 1 0
23 5 0 1 1 1 1 0
23 6 1 1 0 1 1 0
23 8 0 1 0 0 0 0
23 9 1 0 0 0 1 0
23 10 0 0 0 1 1 1
23 11 1 0 1 1 0 1
23 12 1 1 0 1 1 0
23 14 0 1 1 0 0 1
23 15 1 1 0 0 1 0
23 16 1 0 0 0 1 0
23 17 1 1 0 0 1 1
23 18 0 0 0 0 1 0
23 19 0 1 1 1 1 0
23 21 0 0 1 0 1 0
23 22 1 1 0 1 1 0
23 23 0 0 1 0 1 0
23 24 1 0 0 0 0 1
23 26 0 1 1 0 0 1
23 27 1 1 0 1 1 0
23 29 1 0 1 0 1 0
23 30 0 1 1 1 0 1
23 31 0 0 1 0 0 1
24 3 0 0 1 1 0 1
24 4 1 1 0 1 0 1
24 6 1 1 0 1 0 0
24 8 1 0 1 0 1 0
24 9 0 1 0 1 1 0
24 10 0 1 0 0 0 1
24 11 1 1 0 1 0 0
24 13 0 1 0 0 0 1
24 14 1 1 0 1 0 1
24 16 1 1 0 0 0 1
24 17 1 1 0 1 1 0
24 19 0 1 0 0 0 0
24 20 0 0 1 0 1 1
24 21 0 1 1 1 0 0
24 23 0 0 1 1 1 1
24 24 1 1 0 0 1 1
24 25 1 0 1 0 1 0
24 26 0 1 0 1 1 0
24 28 1 0 1 0 1 0
24 29 0 1 1 1 0 1
24 30 0 0 1 1 1 1
24 31 1 0 0 0 0 1
25 2 0 0 1 0 1 0
25 3 0 1 1 1 0 1
25 5 0 1 0 0 0 0
25 6 1 0 0 0 1 0
25 7 0 0 0 1 1 1
25 8 0 0 0 1 0 0
25 9 1 1 1 0 1 0
25 11 1 1 0 1 0 0
25 13 1 1 1 0 0 1
25 14 1 1 0 0 1 1
25 15 0 1 1 0 0 1
25 16 0 0 0 1 1 0
25 18 1 1 0 1 0 0
25 20 0 1 0 0 0 1
25 21 1 1 0 0 1 1
25 22 1 0 0 0 0 0
25 24 1 0 0 0 1 0
25 25 1 1 0 1 0 0
25 26 1 0 1 1 0 0
25 27 1 1 0 1 1 0
25 29 0 1 0 0 1 1
25 30 1 1 0 0 1 1
25 31 0 0 1 0 0 1
26 3 0 0 1 0 1 0
26 4 0 0 0 1 1 1
26 5 0 0 0 0 1 1
26 6 1 1 1 0 1 0
26 8 0 0 0 0 1 0
26 9 1 0 1 1 0 1
26 10 0 0 1 1 0 1
26 11 1 0 0 1 0 1
26 13 0 0 0 0 1 0
26 14 1 1 0 1 0 0
26 15 1 0 1 0 1 0
26 16 0 1 0 1 1 0
26 18 0 0 1 0 1 0
26 19 1 0 0 1 0 1
26 20 0 1 1 0 0 1
26 21 0 1 1 1 0 0
26 22 1 1 1 0 1 0
26 24 0 0 1 0 1 1
26 25 0 0 0 1 1 1
26 26 1 0 1 0 1 0
26 27 1 1 0 1 1 1
26 29 0 0 0 0 1 1
26 30 0 1 0 0 1 0
26 31 0 0 1 0 0 1
27 2 0 1 0 1 0 0
27 3 1 1 1 0 0 1
