0.10
41 61 89 110 140 161 192 214 244 266 296 318 348 369 400 421 452 473 503 525 555 576 607 628 659 680 711 732 762 784 814 836 866 887 918 939 969 991 1021 1043 1073 1095 1125 1146 1177 1198 1228 1250 1281 1302 1333 1354 1384 1405 1436 1457 1487 1509 1540 1561 1591 1613 1640 1660
97 119 139 187 207 227 265 287 308 344 365 386 431 453 474 512 533 554 597 619 640 677 699 719 763 784 805 843 865 886 929 950 970 1008 1030 1051 1093 1115 1135 1174 1196 1217 1258 1279 1301 1339 1361 1382 1423 1445 1466 1506 1527 1549 1588 1610 1630 1671 1692 1713 1753 1774 1794 1838 1859 1880 1918 1939 1960 2003 2024 2045 2083 2105 2126 2164 2184 2204 2242 2262 2282
1 16 1 0 1 1 0 0
1 17 1 0 1 0 0 1
1 18 1 1 1 0 0 0
1 19 1 0 1 0 0 1
3 13 1 0 0 1 1 0
3 14 0 1 0 1 0 0
3 15 0 1 1 1 0 0
3 16 0 1 1 0 0 0
3 18 1 0 0 1 1 0
3 19 1 1 1 0 0 0
3 20 1 1 1 1 0 1
3 21 0 1 0 0 0 0
4 2 0 1 1 1 1 1
4 3 0 1 1 0 0 0
4 4 1 0 0 1 1 0
4 5 1 0 1 0 0 1
5 4 0 0 1 1 1 1
5 5 1 0 0 0 0 0
5 6 1 0 0 1 0 0
5 9 0 1 0 1 1 1
5 10 1 0 0 0 0 0
5 11 1 0 1 1 1 0
5 12 0 1 0 1 0 0
5 13 0 1 1 1 0 0
5 15 1 0 0 0 1 1
5 16 0 1 1 0 0 1
5 17 0 1 0 1 1 0
5 18 0 0 1 0 1 1
5 20 0 0 0 0 1 1
5 21 0 0 1 0 0 0
5 22 1 1 0 1 1 0
5 23 1 0 0 0 1 0
5 24 1 1 0 0 1 0
5 25 1 1 1 1 0 1
5 26 0 0 0 0 0 1
5 27 0 1 1 0 0 0
6 6 1 0 0 0 1 1
6 7 0 0 1 0 1 0
6 8 1 0 0 0 1 1
6 9 0 1 1 0 0 0
6 10 1 1 0 0 0 0
6 11 0 1 0 1 0 0
6 12 1 1 0 1 0 1
6 13 0 0 0 0 1 0
6 14 0 0 0 0 1 0
6 15 0 0 0 0 1 0
6 16 0 0 0 0 1 0
6 17 0 0 0 0 1 0
6 18 0 0 0 0 1 0
6 19 0 0 0 0 1 0
6 20 0 0 0 0 1 0
6 21 0 0 0 0 1 0
6 22 0 0 0 0 1 0
6 23 0 0 0 0 1 0
6 24 0 0 0 0 1 0
6 25 0 0 0 0 1 0
6 26 0 0 0 0 1 0
6 27 0 0 0 0 1 0
6 28 0 0 0 0 1 0
6 29 0 0 0 0 1 0
6 30 0 0 1 1 1 1
6 31 1 0 0 0 0 0
7 4 0 0 1 1 1 1
7 5 1 0 0 0 0 0
7 6 1 0 0 1 1 0
7 9 1 1 0 0 0 0
7 10 1 0 0 1 0 1
7 11 1 1 1 0 0 0
7 12 1 0 0 1 0 1
7 14 0 0 0 0 1 1
7 15 0 0 1 0 0 0
7 16 1 1 0 1 1 0
7 17 1 0 0 0 1 0
7 18 1 1 0 0 1 0
7 19 1 1 1 1 0 1
7 20 0 0 0 0 0 1
7 21 0 1 1 0 0 0
7 24 0 1 0 1 1 1
7 25 0 1 1 0 0 0
8 6 0 0 1 0 0 1
8 7 1 0 1 1 0 0
8 8 1 0 0 0 0 1
8 9 0 1 0 0 0 0
8 10 1 1 1 0 0 0
8 11 0 1 0 0 1 0
8 12 0 1 0 0 0 0
8 13 0 0 0 0 1 0
8 14 0 0 0 0 1 0
8 15 0 0 0 0 1 0
8 16 0 0 0 0 1 0
8 17 0 0 0 0 1 0
8 18 0 0 0 0 1 0
8 19 0 0 0 0 1 0
8 20 0 0 0 0 1 0
8 21 0 0 0 0 1 0
8 22 0 0 0 0 1 0
8 23 0 0 0 0 1 0
8 24 0 0 0 0 1 0
8 25 0 0 0 0 1 0
8 26 0 0 0 0 1 0
8 27 0 0 0 0 1 0
8 28 0 0 0 0 1 0
8 29 0 0 1 1 1 1
8 30 1 1 0 0 0 0
8 31 1 1 0 1 1 0
9 4 0 0 1 1 1 1
9 5 1 0 0 0 0 0
9 6 1 0 0 0 1 0
9 9 0 1 1 0 1 1
9 10 0 0 1 0 1 0
9 12 1 0 1 0 1 1
9 13 0 1 1 0 1 0
9 14 1 1 1 0 1 0
9 17 0 1 1 1 0 0
9 18 0 1 0 0 1 0
9 19 1 0 0 0 0 0
9 20 1 1 0 0 1 0
9 21 0 1 0 0 1 1
9 22 0 1 0 0 0 0
9 23 0 0 0 0 1 0
9 24 0 0 0 0 1 0
9 25 0 0 0 0 1 0
9 26 0 0 0 0 1 0
9 27 0 0 0 0 1 0
9 28 0 0 0 0 1 0
9 29 0 0 1 1 1 1
9 30 1 0 0 1 1 0
9 31 1 0 0 1 0 0
10 4 0 0 1 1 1 1
10 5 1 0 0 0 0 0
10 6 1 1 0 1 0 0
10 9 0 1 1 0 1 1
10 10 0 0 1 0 1 0
10 12 1 1 0 0 0 1
10 13 1 0 0 0 0 0
10 14 0 1 1 1 1 1
10 16 0 0 1 1 0 0
10 18 1 0 0 0 1 1
10 19 0 0 1 1 1 1
10 21 0 0 0 0 1 1
10 22 0 0 1 0 0 0
10 23 1 1 0 1 1 0
10 24 1 0 0 0 1 0
10 25 1 1 0 0 1 0
10 26 1 1 1 1 0 1
10 27 0 0 0 0 0 1
10 28 0 1 1 0 0 0
11 6 1 1 1 0 0 0
11 7 0 1 0 0 0 1
11 8 1 0 1 1 0 0
11 9 1 1 1 0 0 1
11 10 0 0 0 0 1 0
11 11 0 0 0 0 1 0
11 12 0 0 0 0 1 0
11 13 0 0 0 0 1 0
11 14 0 0 0 0 1 0
11 15 0 0 0 0 1 0
11 16 0 0 0 0 1 0
11 17 0 0 0 0 1 0
11 18 0 0 0 0 1 0
11 19 0 0 0 0 1 0
11 20 0 0 0 0 1 0
11 21 0 0 0 0 1 0
11 22 0 0 0 0 1 0
11 23 0 0 0 0 1 0
11 24 0 0 0 0 1 0
11 25 0 0 0 0 1 0
11 26 0 0 0 0 1 0
11 27 0 0 0 0 1 0
11 28 0 0 0 0 1 0
11 29 0 0 1 1 1 1
11 30 1 0 0 0 1 0
11 31 1 0 0 0 1 0
12 2 1 1 0 0 1 0
12 3 1 0 0 0 1 0
12 4 1 0 1 0 1 1
12 5 1 0 1 0 1 0
12 6 0 0 0 0 0 1
12 7 0 0 1 0 0 0
12 8 1 0 1 0 0 0
12 9 1 1 1 0 1 1
12 10 0 0 1 1 0 1
12 12 1 1 0 1 1 0
12 13 0 0 1 1 1 0
12 14 1 1 0 1 1 0
12 15 0 1 0 1 0 0
12 16 0 0 0 0 0 1
12 17 0 0 1 0 0 0
12 18 1 0 1 0 1 1
12 19 0 1 0 0 1 1
12 20 1 1 0 0 1 0
12 21 0 1 0 0 0 1
12 22 1 1 0 0 1 0
12 23 1 0 0 0 0 1
12 25 1 1 0 0 1 0
12 26 0 1 1 1 1 1
12 27 1 1 0 0 1 0
12 28 0 1 0 1 0 0
13 4 1 1 1 1 1 0
13 5 0 0 1 1 1 1
13 6 0 0 1 1 0 0
13 7 0 1 0 0 0 1
13 9 1 1 0 0 0 1
13 10 1 0 0 0 0 0
13 11 0 1 1 1 1 1
13 13 1 0 0 1 1 0
13 15 1 1 1 1 1 0
13 16 0 1 1 0 0 0
13 17 1 1 0 0 0 0
13 18 0 1 1 0 0 1
13 19 0 0 0 0 1 0
13 20 0 0 0 0 1 0
13 21 0 0 0 0 1 0
13 22 0 0 0 0 1 0
13 23 0 0 0 0 1 0
13 24 0 0 0 0 1 0
13 25 0 0 0 0 1 0
13 26 0 0 0 0 1 0
13 27 0 0 0 0 1 0
13 28 0 0 0 0 1 0
13 29 0 0 1 1 1 1
13 30 1 1 0 1 0 0
13 31 0 1 0 1 0 0
14 13 1 0 0 1 1 0
14 14 0 1 0 1 0 0
14 15 1 0 1 0 0 1
14 16 0 0 1 0 0 0
14 18 1 0 0 1 1 0
14 19 1 1 1 0 0 1
14 20 1 1 1 1 0 1
15 2 0 1 1 1 1 1
15 3 0 1 1 0 0 0
15 4 1 0 0 1 1 0
15 5 1 0 1 0 0 1
16 4 0 0 1 1 1 1
16 5 1 0 0 0 0 0
16 6 1 1 0 1 1 0
16 9 1 1 0 1 1 0
16 10 0 1 0 0 1 1
16 11 1 0 0 0 0 0
16 12 1 0 0 0 1 1
16 13 1 0 1 0 0 1
16 14 1 0 0 0 0 0
16 17 0 0 0 0 1 0
16 18 0 0 1 0 0 1
16 19 1 0 1 1 0 0
16 20 0 1 0 0 0 1
16 21 0 1 1 0 0 0
16 22 1 0 1 0 1 1
16 23 0 0 1 0 0 1
16 24 0 1 0 0 0 0
16 25 0 0 0 0 1 0
16 26 0 0 0 0 1 0
16 27 0 0 0 0 1 0
16 28 0 0 0 0 1 0
16 29 0 0 1 1 1 1
16 30 1 1 0 1 1 0
16 31 1 0 0 1 0 0
17 4 0 0 1 1 1 1
17 5 1 0 0 0 0 0
17 6 1 1 0 0 1 0
17 9 0 0 0 0 1 0
17 10 0 0 1 0 0 1
17 11 1 0 1 1 0 0
17 12 0 0 1 1 1 1
17 13 1 0 1 0 1 1
17 14 0 0 1 0 0 1
17 15 0 1 0 0 0 0
17 17 1 1 1 0 0 0
17 18 1 0 1 1 0 1
17 19 0 0 1 1 0 0
17 20 0 1 1 0 0 1
17 21 0 0 0 0 1 0
17 22 0 0 0 0 1 0
17 23 0 0 0 0 1 0
17 24 0 0 0 0 1 0
17 25 0 0 0 0 1 0
17 26 0 0 0 0 1 0
17 27 0 0 0 0 1 0
17 28 0 0 0 0 1 0
17 29 0 0 1 1 1 1
17 30 1 1 0 0 1 0
17 31 1 0 0 1 0 0
18 6 1 0 0 1 1 0
18 7 0 1 0 0 0 1
18 8 1 0 0 1 1 0
18 9 0 1 1 0 1 0
18 11 1 0 0 1 1 0
18 12 1 0 1 0 1 0
18 13 0 0 1 1 0 0
18 14 1 0 1 0 0 1
18 15 0 0 0 0 1 0
18 17 1 0 0 0 1 1
18 18 1 0 0 0 0 0
18 19 1 0 0 1 1 0
18 20 0 1 1 0 1 0
18 22 1 1 0 1 1 0
18 23 1 1 1 1 1 1
18 24 0 0 1 1 0 0
18 25 1 0 1 0 0 1
18 26 0 0 0 0 1 0
18 27 0 0 0 0 1 0
18 28 0 0 0 0 1 0
18 29 0 0 1 1 1 1
18 30 1 1 0 0 1 0
18 31 1 0 0 1 0 0
19 6 1 0 0 0 1 1
19 7 0 0 1 1 1 1
19 8 0 0 1 1 0 1
19 10 1 1 0 0 1 1
19 11 1 0 0 0 0 0
19 12 1 1 0 0 1 0
19 13 1 1 0 1 1 1
19 14 0 0 0 0 1 0
19 16 0 1 1 1 0 0
19 17 0 0 1 0 0 0
19 18 0 0 1 1 0 1
19 20 1 1 1 0 0 1
19 21 1 0 0 0 0 0
19 22 1 1 1 0 0 0
19 23 0 1 0 0 0 1
19 24 0 0 0 0 1 0
19 25 0 0 0 0 1 0
19 26 0 0 0 0 1 0
19 27 0 0 0 0 1 0
19 28 0 0 0 0 1 0
19 29 0 0 1 1 1 1
19 30 1 1 0 0 1 0
19 31 1 0 0 0 1 0
20 4 0 0 1 1 1 1
20 5 1 0 0 0 0 0
20 6 0 1 0 1 0 0
20 9 0 0 1 1 0 1
20 10 0 1 0 0 0 0
20 12 1 0 1 0 1 0
20 14 0 1 1 1 0 0
20 15 1 0 1 0 1 0
20 17 0 0 1 1 0 1
20 18 0 1 1 0 0 0
20 20 1 0 0 0 1 0
20 23 0 0 0 0 1 0
20 24 0 0 1 0 0 1
20 25 1 0 1 1 0 0
20 26 0 0 1 1 1 1
21 6 0 0 1 0 0 1
21 7 1 0 1 0 1 1
21 8 0 0 1 0 0 1
21 9 0 1 0 0 0 0
21 10 0 0 0 0 1 0
21 11 0 0 0 0 1 0
21 12 0 0 0 0 1 0
21 13 0 0 0 0 1 0
21 14 0 0 0 0 1 0
21 15 0 0 0 0 1 0
21 16 0 0 0 0 1 0
21 17 0 0 0 0 1 0
21 18 0 0 0 0 1 0
21 19 0 0 0 0 1 0
21 20 0 0 0 0 1 0
21 21 0 0 0 0 1 0
21 22 0 0 0 0 1 0
21 23 0 0 0 0 1 0
21 24 0 0 0 0 1 0
21 25 0 0 0 0 1 0
21 26 0 0 0 0 1 0
21 27 0 0 0 0 1 0
21 28 0 0 0 0 1 0
21 29 0 0 1 1 1 1
21 30 0 1 0 1 0 0
21 31 1 1 0 0 0 0
22 4 0 0 1 1 1 1
22 5 1 1 0 0 0 0
22 6 0 1 0 1 1 0
22 9 0 1 1 0 1 1
22 10 0 0 1 0 1 0
22 12 0 0 0 0 1 0
22 13 0 0 1 0 0 1
22 14 0 0 1 1 0 0
22 15 0 1 1 0 1 1
22 16 1 0 1 0 1 1
22 17 0 0 1 0 0 1
22 18 0 1 0 0 0 0
22 20 1 1 0 1 1 0
22 21 1 0 1 0 0 1
22 22 1 0 0 0 1 1
22 24 1 1 1 0 0 0
22 25 1 0 1 1 0 1
22 26 1 0 1 0 1 1
22 27 0 1 0 0 0 1
22 28 0 0 0 0 1 0
22 29 0 0 1 1 1 1
22 30 0 1 0 1 0 0
22 31 1 1 0 1 1 0
23 6 1 1 0 0 1 0
23 7 0 1 0 1 1 1
23 8 0 1 1 0 0 0
23 9 1 0 1 0 1 1
23 10 0 0 1 0 0 0
23 12 1 1 0 0 1 0
23 13 1 0 1 1 0 1
23 15 1 1 1 0 0 0
23 16 1 0 1 1 0 1
23 17 0 0 0 0 1 0
23 18 0 0 0 0 1 0
23 19 0 0 0 0 1 0
23 20 0 0 0 0 1 0
23 21 0 0 0 0 1 0
23 22 0 0 0 0 1 0
23 23 0 0 0 0 1 0
23 24 0 0 0 0 1 0
23 25 0 0 0 0 1 0
23 26 0 0 0 0 1 0
23 27 0 0 0 0 1 0
23 28 0 0 0 0 1 0
23 29 0 0 1 1 1 1
23 30 0 1 0 1 0 0
23 31 1 1 0 1 1 0
24 6 0 0 1 1 0 0
24 7 0 1 1 0 1 1
24 8 1 0 0 0 0 0
24 9 1 0 1 0 1 1
24 10 0 0 1 0 0 0
24 12 0 0 1 1 0 1
24 14 1 1 0 0 1 0
24 15 0 1 0 1 1 1
24 16 1 0 1 0 1 1
24 18 1 1 0 0 1 1
24 19 0 1 0 0 0 0
24 20 0 0 1 1 0 1
24 22 1 1 0 0 1 0
24 23 0 1 1 0 1 0
24 24 1 1 1 0 0 0
24 25 1 0 1 1 0 1
24 26 0 0 0 0 1 0
24 27 0 0 0 0 1 0
24 28 0 0 0 0 1 0
24 29 0 0 1 1 1 1
24 30 0 1 0 1 0 0
24 31 0 1 0 1 0 0
25 2 1 1 0 0 1 0
25 3 1 0 0 0 1 0
25 4 1 0 1 0 1 1
25 5 1 0 1 0 1 0
25 6 0 0 0 0 0 1
25 7 0 0 1 0 0 0
25 8 1 0 1 0 0 0
25 9 1 1 1 0 1 1
25 10 0 0 1 1 0 1
25 12 1 1 0 1 1 0
25 13 0 0 1 1 1 0
25 14 1 1 0 1 1 0
25 15 0 1 0 1 0 0
25 16 0 0 0 0 0 1
25 17 0 0 1 0 0 0
25 18 1 0 1 0 1 1
25 19 0 1 0 0 1 1
25 20 1 1 0 0 1 0
25 21 0 1 0 0 0 1
25 22 1 1 0 0 1 0
25 23 1 0 0 0 0 1
25 25 1 1 0 0 1 0
25 26 0 1 1 1 1 1
25 27 1 1 0 0 1 0
25 28 0 1 0 1 0 0
