0.10
52 72 100 121 152 173 204 225 256 277 308 330 360 381 412 433 464 485 516 537 568 589 619 641 671 692 723 745 775 796 827 848 879 900 931 952 982 1004 1034 1056 1086 1107 1138 1159 1190 1211 1242 1264 1294 1315 1345 1367 1397 1418 1449 1470 1501 1522 1553 1574 1605 1626 1653 1673
95 115 135 173 195 216 256 277 300 342 363 385 421 443 464 508 530 551 589 610 631 675 696 718 754 776 797 841 863 884 921 943 964 1008 1029 1050 1088 1109 1131 1173 1195 1216 1255 1276 1298 1340 1362 1383 1421 1442 1464 1505 1527 1548 1589 1611 1632 1672 1693 1715 1755 1776 1797 1837 1859 1880 1923 1944 1966 2003 2024 2046 2089 2110 2132 2170 2191 2212 2250 2270 2290
2 2 1 0 1 0 1 0
2 4 1 0 0 1 1 0
2 6 1 0 1 0 0 0
2 7 1 0 0 0 0 1
2 8 1 0 1 0 0 0
2 9 1 1 0 0 1 1
2 10 0 0 0 0 1 0
2 12 1 0 1 1 1 0
2 13 0 0 1 0 1 0
2 15 1 1 0 1 1 0
2 17 1 0 0 0 1 1
2 19 1 0 1 1 0 0
2 20 1 0 0 0 1 0
2 21 1 0 0 0 1 1
2 22 0 1 1 0 0 0
2 24 1 1 0 0 1 0
2 25 1 0 0 1 0 1
2 26 0 0 1 1 0 0
2 27 0 1 1 0 0 1
2 28 0 0 0 0 1 0
2 30 1 0 1 0 1 0
3 2 0 0 1 1 1 0
3 4 1 0 0 1 1 0
3 5 0 1 1 0 1 0
3 7 1 1 0 1 1 0
3 8 1 0 0 0 0 1
3 9 1 1 1 1 1 0
3 10 0 0 1 1 1 1
3 12 1 1 1 0 0 0
3 13 0 1 0 1 0 0
3 15 1 0 1 0 0 0
3 16 0 0 1 1 0 1
3 18 1 0 0 0 1 1
3 19 0 1 1 0 0 1
3 20 1 1 0 1 1 0
3 21 0 1 1 0 1 0
3 22 0 0 0 0 1 0
3 24 0 0 1 1 1 0
3 25 1 0 1 0 0 0
3 26 1 1 0 0 1 1
3 28 1 1 1 1 1 0
3 29 0 1 0 0 0 1
3 30 1 1 0 0 1 0
3 31 0 0 1 1 1 0
4 2 1 1 0 1 1 0
4 3 0 1 0 1 1 1
4 4 1 1 0 0 0 0
4 5 0 1 1 0 0 1
4 7 1 0 0 1 1 0
4 9 0 1 1 1 1 0
4 10 0 1 0 0 0 1
4 11 1 0 1 0 0 0
4 12 1 1 1 1 0 1
4 13 0 0 0 0 1 0
4 14 0 1 1 0 0 0
4 15 1 0 1 1 1 0
4 16 1 1 0 0 0 1
4 18 0 0 1 1 1 0
4 19 0 1 1 0 0 0
4 20 1 0 0 0 1 1
4 22 0 1 0 0 1 0
4 23 0 1 1 0 0 0
4 25 1 0 1 0 1 0
4 27 0 1 0 1 1 1
4 28 1 0 0 0 1 1
4 29 0 0 1 0 1 1
4 30 1 0 1 1 0 0
4 31 0 1 0 0 0 1
5 2 1 1 0 0 0 0
5 3 1 0 1 0 0 1
5 4 1 1 1 1 0 1
5 5 0 1 1 0 0 0
5 7 1 1 0 1 1 0
5 8 1 0 0 0 1 0
5 9 1 0 0 0 1 1
5 10 1 1 1 0 1 1
5 12 0 1 1 1 0 0
5 13 1 1 1 0 0 1
5 14 1 0 1 0 0 0
5 15 1 0 0 1 0 1
5 16 1 0 1 0 0 0
5 17 1 0 1 1 1 1
5 19 1 0 1 0 0 0
5 20 1 0 0 1 0 1
5 21 0 0 0 0 1 0
5 23 1 0 1 1 1 0
5 24 1 0 0 0 0 1
5 26 0 1 1 0 0 0
5 28 1 0 1 1 1 0
5 29 0 0 1 0 1 0
5 30 0 1 0 0 0 0
6 2 0 1 0 1 0 0
6 3 1 0 1 0 0 0
6 4 1 0 1 1 1 1
6 6 1 1 0 1 0 0
6 7 1 0 1 0 0 1
6 8 1 1 1 0 0 0
6 11 1 0 0 1 1 0
6 13 1 1 1 1 1 0
6 14 1 1 1 0 1 1
6 15 0 1 0 1 1 0
6 16 1 1 1 0 1 1
6 17 0 0 0 0 1 0
6 19 1 0 1 1 1 0
6 20 0 0 1 0 1 0
6 22 1 0 1 0 1 0
6 24 1 0 1 0 0 0
6 25 0 1 0 0 0 1
6 27 1 0 1 1 0 0
6 28 0 1 1 1 0 1
6 29 1 1 0 0 1 1
7 2 1 0 0 0 1 1
7 3 0 0 1 0 1 1
7 4 1 0 1 1 0 0
7 5 0 1 0 0 0 1
7 7 1 1 1 0 0 0
7 8 0 1 0 1 0 0
7 9 1 1 0 0 1 1
7 10 0 1 0 0 0 0
7 12 1 0 1 0 0 0
7 13 0 1 0 0 0 1
7 14 0 1 0 1 0 0
7 16 1 1 0 0 1 0
7 17 0 1 0 1 1 1
7 18 1 0 0 1 1 0
7 19 0 0 1 0 1 0
7 21 1 0 1 1 1 0
7 22 1 1 0 0 0 1
7 23 0 0 0 0 1 0
7 25 1 0 1 0 1 0
7 27 0 0 1 1 0 0
7 28 0 0 1 0 0 0
7 29 1 0 1 1 1 0
7 30 0 0 1 1 1 1
8 2 1 0 0 0 1 1
8 3 1 0 1 0 1 0
8 5 1 0 1 0 1 0
8 7 1 1 0 0 1 0
8 8 0 1 0 1 0 0
8 9 1 1 0 0 1 0
8 10 1 1 0 1 1 1
8 12 0 0 1 1 0 0
8 13 0 1 0 0 0 1
8 14 1 0 1 1 0 1
8 15 0 0 0 0 1 0
8 17 0 0 1 1 0 0
8 18 0 1 0 0 0 1
8 20 1 0 0 0 1 1
8 21 1 1 0 0 0 0
8 22 1 0 1 0 0 1
8 23 1 0 0 0 1 1
8 25 0 1 0 1 0 0
8 26 1 1 0 1 1 0
8 27 0 1 0 0 0 1
8 29 1 1 0 0 1 0
8 30 0 1 0 1 1 1
9 2 0 0 1 0 0 1
9 4 0 0 1 0 1 0
9 5 0 0 0 0 1 0
9 6 0 0 1 0 0 0
9 7 0 0 1 1 1 0
9 8 0 1 1 0 0 0
9 9 1 0 0 0 1 1
9 11 1 0 1 0 1 0
9 13 1 0 0 1 1 0
9 15 1 0 1 0 0 1
9 16 1 0 0 0 0 0
9 17 1 0 1 0 1 1
9 19 1 1 1 0 0 0
9 20 0 1 0 1 0 0
9 22 1 1 0 0 1 1
9 23 1 1 1 0 0 0
9 24 0 1 0 0 0 1
9 26 1 1 0 0 1 0
9 27 0 1 1 0 1 0
9 28 1 0 1 0 1 1
9 29 0 0 0 0 1 0
9 31 1 0 1 0 1 0
10 2 1 1 0 1 1 0
10 3 0 1 1 0 1 0
10 4 1 1 0 0 1 0
10 5 1 0 0 0 0 1
10 7 1 1 1 1 1 0
10 8 1 0 1 0 0 1
10 10 0 1 0 1 0 0
10 11 1 1 0 1 1 1
10 12 0 1 1 0 0 0
10 13 1 0 1 0 0 0
10 14 1 0 1 1 1 1
10 16 1 0 1 0 0 0
10 17 1 0 0 1 0 1
10 19 1 1 0 1 1 0
10 20 0 0 1 1 1 0
10 22 0 1 0 1 1 0
10 23 0 0 1 0 1 1
10 25 1 1 0 0 0 0
10 26 0 0 1 0 1 0
10 28 0 0 0 1 0 0
10 29 0 1 1 1 1 0
10 30 0 0 1 0 1 0
11 2 0 0 1 0 0 1
11 3 1 0 1 1 0 0
11 4 0 0 1 0 1 1
11 6 1 1 0 1 1 0
11 7 1 1 1 0 0 1
11 8 0 0 1 0 0 0
11 9 1 0 0 1 1 0
11 10 0 0 1 1 1 0
11 11 0 0 0 0 1 0
11 13 1 0 0 0 1 1
11 14 0 1 0 1 1 1
11 16 1 1 0 1 1 0
11 17 1 1 0 1 1 1
11 18 1 0 0 1 1 0
11 19 0 1 0 0 0 1
11 20 1 1 1 0 0 0
11 21 0 0 1 1 1 0
11 23 1 0 1 0 1 0
11 24 0 0 0 0 1 0
11 25 0 0 1 0 0 0
11 26 0 0 1 1 0 0
11 27 0 1 0 0 0 1
11 29 1 1 0 0 0 0
11 30 1 0 1 0 0 1
11 31 1 0 0 0 1 1
12 2 1 1 0 0 1 0
12 3 0 1 0 1 1 1
12 4 1 0 0 1 1 0
12 5 0 0 1 0 1 0
12 6 1 1 1 0 0 0
12 7 0 1 0 0 0 1
12 9 1 0 1 1 1 0
12 10 1 1 0 0 0 1
12 12 1 0 1 1 0 0
12 13 0 0 1 0 1 0
12 14 0 0 0 0 1 0
12 15 0 0 1 0 0 0
12 16 1 1 0 0 1 1
12 17 1 0 0 1 1 0
12 19 0 1 0 1 1 0
12 20 0 0 1 0 1 1
12 22 1 1 0 0 0 0
12 23 1 0 1 0 0 1
12 24 0 1 0 1 0 1
12 25 0 1 1 0 0 0
12 27 1 0 1 0 0 0
12 28 1 1 1 0 0 1
12 30 0 0 1 1 0 0
12 31 0 1 1 0 0 1
13 2 0 0 1 0 0 1
13 3 1 0 1 0 0 0
13 4 0 1 0 1 0 1
13 6 1 0 1 0 1 1
13 7 0 1 0 1 1 1
13 9 1 0 0 1 1 0
13 11 0 0 1 1 0 0
13 12 1 0 1 0 0 1
13 13 0 0 0 0 1 0
13 15 1 1 0 0 1 1
13 16 1 0 0 1 1 0
13 18 0 1 0 1 1 0
13 19 0 0 1 0 1 1
13 21 1 0 1 0 0 0
13 22 0 0 1 1 1 0
13 23 1 1 0 1 1 0
13 24 1 0 0 1 0 1
13 26 0 1 0 1 0 0
13 27 0 1 1 1 1 0
13 28 1 1 1 0 1 1
13 30 1 0 1 1 0 0
13 31 0 1 1 0 1 0
14 2 1 1 0 1 1 0
14 3 1 1 0 0 1 1
14 4 0 0 1 1 1 0
14 6 1 1 0 1 0 0
14 7 0 0 1 0 1 0
14 9 1 1 1 1 0 0
14 10 0 1 0 1 0 0
14 11 1 0 1 0 0 0
14 12 0 1 0 1 0 0
14 13 0 0 0 0 1 0
14 15 1 1 0 0 1 0
14 16 0 1 0 1 0 1
14 18 1 1 0 0 1 1
14 20 0 1 0 1 1 0
14 21 0 0 1 0 1 1
14 23 0 1 1 1 1 0
14 24 1 0 0 0 0 1
14 25 1 1 0 1 1 0
14 26 1 0 0 1 0 1
14 28 0 1 0 1 1 0
14 29 0 0 1 0 1 1
14 30 1 1 0 1 1 0
14 31 1 1 0 1 0 1
15 2 1 1 1 0 1 0
15 3 0 1 0 1 1 1
15 5 1 1 0 1 0 0
15 6 0 0 1 1 1 1
15 7 1 0 0 1 1 0
15 8 0 1 0 1 0 0
15 10 1 0 0 1 1 0
15 12 1 0 0 0 1 1
15 13 0 0 1 1 1 1
15 14 1 1 0 0 0 1
15 15 0 0 0 0 1 0
15 17 1 1 0 1 1 0
15 18 1 1 0 0 1 1
15 20 0 1 0 1 1 0
15 21 0 0 1 0 1 1
15 22 1 1 0 0 0 0
15 23 1 0 1 0 0 1
15 24 0 0 1 1 0 0
15 25 1 0 1 0 0 1
15 27 0 0 1 1 1 0
15 29 1 1 0 0 1 0
15 30 0 0 1 1 1 0
16 2 0 0 1 0 0 1
16 3 1 1 0 0 0 0
16 4 1 0 0 1 0 1
16 5 0 0 0 0 1 1
16 7 1 1 0 0 0 1
16 8 1 0 0 0 0 0
16 9 0 1 0 1 1 1
16 11 0 1 0 1 0 0
16 12 1 1 0 1 1 0
16 13 0 1 0 0 0 1
16 15 0 1 0 1 1 0
16 16 0 0 1 0 1 1
16 18 1 0 0 1 1 0
16 20 1 1 0 1 1 0
16 21 1 1 1 0 0 1
16 22 1 0 1 0 0 0
16 23 1 0 0 0 0 1
16 25 1 1 0 1 1 1
16 26 0 1 0 0 0 0
16 27 1 0 1 0 0 0
16 28 1 1 1 1 0 1
16 30 1 0 0 0 1 1
16 31 1 1 1 0 1 1
17 2 0 0 1 0 0 1
17 3 0 0 1 1 0 0
17 4 0 1 0 0 0 1
17 6 1 1 0 0 1 0
17 7 0 1 0 1 0 0
17 8 0 0 1 0 0 0
17 9 1 0 1 0 0 1
17 10 0 1 1 0 0 0
17 12 1 0 0 1 1 0
17 14 0 0 1 1 0 0
17 15 1 0 0 0 0 0
17 16 1 1 1 1 0 0
17 17 0 1 1 1 0 1
17 18 0 0 0 0 1 0
17 20 1 0 0 0 1 1
17 21 0 1 0 1 1 1
17 23 1 0 0 0 1 0
17 25 1 0 1 0 1 1
17 26 1 0 1 0 1 0
17 27 1 1 0 0 0 0
17 28 1 0 1 0 0 1
17 29 1 1 1 0 0 0
17 30 0 0 1 1 1 0
18 2 1 0 1 0 1 1
18 3 1 1 0 1 1 0
18 4 0 1 0 1 0 0
18 6 1 0 0 1 1 0
18 8 0 0 1 1 0 0
18 9 1 0 1 0 0 1
18 10 0 0 1 0 1 0
18 11 0 1 1 0 0 0
18 12 1 1 0 0 1 0
18 13 1 0 0 1 0 1
18 14 1 0 1 0 1 1
18 15 0 1 0 1 0 1
18 17 1 0 1 0 1 0
18 19 1 1 0 1 1 0
18 20 1 1 0 0 1 1
18 22 0 0 1 1 0 0
18 23 0 1 0 0 0 1
18 24 1 0 1 1 0 1
18 26 1 1 0 0 1 0
18 27 0 1 0 1 1 1
18 28 1 0 0 1 1 0
18 29 0 0 1 0 1 0
19 2 1 0 1 1 1 0
19 3 1 1 0 0 0 1
19 4 0 0 1 0 0 1
19 6 0 1 0 1 1 1
19 7 1 0 0 0 1 1
19 8 0 0 1 0 1 1
19 9 1 0 1 1 0 0
19 10 0 1 0 0 0 1
19 12 1 1 0 0 1 1
19 14 0 1 0 1 1 0
19 15 0 0 1 0 1 1
19 17 1 0 0 0 1 1
19 18 1 1 1 0 1 1
19 19 1 1 0 0 0 0
19 20 1 0 1 0 0 1
19 21 0 0 1 1 0 0
19 22 1 0 1 0 0 1
19 24 0 1 0 1 0 0
19 25 0 1 1 1 1 0
19 26 1 1 1 0 1 1
19 28 0 0 1 1 0 0
19 29 0 1 1 0 0 1
19 30 1 0 1 0 0 0
19 31 0 1 0 1 0 1
20 2 1 0 1 0 1 1
20 3 0 1 0 1 1 1
20 5 1 0 0 1 1 0
20 7 0 0 1 1 0 0
20 8 1 0 1 0 0 1
20 9 0 0 0 0 1 0
20 11 1 1 0 0 1 1
20 13 0 1 0 1 1 0
20 14 0 0 1 0 1 1
20 16 1 0 0 0 1 1
20 17 1 1 1 0 1 1
20 18 1 1 0 0 0 0
20 19 1 0 1 0 0 1
20 20 0 0 1 1 0 0
20 21 1 0 1 0 0 1
20 23 0 1 0 1 0 0
20 24 0 1 1 1 1 0
20 25 1 1 1 0 1 1
20 27 1 1 0 0 1 1
20 28 0 1 0 1 0 0
20 29 0 1 1 0 0 0
21 2 1 0 1 0 0 1
21 3 0 1 0 0 0 0
21 4 1 1 0 0 1 0
21 5 0 1 0 1 0 1
21 7 1 0 0 1 1 0
21 9 1 0 1 1 0 0
21 10 0 1 1 0 1 0
21 11 0 0 0 0 1 0
21 13 1 1 0 0 1 0
21 14 0 1 0 1 0 1
21 16 1 1 0 0 1 1
21 18 0 1 0 1 1 0
21 19 0 0 1 0 1 1
21 21 1 0 0 0 1 1
21 22 1 1 1 0 1 1
21 23 1 1 0 0 0 0
21 24 1 0 1 0 0 1
21 25 0 0 1 1 0 0
21 26 1 0 1 0 0 1
21 28 0 1 0 1 0 0
21 29 1 0 0 0 0 0
21 30 0 1 0 1 0 0
22 2 0 0 1 0 0 1
22 3 1 0 1 0 0 1
22 4 0 1 0 0 0 0
22 5 1 0 1 0 0 1
22 7 1 0 0 1 1 0
22 9 1 1 0 1 0 0
22 10 0 0 1 1 1 1
22 11 1 0 0 1 1 0
22 12 0 1 0 1 0 0
22 14 1 0 0 1 1 0
22 16 1 0 0 0 1 1
22 17 0 0 1 1 1 1
22 18 1 1 0 0 0 1
22 19 0 0 0 0 1 0
22 21 0 0 1 1 0 0
22 22 0 1 0 0 0 1
22 23 1 1 0 0 1 0
22 24 1 0 0 0 1 0
22 26 1 0 0 1 1 0
22 27 1 1 1 0 1 1
22 28 1 0 0 0 1 1
22 30 1 1 0 0 1 0
22 31 0 1 1 0 1 0
23 2 0 0 1 0 0 1
23 3 1 0 1 0 0 1
23 4 0 1 0 0 0 0
23 6 1 1 1 1 1 0
23 7 0 1 0 0 1 1
23 8 1 1 0 1 0 0
23 9 0 0 1 0 1 1
23 11 1 0 0 1 1 0
23 13 1 1 1 0 0 0
23 14 0 1 0 1 0 0
23 15 1 1 0 0 1 1
23 16 0 1 0 0 0 0
23 18 1 0 0 1 1 0
23 19 0 0 0 0 1 0
23 21 0 0 1 1 0 0
23 22 0 0 1 0 0 0
23 23 1 0 0 0 1 1
23 25 1 1 0 0 0 1
23 26 1 0 0 0 0 0
23 27 0 1 0 1 1 1
23 29 0 1 1 1 1 0
23 30 1 0 0 1 0 1
24 2 0 0 1 0 0 1
24 3 1 0 0 0 1 1
24 4 0 0 1 1 1 1
24 6 1 0 0 1 1 0
24 8 1 1 1 1 0 0
24 9 0 1 0 1 0 0
24 10 1 1 0 0 1 0
24 11 1 0 0 0 0 1
24 12 0 0 0 0 1 0
24 14 1 0 0 0 1 1
24 15 0 0 1 0 0 0
24 17 0 1 1 1 1 0
24 18 0 0 1 0 1 0
24 19 1 0 1 1 0 0
24 20 0 0 1 0 1 1
24 22 0 1 0 1 0 0
24 24 1 0 0 0 1 1
24 25 1 1 1 0 1 1
24 26 1 0 0 1 1 0
24 27 0 1 1 0 1 0
24 29 1 0 0 1 0 0
24 30 0 1 1 0 0 0
25 2 0 0 1 0 0 1
25 3 1 1 0 1 1 0
25 4 0 1 0 1 0 0
25 5 0 0 0 0 1 0
25 7 1 1 0 1 1 0
25 8 1 1 0 0 1 1
25 10 1 1 0 0 1 0
25 11 0 1 0 1 1 0
25 13 1 0 1 0 0 0
25 14 1 0 0 0 0 1
25 15 1 1 0 0 0 0
25 16 1 0 1 0 0 1
25 17 1 0 1 0 1 1
25 18 0 1 1 0 0 0
25 19 1 1 0 1 1 0
25 20 1 1 0 0 0 0
25 22 1 0 0 1 1 0
25 23 0 1 0 0 0 1
25 25 1 1 0 0 1 0
25 26 1 0 0 1 0 1
25 27 1 1 1 1 1 0
25 28 1 0 1 0 0 1
26 3 1 1 1 0 1 1
26 4 0 0 1 0 0 0
26 5 1 1 0 0 1 0
26 6 1 0 1 1 0 1
26 8 1 1 1 0 0 0
26 9 0 1 0 1 0 1
26 10 0 0 0 0 1 1
26 12 0 1 1 1 0 0
26 13 1 0 1 0 1 0
26 14 0 1 0 1 0 0
26 16 1 0 1 0 1 0
26 18 1 1 0 0 0 0
26 19 1 0 1 0 0 1
26 20 1 0 1 1 1 0
26 21 0 0 1 1 1 1
26 23 1 1 0 1 1 0
26 24 0 0 1 1 0 1
26 26 1 0 0 0 1 1
26 27 0 0 1 0 1 1
26 28 1 0 1 1 0 0
26 29 0 1 0 0 0 1
2 16 1 1 0 0 1 1
5 25 1 1 1 1 0 1
6 9 1 1 1 0 0 1
9 3 1 0 0 1 1 0
26 2 1 1 0 1 1 0
