0.10
43 63 91 113 143 163 196 217 247 268 299 320 351 372 403 424 455 476 507 528 558 580 610 631 662 684 714 735 765 787 817 837 870 891 921 942 973 993 1025 1046 1076 1098 1129 1150 1180 1201 1232 1253 1285 1305 1336 1357 1387 1409 1440 1461 1491 1513 1543 1564 1595 1615 1642 1662
88 108 128 166 188 209 249 270 291 335 356 377 414 435 457 501 522 544 582 603 624 667 689 710 747 768 789 834 855 876 914 936 956 1000 1022 1043 1081 1102 1124 1165 1187 1208 1247 1269 1289 1327 1354 1375 1412 1434 1455 1496 1518 1539 1581 1602 1623 1664 1685 1706 1745 1766 1787 1827 1849 1870 1913 1935 1955 1993 2014 2034 2078 2100 2121 2159 2181 2202 2240 2260 2280
2 2 1 0 0 0 1 1
2 3 1 0 0 0 0 0
2 4 1 0 1 0 0 0
2 5 0 0 1 1 0 1
2 7 0 0 0 1 0 0
2 8 0 1 1 1 1 0
2 9 0 0 1 0 1 0
2 11 1 0 0 1 1 0
2 13 1 1 0 1 1 0
2 14 0 1 1 0 1 0
2 15 1 0 1 1 0 1
2 16 0 1 0 0 0 0
2 18 1 1 1 0 1 0
2 20 0 1 0 1 0 1
2 21 1 0 0 0 0 0
2 22 0 1 1 1 1 0
2 23 0 1 0 1 0 0
2 24 0 0 0 0 1 0
2 26 1 1 0 0 1 0
2 27 1 0 1 0 1 0
2 28 1 0 0 0 1 1
2 30 1 1 0 1 1 0
2 31 0 0 1 1 1 0
3 2 1 0 1 1 1 0
3 3 0 0 1 0 1 0
3 5 1 0 0 0 1 1
3 6 1 1 1 0 0 1
3 7 1 0 0 0 1 1
3 8 0 1 1 0 0 1
3 10 1 0 0 1 1 0
3 12 0 1 1 1 0 0
3 13 0 1 0 0 1 1
3 14 1 1 0 0 0 0
3 15 0 1 0 1 0 1
3 16 0 0 0 0 1 0
3 18 1 0 1 0 1 1
3 19 0 1 0 1 0 1
3 21 1 0 0 0 1 1
3 22 1 1 1 0 1 1
3 23 1 0 0 1 1 0
3 24 0 1 1 0 1 0
3 26 0 1 1 1 1 0
3 27 1 0 0 1 0 1
3 28 1 1 0 1 0 0
3 29 0 0 1 1 1 1
4 2 1 1 1 1 1 0
4 3 0 1 0 1 1 1
4 4 1 1 0 1 0 0
4 5 1 0 1 0 0 1
4 7 1 0 0 1 1 0
4 9 1 0 0 0 1 1
4 10 0 1 0 0 0 0
4 11 1 1 0 0 1 0
4 12 1 1 1 0 1 1
4 13 0 0 0 0 1 0
4 15 1 1 0 0 0 0
4 16 1 0 1 0 0 1
4 17 0 0 1 1 1 0
4 19 0 0 1 1 1 0
4 20 0 1 0 0 0 0
4 21 0 1 1 1 1 0
4 22 1 1 1 0 1 1
4 23 1 1 0 0 0 0
4 25 1 0 1 1 1 0
4 26 0 1 1 0 1 0
4 27 0 0 0 0 1 0
4 29 1 1 0 1 0 0
4 30 0 0 1 0 1 0
5 2 0 0 1 0 0 1
5 3 1 1 1 1 1 0
5 4 1 0 1 0 0 1
5 6 0 1 1 1 0 0
5 7 1 0 1 0 0 1
5 8 0 1 1 1 0 0
5 9 1 0 1 0 0 1
5 11 1 0 0 1 1 0
5 13 1 0 0 0 1 1
5 14 0 0 1 1 1 1
5 15 1 1 0 0 0 1
5 16 0 0 0 0 1 0
5 17 0 1 1 0 0 0
5 18 0 0 1 1 1 0
5 19 0 1 1 0 0 0
5 20 1 0 0 0 1 1
5 22 1 0 1 1 1 0
5 23 0 1 0 1 0 0
5 25 1 0 1 1 1 0
5 26 0 0 1 1 1 1
5 27 1 1 0 1 1 0
5 28 1 1 1 0 1 1
5 30 1 1 0 1 1 0
5 31 0 0 1 1 1 0
6 2 0 0 1 1 0 0
6 3 0 1 0 0 0 1
6 4 1 1 0 1 1 0
6 5 0 1 0 0 0 1
6 7 1 1 0 0 1 1
6 8 0 1 0 0 0 0
6 9 0 1 1 1 1 0
6 10 0 1 0 1 0 1
6 11 0 1 0 1 1 0
6 12 0 0 1 0 1 1
6 14 1 0 0 1 1 0
6 16 1 1 0 0 1 0
6 17 1 1 0 0 0 1
6 19 1 1 0 0 0 0
6 20 1 0 0 1 0 1
6 21 0 1 0 1 1 0
6 22 1 1 0 1 1 1
6 23 0 0 0 0 0 1
6 24 0 0 1 0 0 1
6 25 1 0 0 0 1 1
6 26 0 1 1 0 0 0
6 27 1 0 0 0 1 1
6 28 0 1 1 0 0 1
6 30 1 1 0 0 1 0
6 31 0 1 0 1 0 1
7 2 0 0 1 0 0 1
7 3 1 1 0 0 1 1
7 5 1 0 0 0 1 1
7 6 0 0 1 0 1 1
7 7 1 0 1 1 0 0
7 8 0 1 0 0 0 1
7 10 1 0 0 1 1 0
7 11 0 1 0 0 1 1
7 12 1 1 0 0 1 0
7 13 0 1 0 1 0 0
7 15 1 1 0 0 0 0
7 16 0 1 0 1 0 0
7 18 0 0 0 1 0 0
7 19 0 1 1 1 1 0
7 20 0 0 1 0 1 0
7 22 1 1 0 1 1 0
7 23 0 0 1 1 1 1
7 24 1 0 0 0 0 1
7 25 0 1 1 0 0 0
7 27 1 0 1 1 1 0
7 28 0 1 0 0 0 1
7 29 0 0 0 0 1 0
7 30 0 0 1 0 0 0
8 2 0 0 0 0 0 1
8 3 0 0 1 0 0 1
8 4 1 0 1 1 1 0
8 5 0 0 1 0 1 0
8 6 1 0 1 1 0 0
8 7 0 1 0 0 0 1
8 9 1 1 0 0 1 0
8 10 0 1 0 1 0 1
8 11 1 1 0 0 1 1
8 13 1 0 0 0 1 1
8 14 0 0 1 0 1 1
8 15 1 0 1 1 0 0
8 16 0 1 0 0 0 1
8 18 1 0 1 1 1 0
8 19 1 1 1 0 0 1
8 20 1 0 0 0 1 1
8 21 0 1 1 0 0 0
8 23 1 1 0 0 0 0
8 24 1 0 1 0 0 1
8 25 1 0 1 0 0 0
8 26 0 1 0 0 0 1
8 27 0 1 0 1 0 0
8 29 1 0 1 0 1 1
8 30 1 0 1 0 1 0
9 2 0 0 1 0 0 1
9 3 1 0 0 1 1 0
9 4 0 1 1 0 1 0
9 5 0 0 0 0 1 0
9 6 0 0 1 0 0 0
9 7 0 1 1 1 0 0
9 8 1 0 1 0 1 0
9 9 0 1 0 1 0 0
9 11 1 0 1 0 1 0
9 13 1 0 1 0 0 0
9 14 1 0 0 0 0 1
9 16 1 0 1 1 1 0
9 17 0 1 0 1 0 0
9 19 1 1 0 0 0 0
9 20 1 0 1 0 0 1
9 21 1 0 0 1 1 1
9 23 1 0 1 0 1 1
9 24 0 1 0 1 0 1
9 25 0 1 1 0 0 0
9 27 1 1 0 1 1 0
9 28 0 0 1 0 1 1
9 30 0 1 1 1 1 0
9 31 0 0 1 0 1 0
10 2 1 0 0 0 1 1
10 3 0 1 1 0 0 1
10 4 1 1 1 0 0 1
10 5 1 0 1 1 0 1
10 7 1 0 0 0 1 1
10 8 0 0 1 0 1 1
10 9 1 0 1 1 0 0
10 10 0 1 0 0 0 1
10 12 0 1 1 1 1 0
10 13 0 0 1 1 1 0
10 14 1 1 0 1 1 0
10 15 1 0 0 1 0 1
10 16 0 0 0 0 1 0
10 18 1 0 0 0 1 0
10 20 1 1 0 0 0 0
10 21 1 0 1 0 0 1
10 22 1 0 0 1 1 1
10 24 0 1 1 1 1 0
10 25 0 1 0 1 0 0
10 27 1 0 1 0 1 0
10 29 1 1 0 0 1 0
10 30 1 0 1 1 0 1
11 2 1 0 0 0 1 1
11 3 0 0 1 0 1 1
11 4 1 0 1 1 0 0
11 5 0 1 0 0 0 1
11 7 1 1 0 0 0 0
11 8 1 1 1 0 0 1
11 9 1 1 0 1 0 0
11 10 0 0 1 0 1 0
11 11 0 0 0 0 1 0
11 13 0 1 0 1 1 0
11 14 0 1 1 0 0 1
11 16 1 0 1 0 1 0
11 18 1 0 0 0 1 1
11 19 0 1 1 0 1 1
11 20 1 0 0 0 1 1
11 21 0 1 1 0 1 1
11 22 1 0 1 0 0 0
11 23 1 0 1 1 1 1
11 24 1 0 1 0 0 0
11 25 1 0 1 1 1 1
11 27 1 0 0 0 1 1
11 28 1 1 1 0 1 1
11 29 1 0 0 1 1 0
11 30 0 1 1 0 1 0
12 2 1 1 1 1 0 0
12 3 1 1 1 0 0 1
12 4 1 1 0 1 1 0
12 5 0 1 1 1 1 1
12 6 0 0 0 0 1 0
12 8 1 0 1 1 0 0
12 9 1 1 1 0 0 1
12 10 1 0 1 0 1 1
12 11 1 0 1 0 0 1
12 13 0 0 1 1 0 0
12 14 0 1 0 0 0 1
12 16 1 1 0 0 1 1
12 17 0 1 0 0 0 0
12 18 0 1 1 0 1 0
12 19 0 1 0 1 0 1
12 20 0 1 0 1 1 0
12 21 0 0 1 0 1 1
12 23 1 0 0 1 1 0
12 25 1 1 0 0 1 0
12 26 1 1 0 0 0 1
12 27 1 1 1 1 0 1
12 28 0 1 1 0 0 0
13 2 1 1 0 0 0 0
13 3 0 0 1 0 1 0
13 4 0 0 0 0 1 0
13 5 0 1 1 0 0 0
14 4 1 1 0 0 0 0
14 5 0 0 1 0 1 0
14 6 0 1 1 1 0 0
14 7 0 0 1 0 1 0
14 8 1 0 1 1 1 0
14 9 0 1 0 1 0 0
14 10 0 1 1 0 1 0
14 13 1 1 0 1 1 0
14 14 1 0 0 0 1 0
14 15 1 1 1 0 0 0
14 16 0 1 0 0 0 1
14 18 1 0 1 1 1 0
14 19 0 1 0 1 0 0
14 21 0 1 1 1 0 0
14 22 1 1 1 0 0 1
14 23 1 0 1 0 0 0
14 24 1 0 0 1 0 1
14 25 1 0 1 0 0 0
14 26 1 0 1 1 1 1
14 28 1 0 1 0 0 0
14 29 1 0 0 1 0 1
14 30 0 0 0 0 1 0
15 2 1 1 0 0 1 0
15 3 1 0 0 1 0 1
15 4 1 0 1 0 1 1
15 5 0 1 0 1 0 1
15 7 1 0 1 1 1 0
15 8 0 0 1 0 1 0
15 9 0 1 0 0 0 0
15 11 1 1 1 0 0 0
15 12 1 1 0 0 1 1
15 13 1 0 1 0 0 0
15 14 1 0 0 1 0 1
15 15 1 0 1 0 0 0
15 16 1 0 1 1 1 1
15 18 1 0 1 0 0 0
15 19 1 0 0 1 0 1
15 21 1 1 0 0 1 0
15 22 1 1 0 1 1 1
15 24 1 0 1 1 1 0
15 25 0 1 0 1 0 0
15 27 1 1 0 0 1 0
15 28 0 1 1 0 1 0
15 29 1 1 0 0 0 0
15 30 1 0 1 0 0 1
16 2 0 0 1 0 0 1
16 3 1 1 0 0 1 0
16 4 0 1 1 0 1 0
16 5 0 0 0 0 1 0
16 6 0 0 1 0 0 0
17 4 1 1 0 0 1 0
17 5 1 1 0 1 0 1
17 6 1 1 1 0 0 0
17 7 1 0 1 0 1 0
17 8 1 0 1 0 0 0
17 9 0 1 0 0 0 1
17 12 1 1 0 1 1 0
17 13 0 1 0 1 0 0
17 14 1 0 0 0 1 1
17 15 0 0 1 0 0 0
17 17 0 0 1 1 0 0
17 18 0 1 0 0 0 1
17 20 1 1 1 0 0 0
17 21 1 1 0 0 1 1
17 22 0 0 1 0 0 0
17 23 1 0 0 1 0 1
17 24 1 0 1 0 0 0
17 25 1 0 1 1 1 1
17 27 1 0 1 0 0 0
17 28 1 0 0 1 0 1
17 30 0 0 1 1 0 0
17 31 0 1 0 0 1 1
18 2 0 0 1 0 0 1
18 3 1 1 0 1 1 0
18 4 1 0 0 1 0 1
18 6 1 0 0 1 1 0
18 8 1 0 1 1 0 0
18 9 0 1 1 1 0 1
18 11 0 1 0 1 0 0
18 12 1 0 1 0 0 0
18 13 1 0 1 1 1 1
18 15 1 0 1 0 0 0
18 16 1 0 0 1 0 1
18 18 1 0 0 1 1 0
18 19 1 1 1 0 1 1
18 21 1 0 1 0 0 0
18 22 0 1 0 0 0 1
18 23 0 1 0 1 0 0
18 25 1 1 0 1 0 0
18 26 0 0 1 0 1 1
18 27 1 0 1 0 1 1
18 28 1 0 1 0 1 0
18 30 1 1 1 0 0 0
18 31 1 1 0 0 1 1
19 2 0 0 1 0 0 1
19 3 1 1 0 1 0 0
19 4 0 0 1 0 1 1
19 5 0 0 0 0 1 0
19 7 1 0 1 1 0 0
19 8 0 1 1 1 0 1
19 10 0 1 0 1 0 0
19 11 1 1 0 1 0 0
19 12 0 0 1 0 1 1
19 14 1 0 0 1 1 0
19 15 1 1 1 0 1 1
19 17 1 0 1 0 0 0
19 18 0 1 0 0 0 1
19 19 0 1 0 1 0 0
19 21 1 1 0 0 0 0
19 22 1 0 0 1 0 1
19 23 0 1 1 1 1 0
19 24 0 0 1 1 1 1
19 26 0 1 0 1 0 0
19 27 1 0 1 0 0 0
19 28 1 0 1 1 1 1
20 2 1 0 1 0 0 0
20 3 1 0 0 1 0 1
20 4 0 0 0 0 1 0
20 6 1 0 1 0 1 0
20 8 1 0 0 0 1 0
20 10 1 1 0 0 0 0
20 11 1 0 1 0 0 1
20 12 0 0 1 1 1 0
20 14 0 0 0 1 0 0
20 15 0 1 1 1 1 0
20 16 0 0 1 0 1 0
20 17 1 0 1 1 0 0
20 18 0 0 1 0 1 1
20 19 0 0 0 0 1 1
20 21 1 0 1 0 1 0
20 23 0 0 1 1 0 0
20 24 0 0 1 0 0 0
20 25 0 0 1 1 1 0
20 27 0 0 1 1 0 0
20 28 0 1 1 0 1 0
20 29 0 1 1 1 1 1
20 30 1 0 0 0 0 0
21 2 1 1 1 1 1 0
21 3 1 0 1 0 0 1
21 4 1 1 0 1 0 0
21 5 0 0 1 0 1 0
21 6 0 0 0 0 1 0
21 7 0 1 1 0 0 0
22 4 1 1 0 1 1 0
22 5 0 1 0 0 1 1
22 6 1 1 0 1 1 0
22 7 0 1 1 1 1 1
22 10 1 0 1 1 1 0
22 11 0 1 0 1 0 0
22 13 0 0 1 1 0 0
22 14 0 1 0 0 0 1
22 15 1 0 1 1 0 1
22 17 0 1 0 1 0 0
22 18 1 0 0 1 1 0
22 19 1 0 0 1 0 1
22 21 1 0 1 1 0 0
22 22 0 1 1 1 0 1
22 23 1 1 0 0 1 1
22 25 1 0 0 1 0 0
22 26 0 1 0 0 0 0
22 27 1 1 0 0 0 0
22 28 0 1 1 1 0 1
22 30 0 0 1 1 0 0
23 2 1 1 0 0 1 0
23 3 1 1 0 0 0 1
23 4 0 0 0 0 1 0
23 6 1 1 0 1 1 0
23 7 1 0 1 1 0 1
23 8 1 1 1 0 0 0
23 9 0 1 0 1 0 1
23 11 1 0 1 0 1 1
23 12 0 0 1 0 1 1
23 13 1 0 1 1 0 0
23 14 0 1 0 0 0 1
23 16 1 0 1 1 1 0
23 17 0 0 1 1 1 1
23 18 1 1 0 1 1 0
23 19 1 1 1 0 1 1
23 21 1 1 0 0 1 0
23 22 0 1 0 1 0 0
23 23 0 1 1 0 1 1
23 25 0 1 0 1 1 0
23 26 0 0 1 0 1 1
23 27 1 1 0 1 1 0
23 28 1 1 0 1 0 1
23 30 1 0 0 1 1 0
23 31 0 1 0 1 1 1
24 2 1 0 1 1 1 0
24 3 0 1 0 1 0 0
24 5 1 0 0 1 0 0
24 6 0 1 0 0 0 0
24 7 1 1 0 0 0 0
24 8 0 1 1 1 0 1
24 10 1 0 1 1 1 0
24 11 0 1 0 0 0 1
24 12 0 0 0 0 1 0
24 13 0 0 1 0 0 0
25 4 1 1 0 0 1 0
25 5 1 1 0 1 0 1
25 6 1 1 1 0 0 0
25 7 1 0 1 0 1 0
25 8 1 0 1 0 0 0
25 9 0 1 0 0 0 1
25 12 1 0 1 0 1 0
25 14 1 1 0 0 1 1
25 15 0 1 1 0 0 0
25 17 1 1 0 0 0 0
25 18 1 0 1 0 0 1
25 19 1 1 0 1 1 0
25 20 1 1 1 0 0 1
25 22 1 0 0 1 0 0
25 23 1 0 1 0 1 0
25 24 1 0 0 0 1 1
25 25 0 1 1 0 0 0
25 26 0 0 0 0 1 0
25 28 1 1 1 1 0 0
25 29 0 0 1 0 1 0
26 2 1 0 0 0 1 1
26 3 0 0 1 0 1 1
26 4 1 0 1 1 0 0
26 5 0 1 0 0 0 1
26 7 1 1 0 0 1 0
26 8 1 0 0 0 0 1
26 9 1 1 0 1 0 0
26 10 0 0 1 0 1 0
26 11 0 0 0 0 1 0
26 12 0 0 1 0 0 0
26 13 1 0 1 1 1 0
26 14 0 1 0 1 0 0
26 15 1 0 1 1 0 0
26 16 0 0 1 0 1 1
26 18 1 0 1 1 0 0
26 19 0 1 0 1 0 1
26 20 0 0 1 0 0 0
26 21 1 1 1 0 0 0
26 22 0 1 0 0 0 1
26 24 1 1 0 0 1 0
26 25 0 0 1 1 0 1
26 26 1 0 0 1 1 0
26 27 1 0 1 0 1 0
26 29 1 0 1 1 1 0
26 30 1 0 1 0 0 1
4 24 0 1 0 1 0 1
