0.10
58 79 110 131 162 183 214 235 266 288 317 339 370 391 422 443 474 494 526 547 577 598 629 650 681 702 733 753 784 805 836 857 888 909 940 961 991 1012 1044 1065 1095 1117 1147 1169 1199 1220 1251 1271 1302 1324 1354 1375 1406 1428 1458 1478 1509 1531 1562 1583 1610 1630 1657 1677
56 76 96 134 155 176 216 238 259 302 324 345 382 403 425 468 491 512 549 571 592 636 657 678 714 736 758 801 822 843 882 904 925 968 989 1010 1048 1070 1091 1133 1155 1176 1214 1236 1257 1300 1322 1343 1380 1402 1422 1465 1487 1508 1548 1569 1591 1632 1654 1675 1713 1735 1756 1795 1817 1838 1881 1903 1923 1962 1983 2004 2047 2069 2090 2128 2149 2170 2216 2236 2256
2 1 1 1 1 0 0 0
2 2 0 1 0 1 0 0
2 3 1 1 0 0 1 1
2 4 0 1 0 0 0 0
2 5 0 0 0 0 1 0
2 7 1 0 0 0 1 0
2 9 1 1 0 0 0 0
2 10 1 0 1 0 0 1
2 11 1 1 1 1 0 1
2 12 0 1 1 0 0 0
2 14 1 1 0 1 1 0
2 15 0 0 1 1 0 1
2 17 1 0 0 0 1 1
2 18 0 0 1 0 1 1
2 19 1 0 1 1 0 0
2 20 0 1 0 0 0 1
2 22 1 1 1 0 0 0
2 23 0 1 0 1 0 0
2 24 1 1 0 0 1 1
2 25 0 1 0 0 0 0
2 26 0 0 0 0 1 0
2 28 1 1 1 1 1 0
2 29 1 0 1 0 0 1
3 1 0 0 1 0 0 1
3 2 1 1 1 0 0 0
3 3 0 1 0 0 0 1
3 5 1 1 0 0 0 0
3 6 1 0 0 0 0 0
3 7 0 1 0 1 1 1
3 9 1 0 1 0 1 0
3 11 1 0 0 1 1 0
3 12 0 1 0 1 1 1
3 13 0 0 1 1 0 1
3 15 1 1 1 0 0 1
3 16 1 0 0 0 0 0
3 18 0 1 0 0 1 1
3 19 1 0 1 1 1 0
3 20 0 1 0 1 0 0
3 21 0 1 1 0 1 0
3 23 1 1 0 0 0 0
3 24 0 1 1 0 1 0
3 25 0 0 1 1 0 0
3 26 0 1 0 0 0 1
3 28 1 1 0 1 1 0
3 29 1 1 0 0 1 1
4 1 0 0 1 0 0 1
4 2 1 1 0 1 1 0
4 3 0 1 0 1 0 0
4 5 1 0 0 1 1 0
4 7 1 1 1 1 1 0
4 8 1 1 1 0 1 1
4 9 1 1 0 0 1 0
4 10 0 0 1 0 1 1
4 12 1 1 0 0 1 0
4 13 0 1 0 0 0 1
4 15 1 0 0 0 1 1
4 16 0 0 1 0 1 1
4 17 1 0 1 0 0 0
4 18 0 1 0 0 0 1
4 20 1 0 0 1 1 0
4 22 1 1 0 1 0 0
4 23 1 1 1 0 0 1
4 24 1 1 0 1 1 0
4 25 1 1 1 0 0 1
4 26 0 0 0 0 1 0
4 28 0 1 1 1 0 0
4 29 1 0 1 0 1 0
4 30 0 1 0 1 0 0
5 1 1 0 0 1 0 0
5 2 0 1 0 1 0 0
5 4 1 1 0 0 1 0
5 5 0 1 0 1 1 0
5 7 1 1 0 0 1 0
5 8 1 0 1 0 0 1
5 10 0 1 1 0 1 0
5 11 0 0 1 0 1 0
5 13 1 1 0 1 1 0
5 14 1 1 0 0 0 1
5 15 1 1 0 0 1 0
5 16 1 0 0 0 0 1
5 18 0 0 1 1 0 0
5 19 0 1 0 0 0 1
5 21 0 1 0 1 0 0
5 22 1 1 1 1 1 0
5 23 0 1 1 0 0 1
5 25 1 0 0 1 1 0
5 26 0 1 0 1 1 1
5 27 0 0 1 0 0 1
5 29 1 0 1 0 1 0
6 1 1 0 1 0 1 1
6 2 1 1 0 1 1 0
6 3 0 1 0 1 0 0
6 5 1 1 0 0 0 0
6 6 1 0 0 0 0 1
6 7 1 0 1 1 0 0
6 8 0 1 1 1 0 1
6 9 1 1 0 0 1 1
6 11 1 1 0 0 1 0
6 12 0 1 1 0 1 0
6 13 1 1 1 1 1 0
6 14 1 0 1 0 0 1
6 16 1 0 0 1 1 0
6 18 0 1 1 1 0 0
6 19 1 0 1 0 0 1
6 20 0 1 1 1 0 0
6 21 0 1 0 0 1 1
6 22 0 0 0 0 1 0
6 23 0 1 1 0 0 0
6 24 1 1 0 0 1 0
6 25 1 0 0 1 0 1
6 26 1 0 1 0 1 1
6 27 0 1 0 1 0 1
6 29 1 0 1 1 1 0
6 30 1 1 0 0 0 1
7 1 1 1 0 0 0 0
7 2 1 0 1 0 0 1
7 3 1 0 0 0 1 1
7 5 0 1 0 1 0 0
7 6 0 0 1 0 0 0
7 7 1 1 0 1 1 0
7 8 1 0 0 0 0 1
7 10 1 0 0 1 1 0
7 11 0 1 0 0 0 1
7 12 1 0 0 1 1 0
7 13 0 1 1 0 1 0
7 15 1 0 1 0 1 0
7 17 1 0 0 1 1 0
7 19 1 1 0 0 1 0
7 20 0 1 0 1 1 1
7 21 1 0 0 1 1 0
7 22 0 0 1 0 1 0
7 24 1 1 1 0 0 0
7 25 0 1 0 0 0 1
7 27 1 0 1 1 0 0
7 28 0 0 1 0 1 0
7 29 0 0 0 0 1 0
7 30 0 0 1 0 0 0
8 3 1 1 0 0 0 0
8 4 0 0 1 0 1 0
8 5 0 1 1 1 0 0
8 6 0 0 1 0 1 0
8 7 1 0 1 1 1 0
8 8 0 1 0 1 0 0
8 9 0 1 1 0 1 0
8 12 1 0 1 1 1 0
8 13 0 1 0 1 0 0
8 15 0 0 1 1 0 0
8 16 0 1 0 0 0 1
8 18 1 1 1 0 0 0
8 19 0 0 1 1 1 1
8 20 1 0 1 0 0 0
8 21 1 0 1 0 0 1
8 23 1 0 1 0 0 1
8 24 0 1 0 0 0 0
8 25 1 0 1 0 0 0
8 26 1 0 0 0 0 1
8 28 1 0 0 1 1 0
9 1 1 1 0 1 1 0
9 2 1 1 0 1 0 1
9 3 1 1 0 0 1 0
9 4 1 0 1 0 1 0
9 5 0 0 0 0 1 0
9 7 0 0 1 1 0 0
9 8 0 1 0 0 0 1
9 9 1 0 1 1 0 1
9 11 1 0 0 1 1 0
9 13 1 1 0 0 1 0
9 14 0 1 0 1 1 1
9 15 1 0 0 1 1 0
9 16 0 0 1 0 1 0
9 18 1 0 1 0 0 0
9 19 0 1 0 0 0 1
9 21 1 1 0 0 0 0
9 22 1 0 1 0 0 1
9 23 1 0 1 1 1 0
9 24 0 0 1 1 1 1
9 26 1 0 1 0 1 1
9 27 1 0 1 0 1 0
9 28 0 1 0 1 1 1
10 1 1 0 1 1 1 0
10 2 0 1 0 1 0 0
10 4 1 0 0 1 1 0
10 6 1 0 0 1 0 0
10 7 1 1 1 0 0 1
10 8 0 1 0 1 1 0
10 9 0 0 1 0 1 1
10 11 1 0 0 1 1 0
10 13 1 1 0 0 0 0
10 14 1 0 0 1 0 1
10 15 1 1 0 1 1 0
10 16 1 0 0 0 1 0
10 17 0 0 0 0 1 0
10 18 0 1 1 0 0 0
11 3 1 1 0 0 1 0
11 4 1 1 0 1 0 1
11 5 1 1 1 0 0 0
11 6 1 0 1 0 1 0
11 7 1 0 1 0 0 0
11 8 0 1 0 0 0 1
11 11 1 0 1 0 1 0
11 13 1 0 0 1 1 0
11 15 1 1 0 0 1 0
11 16 0 1 0 1 1 1
11 17 1 0 0 1 1 0
11 18 0 0 1 0 1 0
11 20 1 1 0 0 0 0
11 21 0 0 1 0 1 1
11 22 1 1 1 0 0 0
11 23 0 1 0 1 0 1
11 25 1 1 0 1 1 0
11 26 1 1 0 0 1 1
11 28 1 1 0 0 0 0
11 29 1 0 1 0 0 1
12 1 0 1 0 1 1 1
12 2 1 1 1 0 0 0
12 3 0 1 0 0 0 1
12 5 0 1 1 1 1 0
12 6 0 1 1 0 1 0
12 8 1 0 1 1 1 0
12 9 0 1 0 1 0 0
12 11 1 0 0 1 1 0
12 13 1 1 0 0 1 0
12 14 1 1 0 1 1 1
12 15 1 1 0 0 1 0
12 16 0 1 0 1 0 0
12 17 0 0 0 0 1 0
12 18 0 1 1 0 0 0
13 3 1 1 0 0 0 0
13 4 0 0 1 0 1 0
13 5 0 1 1 1 0 0
13 6 0 0 1 0 1 0
13 7 1 0 1 1 1 0
13 8 0 1 0 1 0 0
13 9 0 1 1 0 1 0
13 12 1 0 1 1 1 0
13 13 1 1 1 0 0 1
13 14 1 0 0 1 1 0
13 15 0 1 1 0 1 0
13 17 0 1 0 1 1 0
13 18 0 0 1 0 1 1
13 19 1 0 1 1 0 0
13 20 0 0 1 0 1 1
13 22 1 0 0 1 1 0
13 24 0 0 1 1 0 1
13 26 0 1 1 1 1 0
13 27 0 0 1 0 1 0
13 28 1 0 1 1 0 0
13 29 0 0 1 0 1 1
14 1 0 1 1 1 0 0
14 2 1 0 1 0 1 0
14 4 1 1 0 0 0 0
14 5 1 0 1 0 0 1
14 6 1 1 0 0 1 0
14 7 0 1 0 1 0 0
14 8 1 1 0 0 1 0
14 9 1 1 0 1 1 1
14 11 1 0 0 1 1 0
14 13 1 0 0 1 1 0
14 15 1 1 0 0 1 0
14 16 0 1 0 1 0 0
14 17 0 0 0 0 1 0
14 19 1 0 0 1 1 0
14 20 1 1 1 0 1 1
14 22 0 1 0 1 0 0
14 23 1 0 0 1 1 0
14 24 1 0 0 0 0 1
14 26 0 0 1 1 1 0
14 28 0 0 1 1 0 0
14 29 0 1 1 0 0 0
15 1 0 0 1 1 0 0
15 3 0 1 1 1 0 0
15 4 0 0 1 0 0 0
15 5 1 0 0 1 1 0
15 6 0 1 0 1 0 0
15 8 1 0 1 1 0 0
15 9 0 0 1 0 1 0
15 10 0 0 0 0 1 0
15 11 0 0 1 0 0 0
16 3 1 1 0 0 1 0
16 4 1 1 0 1 0 1
16 5 1 1 1 0 0 0
16 6 1 0 1 0 1 0
16 7 1 0 1 0 0 0
16 8 0 1 0 0 0 1
16 11 1 0 1 1 1 0
16 12 0 0 1 0 1 0
16 13 0 0 1 0 0 0
16 15 0 1 0 1 0 0
16 16 1 1 0 1 1 0
16 17 0 1 0 0 0 1
16 19 0 1 0 1 1 0
16 20 0 0 1 0 1 1
16 22 1 1 0 0 1 0
16 23 0 1 0 1 1 1
16 25 1 1 0 0 1 0
16 26 0 0 1 0 1 1
16 28 0 1 1 1 1 0
16 29 0 0 1 0 1 0
17 1 0 1 1 1 0 0
17 2 1 0 1 0 1 0
17 4 1 1 0 0 0 0
17 5 1 0 1 0 0 1
17 6 1 1 1 1 0 1
17 7 0 1 1 0 0 0
17 8 0 1 0 1 0 0
17 10 1 0 0 0 1 1
17 11 0 0 1 0 1 0
17 12 0 1 1 1 0 0
17 13 0 0 1 0 0 0
17 15 1 0 0 1 1 0
17 17 1 0 0 1 1 0
17 18 0 1 0 0 1 1
17 19 1 1 0 0 1 0
17 20 0 1 0 1 0 0
17 21 0 0 0 0 1 0
17 22 0 0 1 0 0 0
18 3 1 1 0 0 0 0
18 4 0 0 1 0 1 0
18 5 0 1 1 1 0 0
18 6 0 0 1 0 1 0
18 7 1 0 1 1 1 0
18 8 0 1 0 1 0 0
18 9 0 1 1 0 1 0
18 12 1 1 1 1 1 0
18 13 1 0 1 0 0 1
18 14 1 0 0 1 0 0
18 15 0 1 1 0 0 0
18 17 1 0 0 1 1 0
18 19 1 0 1 1 0 0
18 20 0 1 1 0 1 0
18 21 1 1 0 1 0 0
18 22 1 1 1 0 0 1
18 23 0 0 0 0 1 0
18 25 1 1 0 0 0 0
18 26 1 0 1 0 0 1
18 27 1 0 0 0 0 1
18 28 1 0 0 0 0 0
18 29 1 1 0 1 1 0
18 30 0 1 0 1 0 1
19 1 1 1 0 1 1 0
19 2 1 1 0 0 1 1
19 4 1 1 0 0 0 1
19 5 0 0 1 0 0 0
19 6 0 1 0 1 1 1
19 8 1 1 1 1 1 0
19 9 1 1 1 0 1 1
19 10 1 1 0 0 1 0
19 11 0 0 1 0 1 1
19 12 0 0 0 0 1 0
19 13 0 1 1 0 0 0
20 3 1 1 0 0 1 0
20 4 1 1 0 1 0 1
20 5 1 1 1 0 0 0
20 6 1 0 1 0 1 0
20 7 1 0 1 0 0 0
20 8 0 1 0 0 0 1
20 11 1 0 0 0 1 1
20 12 0 0 1 0 1 1
20 13 1 0 1 1 0 0
20 14 0 1 0 0 0 1
20 15 0 0 0 0 1 1
20 16 0 1 0 0 0 0
20 17 1 0 1 1 1 0
20 18 0 1 0 1 0 0
20 20 1 1 1 1 0 1
20 21 0 1 1 0 0 0
20 22 0 1 0 1 0 0
20 24 1 1 0 1 1 0
20 25 0 1 1 1 0 1
20 27 1 0 0 1 1 0
20 28 1 0 1 0 0 1
20 29 1 0 0 0 1 1
20 30 0 1 0 0 0 1
21 1 0 0 1 1 1 0
21 2 0 0 1 0 0 0
21 4 1 1 1 0 0 0
21 5 1 0 1 1 0 1
21 6 1 0 0 1 0 0
21 7 0 1 1 0 0 0
21 9 1 0 1 1 0 0
21 10 0 0 1 0 1 0
21 11 0 0 0 0 1 0
21 12 0 0 1 0 0 0
22 3 1 1 1 0 0 1
22 4 1 0 0 0 0 0
22 5 1 0 0 1 1 0
22 6 0 1 0 0 1 1
22 7 1 0 1 1 1 0
22 8 0 1 0 1 0 0
22 9 0 1 1 0 1 0
22 12 1 0 1 0 0 0
22 13 1 0 0 0 0 1
22 15 1 0 1 1 1 0
22 16 0 1 0 1 0 0
22 18 1 1 0 0 1 0
22 19 1 0 1 1 0 1
22 20 0 1 0 1 0 0
22 21 1 1 0 0 1 0
22 22 1 0 1 1 0 1
22 23 0 0 0 0 1 0
22 25 1 0 1 1 1 0
22 26 0 1 0 1 0 0
22 28 1 1 0 0 1 0
22 29 1 0 0 1 0 1
23 1 0 0 1 0 0 1
23 2 1 0 1 0 1 1
23 3 0 1 0 1 0 1
23 5 1 1 0 1 1 0
23 6 0 0 1 0 1 1
23 8 0 0 1 1 0 0
23 9 0 1 0 0 0 1
23 10 1 1 0 1 1 0
23 11 0 1 0 0 0 1
23 13 1 1 0 0 1 1
23 14 0 1 0 0 0 0
23 15 0 1 1 1 1 0
23 16 0 1 0 1 0 0
23 17 0 1 0 1 1 0
23 18 0 0 1 0 1 1
23 20 1 1 0 1 1 0
23 21 1 0 1 1 0 1
23 22 1 1 1 0 0 0
23 23 0 1 0 1 0 0
23 24 0 0 0 0 1 0
23 26 1 1 0 1 1 0
23 27 1 1 0 0 1 1
23 29 1 1 0 0 1 0
23 30 1 0 1 1 0 1
24 1 0 0 1 1 0 0
24 2 1 1 1 0 0 1
24 3 1 0 1 0 1 1
24 4 0 1 0 1 0 1
24 6 1 1 0 0 1 0
24 7 0 1 0 1 0 1
24 8 0 1 1 1 1 0
24 9 1 1 1 0 0 1
24 11 1 0 0 0 1 1
24 12 0 1 1 0 0 1
24 13 0 0 0 0 1 0
24 15 1 1 0 1 1 0
24 16 0 0 1 1 1 0
24 18 1 0 1 1 1 0
24 19 0 0 1 0 1 0
24 21 1 0 0 1 1 0
24 22 0 0 1 0 1 0
24 23 1 1 0 0 1 0
24 24 0 1 0 1 0 1
24 26 1 0 0 1 1 0
24 28 1 0 1 1 1 0
24 29 1 0 1 0 0 1
25 1 0 0 1 0 0 1
25 2 0 1 1 1 1 0
25 3 0 1 1 0 1 0
25 5 1 1 0 1 1 0
25 6 1 0 0 1 0 1
25 7 1 0 0 1 1 0
25 8 0 1 0 1 0 0
25 10 0 0 0 1 0 0
25 11 0 1 1 1 1 0
25 12 0 0 1 0 1 0
25 14 1 0 0 1 1 0
25 16 1 1 0 0 0 0
25 17 0 0 1 0 1 1
25 18 0 1 1 1 1 0
25 19 0 0 1 1 1 1
25 21 1 0 0 1 1 0
25 23 0 1 0 1 1 1
25 24 1 0 0 0 0 0
25 25 1 1 1 0 0 0
25 26 0 1 0 1 0 0
25 27 0 0 0 0 1 0
25 29 1 0 1 0 1 1
25 30 0 1 0 0 0 1
26 1 0 0 1 0 0 1
26 2 0 1 0 0 1 0
26 3 0 1 1 0 0 0
26 5 1 1 1 1 1 0
26 6 0 1 0 1 0 1
26 7 1 1 1 0 0 0
26 8 0 1 1 0 0 1
26 10 0 1 0 1 1 1
26 11 1 0 0 0 1 1
26 12 0 0 1 0 1 1
26 13 1 0 1 1 0 0
26 14 0 1 0 0 0 1
26 16 1 1 0 0 1 0
26 17 0 1 0 1 0 1
26 18 1 0 0 1 1 0
26 19 0 1 0 0 0 0
26 21 1 0 1 1 0 0
26 22 1 0 1 0 0 1
26 23 1 0 1 1 0 1
26 24 0 1 0 0 0 0
26 26 0 1 0 1 1 1
26 27 0 1 1 0 0 0
26 28 1 1 1 0 0 0
26 29 0 1 0 0 0 1
27 29 0 0 1 1 1 1
27 30 1 0 0 0 1 0
3 17 1 0 0 1 1 0
11 30 1 0 0 0 1 1
13 23 0 1 0 1 1 1
14 14 0 1 0 0 1 1
