0.10
60 80 108 128 155 175 202 222 250 270 297 317 344 364 392 412 444 465 496 517 548 569 599 620 651 672 703 725 754 776 807 829 858 880 910 931 962 983 1014 1035 1065 1087 1117 1138 1168 1190 1220 1241 1268 1293 1320 1340 1377 1397 1427 1450 1480 1500 1527 1547 1574 1594 1621 1641
29 49 69 107 127 147 185 205 225 263 285 305 341 362 384 422 442 462 504 533 554 588 608 628 672 693 715 753 773 793 833 861 882 918 938 958 1001 1023 1044 1088 1109 1130 1169 1191 1212 1250 1270 1290 1328 1348 1368 1406 1426 1446 1484 1504 1524 1562 1582 1602 1640 1660 1680 1718 1738 1758 1796 1816 1836 1874 1894 1909 1909 1930 1950 2009 2029 2049 2087 2107 2127 2165 2185 2205 2243 2263 2283
4 8 0 1 0 1 0 0
4 9 0 1 1 0 0 0
4 10 1 0 1 0 0 1
4 12 1 1 0 1 1 0
4 13 0 0 1 1 1 0
4 14 0 0 1 1 0 1
4 16 1 0 1 0 0 0
4 17 0 1 0 0 0 1
4 18 1 1 1 1 1 0
4 19 0 0 1 1 1 1
4 21 1 1 0 0 0 0
4 22 0 0 1 1 1 0
4 23 0 0 1 1 0 0
4 24 0 1 0 0 1 0
5 10 1 0 0 0 1 1
5 11 0 1 0 0 0 0
5 12 1 0 0 1 0 1
5 14 1 1 0 1 1 0
5 15 0 0 1 1 1 0
5 16 1 0 1 0 0 0
5 17 0 1 0 0 0 1
5 18 1 0 0 0 1 1
5 19 1 0 1 0 0 1
7 15 0 0 1 1 0 1
7 16 0 0 1 0 0 0
7 17 0 1 0 0 1 0
7 18 0 1 0 0 0 0
9 11 1 1 0 1 1 0
9 12 1 1 0 0 1 1
9 13 1 0 1 1 1 0
9 14 1 0 0 1 0 1
9 15 1 1 0 1 1 0
9 16 0 1 0 1 0 0
9 19 1 1 0 0 1 0
9 20 1 1 0 1 0 1
9 21 1 0 0 1 0 0
9 22 0 1 0 0 0 1
11 16 1 1 1 0 1 0
11 17 0 1 1 0 0 0
13 8 1 0 1 0 0 0
13 9 0 1 0 0 0 1
13 10 1 1 1 1 1 0
13 11 0 0 1 1 1 1
13 13 1 1 0 1 1 0
13 14 0 0 1 1 1 0
13 15 1 0 0 1 0 0
13 16 0 1 0 1 0 1
13 18 1 0 0 1 0 1
13 19 0 1 0 0 0 0
13 20 1 1 0 1 1 0
13 21 1 1 0 0 1 1
13 22 0 1 1 1 0 0
13 23 1 0 1 0 1 0
14 8 0 0 1 1 0 0
14 9 0 1 0 0 1 1
14 10 1 1 0 0 1 0
14 11 0 1 1 1 1 1
14 13 0 0 1 1 0 1
14 14 0 0 1 0 0 0
14 15 0 1 0 0 1 0
14 17 1 0 1 0 0 0
14 18 0 1 0 0 0 1
14 19 1 1 1 1 1 0
14 20 0 0 1 1 1 1
14 22 1 1 0 1 1 0
14 23 0 0 1 1 1 0
14 24 1 0 0 1 0 0
14 25 0 1 0 1 0 1
14 27 1 0 0 1 0 1
14 28 1 1 0 1 1 0
14 29 1 1 0 0 1 1
15 10 1 0 1 0 0 0
15 11 0 1 0 1 0 1
15 12 1 1 0 1 0 0
15 13 0 0 1 0 1 0
15 15 0 0 1 1 0 0
15 16 0 1 0 0 1 1
15 17 1 1 0 0 1 0
15 18 1 1 0 0 0 1
15 21 1 1 0 0 0 0
15 22 1 0 0 1 0 1
15 23 0 0 1 1 0 0
15 24 1 0 1 0 0 1
25 9 0 0 1 1 0 0
25 10 0 1 0 0 1 1
25 11 1 1 0 1 1 0
25 12 1 0 1 0 1 0
25 14 1 0 1 1 0 0
25 15 0 1 1 0 0 1
25 16 0 1 0 0 1 0
25 18 1 1 1 1 1 0
25 19 1 0 1 0 0 1
25 20 1 1 0 0 0 0
25 21 1 1 1 0 0 1
25 22 1 0 0 0 1 1
25 23 0 1 0 0 0 1
