0.10
18 43 73 95 125 146 177 199 229 251 281 302 333 354 384 406 436 458 488 510 540 561 591 613 643 665 695 716 747 768 799 820 851 872 902 924 954 976 1006 1027 1058 1079 1109 1131 1161 1183 1214 1235 1265 1286 1318 1339 1369 1390 1420 1443 1472 1494 1526 1546 1576 1598 1628 1649
16 37 58 98 120 140 184 205 226 266 288 308 345 367 388 431 453 475 512 534 555 598 620 641 677 699 720 763 785 806 843 865 886 929 950 972 1009 1030 1051 1094 1115 1137 1175 1197 1218 1260 1281 1302 1339 1361 1382 1424 1445 1467 1506 1528 1549 1589 1610 1631 1672 1693 1714 1753 1774 1796 1837 1859 1880 1918 1940 1961 2003 2025 2046 2084 2106 2127 2167 2188 2209 2249 2270 2296
2 14 0 0 1 1 0 1
2 15 0 0 0 1 1 1
2 16 0 0 1 1 0 1
2 17 1 0 0 1 0 1
4 12 0 0 0 0 1 0
4 13 1 0 1 1 1 1
4 14 0 0 0 1 1 1
4 15 1 1 0 1 0 0
4 17 0 0 0 0 1 1
4 18 1 0 0 0 1 1
4 19 1 0 0 0 1 0
4 20 1 1 0 1 0 0
5 28 0 0 1 1 0 1
5 29 1 1 0 1 0 0
5 30 0 0 0 0 1 1
5 31 1 1 1 0 1 1
6 6 0 0 0 0 1 1
6 7 0 0 1 0 0 0
6 8 1 0 1 1 1 1
6 9 0 1 0 1 1 0
6 10 0 1 0 1 0 0
6 11 1 1 0 1 1 0
6 12 0 0 0 0 0 1
6 13 0 1 1 0 0 0
6 15 0 1 1 0 0 1
6 16 1 1 0 0 1 0
6 17 0 0 1 0 1 1
6 18 0 1 1 1 0 0
6 20 1 0 0 0 1 1
6 21 1 0 0 0 1 0
6 22 1 1 0 1 0 1
6 23 0 0 0 1 0 0
6 24 1 1 1 0 1 0
6 27 1 0 0 1 0 0
6 28 0 0 0 1 0 0
6 29 1 1 1 0 0 1
7 2 0 0 0 1 0 0
7 3 1 1 1 0 0 1
7 4 0 1 0 0 0 0
7 5 0 1 0 0 0 0
7 6 0 1 0 0 0 0
7 7 0 1 0 0 0 0
7 8 0 1 0 0 0 0
7 9 0 1 0 0 0 0
7 10 0 1 0 0 0 0
7 11 0 1 0 0 0 0
7 12 0 1 0 0 0 0
7 13 0 1 0 0 0 0
7 14 0 1 0 0 0 0
7 15 0 1 0 0 0 0
7 16 0 1 0 0 0 0
7 17 0 1 0 0 0 0
7 18 0 1 0 0 0 0
7 19 0 1 0 0 0 0
7 20 0 1 0 0 0 0
7 21 1 0 1 1 1 0
7 22 1 0 0 0 1 0
7 23 0 0 0 1 1 0
7 24 0 0 0 0 1 1
7 25 0 1 1 1 0 0
7 26 0 1 0 0 0 1
7 27 0 1 1 1 0 0
8 8 0 0 0 0 1 1
8 9 1 1 1 0 1 0
8 12 0 0 0 0 1 1
8 13 0 0 1 0 0 0
8 14 1 0 1 1 1 1
8 15 0 1 0 1 1 0
8 16 0 1 0 1 0 0
8 17 1 1 0 1 1 0
8 18 0 0 0 0 0 1
8 19 0 1 1 0 0 0
8 21 1 0 1 1 0 0
8 22 0 0 0 1 1 1
8 23 1 0 1 1 0 0
8 24 0 0 0 1 1 0
8 27 1 1 0 1 0 0
8 28 0 0 0 1 0 0
8 29 1 1 1 0 0 1
9 2 1 1 0 1 1 0
9 3 0 0 0 1 1 0
9 4 1 1 1 0 0 1
9 5 0 1 0 0 0 0
9 6 0 1 0 0 0 0
9 7 0 1 0 0 0 0
9 8 0 1 0 0 0 0
9 9 0 1 0 0 0 0
9 10 0 1 0 0 0 0
9 11 0 1 0 0 0 0
9 12 0 1 0 0 0 0
9 13 0 1 0 0 0 0
9 14 0 1 0 0 0 0
9 15 0 1 0 0 0 0
9 16 0 1 0 0 0 0
9 17 0 1 0 0 0 0
9 18 0 1 0 0 0 0
9 19 0 1 0 0 0 0
9 20 0 1 0 0 0 0
9 21 0 0 0 0 1 0
9 22 0 1 0 0 1 0
9 23 0 0 0 1 1 1
9 24 0 0 0 0 1 0
9 25 0 0 1 1 0 0
9 26 1 0 0 1 0 1
9 27 0 0 1 0 0 1
10 2 1 0 0 1 0 0
10 3 1 1 0 1 0 0
10 4 1 1 1 0 0 1
10 5 0 1 0 0 0 0
10 6 0 1 0 0 0 0
10 7 0 1 0 0 0 0
10 8 0 1 0 0 0 0
10 9 0 1 0 0 0 0
10 10 0 1 0 0 0 0
10 11 0 0 0 0 1 0
10 12 0 1 1 0 1 0
10 13 0 1 0 1 1 0
10 14 0 0 0 1 0 0
10 15 0 1 0 0 1 0
10 16 1 0 0 0 1 1
10 19 0 1 0 1 1 1
10 20 0 1 0 0 1 1
10 21 0 1 1 1 0 1
10 23 0 1 0 0 0 1
10 24 0 1 1 0 1 1
10 27 0 1 0 1 0 0
10 28 0 0 0 1 0 0
10 29 1 1 1 0 0 1
11 5 0 0 0 0 1 1
11 6 0 0 1 0 0 0
11 7 1 0 1 1 1 1
11 8 0 1 0 1 1 0
11 9 0 1 0 1 0 0
11 10 1 1 0 1 1 0
11 11 0 0 0 0 0 1
11 12 0 1 1 0 0 0
11 14 1 1 1 0 0 1
11 15 0 1 1 1 0 0
11 17 1 0 0 0 0 1
11 19 1 1 1 0 1 1
11 20 0 0 0 1 0 0
11 21 0 0 1 1 1 0
11 23 0 1 0 0 0 1
11 24 0 1 1 0 1 1
11 27 1 0 0 1 1 0
11 28 0 0 0 1 0 0
11 29 1 1 1 0 0 1
12 2 0 1 0 1 0 0
12 3 0 1 0 1 0 0
12 4 1 1 1 0 0 1
12 5 0 1 0 0 0 0
12 6 0 1 0 0 0 0
12 7 0 1 0 0 0 0
12 8 0 1 0 0 0 0
12 9 0 1 0 0 0 0
12 10 0 1 0 0 0 0
12 11 0 1 0 0 0 0
12 12 0 1 0 0 0 0
12 13 0 1 0 0 0 0
12 14 0 1 0 0 0 0
12 15 0 1 0 0 0 0
12 16 0 1 0 0 0 0
12 17 0 1 0 0 0 0
12 18 0 1 0 0 0 0
12 19 0 1 0 0 0 0
12 20 0 1 0 0 0 0
12 21 0 1 0 0 0 0
12 22 0 1 0 0 0 0
12 23 0 1 0 0 0 0
12 24 0 0 1 1 1 1
12 25 1 0 0 1 0 1
12 26 0 0 1 0 1 0
12 27 0 0 0 1 1 1
13 5 1 0 0 0 1 0
13 6 0 1 0 1 1 0
13 7 1 1 1 0 1 1
13 8 0 1 0 1 1 0
13 10 0 0 1 1 0 0
13 11 0 1 0 1 1 0
13 12 0 0 1 0 1 0
13 13 0 1 0 1 1 0
13 14 0 1 1 0 1 0
13 15 0 1 1 1 0 1
13 16 0 0 0 0 0 1
13 17 0 0 1 0 0 0
13 18 1 0 0 0 1 0
13 19 1 1 0 1 1 0
13 20 1 1 0 0 0 1
13 21 1 1 0 1 1 0
13 23 1 0 1 0 0 1
13 24 0 1 1 1 1 1
13 25 0 0 0 1 0 1
13 26 0 0 0 0 0 1
13 27 0 0 1 0 0 0
13 28 0 1 0 1 0 1
13 29 0 1 1 1 0 1
13 30 0 1 0 1 0 0
13 31 0 1 0 1 1 0
14 2 1 0 0 0 1 0
14 3 1 0 0 1 1 0
14 4 1 1 1 0 0 1
14 5 0 1 0 0 0 0
14 6 0 1 0 0 0 0
14 7 0 1 0 0 0 0
14 8 0 1 0 0 0 0
14 9 0 1 0 0 0 0
14 10 0 1 0 0 0 0
14 11 0 1 0 0 0 0
14 12 0 1 0 0 0 0
14 13 0 1 0 0 0 0
14 14 0 1 0 0 0 0
14 15 0 0 1 0 1 1
14 16 0 0 0 1 1 0
14 17 0 0 0 0 1 1
14 18 1 1 0 1 1 1
14 20 1 1 0 1 0 0
14 22 1 1 1 0 1 1
14 23 0 0 0 1 0 0
14 24 0 0 1 1 1 0
14 26 0 0 1 0 1 0
14 27 1 0 0 0 0 1
14 28 1 1 1 0 0 1
14 29 1 1 0 1 1 1
15 13 1 0 1 1 1 1
15 14 0 0 1 1 1 1
15 15 1 1 0 1 0 0
15 17 0 0 0 0 0 1
15 18 0 0 1 1 0 1
15 19 1 0 0 0 1 0
15 20 1 1 0 1 0 0
16 28 0 0 1 1 0 1
16 29 1 1 0 1 0 0
16 30 0 0 0 0 1 1
16 31 1 1 1 0 1 1
17 2 1 0 0 1 0 0
17 3 1 1 0 1 1 0
17 4 1 1 1 0 0 1
17 5 0 1 0 0 0 0
17 6 0 1 0 0 0 0
17 7 0 1 0 0 0 0
17 8 0 1 0 0 0 0
17 9 0 0 0 0 1 0
17 10 0 0 1 0 0 1
17 11 0 1 1 1 0 1
17 12 0 0 0 0 1 1
17 13 0 0 1 0 1 0
17 14 1 0 0 1 0 1
17 15 0 0 1 0 0 1
17 16 0 1 0 0 0 0
17 19 0 0 0 1 0 0
17 20 0 0 1 1 0 1
17 21 0 1 1 1 0 0
17 22 0 0 0 1 0 0
17 23 0 1 1 0 1 0
17 24 1 1 0 1 1 0
17 27 1 1 0 1 1 0
17 28 0 0 0 1 0 0
17 29 1 1 1 0 0 1
18 2 1 0 0 1 0 0
18 3 0 1 0 1 1 0
18 4 1 1 1 0 0 1
18 5 0 1 0 0 0 0
18 6 0 1 0 0 0 0
18 7 0 1 0 0 0 0
18 8 0 1 0 0 0 0
18 9 0 1 0 0 0 0
18 10 0 1 0 0 0 0
18 11 0 1 0 0 0 0
18 12 0 1 0 0 0 0
18 13 0 0 1 0 1 1
18 14 1 0 0 0 0 1
18 15 1 0 1 1 0 1
18 16 0 0 0 1 1 1
18 18 0 0 0 0 1 0
18 19 0 0 1 0 0 1
18 20 0 1 1 1 0 1
18 21 1 1 1 0 0 1
18 22 1 0 0 1 0 1
18 23 0 0 1 0 0 1
18 24 0 1 0 0 0 0
18 27 0 1 0 1 1 0
18 28 0 0 0 1 0 0
18 29 1 1 1 0 0 1
19 2 1 0 0 1 0 0
19 3 0 1 0 1 1 0
19 4 1 1 1 0 0 1
19 5 0 1 0 0 0 0
19 6 0 1 0 0 0 0
19 7 0 1 0 0 0 0
19 8 0 0 1 1 0 1
19 9 1 0 0 0 0 1
19 10 1 1 1 1 1 1
19 11 1 1 0 1 1 0
19 13 0 1 0 0 1 1
19 14 1 1 0 1 0 0
19 15 0 0 0 1 0 0
19 16 0 1 1 1 0 0
19 18 0 1 0 0 0 0
19 19 0 0 1 1 0 1
19 20 1 0 0 0 0 1
19 21 0 1 0 1 0 1
19 22 1 1 0 1 0 0
19 24 0 1 0 0 1 1
19 25 1 1 0 1 0 0
19 26 0 0 1 0 1 0
19 27 1 1 0 1 0 0
20 2 0 1 0 1 0 0
20 3 0 1 0 1 1 0
20 4 1 1 1 0 0 1
20 5 0 1 0 0 0 0
20 6 0 1 0 0 0 0
20 7 0 1 0 0 0 0
20 8 0 1 0 0 0 0
20 9 0 1 0 0 0 0
20 10 0 0 1 0 1 0
20 11 0 0 0 1 1 1
20 12 0 0 0 1 0 0
20 13 0 0 1 1 1 1
20 15 1 0 1 0 0 1
20 16 0 0 0 0 0 1
20 17 1 0 0 0 1 1
20 19 0 1 0 0 0 0
20 20 1 1 1 1 1 0
20 21 0 1 0 1 1 0
20 22 0 0 0 1 0 0
20 23 0 1 1 1 1 0
20 25 1 0 1 0 0 1
20 26 1 1 1 0 0 1
20 27 0 1 1 1 0 0
21 7 1 1 1 0 0 1
21 8 1 0 0 1 0 1
21 9 0 0 1 0 0 1
21 10 0 1 0 0 0 0
21 13 0 1 0 1 0 0
21 15 0 0 0 0 1 1
21 16 1 0 1 0 0 1
21 18 0 1 0 1 0 1
21 19 1 0 0 0 1 1
21 21 0 1 0 1 0 1
21 23 0 0 0 0 1 0
21 24 1 0 1 0 0 1
21 27 1 0 0 0 1 0
21 28 0 0 0 1 0 0
21 29 1 1 1 0 0 1
22 2 0 0 0 1 1 0
22 3 1 0 0 0 1 0
22 4 1 1 1 0 0 1
22 5 0 1 0 0 0 0
22 6 0 1 0 0 0 0
22 7 0 1 0 0 0 0
22 8 0 1 0 0 0 0
22 9 0 1 0 0 0 0
22 10 0 1 0 0 0 0
22 11 0 1 0 0 0 0
22 12 0 1 0 0 0 0
22 13 0 1 0 0 0 0
22 14 0 1 0 0 0 0
22 15 0 1 0 0 0 0
22 16 0 1 0 0 0 0
22 17 0 1 0 0 0 0
22 18 0 1 0 0 0 0
22 19 0 1 0 0 0 0
22 20 0 1 0 0 0 0
22 21 0 1 0 0 0 0
22 22 0 1 0 0 0 0
22 23 0 1 0 0 0 0
22 24 0 0 0 0 1 0
22 25 0 0 1 0 0 1
22 26 0 1 1 1 0 1
22 27 0 0 1 0 0 1
23 2 1 1 0 1 1 0
23 3 1 0 0 0 1 0
23 4 1 1 1 0 0 1
23 5 0 1 0 0 0 0
23 6 0 0 1 0 1 0
23 7 0 1 1 1 0 1
23 8 1 0 1 1 0 1
23 9 0 0 0 1 1 1
23 11 0 1 1 1 0 0
23 12 0 0 1 1 0 1
23 13 1 1 0 1 1 0
23 15 0 0 0 0 1 0
23 16 0 0 1 0 0 1
23 17 0 1 1 1 0 1
23 18 0 1 1 0 1 1
23 19 1 0 0 0 0 1
23 20 0 0 1 0 0 1
23 21 0 1 0 0 0 0
23 23 0 1 0 0 0 1
23 24 0 1 1 0 1 1
23 27 1 1 0 0 1 0
23 28 0 0 0 1 1 0
23 29 1 1 1 0 0 1
24 2 1 1 0 1 1 0
24 3 1 0 0 0 1 0
24 4 1 1 1 0 0 1
24 5 0 1 0 0 0 0
24 6 0 1 0 0 0 0
24 7 0 1 0 0 0 0
24 8 0 1 0 0 0 0
24 9 0 1 0 0 0 0
24 10 0 1 0 0 0 0
24 11 0 1 0 0 0 0
24 12 0 1 0 0 0 0
24 13 0 1 0 0 0 0
24 14 0 1 0 0 0 0
24 15 0 1 0 0 0 0
24 16 0 1 0 0 0 0
24 17 1 0 1 1 0 1
24 18 0 0 0 1 1 1
24 20 1 0 1 1 0 1
24 21 0 1 0 1 1 0
24 23 0 0 0 0 0 1
24 24 0 1 1 1 0 1
24 25 0 0 0 0 1 1
24 26 1 1 1 0 1 0
24 27 0 1 0 1 1 0
25 2 1 0 0 0 1 0
25 3 1 0 0 0 1 0
25 4 1 1 1 0 0 1
25 5 0 1 0 0 0 0
25 6 0 1 0 0 0 0
25 7 0 1 0 0 0 0
25 8 1 0 1 1 0 1
25 9 0 0 0 1 1 1
25 10 0 1 0 0 1 1
25 11 0 1 0 1 1 0
25 13 1 0 1 0 0 1
25 14 0 0 0 0 1 0
25 15 0 1 1 1 1 0
25 17 0 1 1 1 0 1
25 18 1 1 1 0 1 0
25 19 0 1 0 1 1 0
25 21 1 0 1 0 0 1
25 23 0 0 0 0 0 1
25 24 0 1 1 1 0 1
25 25 0 0 0 1 0 0
25 26 0 1 1 0 1 1
25 27 1 0 0 0 0 1
26 5 1 0 0 0 1 0
26 6 0 1 0 1 1 0
26 7 1 1 1 0 1 1
26 8 0 1 0 1 1 0
26 10 0 0 1 1 0 0
26 11 0 1 0 1 1 0
26 12 0 0 1 0 1 0
26 13 0 1 0 1 1 0
26 14 0 1 1 0 1 0
26 15 0 1 1 1 0 1
26 16 0 0 0 0 0 1
26 17 0 0 1 0 0 0
26 18 1 0 0 0 1 0
26 19 1 1 0 1 1 0
26 20 1 1 0 0 0 1
26 21 1 1 0 1 1 0
26 23 1 0 1 0 0 1
26 24 0 1 1 1 1 1
26 25 0 0 0 1 0 1
26 26 0 0 0 0 0 1
26 27 0 0 1 0 0 0
26 28 0 1 0 1 0 1
26 29 0 1 1 1 0 1
26 30 0 1 0 1 0 0
26 31 0 1 0 1 1 0
