0.10
59 81 111 133 163 183 215 237 267 287 318 339 371 392 422 444 474 494 526 548 575 595 630 650 682 704 735 756 785 805 837 858 889 910 937 957 993 1014 1043 1065 1092 1117 1148 1169 1200 1221 1251 1273 1304 1324 1355 1375 1406 1428 1458 1485 1507 1534 1562 1589 1627 1654
55 75 95 133 154 176 214 237 257 301 321 343 380 401 422 460 487 508 546 566 586 624 644 664 702 722 742 780 800 820 858 878 898 936 956 976 1014 1034 1054 1092 1112 1132 1170 1190 1210 1248 1268 1288 1326 1346 1366 1404 1424 1444 1482 1502 1522 1560 1580 1600 1638 1658 1678 1716 1736 1756 1794 1814 1834 1872 1892 1912 1950 1970 1990 2028 2048 2068 2106 2126 2146 2184 2204 2224 2262 2282 2302
2 3 1 0 1 0 1 0
2 5 0 1 1 1 0 0
2 6 1 0 1 0 1 0
2 8 1 1 1 0 0 0
2 9 0 0 1 1 1 0
2 10 1 1 0 1 1 0
2 11 1 0 0 0 1 0
2 15 1 0 1 0 0 0
2 16 0 1 0 0 1 1
2 17 1 0 1 0 1 1
2 19 1 1 0 0 1 0
2 20 0 1 0 0 0 1
2 22 1 0 1 1 0 0
2 23 0 0 1 1 1 1
2 24 1 0 1 0 1 1
2 25 0 0 0 0 1 0
2 26 0 0 0 0 1 0
2 27 0 0 1 1 1 1
2 28 1 0 0 0 0 0
2 29 0 1 0 1 1 0
2 30 1 0 0 0 0 0
3 1 0 1 0 0 1 0
3 2 0 1 0 0 1 0
3 3 0 1 0 0 1 0
3 4 0 1 0 0 1 0
3 5 0 1 0 0 1 0
3 6 0 1 0 0 1 0
3 7 0 1 0 0 1 0
3 8 0 1 0 0 1 0
3 9 0 1 0 0 1 0
3 10 0 1 0 0 1 0
4 3 0 0 1 1 0 0
4 4 1 0 1 0 0 1
4 5 0 0 1 0 0 1
4 7 1 1 1 1 0 0
4 8 1 0 0 1 0 1
4 9 1 0 1 1 0 0
4 10 1 0 1 0 0 1
4 12 1 0 1 0 0 0
4 15 1 0 1 1 0 0
4 16 0 1 1 1 0 1
4 17 1 1 0 0 1 1
4 19 1 1 0 0 0 0
4 20 0 0 1 1 1 0
4 22 0 1 1 0 1 1
4 23 0 0 1 0 1 0
4 25 1 0 0 1 1 0
4 27 1 0 0 0 1 1
5 1 1 1 0 1 1 0
5 2 1 0 0 0 0 1
5 3 1 0 0 1 1 0
5 4 1 0 1 0 0 1
5 6 1 0 1 0 0 0
5 7 0 1 0 0 0 1
5 8 0 1 0 0 1 0
5 9 0 1 0 0 0 0
5 10 0 0 0 0 1 0
5 12 1 1 0 0 0 0
5 13 0 0 1 1 1 0
5 14 1 1 0 0 1 1
5 16 0 1 1 0 1 1
5 17 0 0 1 0 1 0
5 19 1 0 0 1 1 0
5 21 1 0 0 0 1 1
5 23 1 1 1 0 0 0
5 24 0 1 1 1 1 1
5 25 1 0 0 1 1 0
6 1 1 0 1 0 0 0
6 2 0 1 0 0 0 1
6 3 0 1 0 0 1 0
6 4 0 0 0 0 1 0
6 5 0 1 1 0 0 0
2 13 1 0 0 1 1 0
4 13 1 0 0 1 0 1
5 26 1 0 1 0 0 1
