0.20
66 88 118 140 171 192 222 244 275 296 326 348 378 399 431 451 482 503 534 556 586 607 638 659 690 711 742 763 793 814 845 867 897 918 949 971 1001 1022 1053 1075 1105 1126 1157 1178 1209 1229 1261 1282 1312 1334 1364 1385 1416 1437 1468 1489 1520 1541 1572 1593 1620 1640
21 41 61 99 119 139 177 198 220 258 278 298 345 366 388 425 446 467 511 533 554 592 612 633 677 699 720 756 778 799 843 865 886 924 946 967 1010 1032 1053 1090 1112 1133 1176 1197 1218 1257 1278 1299 1342 1363 1384 1421 1443 1464 1505 1527 1548 1590 1611 1632 1672 1693 1714 1754 1775 1796 1836 1858 1879 1921 1943 1965 2002 2024 2045 2088 2109 2131 2169 2190 2211 2249 2269 2289
3 1 0 1 0 1 1 0
3 2 1 0 1 0 0 1
3 3 1 0 0 0 1 1
3 4 0 0 1 1 1 1
3 5 0 0 0 0 1 0
3 7 1 0 1 0 0 0
3 8 1 1 1 0 1 1
3 10 0 1 0 1 1 0
3 11 0 0 1 0 1 1
3 13 1 1 0 0 1 0
3 14 1 1 0 0 0 1
3 15 1 1 0 0 1 0
3 16 1 0 0 1 0 1
3 17 0 0 0 0 1 0
3 18 0 1 1 0 0 0
5 3 1 1 0 1 1 0
5 4 0 1 0 0 1 0
5 5 1 1 0 1 1 0
5 6 0 1 1 1 1 1
5 7 0 0 0 0 1 1
5 8 0 0 1 0 0 1
5 9 0 0 1 1 1 1
5 10 0 1 1 0 0 0
5 11 0 0 1 0 0 1
5 12 0 1 1 0 0 0
5 13 0 0 0 1 0 0
5 15 0 0 1 1 0 0
5 16 0 1 0 0 1 1
5 17 1 0 0 0 1 1
5 18 0 0 1 0 1 1
5 19 1 0 0 0 1 1
5 20 0 0 0 1 0 0
5 22 1 1 1 0 0 1
5 23 1 0 0 0 0 0
5 24 1 0 0 1 1 0
5 25 0 1 0 0 1 1
5 26 1 0 1 1 1 0
5 27 0 1 0 1 0 0
5 28 0 1 1 0 1 0
5 29 0 0 0 1 0 0
6 1 1 1 0 0 0 0
6 2 0 0 1 0 1 0
6 3 0 1 1 1 0 0
6 4 0 0 1 0 1 0
6 5 1 0 1 1 1 0
6 6 0 1 0 1 0 0
6 7 0 1 1 0 1 0
6 8 0 0 0 1 0 0
6 10 1 1 0 1 1 0
6 11 0 1 0 0 0 1
6 12 1 1 1 0 0 0
6 13 0 1 0 1 0 1
6 14 1 1 0 0 1 0
6 15 0 1 0 1 0 0
6 16 1 1 1 0 0 1
6 17 1 0 1 1 1 0
6 18 1 0 1 0 1 0
6 19 0 0 0 0 1 1
6 20 0 0 1 0 0 1
6 21 0 0 1 1 1 1
6 22 0 1 0 0 1 0
6 23 0 0 1 0 0 1
6 24 0 1 1 0 0 0
6 25 0 0 0 1 0 0
6 27 0 1 1 1 0 0
6 28 0 0 1 0 1 0
6 29 1 1 1 0 0 0
6 30 0 0 1 0 1 0
7 1 0 0 1 0 0 1
7 2 1 1 1 0 0 0
7 3 0 1 0 1 0 0
7 4 1 0 1 1 1 0
7 5 1 0 1 0 1 0
7 6 0 0 0 1 0 0
7 8 0 1 1 1 0 0
7 9 0 0 1 0 1 0
7 10 1 1 1 0 0 0
7 11 0 1 0 1 0 1
7 12 1 0 1 1 1 0
7 13 0 1 0 1 0 0
7 14 0 1 1 0 1 0
7 16 1 1 0 1 1 0
7 17 0 1 0 1 0 0
7 19 0 0 1 1 0 1
7 20 0 1 0 0 0 0
7 21 0 1 0 1 1 0
7 22 0 0 1 0 1 1
7 24 1 0 0 1 1 0
7 25 0 0 1 1 1 1
7 27 0 1 1 1 1 0
7 28 0 1 0 0 1 1
8 1 0 0 1 0 0 1
8 2 1 0 0 0 1 1
8 3 0 1 1 0 0 1
8 4 0 0 0 0 1 0
8 5 0 1 1 0 0 0
9 3 1 1 0 1 1 0
9 4 0 1 0 0 1 1
9 5 1 1 0 1 1 0
9 6 0 1 1 1 1 1
9 9 1 1 1 0 0 1
9 10 1 0 0 0 0 0
9 11 1 0 0 1 1 0
9 12 0 1 0 0 1 1
9 13 1 0 1 1 1 0
9 14 0 1 0 1 0 0
9 15 0 1 1 0 1 0
9 18 1 0 1 1 0 0
9 19 0 1 1 1 0 1
9 20 1 1 0 0 1 1
9 22 1 1 1 0 0 0
9 23 0 1 0 1 0 1
9 24 0 0 0 0 1 0
9 25 0 0 1 0 0 0
10 3 1 1 1 0 0 1
10 4 1 0 0 0 0 0
10 5 1 0 0 1 1 0
10 6 0 1 0 0 1 1
10 7 1 0 1 1 1 0
10 8 0 1 0 1 0 0
10 9 0 1 1 0 1 0
10 12 1 1 1 0 0 0
10 13 0 1 0 1 0 1
10 15 1 1 1 0 0 0
10 16 0 1 0 0 0 1
10 17 0 0 0 0 1 0
10 19 1 0 0 1 1 0
10 20 1 0 0 1 0 1
10 21 1 1 0 0 1 0
10 22 1 1 0 1 0 1
10 23 0 0 0 0 1 0
10 24 0 1 1 0 0 0
11 3 1 1 0 1 1 0
11 4 0 1 0 0 1 1
11 5 1 1 0 1 1 0
11 6 0 1 1 1 1 1
11 9 1 0 1 0 1 0
11 11 1 1 0 0 1 0
11 12 0 0 1 0 1 1
11 14 0 1 0 1 1 1
11 16 1 0 1 1 1 0
11 17 0 1 0 1 0 0
11 19 1 1 0 0 0 0
11 20 1 0 1 0 0 1
11 21 1 0 1 0 0 0
11 22 1 0 1 1 1 1
11 23 1 1 1 0 0 0
11 24 0 1 0 0 0 1
11 25 0 0 0 0 1 1
11 27 1 0 1 1 1 0
11 28 0 1 0 1 0 0
11 30 1 0 0 0 1 1
12 1 1 1 1 0 0 0
12 2 0 1 0 1 0 1
12 4 1 1 0 1 1 0
12 5 0 0 1 0 1 1
12 7 0 1 0 1 0 0
12 8 1 1 0 1 1 0
12 9 0 1 0 0 0 1
12 11 1 1 0 0 1 0
12 12 1 1 0 0 0 1
12 14 0 1 0 1 1 0
12 15 1 0 1 0 0 1
12 17 0 1 1 1 1 0
12 18 1 0 0 0 1 0
12 19 1 0 0 0 1 1
12 20 0 1 0 0 0 0
12 22 1 0 0 1 1 0
12 24 1 0 0 1 1 0
12 25 0 1 0 1 1 1
12 26 1 0 0 0 1 1
12 27 1 1 1 0 1 1
12 29 1 0 0 1 1 0
12 30 0 1 1 0 0 1
13 1 0 0 1 0 0 1
13 2 0 1 1 1 1 0
13 3 1 0 0 0 0 1
13 5 0 0 1 1 0 0
13 6 0 1 1 0 0 0
13 7 1 0 0 1 1 0
13 8 0 1 0 1 1 1
13 9 0 0 0 0 1 0
13 11 0 1 0 1 0 0
13 12 1 1 0 1 1 0
13 13 0 1 0 0 0 1
13 15 1 1 0 0 0 0
13 16 1 0 1 0 0 1
13 17 1 0 0 1 1 0
13 19 1 0 0 1 1 0
13 20 0 1 0 0 0 1
13 22 1 1 1 0 0 0
13 23 1 0 0 1 0 1
13 24 1 0 1 1 0 0
13 25 1 1 0 0 0 1
13 26 0 0 0 1 0 0
13 28 1 0 1 1 0 0
13 29 0 1 1 1 0 1
13 30 1 1 0 0 1 1
14 1 0 1 0 1 0 0
14 2 0 1 1 1 0 0
14 3 1 0 0 0 0 0
14 5 1 0 0 1 0 0
14 6 0 1 0 0 0 0
14 7 1 1 0 0 0 0
14 8 0 1 1 1 0 1
14 9 1 1 0 0 1 0
14 10 1 1 0 0 0 1
14 12 1 0 0 1 1 0
14 14 1 1 0 0 0 0
14 15 1 0 1 0 0 1
14 16 1 1 0 1 1 0
14 17 1 1 0 0 0 1
14 19 0 1 0 1 1 0
14 20 0 0 1 0 1 1
14 21 1 0 1 0 0 0
14 22 1 0 0 0 0 1
14 24 1 0 0 1 1 0
14 26 0 1 0 0 0 1
14 27 0 1 1 0 0 0
15 1 0 0 1 0 0 1
15 2 1 1 0 0 1 0
15 3 1 1 1 0 0 1
15 4 0 0 0 0 1 0
15 5 0 1 1 0 0 0
16 3 1 1 1 0 0 1
16 4 1 0 0 0 0 0
16 5 1 0 0 1 1 0
16 6 0 1 0 0 1 1
16 7 1 0 1 1 1 0
16 8 0 1 0 1 0 0
16 9 0 1 1 0 1 0
16 12 0 1 1 1 1 0
16 13 1 0 0 0 0 1
16 14 1 0 0 0 1 1
16 15 1 0 1 0 1 0
16 17 1 0 0 1 1 0
16 18 1 0 0 1 0 1
16 19 1 1 0 0 1 0
16 20 1 1 0 1 0 1
16 22 1 0 0 1 0 0
16 23 0 0 1 1 1 1
16 24 1 1 0 1 1 0
16 25 1 0 0 0 0 1
16 27 1 0 0 1 1 1
16 28 1 1 0 1 1 0
16 29 1 1 0 0 0 1
17 1 1 1 1 0 0 0
17 2 0 1 0 1 0 0
17 3 1 1 1 0 0 0
17 4 1 0 1 1 0 1
17 6 1 0 1 0 0 0
17 7 1 1 1 1 0 1
17 9 0 1 1 1 1 0
17 10 0 0 1 0 1 0
17 12 1 1 0 0 0 0
17 13 1 0 1 0 0 1
17 14 0 0 1 1 1 0
17 16 1 1 0 0 0 0
17 17 0 1 0 1 0 0
17 19 0 1 0 1 1 0
17 20 0 0 1 0 1 1
17 22 1 1 0 1 1 0
17 23 1 0 1 0 1 0
17 24 1 0 0 0 1 1
17 25 0 0 1 0 1 1
17 26 0 0 0 0 1 0
17 28 1 0 1 0 0 0
17 29 0 1 0 0 0 1
17 30 1 0 0 0 1 1
18 1 0 1 1 1 1 0
18 2 0 0 1 0 1 0
18 4 0 1 0 1 0 0
18 5 0 1 0 1 1 1
18 6 0 1 1 0 0 0
18 8 1 1 0 1 1 0
18 9 1 0 1 0 0 1
18 10 0 0 1 1 0 0
18 11 0 0 0 0 1 0
18 13 1 1 0 0 0 0
18 14 1 0 1 0 0 1
18 15 1 0 1 0 0 0
18 16 0 0 1 0 1 1
18 18 1 1 1 0 0 0
18 19 0 1 1 1 1 1
18 21 1 0 1 0 1 1
18 22 1 0 1 0 1 0
18 24 0 1 0 1 1 0
18 25 0 1 1 0 0 1
18 26 1 1 0 0 0 0
18 27 1 0 1 0 0 1
18 28 0 0 0 0 1 0
18 29 0 1 1 0 0 0
19 1 1 1 0 1 1 0
19 2 0 1 0 1 0 0
19 3 0 1 1 0 0 0
19 4 0 1 0 1 1 0
19 5 1 1 1 0 0 1
19 7 1 0 1 1 0 0
19 8 0 1 1 1 0 1
19 9 1 1 0 0 1 1
19 11 1 1 0 0 1 0
19 12 0 1 0 0 0 1
19 13 1 1 0 1 0 0
19 14 0 0 1 0 1 0
19 16 1 0 0 1 1 0
19 18 1 0 0 0 1 1
19 19 1 1 1 0 1 1
19 20 1 0 0 1 1 0
19 21 1 1 0 1 1 1
19 23 1 0 1 0 0 0
19 24 0 1 0 0 0 1
19 25 0 1 0 1 0 0
19 27 1 0 0 0 1 1
19 28 0 0 1 0 0 0
19 30 1 0 1 0 1 0
20 1 0 1 1 1 1 0
20 2 1 0 1 0 1 0
20 3 1 1 1 0 0 0
20 4 0 1 0 1 0 0
20 6 0 1 1 1 1 0
20 7 0 0 1 0 1 0
20 9 1 0 0 1 1 0
20 11 1 1 1 1 0 1
20 12 0 1 1 0 0 0
20 13 1 0 0 1 1 0
20 14 1 0 1 0 0 1
20 15 0 1 0 0 0 0
20 17 1 0 0 1 1 0
20 19 0 0 1 1 0 0
20 20 0 1 1 0 0 1
20 21 1 0 1 0 1 0
20 22 0 0 0 0 1 0
20 24 1 0 1 0 1 0
20 26 0 0 1 1 0 0
20 27 0 0 1 0 0 0
20 28 1 1 0 0 1 1
20 30 1 0 0 1 1 1
21 1 1 0 1 1 0 0
21 2 0 1 0 0 0 1
21 3 0 1 0 1 1 0
21 4 0 0 1 0 1 1
21 5 0 0 1 0 0 0
21 7 1 0 0 0 0 1
21 8 0 1 0 0 0 0
21 9 1 0 0 0 1 1
21 10 1 1 1 0 1 1
21 12 0 1 1 1 1 0
21 13 0 0 1 0 1 0
21 15 1 0 0 1 1 0
21 17 1 1 0 1 0 0
21 18 0 0 1 0 1 1
21 19 1 0 1 1 1 0
21 20 1 0 1 0 0 1
21 21 0 0 0 0 1 0
21 23 1 1 1 0 0 1
21 24 1 0 0 0 0 0
21 25 1 1 0 0 1 0
21 26 1 1 0 0 0 1
21 28 1 0 0 1 1 0
21 29 0 0 1 1 1 1
22 1 0 0 1 0 0 1
22 2 1 0 0 1 1 0
22 3 0 1 0 1 0 1
22 4 0 0 1 1 0 0
22 5 0 1 0 0 0 1
22 7 0 1 1 1 1 0
22 8 0 0 1 0 1 0
22 10 1 0 0 1 1 0
22 12 1 0 0 1 0 0
22 13 1 1 1 0 0 1
22 14 1 1 0 0 0 0
22 15 0 1 1 0 1 0
22 17 1 0 0 1 1 0
22 19 1 1 1 1 1 0
22 20 1 0 1 0 0 1
22 21 0 0 1 1 0 0
22 22 0 1 1 0 0 0
22 23 0 0 0 0 1 0
22 24 0 1 1 0 0 0
23 3 1 1 0 1 1 0
23 4 0 1 0 0 1 1
23 5 1 1 0 1 1 0
23 6 0 1 1 1 1 1
23 9 1 1 1 0 0 0
23 10 0 1 0 1 0 1
23 12 0 1 0 1 1 0
23 13 0 0 1 0 1 1
23 14 0 0 0 0 1 0
23 16 1 1 1 1 1 0
23 17 1 1 0 1 1 1
23 19 1 0 1 1 1 0
23 20 0 0 1 0 1 0
23 22 1 1 0 0 1 1
23 23 0 1 0 0 0 0
23 24 0 1 1 1 1 0
23 25 0 1 0 1 0 1
23 26 0 1 0 1 1 0
23 27 0 0 1 0 1 1
23 29 1 0 0 1 1 0
23 30 0 1 1 0 1 0
24 1 0 0 1 0 0 1
24 2 0 1 1 1 1 0
24 3 1 0 0 0 0 1
24 4 0 0 0 0 1 0
24 5 0 1 1 0 0 0
25 3 0 1 1 1 0 0
25 4 0 0 1 0 1 0
25 5 1 1 1 0 0 0
25 6 0 0 1 0 1 0
25 7 1 1 1 0 0 0
25 8 0 1 0 1 0 0
25 9 1 0 1 1 1 0
25 10 1 0 1 0 1 0
25 13 0 1 1 1 1 0
25 14 0 0 1 0 1 0
25 16 1 0 1 0 1 1
25 17 0 1 0 1 0 1
25 19 1 0 1 1 0 0
25 20 0 0 1 0 1 1
25 21 1 0 1 0 0 0
25 22 1 1 1 0 1 1
25 24 1 0 0 1 1 0
25 25 0 0 1 1 1 1
25 26 0 0 1 1 0 0
25 27 0 1 0 0 0 1
25 28 0 0 0 0 1 1
26 1 0 1 1 1 1 0
26 2 0 0 1 0 1 0
26 4 1 1 1 0 0 0
26 5 0 1 0 1 0 1
26 7 1 1 1 0 0 0
26 8 0 1 0 0 0 1
26 9 0 0 0 0 1 0
26 11 1 0 0 1 1 0
26 12 1 0 0 1 0 1
26 13 1 1 0 0 1 0
26 15 0 0 0 0 1 0
26 16 0 1 1 0 0 0
27 3 1 1 0 0 1 0
27 4 1 1 0 1 0 1
27 5 1 1 1 0 0 0
27 6 1 0 1 0 1 0
27 7 1 0 1 0 0 0
27 8 0 1 0 0 0 1
27 10 1 0 0 0 1 1
27 11 0 1 1 0 0 1
27 12 0 0 0 0 1 0
27 13 0 1 1 0 0 0
9 17 1 1 0 0 1 1
13 18 0 1 0 0 1 1
26 14 1 1 0 1 0 1
