0.10
52 73 104 125 155 177 208 229 259 280 311 332 362 384 414 435 465 488 517 539 569 590 621 643 673 695 726 747 777 797 828 850 880 902 931 952 983 1006 1037 1056 1088 1109 1139 1160 1191 1212 1243 1264 1295 1315 1347 1368 1398 1419 1450 1471 1502 1523 1553 1575 1606 1627 1658 1679
54 76 93 131 152 174 212 237 258 299 320 342 378 400 421 459 487 509 547 568 589 627 649 671 709 731 753 791 813 835 873 895 917 955 977 999 1037 1059 1081 1119 1141 1163 1201 1223 1245 1283 1305 1327 1365 1387 1409 1447 1469 1491 1529 1551 1573 1611 1633 1655 1693 1715 1737 1775 1797 1819 1857 1879 1901 1939 1961 1983 2021 2043 2065 2103 2125 2147 2185 2207 2229 2267 2292 2314
2 2 0 0 0 1 0 0
2 3 1 1 0 0 1 0
2 4 0 0 0 1 0 0
2 5 1 1 1 0 0 1
2 6 0 1 0 0 0 0
2 7 0 1 0 0 0 0
2 8 0 1 1 1 0 1
2 9 1 1 1 0 0 1
2 10 1 0 0 1 0 1
2 12 0 0 1 0 1 0
2 13 0 1 0 1 1 0
2 15 0 1 1 1 0 1
2 16 0 1 1 0 1 0
2 17 0 0 0 1 0 1
2 19 1 1 0 1 0 0
2 21 0 1 0 1 0 0
2 22 1 1 0 1 1 0
2 23 1 1 0 0 0 1
2 24 0 0 0 1 1 1
2 26 0 1 0 1 0 1
2 27 1 0 0 0 1 1
2 29 0 1 0 1 0 1
3 22 0 1 0 0 1 0
3 23 0 1 0 0 1 0
3 24 0 1 0 0 1 0
3 25 0 1 0 0 1 0
3 26 0 1 0 0 1 0
3 27 0 1 0 0 1 0
3 28 0 1 0 0 1 0
3 29 0 1 0 0 1 0
3 30 0 1 0 0 1 0
3 31 0 1 0 0 1 0
4 5 0 1 1 1 0 0
4 7 1 1 0 1 0 0
4 9 0 1 0 0 0 1
4 10 0 1 1 0 1 1
4 12 1 1 0 0 0 1
4 13 0 0 0 1 1 0
4 15 0 1 1 1 1 0
4 16 1 0 1 0 1 1
4 17 1 0 0 1 0 1
4 19 1 0 1 1 0 0
4 20 0 0 0 1 0 1
4 22 0 0 1 1 0 1
4 23 1 0 0 1 0 1
4 24 1 0 1 1 0 0
4 25 1 0 0 1 1 1
4 27 0 0 1 0 0 1
4 28 0 0 1 1 0 1
4 29 1 0 0 0 0 1
5 6 0 0 1 1 0 1
5 7 1 1 0 1 0 0
5 8 1 1 1 0 1 1
5 9 0 0 0 1 1 1
5 11 0 1 1 1 0 0
5 13 1 1 0 1 0 0
5 15 0 1 0 0 0 1
5 16 0 1 1 0 1 1
5 18 0 1 1 1 1 0
5 19 1 1 0 0 0 1
5 20 0 0 0 1 1 0
5 22 0 1 0 0 0 0
5 23 0 0 0 0 1 0
5 24 0 1 0 0 1 0
5 25 0 0 1 0 1 0
5 26 0 0 0 1 0 1
5 28 0 0 1 1 0 1
5 29 1 1 0 1 0 0
5 30 0 0 1 1 0 0
5 31 1 1 0 1 1 0
6 27 0 0 0 0 1 1
6 28 0 1 0 0 0 0
6 29 0 1 0 0 1 0
6 30 0 0 1 0 1 0
6 31 0 0 0 1 0 1
