0.10
59 80 110 132 163 185 215 236 267 288 319 340 371 392 423 444 474 496 526 547 578 599 630 651 682 703 734 754 785 807 838 859 889 911 941 962 993 1014 1045 1066 1097 1118 1148 1170 1200 1221 1252 1274 1304 1325 1356 1377 1408 1428 1459 1481 1512 1533 1564 1585 1612 1632
51 71 91 129 150 171 209 229 249 297 318 339 376 398 419 464 485 506 544 566 587 629 651 672 709 731 752 796 817 838 876 898 919 963 984 1005 1043 1064 1085 1128 1149 1170 1208 1228 1248 1293 1314 1335 1373 1393 1413 1458 1479 1500 1541 1563 1583 1624 1645 1666 1704 1724 1744 1788 1809 1831 1874 1896 1916 1955 1976 1997 2040 2061 2082 2120 2142 2163 2205 2225 2252
2 12 1 0 0 1 1 0
2 13 0 1 0 1 0 0
2 14 0 1 1 1 0 0
2 15 0 1 1 0 0 0
2 17 1 0 0 1 1 0
2 18 1 1 1 0 0 1
2 19 1 1 1 1 0 1
4 3 0 0 0 1 1 0
4 4 1 0 1 0 0 1
4 5 0 0 1 0 0 0
4 6 0 1 1 1 1 0
4 7 0 1 0 1 0 0
4 9 1 1 0 0 1 0
4 10 0 0 1 1 1 0
4 11 0 1 1 1 1 0
4 12 1 0 0 1 0 1
4 13 1 0 0 1 1 0
4 14 0 1 0 1 0 0
4 15 0 0 0 0 1 0
4 17 0 1 1 1 1 0
4 18 1 0 0 1 0 1
4 19 1 0 0 1 1 0
4 20 0 1 0 1 0 0
4 22 1 0 0 1 1 0
4 23 0 0 1 0 1 0
4 24 1 0 1 0 0 1
4 25 0 0 1 0 0 0
4 26 0 1 1 1 1 0
4 27 0 1 0 1 0 1
4 28 0 0 0 0 1 0
4 29 0 1 1 0 0 0
4 30 0 0 0 1 1 0
5 1 1 1 0 0 1 0
5 2 0 1 0 1 0 0
5 3 1 1 0 1 1 0
5 4 0 0 1 1 0 1
5 6 1 0 0 0 1 1
5 8 1 0 0 0 1 1
5 9 0 0 1 0 1 1
5 10 1 1 0 0 1 0
5 11 1 0 1 0 1 0
5 16 1 0 0 0 0 1
5 17 1 0 1 0 1 1
5 18 0 0 0 0 1 0
5 20 1 0 0 0 1 1
5 22 1 0 1 0 1 0
5 23 0 1 0 0 1 1
5 24 0 1 1 1 0 0
5 25 1 0 1 0 1 0
5 29 0 1 0 1 1 0
5 30 0 0 1 0 1 1
6 1 0 0 1 0 0 1
6 2 1 0 0 0 1 1
6 4 0 0 0 0 1 0
6 5 0 1 1 0 0 0
6 6 1 1 0 0 1 0
6 8 1 0 0 0 1 1
6 9 0 1 1 0 0 1
6 11 1 1 0 0 1 0
6 12 0 1 0 1 0 0
6 13 1 1 0 1 1 0
6 14 0 0 1 1 0 1
6 16 1 1 0 0 1 0
6 17 0 1 0 0 0 1
6 19 1 0 0 0 0 0
6 20 0 0 1 0 0 0
6 21 1 0 0 0 1 1
6 22 0 1 1 0 0 0
6 23 1 1 0 1 1 0
6 24 0 0 1 1 0 1
6 25 0 0 0 0 1 0
6 27 1 0 1 0 0 0
6 28 0 1 0 0 0 1
6 29 0 1 0 1 0 0
7 1 1 0 0 0 1 1
7 2 0 0 1 0 0 0
7 4 1 0 1 0 1 0
7 5 1 0 1 1 0 0
7 6 0 0 1 0 1 1
7 8 1 1 0 1 1 0
7 9 1 0 0 0 0 1
7 10 1 0 0 0 1 1
7 12 0 1 0 1 1 0
7 13 0 0 1 0 1 1
7 14 1 0 0 0 1 1
7 15 0 0 1 1 1 1
7 17 1 1 0 0 0 0
7 18 0 1 0 1 0 1
7 19 0 1 1 1 1 0
7 20 0 1 0 1 0 1
7 21 0 0 0 0 1 0
7 23 1 1 1 1 0 0
7 24 1 1 0 0 0 1
7 25 1 1 1 1 1 0
7 26 0 1 1 0 0 1
7 28 1 0 0 0 1 1
7 29 0 0 1 1 1 1
8 1 0 0 1 0 0 1
8 2 1 1 0 0 1 0
8 3 1 0 1 0 1 0
8 5 1 1 0 0 0 0
8 6 0 1 0 1 0 1
8 7 0 1 0 1 1 1
8 8 0 0 0 0 1 0
8 9 0 1 1 0 0 0
9 3 1 1 0 0 0 0
9 4 0 0 1 0 1 1
9 6 1 0 0 1 1 0
9 7 1 1 1 0 0 1
9 8 1 1 1 1 0 1
9 10 1 1 0 0 1 1
9 12 1 1 0 0 1 0
9 13 1 1 1 1 1 1
9 14 1 1 0 0 1 0
9 15 0 0 1 1 0 1
9 17 1 1 0 1 1 0
9 18 0 0 1 1 0 1
9 19 1 1 0 0 0 0
9 20 0 0 1 0 1 1
9 21 0 0 0 0 1 0
9 23 1 0 0 0 1 0
9 25 1 1 0 0 1 1
9 27 1 0 0 0 0 1
9 28 0 0 1 0 0 0
9 29 1 0 0 0 1 1
9 30 0 1 1 0 0 0
10 1 1 1 0 1 1 0
10 2 0 0 1 1 0 1
10 3 1 1 0 0 0 0
10 4 0 0 1 0 1 1
10 5 0 0 0 0 1 0
10 6 0 1 1 0 0 0
10 7 1 1 0 0 1 0
10 8 0 1 1 1 1 1
10 9 1 1 0 0 1 0
10 10 0 1 0 1 0 0
10 12 1 0 0 0 1 1
10 13 0 1 0 0 0 0
10 14 0 0 0 0 1 0
10 16 0 0 1 1 1 0
10 18 0 0 1 1 0 0
10 19 1 0 1 0 0 1
10 20 0 1 0 1 0 0
10 22 1 0 1 0 0 0
10 23 0 1 0 0 0 1
10 24 0 1 0 0 1 0
10 26 1 0 0 0 1 1
10 28 1 0 1 0 1 1
10 29 0 0 1 0 1 1
10 30 1 0 1 1 0 1
11 1 1 0 1 0 1 1
11 2 0 1 0 1 0 0
11 4 1 1 0 0 1 0
11 5 0 1 0 1 0 0
11 6 1 1 0 1 1 0
11 7 0 0 1 1 0 1
11 9 1 1 1 1 1 0
11 10 0 1 0 0 1 1
11 11 0 1 1 1 1 0
11 12 1 0 1 0 0 1
11 14 0 0 1 1 0 0
11 15 0 1 0 0 1 1
11 17 0 0 1 1 0 0
11 18 1 1 1 0 0 1
11 19 1 1 0 0 1 0
11 20 1 0 0 1 0 1
11 22 0 1 0 1 1 0
11 23 0 0 1 0 1 1
11 24 1 0 1 0 0 1
11 26 1 1 0 0 1 0
11 27 1 0 0 0 0 1
11 28 1 1 0 1 1 0
11 29 0 1 0 0 0 1
12 1 1 0 0 1 1 0
12 2 0 0 0 0 1 0
12 4 1 1 0 0 1 1
12 5 0 1 1 0 0 0
12 7 1 0 0 0 1 1
12 9 0 1 0 1 1 0
12 10 1 0 1 0 0 1
12 11 1 1 0 0 1 0
12 12 0 1 0 0 0 1
12 14 0 1 0 1 0 0
12 15 0 0 1 0 0 0
12 17 1 1 0 1 1 0
12 18 0 1 0 0 0 1
12 19 1 1 0 0 1 0
12 20 1 0 0 0 0 1
12 21 1 1 0 0 1 0
12 22 1 1 1 1 1 1
12 24 1 0 0 1 1 0
12 26 0 0 1 1 0 1
12 27 0 0 1 0 0 0
12 28 1 0 0 1 0 1
12 29 0 1 0 0 0 0
13 1 0 1 1 1 0 0
13 2 1 0 1 0 0 1
13 3 1 0 1 0 1 1
13 4 0 1 1 0 1 0
13 6 0 1 0 1 1 0
13 7 0 0 1 0 1 1
13 8 1 0 1 0 0 1
13 10 1 1 0 0 1 0
13 11 1 0 0 0 0 1
13 12 1 1 0 0 1 0
13 13 1 0 1 1 0 1
13 15 1 0 0 1 1 0
13 16 0 0 0 0 1 0
13 18 1 1 0 0 1 0
13 19 0 1 0 1 0 1
13 20 0 0 1 1 1 0
13 22 0 0 1 1 0 0
13 23 1 0 1 0 0 1
13 24 0 1 0 1 0 0
13 26 0 1 1 1 1 0
13 27 0 1 0 1 0 0
13 28 1 1 0 0 1 0
13 29 0 1 0 1 1 1
14 1 1 0 0 0 0 1
14 2 0 0 1 0 0 0
14 3 1 0 0 0 1 1
14 4 0 1 1 0 0 0
14 6 1 1 0 1 1 0
14 7 0 0 1 1 0 1
14 8 1 1 0 0 0 0
14 9 0 0 1 0 1 1
14 11 1 0 0 1 1 0
14 13 1 1 0 0 1 0
14 14 1 1 1 1 1 1
14 15 1 0 1 1 0 0
14 16 1 0 0 1 0 1
14 17 1 1 0 1 1 0
14 18 1 1 1 0 0 1
14 19 0 0 0 0 1 0
14 20 0 1 1 0 0 0
16 14 0 1 1 1 1 1
16 15 0 1 1 0 0 0
16 16 1 0 0 1 1 0
16 17 1 0 1 0 0 1
18 5 0 0 1 1 1 1
18 6 1 0 0 0 0 0
18 7 1 0 0 1 0 0
18 10 0 1 0 1 1 1
18 11 1 0 0 0 0 0
18 12 1 0 1 1 1 0
18 13 0 1 0 1 0 0
18 14 0 1 1 1 0 0
18 16 1 0 0 0 1 1
18 17 0 1 1 0 0 1
18 18 0 1 0 1 1 0
18 19 0 0 1 0 1 1
18 20 0 0 0 0 1 1
18 21 0 0 1 0 0 1
18 22 0 0 1 1 1 1
18 23 0 1 0 0 0 0
18 24 0 0 1 0 0 1
18 25 0 1 1 0 0 0
19 12 0 0 0 0 1 1
19 13 0 0 1 0 0 0
19 14 1 1 0 1 1 0
19 15 1 0 0 0 1 0
19 16 1 1 0 0 1 0
19 17 1 1 1 1 0 1
19 18 0 0 0 0 0 1
19 19 0 1 1 0 0 0
20 12 1 0 0 0 1 0
20 13 0 0 1 0 1 0
20 14 1 0 0 0 1 1
20 15 0 1 1 0 0 0
20 16 1 1 0 0 0 0
20 17 0 1 0 0 0 0
20 18 1 1 0 1 0 1
22 3 1 0 1 0 1 1
22 4 0 1 0 1 0 1
22 6 1 1 0 1 0 0
22 7 0 0 1 0 1 0
22 8 0 1 1 1 1 0
22 9 1 0 0 0 0 1
22 11 1 0 0 0 1 1
22 12 0 1 1 0 0 1
22 13 0 0 0 0 1 0
22 15 0 1 0 1 0 0
22 16 1 1 0 1 1 0
22 17 0 1 0 0 0 1
22 19 1 1 0 1 1 0
22 20 0 1 1 0 1 0
22 21 1 1 1 0 0 0
22 22 0 1 0 1 0 0
22 23 1 0 0 1 1 0
22 24 0 1 0 1 0 1
22 25 0 0 1 1 0 0
22 26 0 1 0 0 0 1
22 27 0 0 1 0 0 0
22 29 0 0 1 1 1 0
23 1 1 1 1 0 0 1
23 2 0 1 1 0 0 0
23 3 0 0 1 1 0 0
23 4 0 1 1 0 1 0
23 6 1 0 1 0 0 0
23 7 0 1 0 1 0 0
23 8 0 1 1 1 1 1
23 9 1 0 0 0 0 0
23 11 1 1 0 1 1 0
23 12 0 1 0 0 0 1
23 13 1 1 0 0 1 0
23 14 1 1 0 1 0 1
23 16 1 1 0 1 1 0
23 17 1 0 0 0 1 0
23 18 1 0 0 1 1 0
23 19 0 1 0 1 0 1
23 20 0 1 0 1 1 0
23 21 0 0 1 0 1 1
23 23 1 0 0 1 1 0
23 26 1 1 0 0 0 0
23 27 0 1 1 0 0 1
24 1 0 1 0 1 1 0
24 2 1 1 1 0 1 1
24 3 0 0 0 0 1 0
24 5 0 1 0 1 0 0
24 6 1 1 1 1 1 0
24 7 0 1 1 0 0 1
24 9 1 0 0 0 1 1
24 10 0 0 1 1 1 1
24 11 0 1 1 1 0 0
24 12 0 0 1 0 0 0
24 14 1 1 0 1 1 0
24 15 0 0 1 1 1 0
24 16 1 1 0 1 0 0
24 17 0 0 1 1 1 1
24 19 1 1 0 1 1 0
24 20 1 1 0 0 1 1
24 22 1 0 0 1 0 0
24 23 0 0 1 0 0 0
24 25 0 0 1 1 0 0
24 26 1 1 1 0 0 1
24 27 1 0 1 0 0 0
24 28 0 1 0 1 0 1
24 29 0 0 0 0 1 0
24 30 0 1 1 0 0 0
25 1 1 1 0 1 1 0
25 2 1 1 0 0 0 1
25 3 0 0 1 1 0 0
25 4 0 1 1 0 0 1
25 6 1 1 0 1 1 0
25 7 0 1 0 1 0 0
25 8 1 1 1 0 0 0
25 9 1 0 0 0 1 0
25 11 1 0 0 1 1 0
25 13 1 1 1 1 1 0
25 14 0 1 0 0 1 1
25 15 0 1 1 1 1 0
25 16 1 0 1 0 0 1
25 17 0 0 0 0 1 0
25 19 1 1 0 0 0 0
25 20 0 1 0 0 0 1
25 21 1 1 1 0 0 0
25 22 1 1 1 0 0 1
25 24 1 0 1 0 0 0
25 25 0 1 0 1 0 0
25 26 1 1 0 1 0 0
25 27 1 0 1 0 0 1
25 29 1 0 0 1 1 0
26 1 1 0 1 0 0 0
26 2 1 0 0 0 0 1
26 3 1 1 0 1 1 0
26 4 1 0 0 0 1 0
26 5 0 0 0 0 1 0
26 7 1 1 1 1 1 0
26 8 1 0 1 0 0 1
26 9 1 1 0 0 1 0
26 10 1 0 1 0 0 1
26 12 0 1 0 1 0 0
26 13 0 1 1 0 0 0
26 14 1 1 1 0 0 0
26 15 0 0 1 1 1 0
26 17 1 0 0 1 1 0
26 19 1 1 0 1 1 0
26 20 1 0 0 0 1 0
26 21 1 1 0 1 1 0
26 22 0 0 1 1 0 1
26 23 0 0 0 0 1 0
26 25 1 1 0 0 0 1
26 26 0 0 1 0 0 0
26 28 0 1 0 1 1 0
26 29 0 0 1 0 1 1
27 29 0 0 1 1 1 1
27 30 1 0 0 0 0 0
5 13 1 0 0 1 1 0
5 15 1 1 0 1 1 0
5 27 1 0 0 0 1 0
6 3 0 0 1 1 1 1
6 7 1 1 0 0 0 1
23 25 0 1 0 1 0 0
