0.20
53 74 105 126 156 178 208 230 261 282 313 334 364 386 416 438 469 490 520 541 572 593 624 645 676 697 728 749 779 801 831 852 883 904 935 956 987 1008 1038 1060 1091 1112 1142 1163 1194 1216 1246 1268 1298 1319 1350 1372 1402 1423 1453 1475 1507 1528 1558 1580 1611 1632 1663 1684
17 38 52 92 113 134 174 196 218 257 278 300 342 364 386 422 444 465 510 531 552 590 611 632 676 697 718 755 776 798 842 864 884 922 944 965 1008 1030 1051 1088 1110 1131 1174 1196 1217 1256 1277 1298 1341 1362 1384 1422 1443 1464 1506 1527 1549 1590 1612 1633 1673 1694 1715 1755 1777 1798 1837 1859 1881 1923 1945 1966 2003 2025 2046 2089 2111 2132 2170 2192 2213 2253 2274 2295
3 2 0 1 0 1 0 1
3 4 0 1 0 0 0 0
3 5 0 0 1 0 1 1
3 6 1 0 0 0 0 1
3 7 1 0 1 1 0 0
3 8 0 1 0 1 1 0
3 10 0 0 0 0 1 1
3 11 0 1 1 1 0 0
3 12 0 1 0 1 0 0
3 13 1 0 0 1 0 1
3 15 0 1 1 1 0 0
3 16 0 1 1 1 1 0
3 17 1 1 0 1 1 0
3 19 0 1 0 0 0 1
3 20 1 1 0 1 0 1
3 22 0 1 0 0 0 0
3 23 0 1 1 1 1 0
3 24 0 0 0 1 0 1
3 25 0 0 1 1 0 0
3 26 0 0 0 1 0 1
3 28 1 1 0 1 0 0
3 30 0 1 0 1 0 1
4 1 1 1 0 0 0 1
4 2 0 1 0 1 1 0
4 3 0 0 1 0 1 0
4 4 1 1 0 1 1 1
4 6 0 1 1 1 1 0
4 7 0 0 0 1 0 1
4 8 1 1 0 0 0 1
4 10 0 1 0 0 0 0
4 11 0 1 0 0 1 1
4 12 1 1 0 1 1 0
4 13 0 0 1 0 1 1
4 14 0 1 1 1 0 0
4 16 1 0 1 0 0 1
4 17 0 0 0 1 0 1
4 19 1 0 0 0 1 0
4 20 0 0 0 1 1 1
4 22 1 1 1 0 0 1
4 23 1 1 0 1 1 1
4 24 0 0 1 1 0 0
4 25 1 1 0 1 1 0
4 27 0 1 0 0 1 1
4 28 1 1 0 1 0 0
4 30 1 1 0 0 0 1
5 1 0 0 1 0 1 0
5 2 1 0 0 1 0 1
5 3 0 1 1 0 0 1
5 4 0 1 1 1 0 0
5 5 1 1 1 0 1 0
5 7 0 1 0 1 0 1
5 9 0 0 0 0 1 1
5 10 0 1 0 0 1 0
5 12 0 1 1 1 0 0
5 13 0 0 0 0 1 1
5 14 1 1 0 0 0 1
5 16 0 0 1 1 1 0
5 17 1 1 0 1 0 1
5 18 0 0 0 0 1 1
5 19 0 1 0 0 0 0
5 20 1 0 1 1 1 1
5 21 0 0 0 1 0 1
5 22 0 0 1 0 1 0
5 23 1 1 0 0 1 1
5 25 1 1 0 1 0 0
5 27 0 0 1 0 1 1
5 28 0 0 0 1 1 0
5 29 1 1 1 0 1 0
5 30 1 1 0 1 1 0
6 2 0 0 0 0 1 0
6 3 0 1 0 0 0 1
6 4 1 1 0 1 0 1
6 6 0 0 0 0 1 1
6 7 1 0 1 1 1 1
6 8 0 0 1 1 0 0
6 9 1 1 0 1 0 1
6 11 0 1 0 0 0 0
6 12 1 0 1 1 0 0
6 13 0 0 0 1 0 1
6 15 1 1 1 1 0 1
6 16 0 0 0 1 0 1
6 17 1 0 1 1 0 0
6 18 0 0 0 1 0 1
6 19 0 0 1 1 1 1
6 20 1 0 0 0 1 1
6 22 0 1 1 1 1 1
6 23 0 1 1 1 0 0
6 24 0 1 0 1 0 0
6 25 1 1 0 1 1 0
6 27 0 0 0 0 1 1
6 28 1 0 1 1 1 1
6 29 0 0 1 1 0 1
6 30 0 0 0 1 1 0
7 3 0 1 1 1 1 0
7 4 1 0 1 0 1 1
7 5 1 0 0 1 0 1
7 7 0 0 1 0 1 0
7 8 0 0 0 1 0 1
7 10 0 1 0 1 0 1
7 12 0 1 0 0 0 1
7 13 1 1 0 1 0 1
7 15 0 1 0 0 0 0
7 16 0 1 1 1 1 1
7 17 1 1 0 0 1 0
7 18 0 1 1 1 1 1
7 19 1 1 0 1 1 1
7 21 1 1 0 1 0 0
7 23 0 0 1 1 1 1
7 24 0 0 0 1 1 1
7 25 0 0 1 1 0 1
7 26 1 0 0 1 1 0
7 28 1 1 1 1 0 1
7 29 0 0 0 1 0 1
7 30 1 0 0 0 1 0
8 2 1 1 1 0 0 1
8 3 1 1 0 1 0 1
8 4 0 0 0 0 0 1
8 5 1 0 0 0 0 1
8 7 0 1 0 1 0 1
8 9 0 1 0 0 0 0
8 10 0 0 1 1 1 0
8 11 1 1 0 1 0 1
8 13 0 1 0 0 0 1
8 14 1 1 0 1 0 0
8 15 1 1 1 0 1 0
8 16 0 1 0 1 1 0
8 18 1 0 0 0 1 0
8 19 0 0 1 0 1 0
8 20 0 0 0 1 0 1
8 22 0 0 0 0 1 0
8 23 0 1 1 1 1 0
8 24 1 0 0 0 1 0
8 25 0 0 0 1 1 1
8 27 0 0 1 0 1 0
8 28 1 0 0 1 0 1
8 29 0 1 1 0 0 1
8 30 0 1 1 1 0 0
9 2 1 1 1 0 1 0
9 3 0 1 0 1 1 0
9 5 0 0 1 0 1 0
9 6 1 1 0 1 1 0
9 7 1 0 0 0 1 0
9 9 0 1 1 1 0 0
9 10 0 0 1 1 0 1
9 11 0 0 0 1 1 0
9 12 0 1 1 1 0 0
9 14 0 0 1 0 1 0
9 15 1 0 0 0 0 1
9 17 0 1 0 0 0 0
9 18 1 0 1 1 0 1
9 19 0 0 1 0 1 0
9 20 1 0 0 0 0 1
9 22 1 1 1 1 1 0
9 23 0 1 0 1 1 0
9 24 1 0 0 0 1 0
9 25 0 1 0 1 1 0
9 27 0 1 0 1 0 1
9 29 0 1 0 1 0 1
9 30 0 1 1 1 0 0
10 1 0 1 0 1 0 1
10 3 0 1 0 0 0 0
10 4 0 1 1 1 0 1
10 5 0 1 0 0 1 1
10 6 0 1 0 1 1 0
10 8 0 0 1 0 1 0
10 9 0 0 0 1 1 1
10 10 0 1 1 1 1 0
10 12 1 0 0 0 1 0
10 13 0 0 0 1 1 1
10 15 0 1 1 1 0 1
10 16 0 0 0 1 0 0
10 17 0 0 1 1 0 1
10 19 1 1 0 1 0 0
10 21 0 1 0 1 0 1
10 23 0 1 1 1 0 0
10 24 0 0 0 0 1 1
10 25 1 1 0 0 0 1
10 26 0 0 0 0 0 1
10 27 0 1 0 0 0 0
10 28 0 1 0 0 0 1
10 29 1 1 0 1 0 0
10 30 0 0 1 0 0 1
11 2 0 1 0 0 0 1
11 3 1 1 0 0 1 1
11 4 1 0 0 0 0 0
11 6 0 1 0 0 0 1
11 7 0 0 0 1 1 0
11 9 0 1 1 0 0 1
11 10 1 1 0 0 1 0
11 12 1 1 0 0 0 1
11 13 1 1 0 1 1 0
11 15 1 0 1 1 0 0
11 16 0 0 0 1 0 1
11 18 1 1 1 1 0 1
11 19 0 0 0 1 0 1
11 20 0 0 0 0 1 1
11 21 1 1 1 1 1 0
11 22 1 0 0 0 1 0
11 24 0 0 1 1 0 1
11 25 1 1 0 1 1 1
11 27 0 0 1 1 0 0
11 28 0 1 0 1 1 0
11 29 0 1 0 0 1 1
11 30 1 1 0 1 1 0
12 1 0 1 1 1 0 0
12 2 0 0 1 1 0 1
12 3 0 0 0 1 1 0
12 5 0 0 1 0 1 0
12 6 1 0 0 0 0 1
12 7 0 0 0 0 0 1
12 8 0 1 0 0 0 0
12 9 0 1 0 1 0 1
12 11 1 1 0 0 0 1
12 12 0 0 0 1 1 1
12 13 0 0 1 0 1 0
12 14 1 1 0 1 0 0
12 15 1 1 1 1 1 0
12 16 1 1 0 1 1 0
12 18 1 1 1 0 1 0
12 19 0 1 1 1 0 0
12 21 0 1 0 0 0 0
12 22 1 1 0 0 0 1
12 23 1 1 0 1 0 0
12 24 0 0 0 0 0 1
12 25 0 0 1 1 1 1
12 26 1 1 0 1 1 0
12 28 0 1 1 0 0 1
12 29 1 0 0 1 0 1
12 30 0 0 1 0 0 1
13 1 0 0 1 0 1 1
13 2 1 0 0 0 0 1
13 4 0 0 1 1 1 1
13 5 0 0 0 1 0 1
13 7 0 0 0 0 1 1
13 8 1 0 1 0 1 0
13 9 0 0 1 1 0 1
13 10 0 0 0 1 1 0
13 12 0 1 1 0 0 1
13 13 1 1 0 0 1 0
13 15 1 1 0 1 0 0
13 16 0 1 1 1 1 0
13 17 0 0 0 0 0 1
13 18 0 1 0 0 0 0
13 19 0 1 0 0 0 1
13 20 1 0 0 1 0 1
13 22 0 0 1 1 1 0
13 23 1 1 0 1 0 1
13 25 0 0 1 0 1 0
13 26 0 0 0 1 1 1
13 27 0 1 0 0 0 1
13 28 1 1 0 1 0 0
13 29 1 1 1 0 1 0
13 30 0 1 0 1 1 0
14 1 0 1 0 0 1 1
14 2 1 0 0 1 0 1
14 4 0 1 1 1 1 1
14 5 1 1 0 0 1 1
14 6 1 0 0 0 1 0
14 8 1 0 1 1 0 0
14 9 1 1 0 1 1 0
14 10 1 1 0 0 0 1
14 11 0 0 0 1 0 1
14 13 0 1 1 0 0 1
14 14 1 1 0 0 1 0
14 16 1 1 0 1 0 0
14 17 0 1 1 1 1 0
14 19 0 1 0 0 0 0
14 20 0 0 1 1 0 1
14 21 1 0 0 0 0 1
14 23 1 1 0 1 0 0
14 25 1 1 1 0 1 0
14 26 0 1 1 1 0 1
14 28 1 0 1 0 1 0
14 29 0 0 0 1 0 1
14 30 0 0 1 0 0 1
15 1 1 0 1 1 1 0
15 2 1 1 0 1 1 0
15 3 0 1 1 0 0 1
15 4 1 1 0 0 1 0
15 6 1 0 1 1 0 0
15 7 1 1 0 1 1 0
15 8 0 0 1 1 0 0
15 9 1 1 0 0 1 1
15 11 0 1 1 0 0 1
15 12 1 1 0 0 1 0
15 14 0 1 1 1 1 0
15 16 1 0 1 0 1 0
15 17 0 1 0 1 1 0
15 19 0 1 0 0 0 0
15 20 1 0 0 0 1 0
15 21 0 0 0 1 0 1
15 22 1 0 0 0 1 0
15 23 1 0 0 1 1 1
15 25 0 1 0 0 0 1
15 26 1 0 0 1 1 0
15 28 1 1 0 0 0 1
15 29 0 1 1 1 1 0
15 30 1 1 0 1 1 0
16 2 1 1 0 0 0 1
16 3 0 1 0 1 1 0
16 5 1 1 0 0 0 1
16 7 0 0 1 1 0 1
16 8 1 0 0 0 0 1
16 9 0 0 1 1 0 1
16 10 0 0 0 1 1 0
16 11 0 1 1 0 0 1
16 12 1 1 0 0 1 0
16 14 0 1 1 1 1 0
16 15 1 1 0 1 1 0
16 17 0 1 0 0 0 0
16 18 0 0 1 1 1 0
16 19 1 1 1 0 0 1
16 20 0 1 1 1 0 0
16 22 1 1 0 1 0 0
16 24 1 0 0 0 1 0
16 25 1 1 0 1 0 0
16 26 1 1 1 0 0 1
16 27 1 0 0 1 1 0
16 29 1 1 1 0 1 0
16 30 0 1 0 1 1 1
17 1 0 1 1 1 1 1
17 2 0 1 1 1 0 0
17 4 1 0 1 1 1 1
17 5 0 0 0 1 0 1
17 6 0 0 0 0 1 0
17 7 1 1 1 1 1 0
17 9 0 0 1 1 0 0
17 10 0 0 0 1 0 1
17 11 0 0 1 1 1 1
17 12 1 1 0 1 1 0
17 14 1 1 0 1 0 0
17 16 0 1 1 0 0 1
17 17 1 1 0 0 1 0
17 19 0 0 1 0 1 0
17 20 1 1 0 1 1 0
17 21 1 0 0 0 1 0
17 23 1 1 1 0 1 0
17 24 0 0 0 1 0 0
17 25 0 0 1 1 1 0
17 27 0 1 1 0 0 0
17 28 1 0 1 1 0 0
17 29 0 0 0 1 1 0
17 30 0 0 1 0 0 1
18 2 1 1 0 0 0 1
18 3 0 0 0 1 1 1
18 4 0 0 1 1 0 1
18 5 0 0 0 1 1 0
18 6 0 1 0 1 0 1
18 7 0 1 1 1 0 1
18 9 0 1 0 1 0 0
18 11 1 1 1 0 1 0
18 12 0 1 1 1 0 0
18 14 0 1 0 0 0 0
18 15 1 0 1 0 1 1
18 16 1 0 0 1 1 1
18 17 0 0 0 1 0 0
18 18 1 0 0 0 0 1
18 20 1 1 0 1 0 0
18 22 0 0 0 0 1 1
18 23 0 0 1 1 0 1
18 24 0 0 0 0 0 1
18 25 1 0 0 0 1 0
18 26 0 1 0 1 1 0
18 28 0 0 1 0 1 0
18 29 1 0 0 0 0 1
18 30 0 0 1 0 0 1
19 3 0 1 0 0 0 1
19 4 1 1 0 1 0 0
19 5 1 1 1 0 1 0
19 6 0 1 0 1 1 0
19 8 1 0 1 1 0 1
19 9 0 0 1 0 1 0
19 10 1 0 0 0 0 1
19 12 0 1 1 1 1 0
19 13 1 1 0 1 1 0
19 15 0 1 0 1 0 1
19 17 1 0 1 0 1 0
19 18 0 1 1 1 0 1
19 19 1 0 1 1 0 0
19 20 0 1 0 1 1 0
19 21 0 0 0 0 1 1
19 22 0 1 0 0 0 1
19 23 0 0 1 1 0 1
19 24 1 0 0 0 0 1
19 26 1 1 0 1 0 0
19 28 1 0 0 0 1 0
19 29 1 1 0 1 1 0
19 30 0 1 1 1 0 1
20 1 1 0 1 0 1 0
20 2 0 0 0 1 0 1
20 3 0 0 1 0 1 1
20 4 1 0 0 0 0 1
20 6 0 1 1 1 1 1
20 7 1 1 0 0 1 1
20 8 1 0 0 0 1 0
20 10 0 0 1 1 0 1
20 11 1 0 0 0 0 1
20 12 0 0 1 1 0 1
20 13 0 0 0 1 1 0
20 14 0 1 1 1 1 1
20 15 0 1 1 1 0 0
20 17 0 1 1 0 0 1
20 18 1 1 0 0 1 0
20 20 0 1 1 1 1 0
20 22 0 0 1 0 1 0
20 23 1 0 0 1 0 1
20 24 0 1 1 0 0 1
20 25 0 1 1 1 0 0
20 26 1 1 1 0 1 0
20 28 0 0 1 0 0 1
20 29 0 0 1 1 1 0
20 30 1 1 0 1 0 1
21 3 0 0 0 0 1 1
21 4 1 0 0 0 1 0
21 5 0 1 1 1 1 0
21 7 0 1 1 1 1 1
21 8 1 1 0 0 1 1
21 9 1 0 0 0 1 0
21 11 0 0 1 1 0 1
21 12 1 0 0 0 0 1
21 13 0 0 1 1 0 1
21 14 0 0 0 1 1 0
21 15 0 1 1 1 1 1
21 16 0 1 1 1 0 0
21 18 0 1 1 0 0 1
21 19 1 1 0 0 1 0
21 21 0 1 1 1 1 0
21 23 0 1 0 0 0 0
21 24 0 0 1 1 0 1
21 25 1 0 0 0 0 1
21 27 1 1 0 1 0 0
21 29 1 1 1 0 1 0
21 30 0 1 1 1 0 1
22 2 1 0 0 0 1 0
22 3 0 0 0 1 0 0
22 4 1 0 0 0 1 0
22 6 0 0 1 1 0 1
22 7 1 0 0 0 0 1
22 8 0 0 1 1 0 1
22 9 0 0 0 1 1 0
22 10 0 1 1 1 1 1
22 11 0 1 1 1 0 0
22 13 0 1 1 0 0 1
22 14 1 1 0 0 1 0
22 16 0 1 1 1 1 0
22 18 1 0 1 0 1 0
22 19 0 1 0 1 1 0
22 21 0 1 0 0 0 0
22 22 0 1 0 0 1 1
22 23 1 0 0 1 0 1
22 25 1 1 0 1 0 0
22 27 1 0 1 0 1 0
22 28 0 1 0 1 1 0
22 29 0 0 0 0 1 0
22 30 0 0 1 1 0 1
23 1 0 1 0 0 1 1
23 2 0 1 0 1 1 0
23 4 0 1 1 1 0 0
23 5 0 1 1 1 1 1
23 6 1 1 0 1 0 0
23 8 0 1 0 1 0 0
23 9 0 1 0 1 1 0
23 10 0 0 1 0 1 0
23 11 1 0 0 0 0 1
23 13 0 1 0 0 0 0
23 14 0 0 1 1 1 0
23 15 1 1 1 0 0 1
23 16 0 1 1 1 0 0
23 18 1 1 0 1 0 0
23 20 1 0 0 0 1 0
23 21 1 1 0 1 0 0
23 22 1 1 1 0 0 1
23 23 1 0 0 1 1 0
23 25 1 1 0 1 0 0
23 27 0 0 1 1 0 1
23 28 0 0 0 0 1 0
23 29 0 0 1 1 0 1
23 30 0 0 1 0 0 1
24 2 1 0 1 1 0 0
24 3 1 1 0 0 1 1
24 5 1 1 1 0 1 0
24 6 0 0 0 1 0 0
24 7 0 0 1 1 1 0
24 9 0 1 1 1 0 0
24 10 0 0 0 0 0 1
24 11 1 0 0 0 0 1
24 13 0 1 0 0 0 0
24 14 1 1 0 1 0 0
24 16 0 0 0 0 1 0
24 17 0 1 1 1 1 0
24 18 1 0 0 0 1 0
24 19 0 0 0 1 1 1
24 21 1 1 0 1 0 0
24 23 0 1 1 0 0 1
24 24 1 0 0 1 1 0
24 25 0 1 1 0 1 0
24 26 1 1 0 1 1 1
24 28 0 0 0 0 1 0
24 29 0 0 1 1 0 1
24 30 0 0 1 0 0 1
25 2 0 0 0 0 1 1
25 3 1 0 0 1 0 0
25 5 0 1 0 0 1 1
25 6 1 1 0 1 0 0
25 7 0 1 1 1 1 1
25 8 0 1 1 1 0 0
25 10 1 0 0 0 1 0
25 12 0 1 1 0 0 1
25 13 1 0 0 1 0 1
25 14 0 1 0 0 0 1
25 15 1 1 0 0 1 1
25 17 0 0 0 0 0 1
25 18 0 1 1 1 0 0
25 20 0 1 0 0 0 0
25 21 0 0 1 1 0 0
25 22 0 1 0 1 1 0
25 23 1 0 0 0 1 0
25 24 1 0 0 1 1 1
25 26 1 1 0 1 0 0
25 28 1 1 1 0 0 1
25 29 0 1 1 1 0 0
25 30 0 0 1 0 0 1
26 4 0 0 1 1 0 1
26 5 1 1 0 1 1 1
26 6 1 0 1 1 0 0
26 7 0 1 0 1 1 0
26 9 0 0 1 0 1 0
26 10 1 1 0 1 0 0
26 12 0 0 0 1 1 0
26 13 1 1 0 1 1 0
26 14 0 0 0 0 1 1
26 15 0 1 1 1 0 1
26 16 0 0 1 1 0 1
26 17 0 0 0 1 1 0
26 18 0 0 1 1 0 0
26 19 0 0 0 1 0 1
26 21 1 1 0 0 1 0
26 22 0 1 0 1 1 0
26 24 0 1 1 1 1 0
26 25 1 1 0 1 1 0
26 27 0 1 0 0 0 0
26 28 1 0 0 0 1 0
26 29 1 1 0 1 1 0
26 30 0 0 1 0 0 1
27 3 0 0 1 0 1 0
27 4 1 0 0 1 0 1
27 5 0 1 1 0 0 1
27 6 0 1 1 1 0 0
27 8 1 0 1 0 0 1
27 9 1 1 0 1 1 0
27 11 1 1 1 0 0 1
27 12 1 1 0 1 0 1
27 13 0 0 1 1 0 1
27 14 0 0 0 1 1 0
27 16 0 1 0 1 0 1
27 18 1 0 0 0 1 0
27 19 0 1 0 1 0 1
27 20 1 0 0 0 1 1
27 22 0 1 1 0 0 0
27 23 1 0 1 0 1 0
27 24 0 0 0 1 1 1
27 26 1 0 1 1 0 1
27 27 0 1 0 1 1 0
27 28 0 0 0 0 0 1
27 29 0 1 1 1 1 1
27 30 1 1 0 1 1 0
