0.20
29 50 80 101 131 153 183 205 235 257 288 309 339 361 391 412 443 464 495 516 547 568 598 619 650 672 702 723 754 776 806 827 858 880 910 931 962 983 1014 1035 1065 1086 1117 1139 1169 1191 1220 1242 1273 1294 1325 1346 1376 1398 1429 1450 1480 1501 1532 1554 1584 1606 1636 1657
59 80 101 142 164 185 225 246 267 311 332 353 390 411 432 477 499 520 558 579 600 645 666 687 723 745 766 809 831 852 890 912 933 976 998 1019 1057 1078 1099 1142 1163 1185 1225 1246 1267 1307 1328 1350 1390 1411 1432 1472 1493 1514 1555 1577 1597 1637 1659 1679 1719 1740 1761 1801 1823 1845 1888 1910 1930 1969 1990 2010 2053 2075 2096 2134 2156 2176 2219 2240 2261
2 13 1 0 1 1 1 1
2 14 0 0 1 1 1 1
2 15 1 1 0 1 0 0
2 17 0 0 0 0 1 1
2 18 1 0 0 0 1 1
2 19 1 0 0 0 1 0
2 20 1 1 0 1 0 0
4 2 1 1 0 0 0 0
4 3 0 0 0 0 1 1
4 4 0 1 0 0 0 0
4 5 1 0 1 0 1 0
4 6 1 1 0 0 1 1
4 7 0 0 0 0 0 1
4 8 0 0 1 1 0 1
4 9 0 1 0 0 0 1
4 10 1 1 0 1 0 0
4 12 1 0 0 0 1 0
4 13 1 1 0 1 0 0
4 14 1 0 1 1 0 0
4 15 1 1 0 0 1 1
4 17 0 1 0 0 0 0
4 18 1 0 0 0 1 0
4 19 1 1 0 1 0 0
4 20 1 0 1 1 0 0
4 21 1 1 0 0 1 1
4 22 1 1 0 0 0 1
4 23 0 1 0 1 1 0
4 25 1 0 0 0 1 0
4 26 1 1 0 0 1 1
4 27 0 0 0 0 0 1
4 28 0 0 1 1 0 1
4 29 1 1 0 0 0 0
5 2 0 1 1 0 0 1
5 3 1 1 0 0 1 0
5 5 0 1 0 1 0 0
5 7 0 1 0 1 0 1
5 8 1 0 0 0 1 1
5 9 0 1 1 0 1 0
5 10 0 1 0 1 0 1
5 12 0 1 1 1 0 0
5 14 0 1 0 0 0 0
5 15 0 1 1 1 0 1
5 16 0 0 1 1 0 0
5 17 1 1 0 1 1 0
5 19 1 1 0 1 0 0
5 21 0 1 0 1 0 1
5 22 0 1 0 1 1 0
5 23 0 1 1 0 0 1
5 24 0 1 1 1 0 0
5 26 0 1 1 1 0 0
5 28 1 0 1 0 0 1
5 29 1 1 0 1 1 0
5 30 1 0 0 0 1 0
5 31 0 1 0 1 1 0
6 3 1 0 0 0 1 0
6 4 0 0 1 0 1 0
6 5 0 0 0 1 0 1
6 7 0 1 0 0 0 0
6 8 1 0 1 0 0 1
6 9 1 1 0 1 1 0
6 10 0 0 0 0 1 1
6 11 0 1 1 1 0 0
6 12 0 0 0 0 0 1
6 13 0 0 0 1 0 0
6 15 0 0 1 0 1 0
6 16 0 1 0 1 1 0
6 18 1 0 1 0 0 1
6 19 1 1 0 1 1 0
6 20 1 0 0 0 1 0
6 21 0 1 0 1 1 0
6 23 0 0 1 0 1 1
6 24 0 1 1 1 0 0
6 25 0 0 1 1 1 0
6 26 0 1 0 1 1 0
6 27 0 0 0 0 1 1
6 28 0 1 0 0 0 0
6 29 1 1 1 0 0 1
6 30 0 1 1 1 0 0
6 31 0 0 1 0 0 1
7 3 1 1 1 0 0 1
7 4 0 1 1 1 0 0
7 6 0 0 1 0 1 1
7 7 1 1 0 1 1 1
7 8 0 0 1 1 1 0
7 9 1 0 0 1 1 1
7 11 0 1 0 0 0 0
7 12 1 0 1 0 1 0
7 13 1 1 0 0 1 1
7 14 1 0 1 0 1 0
7 15 0 0 0 1 1 0
7 17 1 1 1 0 0 1
7 18 0 1 1 1 0 0
7 19 0 1 1 0 0 1
7 20 1 1 0 0 1 0
7 22 0 1 1 1 0 0
7 23 0 0 1 1 0 0
7 24 1 1 0 1 1 0
7 26 0 1 1 0 0 1
7 27 1 0 0 1 0 1
7 28 0 1 0 1 0 1
7 30 0 0 0 0 0 1
7 31 0 1 1 1 0 0
8 23 0 0 0 0 1 1
8 24 0 1 0 0 0 0
8 25 1 1 1 0 1 0
8 26 1 0 1 0 1 0
8 27 0 0 0 1 1 0
8 29 0 1 0 1 0 1
8 30 0 1 0 1 1 0
8 31 0 0 1 0 0 1
9 2 0 0 0 0 1 1
9 3 0 1 1 1 0 0
9 4 0 0 0 0 0 1
9 5 0 0 1 1 0 0
9 7 0 1 1 1 1 0
9 9 0 1 0 1 0 0
9 11 0 1 0 0 0 0
9 12 0 1 1 0 0 1
9 13 0 0 0 1 1 0
9 14 1 0 1 0 0 1
9 15 1 1 0 1 1 0
9 17 1 0 1 0 0 1
9 18 0 1 0 1 1 0
9 19 1 1 1 1 1 1
9 20 0 1 0 1 1 0
9 22 0 1 1 1 1 0
9 24 1 0 1 1 1 1
9 25 0 0 1 1 1 1
9 26 1 1 0 1 0 0
9 28 0 1 1 0 0 1
9 29 0 0 0 1 1 0
10 2 1 0 1 1 0 1
10 3 0 1 1 0 0 1
10 4 0 1 1 1 0 1
10 6 0 1 1 1 0 0
10 8 0 1 0 0 1 0
10 9 0 0 1 0 1 0
10 10 0 0 0 1 0 1
10 12 1 0 0 0 1 0
10 13 0 0 1 1 0 1
10 14 1 0 0 0 0 1
10 16 1 1 0 0 0 1
10 18 0 1 0 0 0 0
10 19 0 0 0 0 1 0
10 20 0 1 1 1 0 0
10 22 1 0 0 0 1 0
10 23 0 1 0 1 1 0
10 24 1 1 1 0 1 1
10 25 0 1 0 1 1 0
10 26 0 0 0 0 1 1
10 27 0 1 0 0 0 0
10 28 0 1 1 0 0 1
10 29 0 0 0 1 1 0
10 30 1 0 1 0 0 1
10 31 1 1 0 1 1 0
11 3 0 0 1 0 1 0
11 4 1 1 0 1 1 0
11 5 0 0 1 1 0 0
11 6 0 1 0 1 1 0
11 8 0 0 1 1 0 1
11 9 0 1 1 0 0 1
11 10 1 1 0 0 1 0
11 12 1 0 1 1 0 0
11 13 0 1 0 1 1 0
11 14 0 0 1 1 1 1
11 15 1 0 0 0 0 1
11 17 0 1 1 0 1 0
11 18 1 0 0 0 0 1
11 20 0 0 1 1 0 1
11 21 1 1 0 0 1 1
11 22 0 1 1 0 1 0
11 23 1 1 0 1 1 1
11 25 1 0 1 0 0 1
11 26 1 1 0 1 1 0
11 27 1 0 0 0 1 0
11 28 0 1 0 1 1 0
11 30 1 0 0 0 1 0
11 31 0 1 1 1 0 1
12 3 0 0 0 0 1 0
12 4 1 0 1 1 0 0
12 5 0 0 0 0 0 1
12 6 1 0 1 0 0 1
12 8 1 1 0 1 0 0
12 10 1 1 1 1 1 1
12 11 0 1 0 1 1 0
12 12 0 0 1 1 0 0
12 13 0 1 0 1 1 0
12 14 0 0 1 0 1 0
12 15 1 1 0 1 1 0
12 17 0 0 0 0 0 1
12 18 1 0 0 0 1 0
12 20 0 0 1 0 1 0
12 21 0 1 0 1 1 0
12 22 0 0 1 1 0 1
12 23 1 1 0 0 1 0
12 25 0 1 1 1 0 0
12 27 0 0 0 0 1 1
12 28 0 1 1 1 1 0
12 30 0 1 0 0 0 0
12 31 1 1 0 1 0 0
13 3 1 1 1 0 1 0
13 4 0 1 0 1 1 0
13 5 1 0 0 0 1 0
13 6 1 1 0 0 1 1
13 8 1 0 0 0 1 0
13 9 0 0 1 1 0 1
13 10 1 0 0 0 0 1
13 12 1 1 0 0 0 1
13 13 1 0 1 0 1 0
13 14 0 1 0 1 1 0
13 16 0 1 0 0 0 0
13 17 1 1 0 1 0 0
13 19 1 0 1 1 0 1
13 20 0 1 0 1 1 0
13 21 0 0 1 1 0 0
13 22 0 1 0 1 1 0
13 24 0 0 1 1 0 1
13 25 0 1 1 0 0 1
13 26 1 1 0 0 1 0
13 28 0 1 0 0 1 1
13 29 0 1 1 1 0 1
13 30 0 0 1 1 0 1
13 31 1 0 0 0 1 1
14 12 0 0 0 0 1 1
14 13 0 1 0 0 0 0
14 14 0 0 1 1 1 1
14 15 1 1 0 1 1 0
14 16 1 0 1 1 0 0
14 17 1 0 0 1 0 1
14 18 1 1 1 1 1 1
14 19 0 1 0 1 1 0
14 21 1 1 0 1 0 0
14 23 0 1 1 0 0 1
14 24 0 0 0 1 1 0
14 25 1 0 1 0 0 1
14 26 1 1 0 1 1 0
14 28 0 0 0 0 1 1
14 29 0 1 1 1 0 0
14 30 0 0 0 0 0 1
14 31 0 0 1 1 0 0
16 15 0 0 1 1 0 1
16 16 1 1 0 1 0 0
16 17 0 0 0 0 1 1
16 18 1 1 1 0 1 1
18 7 0 0 0 0 1 1
18 8 0 0 1 0 0 1
18 9 0 0 0 0 1 0
18 10 1 1 1 0 0 1
18 11 0 0 1 0 0 1
18 12 0 1 1 0 0 0
18 13 0 1 1 0 0 1
18 14 1 1 0 0 1 0
18 15 0 0 1 0 1 1
18 16 0 1 1 1 0 0
18 18 1 0 0 0 1 1
18 19 1 0 0 0 1 0
18 20 1 1 0 1 0 1
18 21 0 0 0 1 0 0
18 22 1 1 1 0 1 0
18 25 1 0 0 1 0 0
18 26 0 0 0 1 0 0
18 27 1 1 1 0 0 1
19 13 0 0 0 0 1 1
19 14 0 0 1 0 0 0
19 15 1 0 1 1 1 1
19 16 0 1 0 1 1 0
19 17 0 1 0 1 0 0
19 18 1 1 0 1 1 0
19 19 0 0 0 0 0 1
19 20 0 1 1 0 0 0
20 14 1 0 1 1 1 0
20 15 0 0 0 0 1 0
20 16 0 0 0 1 1 0
20 17 0 0 0 0 1 1
20 18 0 1 1 1 0 0
20 19 0 1 0 0 0 1
20 20 0 1 0 1 0 0
22 3 1 1 0 0 0 1
22 5 0 0 0 0 0 1
22 6 0 0 1 0 1 0
22 7 1 0 0 0 0 1
22 8 1 0 1 0 1 0
22 9 1 1 0 1 0 0
22 10 1 0 0 0 1 0
22 11 0 0 0 1 1 1
22 12 0 1 0 0 1 1
22 13 1 1 0 1 1 0
22 15 0 0 1 0 1 0
22 16 1 1 0 1 1 0
22 17 1 0 0 0 1 0
22 19 0 1 0 0 0 0
22 20 0 0 1 0 1 1
22 21 0 1 1 1 0 0
22 23 0 0 1 1 0 0
22 24 1 1 0 0 1 1
22 25 0 1 0 0 0 1
22 26 1 0 0 1 1 0
22 28 1 0 1 0 1 0
22 29 0 1 1 1 0 1
23 5 0 0 1 0 1 1
23 6 0 0 0 1 1 0
23 7 1 0 0 0 1 0
23 9 1 1 0 1 0 0
23 11 0 1 1 0 0 1
23 12 1 1 0 0 1 0
23 13 1 0 1 0 1 0
23 14 1 1 0 1 0 0
23 15 0 1 0 1 0 0
23 16 1 1 0 1 1 0
23 18 1 0 1 1 1 0
23 19 0 1 0 1 1 0
23 20 0 0 1 0 1 0
23 21 1 1 0 1 1 0
23 23 0 0 0 1 0 0
23 24 1 1 1 0 1 1
23 25 1 0 0 0 1 0
23 26 0 0 0 1 0 1
23 28 0 1 0 0 1 1
23 29 1 0 0 0 0 1
23 30 0 0 0 0 1 1
23 31 0 0 1 1 1 1
24 2 0 0 0 0 1 1
24 3 0 1 0 0 0 0
24 4 1 0 1 0 1 0
24 5 0 0 0 1 0 1
24 6 0 0 1 1 1 1
24 7 1 0 0 0 0 1
24 9 0 0 0 0 0 1
24 10 1 0 0 1 0 0
24 12 0 1 1 1 1 0
24 13 1 1 0 1 1 0
24 15 1 1 1 0 0 1
24 16 1 0 0 1 1 0
24 17 1 1 0 0 0 1
24 18 1 1 0 1 1 0
24 20 0 0 0 0 0 1
24 21 1 0 0 0 1 1
24 22 1 1 1 0 0 1
24 23 0 1 1 1 0 0
24 25 0 0 1 0 1 1
24 26 1 1 0 1 1 1
24 27 1 0 0 0 1 0
24 29 0 1 0 0 0 0
24 30 0 1 1 1 1 1
24 31 1 1 0 0 1 0
25 3 1 1 0 1 0 0
25 5 0 0 1 1 0 1
25 6 1 0 0 1 1 0
25 7 1 0 0 0 1 0
25 8 0 0 0 1 0 1
25 10 0 0 1 1 1 1
25 11 0 0 0 1 1 1
25 12 0 0 1 0 1 0
25 13 0 0 0 1 1 0
25 15 0 1 0 0 0 0
25 16 0 0 1 1 0 1
25 17 1 1 0 0 1 1
25 18 0 1 1 0 1 0
25 19 1 1 0 1 1 1
25 21 1 1 0 1 0 0
25 23 0 1 0 1 0 0
25 24 0 0 0 1 1 1
25 25 1 0 0 0 1 0
25 26 1 1 0 1 1 0
25 28 0 0 1 0 1 1
25 29 1 0 0 0 0 1
25 30 0 0 1 1 1 0
25 31 1 1 0 1 1 0
26 3 0 1 1 0 0 1
26 4 1 1 0 0 1 0
26 6 0 0 0 0 0 1
26 7 0 0 1 1 1 0
26 9 0 1 0 0 0 0
26 10 1 0 1 0 0 1
26 11 1 1 0 1 1 0
26 12 0 1 0 1 0 0
26 13 1 1 0 1 1 0
26 15 1 1 0 1 0 0
26 17 1 1 0 0 0 1
26 18 0 0 0 1 1 1
26 19 0 0 0 0 1 1
26 20 1 0 0 0 1 0
26 22 0 0 1 1 0 1
26 23 0 1 0 1 1 0
26 24 0 0 1 1 0 1
26 25 1 1 0 1 1 1
26 27 0 1 0 0 0 0
26 28 0 1 0 1 0 0
26 29 1 1 0 1 1 0
26 30 0 0 1 1 0 0
26 31 0 0 0 1 0 1
27 2 0 0 0 1 0 0
27 3 1 1 1 0 0 1
