0.10
9 30 61 82 113 135 165 187 217 238 269 291 321 343 372 394 425 446 477 498 528 550 580 601 632 653 684 705 736 757 788 809 839 861 891 912 943 965 995 1016 1047 1068 1099 1120 1151 1172 1202 1224 1254 1276 1306 1327 1358 1379 1410 1431 1462 1483 1513 1535 1566 1587 1618 1639 1670 1691
55 76 97 138 160 180 221 243 264 306 328 349 386 408 429 473 495 516 554 576 596 640 662 683 720 741 762 806 828 849 887 909 930 973 995 1016 1054 1075 1096 1139 1160 1182 1221 1242 1264 1305 1328 1349 1387 1408 1429 1471 1493 1514 1555 1576 1598 1637 1659 1680 1720 1742 1763 1803 1824 1845 1888 1910 1931 1969 1990 2011 2054 2076 2097 2135 2157 2177 2220 2242 2262
2 3 0 0 1 1 1 1
2 4 1 0 0 0 0 1
2 6 0 1 0 0 0 1
2 7 1 1 0 0 1 1
2 9 0 0 1 0 1 1
2 10 1 1 0 0 1 0
2 12 0 1 0 0 0 0
2 13 0 1 0 1 0 0
2 14 0 1 0 1 1 0
2 16 1 0 1 0 1 0
2 17 0 0 0 1 0 1
2 18 0 0 1 0 1 1
2 19 1 1 0 0 1 0
2 21 1 0 1 1 1 0
2 22 1 1 0 1 1 0
2 23 0 1 0 0 0 1
2 24 1 1 0 1 0 0
2 27 1 1 1 0 1 1
2 28 1 1 0 1 1 0
2 29 0 1 1 0 1 0
2 30 1 1 0 1 1 0
3 4 0 1 1 1 1 1
3 5 1 1 0 1 0 0
3 7 1 0 1 1 1 0
3 8 1 1 0 1 1 0
3 9 0 1 1 0 0 1
3 10 1 1 0 0 1 0
3 12 0 1 0 0 0 0
3 13 0 0 1 0 1 0
3 14 0 0 0 1 0 1
3 15 0 1 0 1 0 1
3 16 0 0 0 1 1 1
3 17 0 0 0 1 1 0
3 18 0 1 0 1 1 0
3 19 0 0 0 0 1 1
3 20 0 1 0 0 0 0
3 21 1 0 1 1 0 0
3 22 0 0 0 1 0 1
3 23 1 0 1 1 0 0
3 24 1 0 0 1 0 1
3 26 1 1 0 1 0 0
3 28 0 1 0 1 0 1
3 30 1 0 1 0 1 0
3 31 0 1 1 1 0 1
3 32 0 0 1 0 0 1
4 3 0 0 0 0 1 1
4 4 1 0 0 0 1 0
4 5 0 0 1 1 0 1
4 6 1 1 0 1 1 0
4 8 0 1 0 1 0 1
4 9 1 1 0 1 1 0
4 10 0 0 0 1 0 1
4 11 0 0 0 1 1 0
4 13 1 0 0 0 1 0
4 14 1 1 0 1 0 1
4 15 0 0 1 0 0 1
4 17 0 0 1 1 0 1
4 18 0 1 0 1 1 0
4 20 1 0 1 1 0 1
4 21 0 0 1 0 1 0
4 22 1 0 0 0 0 1
4 24 0 1 1 1 0 0
4 25 0 1 0 1 0 0
4 27 0 1 0 1 0 1
4 28 0 0 1 0 0 1
4 29 0 0 1 0 0 0
4 30 1 1 1 0 1 0
4 31 0 0 0 0 0 1
4 32 1 0 0 0 1 0
5 4 0 0 1 0 1 0
5 5 0 0 0 1 1 1
5 6 0 1 0 0 1 1
5 7 1 1 0 1 0 0
5 9 0 1 0 0 0 0
5 10 1 0 1 0 1 0
5 11 0 1 0 0 1 1
5 12 0 0 0 1 0 0
5 13 0 1 1 1 0 1
5 15 1 1 0 1 0 0
5 17 0 0 0 0 1 1
5 18 0 0 1 0 1 0
5 19 1 1 1 1 0 0
5 20 0 1 0 1 1 0
5 22 0 0 1 1 0 1
5 23 1 0 0 1 1 0
5 24 1 0 0 0 1 0
5 26 0 0 0 0 1 0
5 27 1 0 0 0 0 1
5 29 0 0 1 1 0 1
5 30 0 1 0 1 1 1
5 31 0 1 1 0 1 1
5 32 1 0 0 0 0 1
6 4 0 1 1 0 0 1
6 5 1 1 0 0 1 0
6 7 1 1 0 1 0 0
6 9 1 0 0 0 1 0
6 10 1 1 0 1 0 1
6 12 0 0 1 1 0 1
6 13 1 1 0 1 1 1
6 14 1 0 0 1 0 0
6 15 0 1 0 1 1 0
6 17 1 1 1 0 1 0
6 18 0 1 0 1 1 0
6 20 0 1 1 1 1 0
6 21 1 1 0 1 1 0
6 23 0 1 0 0 0 0
6 24 0 1 1 1 1 1
6 25 1 1 0 0 1 1
6 26 1 1 1 1 1 0
6 27 1 1 0 1 1 0
6 29 0 1 1 1 1 1
6 30 0 1 0 1 1 0
6 31 1 1 1 0 1 0
6 32 0 1 1 1 0 1
7 4 1 0 1 0 1 0
7 5 0 1 1 1 0 1
7 6 1 0 1 1 0 0
7 7 0 1 0 1 1 0
7 9 1 0 0 0 1 0
7 10 1 1 0 1 0 1
7 12 1 0 0 0 1 0
7 13 0 0 0 1 1 0
7 15 0 1 0 0 0 0
7 16 1 0 1 0 1 0
7 17 0 0 0 1 1 1
7 19 0 0 0 0 1 1
7 20 0 0 1 0 0 1
7 21 0 1 1 0 1 0
7 22 1 1 1 0 0 1
7 23 0 0 1 0 0 1
7 24 0 1 1 0 0 0
7 25 0 0 0 0 0 1
7 26 0 0 1 1 1 0
7 27 0 0 1 0 1 0
7 28 1 0 0 1 0 0
7 30 0 0 0 0 1 0
7 31 1 0 0 1 0 0
7 32 0 0 1 0 0 1
8 3 0 1 1 0 0 1
8 4 1 1 0 0 1 0
8 6 0 0 1 1 0 1
8 7 1 1 0 1 1 1
8 9 1 0 1 1 1 0
8 10 1 1 0 1 1 0
8 11 1 1 1 0 0 1
8 12 1 1 0 1 1 0
8 14 0 0 1 1 0 1
8 15 0 0 0 1 0 1
8 16 0 0 1 1 1 1
8 17 1 0 0 1 0 0
8 19 1 1 0 1 0 0
8 21 0 0 1 0 1 1
8 22 0 1 1 1 0 0
8 24 1 0 1 1 0 0
8 25 1 0 0 1 0 1
8 26 1 1 0 0 0 1
8 27 0 0 0 1 1 0
8 29 0 1 1 0 1 0
8 30 1 0 0 0 0 1
8 31 0 0 1 0 1 0
8 32 1 0 0 0 0 1
9 3 0 0 0 1 0 0
9 4 1 1 1 0 1 1
9 5 0 1 0 0 1 1
9 6 1 0 0 0 0 1
9 8 0 0 1 0 1 0
9 9 1 0 0 0 0 1
9 10 0 0 0 0 1 0
9 11 1 1 0 1 1 1
9 12 1 0 1 1 0 0
9 13 1 1 0 1 1 0
9 15 0 0 1 1 1 1
9 16 1 1 0 0 1 0
9 17 1 1 1 0 1 0
9 18 1 0 0 0 1 1
9 20 1 0 0 0 1 0
9 21 1 1 0 1 0 1
9 23 1 0 1 0 1 0
9 24 0 1 1 1 0 1
9 25 1 0 1 1 0 0
9 26 0 1 0 1 1 0
9 28 0 1 1 0 0 0
9 29 1 1 0 0 0 1
9 30 0 0 0 1 1 1
9 31 0 0 0 0 1 1
9 32 1 0 0 0 1 0
10 4 0 0 1 0 1 1
10 5 0 1 1 1 0 0
10 7 1 1 0 1 0 0
10 9 0 0 1 1 0 0
10 10 0 1 0 1 1 0
10 11 0 0 1 1 0 1
10 12 0 0 0 1 1 0
10 14 0 0 1 0 1 0
10 15 1 1 0 1 1 0
10 16 0 0 1 0 1 0
10 17 1 0 0 0 0 1
10 19 0 1 1 0 1 0
10 20 1 0 0 1 0 0
10 22 1 1 0 0 0 1
10 24 0 0 1 1 0 0
10 25 1 1 0 1 0 0
10 26 1 0 0 0 1 0
10 28 0 1 0 0 0 0
10 29 0 1 0 0 0 1
10 30 1 0 0 1 1 0
10 31 0 0 1 1 0 1
10 32 1 1 0 1 1 1
11 4 0 0 1 0 1 0
11 5 0 0 0 1 1 1
11 6 0 1 0 0 1 1
11 7 1 1 0 1 0 0
11 9 0 1 0 0 0 0
11 10 1 0 1 0 1 0
11 11 0 0 0 1 1 1
11 13 0 1 1 1 1 1
11 14 1 1 0 0 1 0
11 16 0 0 1 0 1 1
11 17 0 0 0 1 1 0
11 18 1 0 0 0 1 0
11 20 1 0 1 1 1 0
11 21 0 1 0 1 1 0
11 22 0 0 0 0 1 0
11 23 1 1 0 1 1 0
11 25 0 0 1 0 1 1
11 26 0 1 1 1 0 0
11 27 0 1 1 0 0 1
11 28 0 1 1 1 0 0
11 30 0 1 1 0 0 1
11 31 1 1 0 0 1 0
11 32 0 0 1 0 0 1
12 5 0 0 1 0 1 0
12 6 1 0 0 0 0 1
12 8 1 0 0 0 1 0
12 9 0 0 0 1 0 1
12 10 0 0 1 0 1 1
12 11 1 0 0 1 1 0
12 13 1 0 0 0 1 0
12 14 0 0 0 0 1 1
12 15 1 0 1 1 1 1
12 17 0 0 1 1 1 1
12 18 1 1 0 1 0 0
12 19 0 0 1 1 0 1
12 20 0 0 0 1 1 0
12 22 1 0 0 0 1 0
12 23 1 1 0 1 0 1
12 25 0 1 0 0 0 0
12 26 0 1 1 1 1 1
12 27 0 1 0 1 1 0
12 28 0 0 0 0 1 0
12 29 0 1 1 1 0 0
12 31 0 1 0 0 0 1
12 32 1 1 0 1 0 1
13 3 0 0 1 0 1 1
13 4 0 1 1 1 0 0
13 6 0 0 1 1 1 0
13 7 0 1 0 1 1 0
13 8 1 0 1 1 0 1
13 9 0 0 0 1 1 1
13 11 0 1 0 0 1 1
13 12 1 1 0 1 0 0
13 13 0 1 1 1 1 1
13 14 0 1 1 1 0 0
13 16 1 1 1 0 1 0
13 17 0 0 0 1 0 0
13 18 0 0 1 1 1 0
13 20 0 1 0 1 0 0
13 21 0 0 0 1 0 1
13 22 0 1 0 1 1 1
13 24 0 1 0 0 0 0
13 25 0 1 0 0 0 1
13 26 1 0 0 1 1 0
13 27 0 0 1 1 0 1
13 28 1 1 0 1 1 1
13 30 0 1 1 0 1 0
13 31 1 0 0 0 0 1
13 32 0 0 0 0 1 0
14 8 1 0 1 1 0 0
14 9 1 0 0 1 0 1
14 10 0 1 0 1 0 1
14 11 0 1 0 1 1 0
14 13 1 1 1 0 1 0
14 14 0 1 0 1 1 0
14 16 1 0 1 0 1 0
14 17 0 1 0 1 1 0
14 19 0 0 1 1 0 0
14 20 1 1 0 1 0 0
14 21 0 0 1 1 0 1
14 22 0 0 0 1 1 0
14 23 0 1 0 1 0 1
14 24 0 1 1 1 0 0
14 26 0 1 0 0 0 0
14 27 0 1 1 0 1 0
14 28 1 1 0 1 0 0
14 29 0 0 1 1 1 1
14 30 1 1 0 1 1 0
14 32 1 1 0 1 0 0
15 3 0 0 1 1 1 1
15 4 0 0 0 1 0 1
15 6 1 0 0 0 1 0
15 7 1 1 0 1 0 1
15 8 0 0 0 0 1 1
15 9 0 1 0 0 0 0
15 10 1 1 1 1 1 0
15 11 0 0 0 1 0 1
15 12 1 0 1 1 0 0
15 13 0 0 0 1 0 1
15 15 1 1 0 1 0 0
15 17 0 1 1 0 0 1
15 18 1 0 0 1 1 0
15 19 0 0 1 1 0 1
15 20 0 0 0 1 1 0
15 21 1 0 0 0 1 0
15 23 0 1 0 0 0 1
15 24 1 1 0 0 1 1
15 26 0 0 0 0 1 1
15 27 0 0 1 0 0 1
15 28 0 0 1 0 1 0
15 29 1 1 1 0 0 1
15 30 0 0 1 0 0 1
15 31 0 1 1 0 0 0
15 32 0 0 1 0 0 1
16 3 0 1 0 0 0 0
16 4 0 0 0 1 0 0
16 5 0 1 1 1 0 0
16 6 0 1 0 0 1 0
16 7 1 0 0 0 1 1
16 9 0 1 0 0 0 1
16 10 1 1 0 1 0 0
16 11 1 0 1 0 0 1
16 12 1 1 0 1 1 0
16 14 1 1 0 1 0 0
16 16 1 1 1 0 0 1
16 17 1 0 0 1 1 0
16 18 0 1 0 0 1 1
16 19 0 1 1 1 0 1
16 21 1 0 1 1 0 0
16 22 0 0 0 1 1 1
16 23 0 1 0 1 0 0
16 24 1 1 0 1 1 0
16 26 0 0 1 1 1 0
16 27 1 1 0 1 1 0
16 28 1 1 1 0 1 0
16 29 0 1 1 1 0 1
16 31 0 1 0 0 0 1
16 32 1 1 0 0 1 1
17 3 0 0 1 1 0 0
17 4 0 0 0 1 0 1
17 6 0 1 1 0 0 1
17 7 1 1 0 0 1 0
17 8 0 0 1 0 1 1
17 9 0 1 1 1 0 0
17 11 1 1 0 1 0 0
17 13 0 1 0 1 1 0
17 14 0 0 1 1 0 1
17 15 1 0 0 1 1 0
17 17 1 0 1 1 0 1
17 18 0 1 1 0 0 1
17 19 0 1 1 1 0 1
17 21 0 1 0 0 1 0
17 22 0 0 0 1 1 1
17 23 0 0 0 0 1 0
17 24 0 0 1 1 0 1
17 26 0 0 0 0 0 1
17 27 0 1 1 1 0 0
17 29 0 0 0 0 0 1
17 30 1 0 0 0 1 0
17 31 0 0 1 1 0 1
17 32 0 1 1 1 0 1
18 3 0 1 0 0 0 0
18 4 0 0 1 0 1 1
18 5 1 1 0 1 1 1
18 6 0 0 1 1 1 0
18 7 0 1 0 1 1 0
18 9 1 1 0 1 0 0
18 11 0 0 0 0 1 1
18 12 1 0 1 1 0 1
18 13 1 0 0 0 1 0
18 15 0 0 0 0 1 0
18 16 0 1 1 1 0 0
18 17 0 1 0 1 0 0
18 18 1 1 0 0 1 1
18 20 0 0 0 0 0 1
18 21 0 1 1 1 0 0
18 22 1 0 0 0 1 0
18 23 1 1 0 1 1 0
18 25 0 1 0 0 0 0
18 26 0 0 1 1 1 1
18 27 1 1 0 1 1 1
18 28 0 0 1 0 1 1
18 29 1 1 0 1 0 0
18 30 1 0 1 1 1 0
18 31 1 1 0 1 1 0
18 32 0 0 1 0 0 1
19 5 0 0 1 1 1 1
19 6 1 0 0 1 0 1
19 7 0 0 0 0 0 1
19 8 0 1 0 1 0 0
19 10 1 1 0 1 0 0
19 12 0 0 1 1 0 0
19 13 0 0 0 1 0 1
19 14 0 1 1 0 1 0
19 15 1 1 0 0 1 1
19 17 1 0 1 0 1 1
19 18 0 0 0 1 1 1
19 19 0 1 1 0 0 1
19 20 1 1 0 0 1 0
19 22 0 1 0 0 1 1
19 23 1 1 0 1 0 0
19 24 0 0 0 1 0 0
19 25 1 0 0 0 0 1
19 26 0 0 1 1 0 1
19 27 0 0 0 1 1 0
19 29 1 0 1 0 1 0
19 30 0 0 0 1 1 1
19 31 0 1 1 0 1 0
19 32 1 0 0 1 0 0
20 4 0 1 0 0 0 1
20 5 1 0 0 1 1 0
20 7 0 0 0 0 1 1
20 8 1 0 1 0 0 1
20 9 0 0 1 1 0 0
20 10 1 1 0 1 1 0
20 12 1 1 0 1 0 0
20 14 0 1 0 0 0 1
20 15 1 1 0 0 1 1
20 17 1 1 1 0 1 0
20 18 1 1 0 1 0 0
20 20 0 0 1 1 0 1
20 21 0 0 0 1 1 0
20 22 1 1 1 0 0 1
20 23 0 1 0 1 0 1
20 24 0 0 1 1 0 1
20 25 0 0 0 1 1 0
20 27 0 1 0 1 0 0
20 29 0 1 0 0 0 0
20 30 0 1 1 0 0 1
20 31 1 1 0 0 1 0
20 32 0 0 1 0 0 1
21 3 0 1 1 0 0 1
21 4 1 1 0 1 0 0
21 6 1 0 1 0 1 0
21 7 0 1 1 1 0 1
21 9 0 1 1 1 1 1
21 10 1 1 0 1 0 0
21 12 0 1 1 0 0 1
21 13 1 0 0 1 0 1
21 14 0 1 0 1 0 1
21 16 0 1 0 0 0 0
21 17 0 1 1 0 0 1
21 18 1 1 0 0 1 0
21 19 1 0 1 0 1 0
21 20 1 1 0 0 1 1
21 21 0 0 0 0 1 0
21 22 0 1 1 1 1 0
21 23 0 0 0 0 1 1
21 24 0 1 0 0 0 0
21 25 0 0 1 1 1 0
21 26 1 0 0 1 0 1
21 27 1 0 1 1 0 0
21 28 0 0 0 1 1 1
21 30 1 1 1 0 0 1
21 31 0 1 1 1 0 0
21 32 0 0 1 0 0 1
22 10 0 0 0 0 1 1
22 11 0 1 0 0 0 0
22 12 0 1 0 0 0 1
22 13 1 1 0 1 0 0
22 14 1 1 1 0 1 0
22 15 0 1 0 1 1 0
22 17 1 1 0 1 0 0
22 19 0 0 1 0 1 0
22 20 0 1 0 1 1 0
22 21 0 1 0 0 1 0
22 23 1 0 1 0 0 1
22 24 1 1 0 1 1 0
22 25 1 0 0 0 1 0
22 27 0 0 0 0 1 0
22 28 1 1 0 1 0 1
22 30 0 1 1 1 1 1
22 31 0 1 0 1 1 0
22 32 0 0 1 0 0 1
23 3 1 0 1 1 1 0
23 4 0 1 0 1 1 0
23 5 1 0 1 1 0 0
23 6 1 1 0 1 0 0
23 8 1 0 1 1 0 1
23 9 0 1 0 1 1 0
23 11 0 0 1 1 0 0
23 12 1 1 0 1 1 0
23 13 0 0 0 0 0 1
23 14 1 0 0 0 1 0
23 16 1 0 0 0 1 1
23 17 0 0 0 0 1 1
23 18 1 0 0 0 1 0
23 20 1 1 0 1 0 0
23 22 0 1 0 1 0 1
23 25 0 0 1 0 1 0
23 26 0 0 0 1 0 1
23 27 0 1 0 1 0 1
23 28 0 0 0 1 1 1
23 29 1 0 1 1 1 0
23 30 0 1 0 1 1 0
24 3 0 1 0 1 0 0
24 5 0 1 1 0 0 1
24 6 1 0 0 1 0 1
24 7 0 1 0 1 0 1
24 9 0 0 1 0 1 0
24 10 0 0 0 0 0 1
24 11 0 0 0 0 0 1
24 12 1 0 0 0 0 1
24 14 0 0 1 1 0 0
24 15 1 1 0 1 1 0
24 16 0 0 0 0 0 1
24 17 1 0 0 0 1 0
24 19 0 1 0 1 0 0
24 21 0 1 0 1 0 1
24 23 0 1 1 0 0 0
24 24 0 0 1 0 1 0
24 25 0 0 0 1 1 1
24 27 0 1 0 1 0 1
24 28 1 1 0 1 1 0
24 29 0 0 1 1 0 0
24 30 0 0 0 1 1 0
24 31 0 1 0 0 1 1
24 32 1 1 0 1 1 0
25 4 0 1 0 0 1 0
25 5 1 0 0 0 0 1
25 7 1 1 0 0 0 1
25 9 0 0 1 1 0 0
25 10 1 1 0 1 0 0
25 11 1 0 0 0 1 0
25 13 0 1 0 0 0 0
25 14 0 0 0 0 1 1
25 15 0 1 1 1 0 0
25 16 1 0 0 0 1 0
25 17 0 0 0 1 0 1
25 19 0 0 0 0 1 1
25 20 0 0 1 0 0 1
25 21 0 1 0 0 1 1
25 22 1 1 1 0 0 1
25 23 0 0 1 0 0 1
25 24 0 1 1 0 0 0
25 25 0 0 0 0 1 1
25 26 1 1 0 0 1 0
25 27 1 0 0 0 1 0
25 28 0 1 0 1 1 0
25 29 0 0 0 1 0 0
25 30 0 0 1 1 1 1
25 31 1 1 1 0 0 1
25 32 0 1 1 1 0 0
26 3 0 0 1 0 0 1
26 4 0 1 0 1 1 0
26 5 0 1 0 0 1 0
26 6 1 0 0 0 0 1
26 7 0 0 1 1 0 1
26 8 0 0 0 1 1 0
26 10 1 0 1 1 1 0
26 11 0 1 0 1 1 0
26 12 1 0 1 1 0 0
26 13 1 1 0 1 0 0
26 15 0 1 1 1 0 0
26 16 0 0 0 0 1 1
26 17 0 1 0 1 0 1
26 19 0 1 1 0 0 0
26 20 0 1 0 0 0 1
26 21 1 0 0 1 1 0
26 22 0 0 1 1 0 1
26 23 1 1 0 1 1 1
26 25 0 0 1 1 0 0
26 26 0 1 0 1 1 0
26 27 0 0 0 0 1 0
26 28 1 0 0 0 0 1
26 30 0 0 0 1 0 0
26 31 1 1 1 0 1 1
26 32 0 0 1 0 0 1
27 3 1 0 0 1 0 0
27 4 1 1 1 0 0 1
