0.10
43 63 90 110 137 155 182 202 224 246 275 292 320 339 367 387 416 435 462 482 509 530 558 577 605 623 650 670 698 718 745 766 793 812 840 860 887 907 934 955 982 1002 1028 1046 1074 1094 1122 1142 1170 1189 1217 1237 1265 1284 1312 1331 1359 1380 1408 1429 1456 1475 1503 1523 1550 1571 1599 1618 1646 1665
33 52 71 111 130 149 187 206 224 262 282 301 341 360 379 419 438 458 497 517 536 575 594 613 653 673 692 731 750 771 809 828 848 888 908 927 966 985 1004 1044 1064 1083 1123 1143 1162 1200 1219 1239 1278 1298 1317 1358 1377 1396 1434 1454 1473 1513 1532 1552 1593 1613 1633 1674 1693 1713 1752 1773 1793 1833 1853 1872 1912 1932 1952 1992 2012 2031 2072 2091 2112 2152 2171 2190 2230 2249 2268
2 10 0 0 0 0 1 1
2 11 1 1 0 0 0 1
2 12 1 1 0 1 0 0
2 13 0 0 0 1 0 0
2 14 1 1 0 0 0 1
2 15 0 0 0 1 1 0
2 17 0 0 0 0 1 0
2 18 0 1 0 0 1 0
2 19 0 0 0 0 1 0
2 20 0 0 1 0 1 1
2 21 1 0 0 1 0 1
2 23 0 0 0 0 1 0
2 24 0 0 1 1 0 0
2 25 0 1 0 1 1 0
2 26 0 0 0 0 1 1
2 27 1 0 1 1 0 0
2 28 0 1 0 1 1 0
3 6 0 0 0 0 1 1
3 7 0 0 1 1 1 1
3 8 0 0 0 1 0 0
3 9 0 0 1 0 1 1
3 10 1 0 0 1 1 0
3 12 0 0 0 0 0 1
3 13 0 1 0 1 0 0
3 14 0 1 0 1 1 0
3 15 0 0 0 0 0 1
3 16 1 0 1 1 0 0
3 17 1 1 0 1 1 0
3 19 0 0 0 0 1 0
3 20 1 0 0 0 1 0
3 21 1 1 0 1 1 0
3 23 0 0 0 0 1 1
3 24 1 1 1 1 1 1
3 25 0 1 0 1 1 0
3 26 0 0 0 0 1 1
3 27 0 0 1 1 1 1
3 28 1 0 0 1 1 0
3 29 0 0 0 1 0 0
3 30 1 1 1 0 1 0
3 31 1 1 0 1 1 0
4 14 0 0 0 0 1 1
4 15 0 0 1 0 0 0
4 16 0 0 0 0 0 1
4 17 0 1 0 0 1 1
4 18 1 1 0 1 1 0
4 19 0 0 0 0 1 1
4 20 1 0 1 1 0 0
4 21 0 0 0 0 1 1
4 22 0 1 1 1 0 0
4 23 0 0 0 0 0 1
4 24 0 1 1 0 0 0
6 8 0 0 1 0 0 1
6 9 0 0 0 0 1 0
6 10 0 0 1 1 0 1
6 11 1 1 0 0 1 0
6 12 0 0 0 0 1 1
6 13 1 0 0 0 1 0
6 14 0 0 0 1 1 1
6 15 0 0 0 0 1 1
6 16 0 1 0 0 0 0
6 17 0 0 0 0 1 1
6 18 1 1 0 0 0 1
6 19 1 1 0 1 0 0
6 20 0 0 0 1 0 0
6 21 1 1 0 0 0 1
6 22 0 0 0 1 1 0
6 24 0 0 0 0 1 1
6 25 0 1 1 1 0 1
6 26 0 0 0 0 1 1
6 27 0 1 1 1 0 1
6 30 0 0 0 1 0 0
6 31 1 1 1 0 0 1
7 20 0 1 1 1 0 1
7 21 0 0 0 1 0 0
7 22 0 1 1 1 0 0
7 27 0 0 0 1 0 0
7 28 0 1 0 0 0 1
7 29 1 1 0 0 1 1
8 7 0 1 0 0 0 0
8 8 0 0 0 0 1 1
8 9 1 1 0 0 0 1
8 10 1 1 0 1 0 0
8 11 0 0 0 0 0 1
8 12 0 1 1 0 0 1
8 13 0 0 0 1 1 0
8 15 0 0 0 1 0 0
8 16 1 1 0 0 0 1
8 17 0 0 0 1 1 0
8 19 0 0 0 0 1 0
8 20 1 0 0 1 0 0
8 22 0 0 0 0 1 1
8 23 1 1 0 0 0 1
8 24 1 1 0 1 0 0
8 25 0 0 0 0 1 1
8 26 1 0 1 1 0 0
8 27 0 0 0 1 1 0
8 30 0 0 0 1 1 0
8 31 1 1 1 0 0 1
9 15 0 0 1 0 0 1
9 16 0 0 0 0 1 0
9 17 0 0 1 1 0 1
9 18 1 1 0 0 1 0
9 19 0 0 0 0 1 1
9 20 1 0 0 0 1 0
9 21 0 0 0 1 1 1
9 22 0 0 0 0 1 1
9 23 0 1 0 0 0 0
9 24 0 0 0 0 1 1
9 25 1 1 0 0 0 1
9 26 1 1 0 1 0 0
9 27 0 0 0 0 1 1
9 28 1 0 1 1 0 0
9 29 0 0 0 1 1 0
9 31 0 0 0 0 1 0
9 32 0 0 1 1 0 1
9 33 1 1 0 1 0 0
10 15 0 0 0 0 1 0
10 16 1 0 0 0 1 0
10 17 0 0 0 1 1 1
10 18 0 0 0 1 0 0
10 19 0 0 1 0 1 0
10 20 0 0 0 1 1 0
10 25 0 0 0 0 0 1
10 26 0 1 0 0 1 1
10 27 1 1 0 1 0 0
10 28 0 0 0 0 0 1
10 29 1 0 0 0 0 1
11 6 0 0 0 0 0 1
11 7 0 0 1 1 0 1
11 8 0 1 1 1 0 1
11 9 0 0 0 1 0 0
11 10 1 0 0 0 1 0
11 12 0 0 1 0 1 0
11 13 1 1 0 1 0 0
11 15 0 0 0 0 1 0
11 16 0 1 1 0 1 0
11 17 1 1 0 0 1 1
11 18 0 0 0 1 0 0
11 19 1 0 1 1 0 1
11 20 0 1 0 1 1 0
11 22 0 0 0 0 0 1
11 23 0 0 1 1 0 1
11 24 1 0 0 1 0 1
11 25 0 0 0 1 0 0
11 26 1 1 1 0 0 1
11 27 0 1 1 1 0 0
11 30 1 0 0 1 0 0
11 31 1 1 1 0 0 1
12 13 0 0 1 0 1 0
12 14 1 1 0 1 1 0
12 15 0 0 0 1 0 0
12 16 1 0 0 0 1 0
12 17 0 0 0 0 1 0
12 18 0 1 1 0 1 0
12 19 1 1 0 0 1 1
12 21 0 0 0 0 0 1
12 22 0 1 0 1 0 0
12 23 0 1 0 1 1 0
12 24 0 0 0 0 0 1
12 25 1 1 1 0 0 1
12 26 0 1 1 1 0 0
12 28 0 1 0 0 0 0
12 29 0 0 0 0 1 0
12 30 0 1 0 1 0 0
12 31 1 1 0 1 1 0
12 32 0 0 0 1 0 0
12 33 0 0 1 1 1 0
13 5 0 0 0 0 1 0
13 6 0 1 1 1 1 1
13 7 1 1 0 0 1 1
13 9 1 0 0 0 0 0
13 10 0 0 0 0 1 1
13 11 0 1 1 1 0 1
13 13 0 0 0 0 1 0
13 14 0 1 0 1 0 0
13 15 1 1 0 1 1 0
13 16 0 0 0 1 0 0
13 17 0 0 1 1 1 0
13 19 0 0 1 0 0 1
13 20 0 0 0 1 0 0
13 21 0 1 1 0 1 0
13 22 1 0 0 0 0 1
13 23 0 0 0 0 1 0
13 24 1 0 0 0 1 0
13 25 0 0 0 1 0 1
13 26 0 0 0 0 1 1
13 27 0 1 0 0 0 0
13 28 0 0 0 0 1 1
13 29 1 1 0 0 0 1
13 30 1 1 0 1 0 0
13 31 0 0 0 1 0 0
13 32 1 1 1 0 0 1
13 33 0 1 1 1 0 0
14 14 0 0 0 0 1 1
14 15 1 1 0 0 0 1
14 16 1 1 0 1 0 0
14 17 0 0 0 1 0 0
14 18 1 1 1 0 0 1
14 19 0 1 1 1 0 0
14 21 0 1 0 0 0 0
14 22 0 0 0 0 1 1
14 23 1 0 0 0 1 0
14 24 0 0 0 1 1 1
14 25 0 0 0 0 1 1
14 26 0 0 1 0 1 0
14 27 1 0 0 0 1 1
14 29 0 0 0 0 1 0
14 30 1 1 1 0 1 0
14 32 0 0 1 0 1 0
14 33 1 1 0 1 0 0
15 23 0 0 0 0 1 1
15 24 0 1 0 0 0 0
15 25 0 0 0 0 0 1
15 26 0 1 0 1 0 0
15 27 0 1 0 1 1 0
15 28 0 0 0 0 0 1
15 29 1 1 1 0 0 1
15 30 0 1 1 1 0 0
15 31 0 0 0 0 1 1
15 32 0 0 1 1 0 1
15 33 0 0 0 1 1 0
16 8 0 0 0 1 0 0
16 9 1 1 1 0 0 1
16 10 0 0 1 0 0 1
16 11 1 0 0 1 1 0
16 15 0 0 0 1 1 0
16 16 1 1 1 0 0 1
16 17 0 0 1 0 0 1
16 18 1 0 0 1 0 1
16 22 0 0 0 1 1 0
16 23 1 1 1 0 0 1
16 24 0 0 1 0 0 1
16 25 1 0 0 1 1 1
16 29 1 1 0 1 0 0
16 30 1 1 1 0 0 1
16 31 0 0 1 0 0 1
16 32 0 0 0 1 1 0
17 8 1 1 0 1 0 0
17 9 1 1 1 0 0 1
17 10 0 0 1 0 0 1
17 11 0 0 0 1 1 1
17 15 0 0 0 1 1 0
17 16 1 1 1 0 0 1
17 17 0 0 1 0 0 1
17 18 1 1 0 1 0 1
17 22 0 0 0 1 1 0
17 23 1 1 1 0 0 1
17 24 0 0 1 0 0 1
17 25 1 1 0 0 1 1
17 29 1 1 0 1 0 0
17 30 1 1 1 0 0 1
17 31 0 0 1 0 0 1
17 32 1 1 0 1 0 0
18 15 0 0 0 1 1 0
18 16 1 1 1 0 0 1
18 17 0 0 1 0 0 1
18 18 0 1 0 1 1 0
18 22 1 1 0 1 0 0
18 23 1 1 1 0 0 1
18 24 0 0 1 0 0 1
18 25 0 0 0 1 0 1
18 29 1 1 0 1 0 0
18 30 1 1 1 0 0 1
18 31 0 0 1 0 0 1
18 32 1 1 0 1 1 0
19 4 0 0 0 0 1 1
19 5 0 0 1 0 0 0
19 6 0 0 0 0 1 0
19 7 0 0 1 1 0 1
19 8 1 1 0 1 0 0
19 9 0 0 0 0 1 1
19 10 1 0 1 1 0 0
19 11 0 0 0 1 1 0
19 12 0 0 0 0 0 1
19 13 0 1 1 0 0 0
19 15 1 1 0 1 0 0
19 16 1 1 1 0 0 1
19 17 0 0 1 0 0 1
19 18 0 1 0 1 1 0
19 22 0 0 0 1 1 0
19 23 1 1 1 0 0 1
19 24 0 0 1 0 0 1
19 25 0 0 0 1 0 1
19 29 1 1 0 1 0 0
19 30 1 1 1 0 0 1
19 31 0 0 1 0 0 1
19 32 1 1 0 1 1 0
20 8 0 0 0 1 1 0
20 9 1 1 1 0 0 1
20 10 0 0 1 0 0 1
20 11 1 1 0 0 1 0
20 15 1 1 0 1 0 0
20 16 1 1 1 0 0 1
20 17 0 0 1 0 0 1
20 18 0 1 1 1 0 0
20 22 0 0 0 1 1 0
20 23 1 1 1 0 0 1
20 24 0 0 1 0 0 1
20 25 1 1 0 1 1 1
20 29 1 1 0 1 0 0
20 30 1 1 1 0 0 1
20 31 0 0 1 0 0 1
20 32 1 0 0 0 0 1
21 15 1 1 0 1 0 0
21 16 1 1 1 0 0 1
21 17 0 0 1 0 0 1
21 18 1 0 0 0 1 1
21 22 0 0 0 1 1 0
21 23 1 1 1 0 0 1
21 24 0 0 1 0 0 1
21 25 1 0 0 1 0 0
21 29 1 1 0 1 0 0
21 30 1 1 1 0 0 1
21 31 0 0 1 0 0 1
21 32 0 1 1 1 0 1
22 25 0 0 1 0 0 1
22 26 0 0 0 0 1 0
22 27 0 0 1 1 0 1
22 28 1 1 0 0 1 0
22 29 0 0 0 0 1 1
22 30 1 0 0 0 1 0
22 31 0 0 0 1 1 1
23 15 0 1 0 0 0 1
23 16 0 0 0 1 1 0
23 18 0 0 1 0 0 1
23 19 0 0 0 0 1 0
23 20 1 1 1 0 1 0
23 21 0 0 0 0 0 1
23 22 0 1 0 1 0 0
23 23 0 1 0 1 1 0
23 24 0 0 0 0 0 1
23 25 1 1 1 0 0 1
23 26 0 1 1 1 0 0
23 29 0 0 0 0 1 1
23 30 0 1 0 0 0 1
23 31 0 0 0 1 1 0
24 10 0 0 1 1 1 1
24 11 1 0 0 1 1 0
24 12 1 1 1 0 0 1
24 13 1 0 0 1 1 0
24 15 0 0 1 0 0 1
24 16 0 0 0 0 1 0
24 17 1 1 1 0 1 0
24 18 0 0 0 0 0 1
24 19 0 1 0 1 0 0
24 20 0 1 0 1 1 0
24 21 0 0 0 0 0 1
24 22 1 1 1 0 0 1
24 23 0 1 1 1 0 0
24 26 0 0 0 1 0 0
24 27 0 0 1 1 1 1
24 28 1 0 0 1 1 0
24 29 0 0 0 1 0 0
24 30 1 1 1 0 0 1
24 31 1 0 0 1 1 0
25 10 0 0 1 0 1 1
25 11 1 1 0 1 1 1
25 12 1 0 1 0 1 1
25 13 1 0 0 1 1 0
25 15 0 0 1 0 0 1
25 16 0 0 0 0 1 0
25 17 1 1 1 0 1 0
25 18 0 0 0 0 0 1
25 19 0 1 0 1 0 0
25 20 0 1 0 1 1 0
25 21 0 0 0 0 0 1
25 22 1 1 1 0 0 1
25 23 0 1 1 1 0 0
25 26 0 0 0 0 1 0
25 27 0 0 1 0 1 1
25 28 1 1 0 1 1 1
25 29 0 0 0 1 0 0
25 30 1 0 1 0 1 1
25 31 1 0 0 1 1 0
26 9 0 0 0 1 0 0
26 10 0 0 1 1 1 0
26 11 0 1 0 1 1 0
26 12 0 0 1 1 1 0
26 13 0 1 0 1 1 0
26 15 0 0 1 0 0 1
26 16 0 0 0 0 1 0
26 17 1 1 1 0 1 0
26 18 0 0 0 0 0 1
26 19 0 1 0 1 0 0
26 20 0 1 0 1 1 0
26 21 0 0 0 0 0 1
26 22 1 1 1 0 0 1
26 23 0 1 1 1 0 0
26 26 0 0 0 1 0 0
26 27 0 0 1 1 1 0
26 28 0 1 0 1 1 0
26 29 0 0 0 0 1 1
26 30 0 0 1 1 1 0
26 31 0 1 0 1 1 0
27 10 0 0 1 1 1 1
27 11 1 1 0 0 1 1
27 12 1 0 0 0 1 0
27 13 1 1 0 1 0 0
27 15 0 0 1 0 0 1
27 16 0 0 0 0 1 0
27 17 1 1 1 0 1 0
27 18 0 0 0 0 0 1
27 19 0 1 0 1 0 0
27 20 0 1 0 1 1 0
27 21 0 0 0 0 0 1
27 22 1 1 1 0 0 1
27 23 0 1 1 1 0 0
27 26 0 0 0 0 1 0
27 27 0 0 1 1 1 1
27 28 1 1 0 0 1 1
27 29 0 0 0 0 1 1
27 30 1 0 0 0 1 0
27 31 1 1 0 1 0 0
