-0.40
12 32 59 79 106 126 153 173 200 220 247 266 295 314 341 362 390 410 437 457 483 502 530 550 578 597 625 644 672 692 719 739 767 787 815 834 862 880 907 927 955 975 1002 1022 1049 1069 1098 1117 1144 1164 1191 1212 1240 1260 1284 1304 1332 1351 1378 1399 1427 1446 1473 1493 1521 1541 1568 1587 1614 1633 1660 1679
50 69 88 127 145 164 201 220 239 277 296 315 354 374 394 434 453 473 512 531 550 589 609 629 667 687 706 745 764 785 824 843 864 903 922 941 980 1000 1019 1059 1078 1098 1137 1156 1175 1215 1233 1253 1292 1312 1331 1371 1390 1410 1450 1469 1488 1527 1546 1566 1607 1627 1646 1687 1706 1726 1766 1786 1807 1848 1867 1887 1927 1947 1966 2007 2026 2046 2085 2105 2126 2165 2184 2203 2242 2261 2280
2 25 0 0 1 0 0 1
2 26 0 0 0 0 1 1
2 27 1 0 0 0 1 0
2 28 0 0 0 1 1 1
2 29 0 0 0 0 1 1
2 30 0 0 1 0 1 0
2 31 1 1 0 0 1 1
3 14 0 0 0 0 1 1
3 15 0 1 0 0 0 0
3 16 0 0 0 0 0 1
3 17 0 1 0 1 0 0
3 18 0 1 0 1 1 0
3 19 0 0 0 0 0 1
3 20 1 1 1 0 0 1
3 21 0 1 1 1 0 0
3 22 0 0 0 0 1 1
3 23 0 0 1 1 0 1
3 24 0 0 0 1 1 0
3 27 0 0 0 0 1 1
3 28 0 1 1 1 0 1
3 29 0 0 0 0 0 1
3 30 1 0 1 1 0 0
3 31 1 1 0 1 0 0
4 14 0 0 0 0 1 1
4 15 0 1 0 0 0 0
4 16 0 0 0 0 0 1
4 17 0 1 0 1 0 0
4 18 0 1 0 1 1 0
4 19 0 0 0 0 0 1
4 20 1 1 1 0 0 1
4 21 0 1 1 1 0 0
4 22 0 0 0 0 1 1
4 23 0 0 1 1 0 1
4 24 0 0 0 1 1 0
4 27 0 0 0 1 0 0
4 28 0 1 1 1 0 1
4 29 0 0 0 0 1 0
4 30 0 1 1 1 1 1
4 31 1 1 0 0 1 1
5 10 0 1 0 0 0 0
5 11 0 0 0 0 1 0
5 12 0 1 0 1 0 0
5 13 1 1 0 1 1 0
5 14 0 0 0 1 0 0
5 15 0 0 1 1 1 0
5 17 0 0 0 0 1 0
5 18 1 1 1 0 0 1
5 19 1 1 0 1 1 1
5 20 0 0 0 0 1 1
5 21 0 1 1 1 0 1
5 23 0 0 0 0 0 1
5 24 0 0 1 1 0 1
5 25 1 0 0 1 0 1
5 26 0 0 0 0 1 1
5 27 1 1 1 0 0 0
5 30 1 1 0 1 0 0
5 31 1 1 1 0 0 1
6 6 0 0 0 0 1 1
6 7 1 0 1 1 1 0
6 8 0 1 0 1 1 0
6 9 0 0 0 0 0 1
6 10 1 0 0 0 1 0
6 12 0 1 0 0 0 0
6 13 0 0 0 1 0 0
6 14 0 1 1 0 1 0
6 15 1 0 0 0 0 1
6 16 0 0 0 0 1 0
6 17 1 0 0 0 1 0
6 18 0 0 0 1 0 1
6 19 0 0 0 0 1 1
6 20 0 1 0 0 0 0
6 21 0 0 0 1 0 0
6 22 1 1 1 0 0 1
6 23 0 1 1 1 0 0
6 24 0 0 0 0 1 1
6 25 1 0 1 0 0 1
6 26 0 0 0 1 0 1
6 28 0 0 0 0 0 1
6 29 0 1 0 1 0 0
6 30 0 1 0 1 1 0
6 31 0 0 0 0 0 1
6 32 1 1 1 0 0 1
6 33 0 1 1 1 0 0
7 17 0 0 1 0 0 1
7 18 0 0 0 0 1 1
7 19 1 0 0 0 1 0
7 20 0 0 0 1 1 1
7 21 0 0 0 0 1 1
7 22 0 0 1 0 1 0
7 23 1 1 0 0 1 1
7 25 0 0 0 0 1 0
7 26 1 1 1 0 1 0
7 28 0 0 0 0 1 0
7 29 1 1 0 0 0 1
7 30 1 1 0 0 1 1
7 31 0 0 0 1 0 0
7 32 0 0 1 1 1 1
7 33 1 0 0 0 1 1
8 7 1 0 0 0 0 0
8 8 0 0 0 0 0 1
8 9 0 1 0 1 0 0
8 11 1 0 0 0 0 0
8 12 0 0 0 0 0 1
8 13 0 1 0 1 0 1
8 15 1 0 0 0 0 0
8 16 0 0 0 0 1 0
8 17 0 1 0 1 1 1
8 19 0 0 0 0 1 0
8 20 0 1 0 1 0 0
8 21 1 1 0 1 1 0
8 22 0 0 0 1 0 0
8 23 0 0 1 1 1 0
8 26 0 0 0 0 1 1
8 27 0 0 1 0 0 0
8 28 0 0 0 1 0 0
8 29 1 1 1 0 0 1
8 30 0 0 0 0 0 1
8 31 0 1 1 0 0 0
9 4 0 0 0 0 1 0
9 5 0 1 0 1 0 0
9 6 1 1 0 1 1 0
9 7 0 0 0 1 0 0
9 8 0 0 1 1 1 0
9 10 1 0 0 0 0 0
9 11 0 0 0 0 0 1
9 12 0 1 0 1 0 0
9 13 0 1 0 1 1 0
9 14 0 0 0 0 0 1
9 15 1 1 1 0 0 1
9 16 0 1 1 1 0 0
9 18 0 0 0 0 1 1
9 19 1 1 0 0 0 1
9 20 1 1 0 1 0 0
9 21 0 0 0 1 0 0
9 22 1 1 1 0 0 1
9 23 0 1 1 1 0 0
9 25 0 0 1 0 1 0
9 26 1 1 0 1 0 0
9 28 0 0 0 0 0 1
9 29 0 1 1 1 1 0
9 31 1 0 0 0 0 0
9 32 0 0 0 1 0 0
9 33 1 0 0 0 1 0
10 6 0 0 0 0 1 1
10 7 1 1 0 0 0 1
10 8 1 1 0 1 0 0
10 9 0 0 0 1 0 0
10 10 1 1 1 0 0 1
10 11 0 1 1 1 0 0
10 13 0 0 1 0 1 0
10 14 1 1 0 1 0 0
10 16 0 0 0 0 1 1
10 17 0 1 1 1 1 0
10 19 1 0 0 0 0 0
10 20 0 0 0 0 1 1
10 21 1 0 0 0 1 0
10 23 1 0 0 0 0 0
10 24 0 0 0 0 1 1
10 25 0 1 0 1 0 0
10 27 1 0 0 0 0 0
10 28 0 0 0 0 1 1
10 29 0 1 0 1 0 1
10 31 1 0 0 0 0 0
10 32 0 0 0 0 1 1
10 33 0 1 0 1 1 1
11 23 0 0 0 0 1 1
11 24 0 1 0 0 0 0
11 25 0 0 0 0 0 1
11 26 0 1 0 1 0 0
11 27 0 1 0 1 1 0
11 28 0 0 0 0 0 1
11 29 1 1 1 0 0 1
11 30 0 1 1 1 0 0
11 31 0 0 0 0 1 1
11 32 0 0 1 1 0 1
11 33 0 0 0 1 1 0
12 4 0 0 1 0 1 0
12 5 1 1 0 1 0 0
12 7 0 0 0 0 1 1
12 8 0 0 1 0 0 0
12 9 0 0 0 0 1 0
12 10 1 0 0 1 0 0
12 11 0 0 0 0 1 1
12 12 0 0 1 1 1 1
12 13 1 1 0 0 1 1
12 14 0 0 0 0 0 1
12 15 0 1 1 0 0 0
12 17 0 0 1 0 1 0
12 19 0 0 0 0 1 0
12 20 0 1 0 1 0 0
12 21 1 1 0 1 1 0
12 22 0 0 0 1 0 0
12 23 0 0 1 1 1 0
12 26 0 0 0 0 1 1
12 27 0 0 1 0 0 0
12 28 0 0 0 1 1 0
12 29 1 1 1 0 0 1
12 30 0 0 0 0 0 1
12 31 0 1 1 0 0 0
13 8 0 0 0 0 1 1
13 9 0 1 0 0 0 0
13 10 0 0 0 0 0 1
13 11 0 1 0 1 0 0
13 12 0 1 0 1 1 0
13 13 0 0 0 0 0 1
13 14 1 1 1 0 0 1
13 15 0 1 1 1 0 0
13 17 0 0 0 1 0 0
13 18 0 1 1 1 1 1
13 19 1 1 0 1 0 0
13 21 0 0 0 0 1 1
13 22 1 1 0 0 0 1
13 23 1 1 0 1 0 0
13 24 0 0 0 1 0 0
13 25 1 1 1 0 0 1
13 26 0 1 1 1 0 0
13 28 0 0 0 0 1 1
13 29 0 0 1 0 1 0
13 30 1 1 0 1 1 0
13 31 0 0 0 0 1 1
13 32 0 0 1 0 1 0
13 33 1 1 0 1 1 0
14 7 0 0 0 0 1 1
14 8 0 0 1 0 1 0
14 9 1 1 0 1 1 0
14 10 0 0 0 0 1 1
14 11 0 0 1 0 1 0
14 12 1 1 0 1 1 0
14 14 0 0 1 0 1 0
14 15 1 1 0 1 0 0
14 17 0 0 1 0 1 0
14 19 0 0 0 0 1 0
14 20 0 1 0 1 0 0
14 21 1 1 0 1 1 0
14 22 0 0 0 1 0 0
14 23 0 0 1 1 1 0
14 26 0 0 0 0 1 1
14 27 0 0 1 0 0 0
14 28 1 0 0 1 0 0
14 29 1 1 1 0 0 1
14 30 0 0 0 0 0 1
14 31 0 1 1 0 0 0
15 12 0 0 0 0 1 1
15 13 0 1 0 0 0 0
15 14 0 0 0 0 0 1
15 15 0 1 0 1 0 0
15 16 0 1 0 1 1 0
15 17 0 0 0 0 0 1
15 18 1 1 1 0 0 1
15 19 0 1 1 1 0 0
15 20 0 0 0 0 1 1
15 21 0 0 1 1 0 1
15 22 0 0 0 1 1 0
15 24 0 0 0 1 0 0
15 25 0 1 1 1 1 1
15 26 1 1 0 1 0 0
15 28 0 0 0 0 1 1
15 29 1 1 0 0 0 1
15 30 1 1 0 1 0 0
15 31 0 0 0 1 0 0
15 32 1 1 1 0 0 1
15 33 0 1 1 1 0 0
16 25 0 0 1 0 0 1
16 26 0 0 0 0 1 0
16 27 0 0 1 1 0 1
16 28 1 1 0 0 1 0
16 29 0 0 0 0 1 1
16 30 1 0 0 0 1 0
16 31 0 0 0 1 1 1
17 17 1 1 1 1 0 0
17 19 0 0 1 0 0 1
17 20 0 0 0 0 1 0
17 21 1 1 1 0 1 0
17 22 0 0 0 0 0 1
17 23 0 1 0 1 0 0
17 24 0 1 0 1 1 0
17 25 0 0 0 0 0 1
17 26 1 1 1 0 0 1
17 27 0 1 1 1 0 0
17 30 0 0 0 0 1 1
17 31 1 1 1 1 0 0
18 14 0 0 1 1 0 1
18 15 1 1 0 0 0 1
18 17 0 0 1 0 0 1
18 18 0 0 0 0 1 0
18 19 1 1 1 0 1 0
18 20 0 0 0 0 0 1
18 21 0 1 0 1 0 0
18 22 0 1 0 1 1 0
18 23 0 0 0 0 0 1
18 24 1 1 1 0 0 1
18 25 0 1 1 1 0 0
18 28 0 0 0 0 1 1
18 29 0 0 1 1 0 1
18 30 0 0 0 0 1 1
18 31 1 1 0 0 0 1
19 25 0 0 1 0 0 1
19 26 0 0 0 0 1 1
19 27 1 0 0 0 1 0
19 28 0 0 0 1 1 1
19 29 0 0 0 0 1 1
19 30 0 0 1 0 1 0
19 31 1 1 0 0 1 1
20 12 0 0 0 0 1 1
20 13 1 0 0 0 1 0
20 14 0 1 1 1 1 0
20 16 0 0 1 0 0 1
20 17 0 0 0 0 1 0
20 18 1 1 1 0 1 0
20 19 0 0 0 0 0 1
20 20 0 1 0 1 0 0
20 21 0 1 0 1 1 0
20 22 0 0 0 0 0 1
20 23 1 1 1 0 0 1
20 24 0 1 1 1 0 0
20 28 0 0 0 0 1 1
20 29 1 0 0 0 1 0
20 30 0 0 0 0 0 1
20 31 0 1 1 1 1 0
21 11 0 0 0 1 0 0
21 12 0 0 1 1 1 1
21 13 1 0 0 1 0 0
21 14 0 1 0 1 0 0
21 16 0 0 1 0 0 1
21 17 0 0 0 0 1 0
21 18 1 1 1 0 1 0
21 19 0 0 0 0 0 1
21 20 0 1 0 1 0 0
21 21 0 1 0 1 1 0
21 22 0 0 0 0 0 1
21 23 1 1 1 0 0 1
21 24 0 1 1 1 0 0
21 27 0 0 0 1 0 0
21 28 0 0 1 1 1 1
21 29 1 0 0 1 0 0
21 30 0 0 0 0 0 1
21 31 0 1 0 1 0 0
22 11 0 0 0 0 1 1
22 12 0 1 0 1 0 0
22 13 0 0 1 1 0 0
22 14 1 1 0 1 1 0
22 16 0 0 1 0 0 1
22 17 0 0 0 0 1 0
22 18 1 1 1 0 1 0
22 19 0 0 0 0 0 1
22 20 0 1 0 1 0 0
22 21 0 1 0 1 1 0
22 22 0 0 0 0 0 1
22 23 1 1 1 0 0 1
22 24 0 1 1 1 0 0
22 27 0 0 0 0 1 1
22 28 0 1 0 1 0 0
22 29 0 0 0 0 1 1
22 30 0 0 1 1 0 0
22 31 1 1 0 1 1 0
23 17 0 0 1 0 1 0
23 19 0 0 1 0 0 1
23 20 0 0 0 0 1 0
23 21 1 1 1 0 1 0
23 22 0 0 0 0 0 1
23 23 0 1 0 1 0 0
23 24 0 1 0 1 1 0
23 25 0 0 0 0 0 1
23 26 1 1 1 0 0 1
23 27 0 1 1 1 0 0
23 30 0 0 0 1 0 0
23 31 0 0 1 0 1 0
24 17 0 0 1 0 1 0
24 19 0 0 1 0 0 1
24 20 0 0 0 0 1 0
24 21 1 1 1 0 1 0
24 22 0 0 0 0 0 1
24 23 0 1 0 1 0 0
24 24 0 1 0 1 1 0
24 25 0 0 0 0 0 1
24 26 1 1 1 0 0 1
24 27 0 1 1 1 0 0
24 30 0 0 0 0 1 0
24 31 0 0 1 0 1 0
25 14 0 0 0 0 1 1
25 15 0 1 0 0 0 0
25 16 0 0 0 0 0 1
25 17 0 1 0 1 0 0
25 18 0 1 0 1 1 0
25 19 0 0 0 0 0 1
25 20 1 1 1 0 0 1
25 21 0 1 1 1 0 0
25 22 0 0 0 0 1 1
25 23 0 0 1 1 0 1
25 24 0 0 0 1 1 0
25 27 0 0 0 0 1 0
25 28 0 0 1 0 1 0
25 29 0 0 0 1 0 0
25 30 1 0 1 1 0 0
25 31 1 1 0 0 1 1
26 14 0 0 0 0 1 1
26 15 0 1 0 0 0 0
26 16 0 0 0 0 0 1
26 17 0 1 0 1 0 0
26 18 0 1 0 1 1 0
26 19 0 0 0 0 0 1
26 20 1 1 1 0 0 1
26 21 0 1 1 1 0 0
26 22 0 0 0 0 1 1
26 23 0 0 1 1 0 1
26 24 0 0 0 1 1 0
26 28 0 0 0 0 1 0
26 29 1 0 1 0 0 1
26 30 0 0 0 0 1 1
26 31 0 0 1 0 1 0
27 10 0 0 0 0 1 0
27 11 0 1 0 1 0 0
27 12 1 1 0 1 1 0
27 13 0 0 0 1 0 0
27 14 0 0 1 1 1 0
27 16 0 0 0 1 0 0
27 17 0 1 1 0 0 1
27 18 1 0 0 1 1 0
27 19 0 0 0 1 0 0
27 20 1 0 1 0 0 1
27 21 0 0 0 1 0 1
27 23 0 0 0 0 1 1
27 24 1 1 0 0 0 1
27 25 0 0 0 1 0 0
27 26 1 0 1 0 0 1
27 27 0 1 0 1 1 0
27 30 0 1 0 1 0 0
27 31 1 1 1 0 0 1
