-0.10
32 52 80 99 127 147 175 195 223 247 295 315 343 362 389 409 437 457 485 504 531 552 580 599 626 645 671 692 719 741 768 787 815 835 862 882 909 929 957 977 1005 1024 1051 1069 1097 1117 1145 1165 1192 1212 1239 1259 1287 1306 1334 1353 1381 1402 1430 1450 1478 1498 1525 1545 1573 1592 1620 1639 1667 1686
35 54 73 112 132 150 188 207 226 266 284 303 341 360 380 419 437 457 497 518 537 576 596 615 655 674 693 732 751 771 810 829 849 887 906 926 965 985 1005 1044 1064 1083 1123 1142 1162 1203 1221 1241 1279 1298 1318 1357 1376 1394 1433 1454 1473 1512 1532 1552 1592 1613 1632 1675 1693 1713 1753 1772 1792 1832 1852 1871 1910 1929 1948 1987 2006 2025 2064 2083 2102 2141 2160 2179 2218 2237 2256 2295 2314 2333
2 11 0 0 0 0 1 1
2 12 1 0 1 0 0 1
2 13 0 0 0 1 1 1
2 14 0 0 0 1 0 0
2 15 1 0 0 0 1 0
2 17 0 0 0 0 1 1
2 18 1 1 0 0 0 1
2 19 1 1 0 1 0 0
2 20 0 0 0 1 0 0
2 21 1 1 1 0 0 1
2 22 0 1 1 1 0 0
2 24 0 1 0 0 0 0
2 25 0 0 0 0 1 0
2 26 0 1 1 1 0 0
2 28 0 0 0 0 1 1
2 29 1 0 1 1 0 0
2 30 0 1 0 1 1 0
2 31 0 0 0 0 1 1
2 32 0 1 0 1 0 0
2 33 1 1 0 1 1 0
3 4 0 0 0 0 1 1
3 5 0 1 0 0 0 0
3 6 0 0 0 0 1 1
3 7 1 1 0 0 0 1
3 8 1 1 0 1 0 0
3 9 0 0 0 0 0 1
3 10 0 1 1 0 0 1
3 11 0 0 0 1 1 0
3 13 0 0 0 1 0 0
3 14 1 1 0 0 0 1
3 15 0 0 0 1 1 0
3 17 0 0 0 1 0 0
3 18 1 1 1 0 0 1
3 19 0 1 1 1 0 0
3 20 0 0 0 1 0 0
3 21 0 0 1 1 0 0
3 22 0 0 0 1 0 1
3 24 0 1 0 0 0 0
3 25 0 0 0 0 0 1
3 26 0 1 0 1 0 0
3 27 0 1 0 1 1 0
3 28 0 0 0 0 0 1
3 29 1 1 1 0 0 1
3 30 0 1 1 1 0 0
3 31 0 0 0 0 1 1
3 32 0 0 1 1 0 1
3 33 0 0 0 1 1 0
4 25 0 0 1 0 0 1
4 26 0 0 0 0 1 0
4 27 0 0 1 1 0 1
4 28 1 1 0 0 1 0
4 29 0 0 0 0 1 1
4 30 1 0 0 0 1 0
4 31 0 0 0 1 1 1
5 15 0 0 0 0 1 1
5 16 0 1 0 0 0 0
5 17 0 0 0 0 0 1
5 18 0 1 0 1 0 0
5 19 0 1 0 1 1 0
5 20 0 0 0 0 0 1
5 21 1 1 0 0 0 1
5 22 0 1 1 1 0 0
5 23 0 0 0 0 1 1
5 24 0 0 1 1 0 1
5 25 0 0 0 1 1 0
5 28 0 0 0 0 1 1
5 29 0 1 0 1 0 0
5 30 0 0 0 0 1 1
5 31 0 1 1 1 0 0
6 4 0 0 0 0 1 0
6 5 0 0 1 1 0 1
6 6 1 1 0 1 0 0
6 8 0 1 0 0 0 0
6 9 0 0 0 0 1 1
6 10 1 1 0 0 0 1
6 11 1 1 0 1 0 0
6 12 0 0 0 0 0 1
6 13 0 1 1 0 0 1
6 14 0 0 0 1 1 0
6 16 0 0 0 1 0 0
6 17 1 1 0 0 0 1
6 18 0 0 0 1 1 0
6 20 1 1 0 0 0 0
6 21 0 0 0 0 0 1
6 22 0 1 1 1 0 1
6 23 1 0 0 0 0 0
6 26 0 0 0 0 0 1
6 27 0 0 1 1 0 1
6 28 0 0 0 0 0 1
6 29 0 1 1 1 0 1
6 30 0 0 0 1 0 0
6 31 0 1 1 1 0 0
7 26 0 0 0 0 1 1
7 27 0 1 0 0 0 0
7 28 0 0 0 1 0 0
7 29 1 1 1 0 0 1
7 30 0 1 1 1 0 0
7 31 0 0 0 1 0 0
7 32 0 0 1 1 0 0
7 33 0 0 0 1 0 1
8 9 0 0 0 0 1 0
8 10 0 0 1 1 0 0
8 11 0 1 0 1 1 0
8 12 0 0 0 0 1 1
8 13 0 0 1 1 1 0
8 14 1 1 0 1 1 0
8 16 0 0 0 0 1 1
8 17 0 1 1 1 0 1
8 18 0 0 0 0 1 1
8 19 0 0 1 1 1 1
8 20 0 1 0 1 1 0
8 22 0 0 0 0 1 1
8 23 0 1 0 1 0 0
8 24 0 0 0 1 1 1
8 25 0 0 0 0 1 1
8 26 1 0 1 1 1 0
8 27 0 1 0 1 1 0
8 30 1 0 0 1 1 0
8 31 1 1 1 0 0 1
9 19 0 0 0 0 1 1
9 20 0 1 0 0 0 0
9 21 0 0 0 0 1 1
9 22 0 1 1 1 0 1
9 24 0 0 0 0 1 1
9 25 0 0 1 1 0 0
9 26 1 1 0 1 0 0
9 28 0 0 0 0 0 1
9 29 0 1 0 1 0 0
9 30 0 1 0 1 1 0
9 31 0 0 0 0 0 1
9 32 1 0 1 1 0 0
9 33 1 1 0 1 1 0
10 8 1 1 0 1 0 0
10 10 0 0 1 0 0 1
10 11 0 0 0 0 1 0
10 12 1 1 1 0 1 0
10 14 0 0 0 0 0 1
10 15 0 1 0 1 0 0
10 16 0 1 0 1 1 0
10 17 0 0 0 0 0 1
10 18 1 0 1 1 0 0
10 19 1 1 0 1 1 0
10 21 0 0 0 0 1 1
10 22 0 0 1 0 0 0
10 23 0 0 1 0 1 0
10 24 1 1 0 1 0 0
10 25 0 0 0 0 0 1
10 26 0 1 0 1 0 1
10 27 0 0 0 0 0 1
10 28 0 1 1 0 0 0
10 30 0 0 1 0 1 0
10 31 1 1 0 1 0 0
11 7 1 0 0 1 0 1
11 9 0 0 1 0 0 1
11 10 0 0 0 0 1 0
11 11 1 1 1 0 1 0
11 13 0 0 0 0 0 1
11 14 0 1 0 1 0 0
11 15 0 1 0 1 1 0
11 16 0 0 0 0 0 1
11 17 1 0 1 1 0 0
11 18 1 1 0 1 1 0
11 20 0 0 0 0 1 1
11 21 0 0 1 0 0 0
11 22 0 0 1 0 1 0
11 23 1 0 0 1 0 1
11 24 0 0 0 0 1 0
11 25 0 1 1 0 0 1
11 26 0 1 1 1 0 0
11 27 0 0 0 0 0 1
11 28 0 1 1 0 0 0
11 30 0 0 1 0 1 0
11 31 1 0 0 1 0 1
12 6 1 1 0 1 0 1
12 8 0 0 1 0 0 1
12 9 0 0 0 0 1 0
12 10 1 1 1 0 1 0
12 12 0 0 0 0 0 1
12 13 0 1 0 1 0 0
12 14 0 1 0 1 1 0
12 15 0 0 0 0 0 1
12 16 1 0 1 1 0 0
12 17 1 1 0 1 1 0
12 19 0 0 0 0 1 1
12 20 0 0 1 0 0 0
12 21 0 1 1 0 0 1
12 22 1 0 0 1 0 1
12 23 0 0 0 0 0 1
12 24 1 0 0 0 1 0
12 25 1 1 0 1 0 1
12 26 0 0 0 0 0 1
12 27 0 1 1 0 0 0
12 29 0 0 0 0 0 1
12 30 1 0 0 0 1 0
12 31 1 1 0 1 0 1
13 6 1 1 0 0 1 1
13 8 0 0 1 0 0 1
13 9 0 0 0 0 1 0
13 10 1 1 1 0 1 0
13 12 0 0 0 0 0 1
13 13 0 1 0 1 0 0
13 14 0 1 0 1 1 0
13 15 0 0 0 0 0 1
13 16 1 0 1 1 0 0
13 17 1 1 0 1 1 0
13 19 0 0 0 0 1 1
13 20 0 0 1 0 0 0
13 21 0 0 0 0 1 1
13 22 0 0 1 1 0 0
13 23 0 1 0 1 1 0
13 24 0 0 0 0 1 0
13 25 0 0 1 1 1 1
13 26 1 1 0 1 0 1
13 27 0 0 0 0 0 1
13 28 0 1 1 0 0 0
13 30 0 1 0 0 0 1
13 31 1 1 0 0 1 1
14 4 0 0 0 1 0 0
14 5 1 1 0 0 1 1
14 7 0 0 1 0 0 1
14 8 0 0 0 0 1 0
14 9 1 1 1 0 1 0
14 11 0 0 0 0 0 1
14 12 0 1 0 1 0 0
14 13 0 1 0 1 1 0
14 14 0 0 0 0 0 1
14 15 1 0 1 1 0 0
14 16 1 1 0 1 1 0
14 18 0 0 0 0 1 1
14 19 0 0 1 0 0 0
14 20 0 0 0 0 1 1
14 21 0 0 1 1 0 0
14 22 0 1 0 1 1 0
14 23 0 0 0 0 0 1
14 24 1 0 1 0 0 1
14 25 1 1 0 1 0 1
14 26 0 0 0 0 0 1
14 27 0 1 1 0 0 0
14 29 0 0 0 1 0 0
14 30 0 1 0 0 0 1
14 31 1 1 0 0 1 1
15 8 1 1 0 0 1 1
15 9 1 0 0 0 0 0
15 11 0 0 1 0 0 1
15 12 0 0 0 0 1 0
15 13 1 1 1 0 1 0
15 15 0 0 0 0 0 1
15 16 0 1 0 1 0 0
15 17 0 1 0 1 1 0
15 18 0 0 0 0 0 1
15 19 1 0 1 1 0 0
15 20 1 1 0 1 1 0
15 22 0 0 0 0 1 1
15 23 0 0 1 0 0 0
15 24 0 0 0 0 1 1
15 25 0 0 1 1 0 1
15 26 0 0 0 0 0 1
15 27 0 1 1 0 0 0
15 29 0 1 0 0 0 1
15 30 1 1 0 0 1 1
15 31 1 0 0 0 0 0
16 25 0 0 1 0 0 1
16 26 0 0 0 0 1 0
16 27 0 0 1 1 0 1
16 28 1 1 0 0 1 0
16 29 0 0 0 0 1 1
16 30 1 0 0 0 1 0
16 31 0 0 0 1 1 1
17 11 1 0 0 1 0 1
17 12 0 0 0 0 0 1
17 13 0 1 1 0 0 1
17 14 0 1 1 1 0 1
17 16 0 0 1 0 0 1
17 17 0 0 0 0 1 0
17 18 1 1 1 0 1 0
17 19 0 0 0 0 0 1
17 20 0 1 0 1 0 0
17 21 0 1 0 1 1 0
17 22 0 0 0 0 0 1
17 23 1 0 1 1 0 0
17 24 1 1 0 1 1 0
17 27 0 0 1 0 1 0
17 28 1 0 0 1 0 1
17 29 0 0 0 0 0 1
17 30 0 1 1 0 0 1
17 31 0 1 1 1 0 1
18 12 0 0 1 0 1 1
18 13 1 0 0 1 1 0
18 14 1 1 0 0 1 1
18 16 0 0 1 0 0 1
18 17 0 0 0 0 1 0
18 18 1 1 1 0 1 0
18 19 0 0 0 0 0 1
18 20 0 1 0 1 0 0
18 21 0 1 0 1 1 0
18 22 0 0 0 0 0 1
18 23 1 0 1 1 0 0
18 24 1 1 0 1 1 0
18 27 0 0 0 1 0 0
18 28 0 0 1 0 1 1
18 29 1 0 0 1 1 0
18 30 0 1 0 0 0 1
18 31 1 1 0 0 1 1
19 11 0 1 1 0 0 1
19 12 1 0 0 1 0 1
19 13 1 1 0 0 1 1
19 14 1 0 0 0 0 0
19 16 0 0 1 0 0 1
19 17 0 0 0 0 1 0
19 18 1 1 1 0 1 0
19 19 0 0 0 0 0 1
19 20 0 1 0 1 0 0
19 21 0 1 0 1 1 0
19 22 0 0 0 0 0 1
19 23 1 0 1 1 0 0
19 24 1 1 0 1 1 0
19 27 0 1 1 0 0 1
19 28 1 0 0 1 0 1
19 29 0 1 0 0 0 1
19 30 1 1 0 0 1 1
19 31 1 0 0 0 0 0
20 10 0 0 0 0 1 0
20 11 0 1 0 1 0 0
20 12 1 1 0 1 1 0
20 13 0 0 0 1 0 0
20 14 0 0 1 1 1 0
20 16 0 0 0 1 0 0
20 17 0 1 1 0 0 1
20 18 1 0 0 1 1 0
20 19 0 0 0 1 0 0
20 20 1 0 1 0 0 1
20 21 0 0 0 1 0 1
20 23 0 0 0 0 1 1
20 24 1 1 0 0 0 1
20 25 0 0 0 1 0 0
20 26 1 0 1 0 0 1
20 27 0 1 0 1 1 0
20 30 1 1 0 1 1 0
20 31 1 1 1 0 0 1
21 4 0 0 0 0 1 1
21 5 0 0 1 1 0 0
21 6 1 1 0 1 0 0
21 8 0 0 0 0 0 1
21 9 0 1 0 1 0 0
21 10 0 1 0 1 1 0
21 11 0 0 0 0 0 1
21 12 1 0 1 1 0 0
21 13 1 1 0 1 1 0
21 14 0 0 0 0 1 1
21 15 0 0 1 1 0 1
21 16 0 0 0 1 1 0
21 18 0 0 0 0 1 1
21 19 1 0 1 0 0 1
21 20 0 0 0 1 1 1
21 21 0 0 0 1 0 0
21 22 1 0 0 0 1 0
21 24 0 1 0 0 0 0
21 25 0 0 0 0 1 0
21 26 0 1 1 1 0 0
21 28 0 0 0 0 1 1
21 29 1 0 1 1 0 0
21 30 0 1 0 1 1 0
21 31 0 0 0 0 1 1
21 32 0 1 0 1 0 0
21 33 1 1 0 1 1 0
22 23 0 0 1 0 0 1
22 24 0 0 0 0 1 0
22 25 0 0 1 1 0 1
22 26 1 1 0 0 1 0
22 27 0 0 0 0 1 1
22 28 1 0 0 0 1 0
22 29 0 0 0 1 1 1
22 30 0 0 0 0 1 1
22 31 0 1 0 0 0 0
22 32 0 0 0 0 1 1
22 33 0 1 1 1 0 1
23 14 0 1 0 1 0 1
23 15 0 0 0 0 0 1
23 16 1 0 0 0 1 0
23 17 1 1 0 1 0 1
23 19 0 0 1 0 0 1
23 20 0 0 0 0 1 0
23 21 1 1 1 0 1 0
23 22 0 0 0 0 0 1
23 23 0 1 0 1 0 0
23 24 0 1 0 1 1 0
23 27 0 0 0 0 0 1
23 28 0 1 0 1 0 1
23 29 0 0 0 0 0 1
23 30 1 0 0 0 1 0
23 31 1 1 0 1 0 1
24 10 1 0 1 1 0 1
24 11 0 0 1 0 1 0
24 12 1 0 0 1 0 1
24 13 0 0 0 0 0 1
24 14 0 1 1 0 0 1
24 15 0 1 1 1 0 1
24 17 0 0 1 0 0 1
24 18 0 0 0 0 1 0
24 19 1 1 1 0 1 0
24 20 0 0 0 0 0 1
24 21 0 1 0 1 0 0
24 22 0 1 0 1 1 0
24 25 0 0 0 0 1 1
24 26 1 0 1 1 0 1
24 27 0 0 1 0 1 0
24 28 1 0 0 1 0 1
24 29 0 0 0 0 0 1
24 30 0 1 1 0 0 1
24 31 0 1 1 1 0 1
