0.10
23 43 70 90 119 138 167 187 215 234 263 283 309 329 357 377 404 424 451 472 499 518 547 566 595 616 643 662 687 706 734 754 782 802 829 848 877 897 925 946 972 992 1020 1039 1067 1086 1114 1133 1161 1182 1211 1230 1257 1279 1305 1325 1352 1372 1401 1421 1448 1467 1492 1512 1539 1559 1586 1606 1633 1653
31 51 71 109 129 148 187 206 224 263 282 301 338 357 378 417 437 456 496 516 535 574 594 614 652 672 692 730 750 770 808 828 848 886 906 926 965 985 1005 1043 1063 1083 1122 1142 1162 1200 1219 1240 1279 1298 1318 1357 1376 1395 1434 1453 1474 1512 1532 1552 1591 1612 1631 1672 1691 1711 1751 1770 1791 1831 1851 1870 1909 1930 1951 1989 2010 2029 2071 2089 2111 2154 2174 2194 2232 2252 2272
2 3 1 1 1 1 1 0
2 4 0 1 1 0 0 1
2 6 1 0 1 0 1 0
2 7 0 1 0 1 0 1
2 9 1 1 0 0 1 0
2 10 0 1 0 1 0 1
2 11 0 0 1 0 0 0
2 12 1 0 0 0 1 1
2 13 0 1 1 0 0 1
2 15 1 1 0 0 0 0
2 16 1 0 1 0 0 1
2 17 0 0 1 0 0 0
2 19 0 0 1 1 0 1
2 20 0 1 0 0 0 0
2 21 1 1 0 0 1 0
2 22 1 1 0 1 0 1
2 23 1 0 0 0 0 0
2 24 0 0 0 0 1 0
3 3 1 1 1 1 1 0
3 4 1 1 0 1 1 1
3 5 1 0 0 0 1 1
3 6 0 1 1 0 0 1
3 8 1 1 1 1 1 0
3 9 1 0 0 0 0 0
3 10 1 1 0 1 0 0
3 11 1 1 1 0 0 1
3 12 0 1 1 0 0 0
3 14 1 1 1 1 1 0
3 15 1 1 0 1 1 1
3 16 1 0 0 0 1 1
3 17 0 1 1 0 0 1
3 19 0 0 1 1 0 0
3 20 1 0 1 0 0 1
3 21 0 0 0 0 1 0
4 3 0 0 1 1 0 1
4 4 0 1 0 0 0 0
4 5 1 1 1 1 1 0
4 6 1 1 0 1 1 1
4 8 1 1 0 1 1 0
4 9 1 1 0 0 1 1
4 10 1 0 0 0 1 1
4 12 0 1 1 1 1 0
4 13 1 0 0 0 0 0
4 15 1 0 0 1 1 0
4 17 1 1 0 1 1 0
4 18 1 1 0 1 0 1
4 19 1 0 0 0 0 0
4 20 0 0 0 0 1 0
4 21 0 1 1 0 0 0
5 3 1 1 0 1 1 0
5 4 0 1 0 0 0 1
5 5 1 0 1 0 1 1
5 6 1 0 1 0 0 1
5 7 0 1 0 0 0 0
5 9 1 1 1 0 1 0
5 10 0 1 1 1 1 0
5 11 0 1 0 0 1 1
5 13 1 1 0 0 0 0
5 14 0 0 1 0 1 0
5 15 0 0 1 0 0 0
5 17 1 0 0 0 1 1
5 18 1 1 1 0 1 1
5 19 0 0 1 0 0 0
5 21 1 1 1 0 0 0
5 22 0 0 1 0 1 0
5 23 1 0 0 0 0 0
5 24 0 0 0 0 1 0
6 3 1 1 0 1 1 0
6 4 0 1 0 0 0 1
6 5 1 0 0 0 0 0
6 6 1 1 1 0 1 0
6 8 1 1 1 1 1 0
6 9 0 1 1 0 0 1
6 10 0 1 1 0 0 0
6 11 1 1 1 1 1 0
6 12 1 0 1 0 0 1
6 13 1 0 0 0 0 0
6 15 1 1 0 0 1 0
6 16 1 1 0 0 0 1
6 17 1 0 0 0 0 0
6 18 1 1 1 0 0 0
6 19 0 1 0 1 0 0
6 20 0 0 1 0 0 0
6 21 1 1 0 0 1 0
6 22 1 1 1 1 1 1
6 23 0 1 1 0 0 0
6 24 0 0 0 0 1 0
7 3 0 0 0 1 1 0
7 4 1 0 1 0 1 1
7 5 1 0 1 0 0 1
7 6 0 0 1 0 0 0
7 7 1 1 0 1 1 0
7 8 1 0 1 0 1 0
7 9 0 1 0 0 0 0
7 11 1 0 1 0 1 1
7 12 1 0 1 0 0 1
7 13 0 0 1 0 0 0
7 14 1 1 0 1 1 0
7 15 1 0 1 0 1 0
7 16 0 1 0 0 0 0
7 18 1 0 0 1 1 0
7 19 1 0 1 0 1 0
7 20 1 0 0 0 0 0
7 22 1 0 1 0 0 0
7 23 0 1 0 0 0 1
7 24 0 0 1 0 0 0
7 25 0 1 0 1 0 1
7 26 0 0 0 0 1 0
8 3 1 0 1 1 1 0
8 5 1 0 0 0 1 1
8 7 1 0 1 0 1 0
8 8 1 0 1 1 0 0
8 9 0 0 1 0 1 1
8 11 1 1 0 1 1 0
8 12 0 1 0 0 1 1
8 13 0 1 1 1 1 0
8 14 0 1 0 0 1 1
8 16 1 0 0 1 1 0
8 18 1 1 0 1 1 0
8 19 1 1 0 1 0 1
8 20 1 0 0 0 0 0
8 21 0 0 0 0 1 1
8 22 0 1 0 0 0 0
8 23 0 0 0 1 1 0
13 12 0 0 1 1 0 1
13 13 0 1 0 0 0 0
13 15 1 0 1 0 1 0
13 17 0 1 1 1 0 0
13 18 1 0 1 0 1 0
13 19 0 0 1 0 0 0
13 21 0 0 1 1 0 1
13 23 1 0 0 0 1 0
15 5 0 0 1 1 0 1
15 6 0 1 0 0 0 0
15 7 0 0 0 0 1 0
15 9 1 0 1 0 1 0
15 11 0 1 1 1 0 0
15 12 1 0 1 0 1 0
15 13 0 0 1 0 0 0
15 15 0 0 1 1 0 1
15 17 1 0 0 0 1 0
15 18 0 0 0 0 1 0
15 20 1 1 0 0 1 0
15 21 1 0 0 1 1 1
15 22 0 1 0 0 0 0
15 23 0 0 1 1 0 0
15 24 0 1 1 0 0 1
15 25 0 0 1 0 0 0
15 26 0 0 0 0 1 0
15 28 0 1 0 1 0 0
15 29 0 1 1 0 0 0
15 31 1 0 1 0 1 0
16 3 0 1 1 1 0 0
16 4 1 0 1 0 1 0
16 5 0 0 1 0 0 0
16 7 0 0 1 1 0 1
16 9 1 0 0 0 1 0
16 10 0 0 0 0 1 0
16 12 1 1 1 0 1 0
16 13 0 1 1 0 0 0
16 14 0 0 1 1 0 0
16 15 0 1 0 0 0 1
16 16 0 0 1 0 0 0
16 18 1 1 0 0 0 0
16 19 1 0 1 0 0 1
16 20 1 0 1 0 0 0
16 21 0 1 0 0 0 1
16 22 0 0 1 0 0 0
16 24 1 0 0 1 1 0
16 25 0 1 0 0 0 1
16 26 0 1 0 0 0 0
16 28 1 1 0 1 1 0
16 29 1 0 0 1 0 1
16 30 1 0 0 0 0 0
17 3 1 0 0 0 1 1
17 4 0 1 0 0 0 1
17 5 0 0 1 0 0 0
17 7 0 0 1 1 0 1
17 8 0 1 0 0 0 0
17 10 1 1 1 0 1 0
17 12 1 0 1 0 0 0
17 13 0 0 1 1 0 1
17 14 0 0 1 0 0 0
17 16 1 1 0 0 0 0
17 17 1 0 0 1 1 1
17 18 0 1 0 0 0 0
17 19 0 0 1 1 0 0
17 20 0 1 1 0 0 1
17 21 0 0 1 0 0 0
17 23 0 0 1 1 0 0
17 24 0 1 0 0 0 1
17 25 0 0 1 0 0 0
17 27 1 0 0 0 1 0
17 28 0 0 0 0 1 0
17 29 0 1 1 0 0 0
18 3 1 0 0 0 1 1
18 4 0 0 1 1 1 1
18 5 1 0 0 0 0 0
18 6 0 0 0 0 1 0
18 8 0 1 0 1 0 0
18 9 0 1 1 0 0 0
18 11 1 0 1 0 1 0
18 13 0 1 1 1 0 0
18 14 1 0 1 0 0 0
18 15 0 0 1 0 0 0
18 17 0 0 1 1 0 1
18 19 1 0 0 0 1 0
18 20 0 0 0 0 1 0
18 22 0 1 0 1 0 0
18 23 0 1 1 0 0 0
18 24 0 0 0 0 1 0
18 26 0 1 0 1 0 0
18 27 0 1 1 0 0 0
18 29 1 0 1 0 1 0
19 3 0 1 1 1 0 0
19 4 1 0 1 0 1 0
19 5 0 0 1 0 0 0
19 7 0 0 1 1 0 1
19 9 1 0 0 0 1 0
19 10 0 0 0 0 1 0
19 12 1 1 1 0 1 0
19 13 0 1 1 0 0 0
19 14 0 0 1 1 0 0
19 15 0 1 0 0 0 1
19 16 0 0 1 0 0 0
19 18 1 1 0 0 0 0
19 19 1 0 1 0 0 1
19 20 1 0 1 0 0 0
19 21 0 1 0 0 0 1
19 22 0 0 1 0 0 0
19 24 1 0 0 1 1 0
19 25 0 1 0 0 0 1
19 26 0 1 0 0 0 0
19 28 1 1 0 1 1 0
19 29 1 0 0 1 0 1
19 30 1 0 0 0 0 0
19 31 0 0 0 0 1 0
20 3 1 0 0 0 1 1
20 4 0 1 0 0 0 1
20 5 0 0 1 0 0 0
20 7 1 0 0 0 1 1
20 8 0 0 1 1 1 1
20 9 1 0 0 0 0 0
20 11 1 1 1 0 1 0
20 13 1 0 1 0 0 0
20 14 0 0 0 1 0 1
20 15 0 0 1 0 0 0
20 17 0 1 0 1 0 0
20 18 0 1 1 0 0 0
20 20 0 0 1 1 0 0
20 21 0 1 0 0 0 1
20 22 0 0 1 0 0 0
20 24 1 0 0 0 1 0
20 25 0 0 0 0 1 0
20 26 0 1 1 0 0 0
20 27 1 0 0 0 1 1
20 28 0 0 1 1 1 1
20 29 1 0 0 0 0 0
20 31 0 1 0 1 0 0
20 32 0 1 1 0 0 0
21 3 1 0 1 0 1 0
21 5 0 1 1 1 0 0
21 6 1 0 1 0 1 0
21 7 0 0 1 0 0 0
21 9 0 0 1 1 0 1
21 10 0 0 0 0 1 0
21 12 0 1 1 1 0 0
21 13 1 0 1 0 1 0
21 14 0 0 1 0 0 0
21 16 0 0 1 1 0 1
21 18 1 1 0 0 1 1
21 19 1 0 0 0 1 1
21 20 0 0 1 0 1 1
21 21 0 0 1 1 0 1
21 22 0 1 0 0 0 0
21 24 1 0 0 0 1 1
21 25 0 0 1 1 1 1
21 26 1 0 0 0 0 0
21 28 0 0 1 1 0 0
21 29 0 1 0 0 0 1
21 30 0 0 1 0 0 0
21 31 0 0 0 0 1 0
22 3 1 1 0 1 1 0
22 4 1 0 1 0 0 1
22 6 1 1 0 0 0 0
22 7 1 0 1 0 0 1
22 8 0 1 0 1 1 1
22 9 0 1 0 0 0 0
22 11 1 1 0 1 1 0
22 12 1 1 1 0 1 1
22 13 0 0 1 0 0 0
22 14 1 0 0 1 1 0
22 15 0 1 0 0 0 1
22 16 0 1 0 0 0 0
22 18 1 0 0 0 1 0
22 19 0 0 0 0 1 0
22 20 0 1 1 0 0 0
22 21 0 1 1 1 0 0
22 22 0 0 1 0 0 0
22 24 0 1 0 1 0 0
22 25 0 1 1 0 0 0
22 27 1 0 1 0 1 0
22 29 0 1 1 1 0 0
22 30 1 0 1 0 1 0
22 31 0 0 1 0 0 0
23 3 1 0 1 0 0 1
23 4 0 0 0 0 1 0
23 6 0 1 1 1 0 0
23 7 1 0 1 0 1 0
23 8 0 0 1 0 0 0
23 10 1 0 1 0 0 1
23 12 1 1 0 0 1 1
23 13 1 0 0 0 1 1
23 14 0 0 1 0 1 1
23 15 0 0 1 1 0 1
23 16 0 1 0 0 0 0
23 18 0 1 1 1 0 0
23 19 0 0 1 0 0 0
23 21 0 0 1 1 0 0
23 22 0 1 0 0 0 1
23 23 0 0 1 0 0 0
23 24 0 0 0 0 1 0
23 26 1 1 0 1 1 0
23 27 1 0 1 0 0 1
23 29 1 1 0 0 1 0
23 30 1 1 0 1 1 1
23 31 0 1 1 0 0 0
24 3 1 1 0 0 1 1
24 5 0 1 1 1 0 0
24 6 1 0 1 0 1 0
24 7 0 0 1 0 0 0
24 9 1 1 0 0 0 0
24 10 1 0 1 0 0 1
24 11 1 1 0 0 0 0
24 12 0 1 0 1 0 0
24 14 1 0 0 0 1 0
24 15 0 0 0 0 1 0
24 16 0 1 1 0 0 0
24 17 0 1 0 1 1 0
24 18 1 0 1 0 0 1
24 20 1 0 0 0 1 1
24 21 0 0 1 0 0 0
24 23 0 1 0 1 1 0
24 24 0 0 1 0 1 1
24 26 0 0 1 1 0 0
24 27 1 0 0 0 0 0
24 29 0 1 1 1 0 0
24 30 1 0 1 0 1 0
24 31 0 0 1 0 0 0
25 3 0 0 1 1 0 1
25 5 1 0 1 1 0 0
25 6 0 1 0 0 0 1
25 7 0 1 1 0 0 0
25 8 1 0 0 0 1 1
25 9 0 0 1 0 1 1
25 10 0 0 1 1 0 1
25 11 0 1 0 0 0 0
25 13 1 0 0 0 1 1
25 14 0 0 1 1 1 1
25 15 1 0 0 0 0 0
25 16 0 0 0 0 1 0
25 18 1 0 1 0 1 1
25 19 0 1 0 0 0 1
25 20 0 1 0 0 0 0
25 22 1 1 0 1 0 0
25 23 1 1 1 0 0 1
25 24 0 1 0 0 0 0
25 26 1 0 1 0 0 0
25 27 0 1 0 0 0 1
25 28 0 0 1 0 0 0
25 29 0 1 0 1 0 0
25 30 0 0 1 0 0 0
26 3 1 0 0 1 1 0
26 4 0 1 0 0 0 1
26 5 0 1 0 0 0 0
26 7 1 0 0 0 1 1
26 8 0 0 1 1 1 1
26 9 1 0 0 0 0 0
26 11 0 0 1 1 0 0
26 12 0 1 0 0 0 1
26 13 0 0 1 0 0 0
26 15 1 1 0 0 1 0
26 16 0 1 0 0 0 1
26 18 1 1 0 0 0 0
26 19 1 0 1 0 0 1
26 20 1 0 0 1 1 1
26 22 1 0 0 0 1 0
26 23 0 0 0 0 1 0
26 24 0 0 1 0 0 0
26 25 1 0 0 0 1 1
26 26 0 0 1 0 0 0
26 28 0 1 0 1 1 0
26 29 0 0 1 0 1 1
26 31 0 0 1 1 0 0
26 32 1 0 0 0 0 0
27 3 0 1 1 1 0 0
27 4 1 0 1 0 1 0
27 5 0 0 1 0 0 0
27 7 1 0 1 0 0 1
27 9 1 0 1 1 0 0
27 10 0 1 0 0 0 1
27 11 0 1 1 0 0 0
27 12 1 0 0 0 1 1
27 13 0 0 1 0 1 1
27 14 0 0 1 1 0 1
27 15 0 1 0 0 0 0
27 17 0 1 1 1 0 0
27 18 0 0 1 0 0 0
27 20 0 0 1 1 0 0
27 21 0 1 0 0 0 1
27 22 0 0 1 0 0 0
27 23 0 0 0 0 1 0
27 25 1 0 1 0 1 1
27 26 0 1 0 0 0 1
27 27 0 1 0 0 0 0
27 29 1 1 0 1 0 0
27 30 1 1 1 0 0 1
27 31 0 1 0 0 0 0
16 31 0 0 0 0 1 0
