0.20
80 100 128 149 176 196 224 244 271 292 319 338 366 387 411 431 458 479 506 526 554 574 602 621 648 667 696 716 744 763 791 809 836 856 884 904 932 952 980 999 1027 1046 1074 1095 1121 1142 1170 1189 1214 1235 1262 1281 1309 1329 1359 1377 1405 1425 1452 1472 1499 1519 1546 1566 1593 1613 1640 1660 1688 1708
45 65 85 123 143 162 200 220 239 277 295 314 352 372 392 432 451 471 510 530 550 588 608 627 667 687 706 742 762 781 820 840 859 897 917 936 977 997 1016 1055 1075 1094 1132 1152 1171 1209 1229 1248 1287 1306 1326 1364 1384 1403 1443 1463 1483 1522 1541 1560 1603 1624 1643 1684 1704 1724 1760 1779 1800 1847 1867 1887 1925 1945 1965 2003 2023 2043 2081 2101 2121 2159 2179 2199 2237 2257 2277
2 2 1 0 1 0 0 0
2 3 0 1 0 0 0 1
2 4 0 0 1 0 0 0
2 5 0 1 0 1 0 0
2 6 0 0 1 0 0 0
2 8 1 1 0 0 0 0
2 9 0 1 0 1 0 0
2 10 1 1 0 0 1 0
2 11 1 1 0 1 1 1
2 12 0 1 1 0 0 0
2 15 0 1 0 0 0 1
2 16 0 0 1 0 0 0
2 18 1 1 0 0 1 0
2 19 0 1 0 0 0 1
2 21 1 1 0 0 0 0
2 22 1 0 1 0 0 1
2 23 0 1 0 1 1 1
2 24 0 1 0 0 0 0
2 26 1 0 0 0 1 0
2 27 0 0 0 0 1 0
2 28 0 0 1 0 0 0
2 29 1 1 0 0 1 1
2 30 0 1 0 0 0 0
3 2 1 0 0 0 1 1
3 4 1 0 1 0 1 1
3 5 0 1 0 0 0 1
3 6 0 1 0 0 0 0
3 8 1 0 0 0 1 1
3 9 0 0 1 1 1 1
3 10 1 0 0 0 0 0
3 12 1 1 1 0 1 0
3 14 1 1 0 0 1 1
3 16 1 1 0 0 0 0
3 17 1 0 1 0 0 1
3 18 1 0 0 1 1 1
3 20 1 0 0 0 1 0
3 21 0 0 0 0 1 1
3 23 1 1 0 0 1 1
3 24 0 1 0 0 0 0
3 26 1 0 0 0 1 1
3 28 1 0 1 0 1 1
3 29 0 1 0 0 0 1
3 30 0 1 0 0 0 0
4 2 1 0 1 0 0 0
4 3 0 1 0 0 0 1
4 4 0 0 1 0 0 0
4 5 0 1 0 1 0 0
4 6 0 0 1 0 0 0
4 8 1 1 0 0 0 0
4 9 0 1 0 1 0 0
4 10 1 1 0 0 1 0
4 11 1 1 0 1 1 1
4 12 0 1 1 0 0 0
4 14 1 1 1 0 1 0
4 16 1 1 0 0 1 1
4 18 1 1 0 0 0 0
4 19 1 0 1 0 0 1
4 20 0 1 0 1 1 1
4 21 0 1 0 0 0 0
4 23 1 0 0 0 1 0
4 24 0 0 0 0 1 0
4 25 0 1 1 0 0 0
4 26 1 0 0 0 1 1
4 27 1 1 0 1 1 0
4 28 1 0 1 0 0 1
5 2 0 1 1 1 0 0
5 3 1 0 1 0 1 0
5 4 0 0 1 0 0 0
5 6 0 0 1 1 0 1
5 8 1 1 0 0 1 1
5 9 1 0 0 0 1 1
5 10 0 0 1 0 1 1
5 11 0 0 1 1 0 1
5 12 0 1 0 0 0 0
5 14 1 0 0 0 1 1
5 15 0 0 1 1 1 1
5 16 1 0 0 0 0 0
5 18 0 0 1 1 0 0
5 19 0 1 0 0 0 1
5 20 0 0 1 0 0 0
5 21 0 0 0 0 1 0
5 23 0 1 1 1 0 0
5 24 1 0 1 0 1 0
5 25 0 0 1 0 0 0
5 27 1 0 1 0 0 1
6 2 1 1 0 0 1 1
6 3 1 0 0 0 1 1
6 4 0 0 1 0 1 1
6 5 0 0 1 1 0 1
6 6 0 1 0 0 0 0
6 8 0 1 1 1 0 0
6 9 0 0 1 0 0 0
6 11 0 0 1 1 0 0
6 12 0 1 0 0 0 1
6 13 0 0 1 0 0 0
6 14 0 0 0 0 1 0
6 15 0 1 1 0 0 0
6 16 1 1 0 1 0 0
6 17 0 1 1 1 0 1
6 19 1 0 0 1 1 0
6 20 1 0 1 0 0 1
6 21 0 1 0 0 0 0
6 23 1 1 0 0 1 0
6 24 1 0 0 1 0 1
6 25 0 1 0 0 0 0
6 26 0 0 1 1 0 0
6 27 0 1 0 0 0 1
6 28 0 0 1 0 0 0
6 30 1 1 0 0 1 1
7 2 1 0 0 0 1 1
7 4 1 1 0 0 1 0
7 5 1 1 0 0 0 1
7 6 1 0 0 0 0 0
7 8 1 0 0 0 1 0
7 9 0 0 0 0 1 0
7 11 0 1 0 1 1 0
7 12 0 0 1 0 1 1
7 14 1 1 0 1 1 0
7 15 1 0 0 0 1 0
7 16 1 0 0 0 0 0
7 18 1 1 0 0 1 1
7 20 0 0 1 1 0 0
7 21 1 0 0 0 0 0
7 22 0 0 0 0 1 0
7 24 1 1 0 0 1 0
7 25 1 0 0 1 0 1
7 26 0 1 0 0 0 0
7 27 0 0 1 1 0 0
7 28 0 1 0 0 0 1
7 29 0 0 1 0 0 0
8 2 1 0 1 1 1 0
8 3 0 0 1 1 1 1
8 5 1 0 1 0 0 1
8 7 0 1 1 1 0 0
8 8 0 1 1 0 0 1
8 10 1 1 1 0 1 0
8 11 0 0 1 0 0 0
8 12 0 0 0 0 1 0
8 13 0 1 1 0 0 0
9 4 0 1 0 1 0 0
9 5 1 0 0 1 1 0
9 6 1 1 1 0 0 1
9 7 1 0 0 0 0 0
9 9 1 0 0 0 1 1
9 10 0 1 0 0 0 0
9 11 0 0 0 0 1 0
9 13 0 1 0 1 0 0
9 14 1 0 0 1 1 0
9 15 1 1 1 0 1 1
9 17 1 1 0 1 1 0
9 18 0 0 1 1 1 1
9 19 1 0 0 0 0 0
9 20 0 0 0 0 1 0
9 22 1 0 0 1 1 0
9 23 0 1 0 0 0 1
9 24 0 1 0 0 0 0
9 26 0 0 1 1 0 0
9 27 1 0 0 0 0 0
9 29 1 0 1 0 1 1
9 30 0 1 0 0 0 1
9 31 0 1 0 0 0 0
10 2 1 0 0 0 1 1
10 3 0 0 1 1 1 1
10 4 1 0 0 0 0 0
10 5 0 0 0 0 1 0
10 7 1 1 0 1 0 0
10 8 1 0 1 0 0 1
10 9 0 1 0 0 0 0
10 10 1 0 0 1 1 0
10 11 0 1 0 0 0 1
10 12 0 1 0 0 0 0
10 14 1 0 1 0 1 1
10 15 0 1 0 0 0 1
10 16 0 1 0 0 0 0
10 18 0 1 1 1 0 0
10 19 0 0 1 0 0 0
10 20 0 0 0 0 1 0
10 21 0 1 1 0 0 0
10 22 1 1 0 0 1 0
10 23 1 0 1 0 0 1
10 24 1 0 0 0 0 0
10 26 1 1 1 0 1 0
10 27 0 0 1 0 0 0
10 29 1 1 1 0 1 0
11 2 0 0 1 1 0 1
11 3 0 0 1 0 0 0
11 5 0 0 1 1 0 0
11 6 1 0 0 0 0 0
11 7 0 0 0 0 1 0
11 9 1 1 0 0 1 0
11 10 1 0 0 0 0 1
11 11 0 1 0 0 0 0
11 12 1 0 0 1 1 0
11 13 0 1 1 0 1 0
11 15 0 0 1 1 0 0
11 16 1 0 0 0 0 0
11 18 0 1 0 1 1 0
11 19 0 0 1 0 1 1
11 21 1 1 0 1 0 0
11 22 1 0 1 0 0 1
11 23 0 1 0 0 0 0
11 24 1 0 0 0 1 1
11 25 1 1 1 0 1 1
11 26 0 0 0 0 1 1
11 28 1 0 0 1 0 0
11 29 1 0 1 0 0 1
11 30 0 1 1 0 0 0
12 2 1 1 1 0 1 0
12 3 0 0 1 0 0 0
12 5 1 1 1 0 1 0
12 7 0 0 1 1 0 1
12 8 0 0 1 0 0 0
12 10 0 0 1 1 0 0
12 11 1 0 0 0 0 0
12 12 0 0 0 0 1 0
12 14 1 0 1 0 0 0
12 15 0 1 0 1 0 0
12 16 0 0 1 0 0 0
12 17 0 1 0 1 1 0
12 18 0 0 1 0 1 1
12 20 1 1 0 0 0 0
12 21 1 0 1 0 0 1
12 22 1 1 0 0 1 0
12 23 1 0 0 0 1 0
12 25 1 0 0 0 1 0
12 26 0 0 0 0 1 0
12 27 0 1 1 0 0 0
13 4 1 1 0 1 1 1
13 5 0 0 1 1 0 0
13 6 0 1 0 0 1 1
13 7 1 0 0 0 0 0
13 9 1 0 1 0 1 1
13 10 0 1 0 0 0 1
13 11 0 1 0 0 0 0
13 13 1 1 0 0 0 0
13 14 1 0 1 0 0 1
13 15 1 1 0 0 0 0
13 16 1 0 0 1 0 1
13 18 1 1 1 0 0 0
13 19 0 1 0 1 0 0
13 20 0 0 1 0 0 0
13 21 0 1 0 1 0 0
13 22 0 1 1 0 0 0
13 24 1 1 1 0 1 0
13 26 1 0 0 0 1 1
13 27 1 1 1 0 1 1
13 29 0 0 1 1 0 0
13 30 1 0 0 0 0 0
13 31 0 0 0 0 1 0
14 2 1 1 0 1 1 1
14 3 0 0 1 1 0 0
14 4 0 1 0 0 1 1
14 5 1 0 0 0 0 0
14 7 0 0 1 1 0 1
14 8 0 1 0 0 0 0
14 10 1 0 1 0 1 0
14 12 1 1 0 0 1 0
14 13 0 1 0 0 0 1
14 15 1 1 0 1 1 0
14 16 1 1 0 1 0 1
14 17 1 0 0 0 0 0
14 19 1 0 0 1 0 1
14 20 1 0 0 0 0 0
14 21 0 0 0 0 1 1
14 22 0 1 0 0 0 0
14 23 0 1 0 1 1 1
14 25 1 1 0 1 1 0
14 26 0 1 0 0 1 1
14 27 1 0 0 0 0 0
14 28 1 0 0 0 1 1
14 30 0 0 1 1 0 0
14 31 1 0 0 0 0 0
15 2 1 0 1 1 0 0
15 3 0 1 1 1 0 1
15 4 0 0 1 0 0 0
15 5 0 0 0 0 1 0
15 7 1 0 1 0 0 0
15 8 0 1 0 1 0 0
15 9 1 0 0 0 0 0
15 10 1 0 1 0 0 0
15 11 1 0 0 0 1 0
15 12 0 1 1 0 0 0
15 15 1 0 0 0 0 0
15 17 1 1 0 1 0 0
15 18 0 0 1 1 1 1
15 19 0 1 1 0 0 0
15 20 0 0 0 0 1 0
15 23 1 0 1 0 1 0
15 24 0 0 1 0 0 0
15 26 1 0 0 0 1 1
15 27 0 1 0 0 0 0
16 2 1 0 1 0 0 0
16 3 1 0 0 1 1 1
16 4 1 1 0 1 0 0
16 5 0 0 1 0 1 0
16 6 0 1 0 0 0 0
16 8 0 0 1 1 0 0
16 9 0 1 0 0 0 1
16 10 0 0 1 0 0 0
16 12 1 0 0 1 1 0
16 13 0 1 0 0 0 1
16 14 0 1 0 0 0 0
16 16 1 0 1 0 1 0
16 18 0 0 1 1 0 1
16 19 0 1 0 0 0 0
16 20 0 0 0 0 1 0
16 21 0 0 1 0 0 0
16 22 1 1 0 0 1 0
16 23 1 0 1 1 0 1
16 25 0 1 0 1 1 1
16 27 1 0 0 0 1 1
16 28 0 0 1 0 1 1
16 29 1 0 0 0 0 0
17 2 0 1 1 1 0 0
17 3 0 0 1 0 0 0
17 5 1 1 1 0 1 0
17 7 1 1 0 0 0 0
17 8 1 0 1 0 0 1
17 9 1 0 0 0 1 1
17 10 1 1 1 0 1 1
17 11 0 0 0 0 1 0
17 13 1 1 0 1 1 0
17 14 1 1 0 0 0 1
17 15 1 0 0 0 0 0
17 17 0 1 0 1 1 1
17 19 1 1 0 1 1 0
17 20 0 1 0 0 1 1
17 21 1 0 0 0 0 0
17 22 1 0 0 0 1 1
17 24 0 0 1 1 0 0
17 25 1 0 0 0 0 0
17 27 1 0 1 1 0 0
17 28 0 1 1 1 0 1
17 29 0 0 1 0 0 0
18 2 0 1 0 1 1 1
18 3 0 1 0 0 0 0
18 5 0 0 1 1 0 0
18 6 1 0 0 0 0 0
18 7 0 0 0 0 1 1
18 9 1 1 0 0 1 0
18 10 1 0 1 1 0 1
18 12 0 1 0 1 1 1
18 14 1 0 0 0 1 1
18 15 0 0 1 0 1 1
18 16 1 0 0 0 0 0
18 18 0 1 1 1 0 0
18 19 0 0 1 0 0 0
18 21 1 1 1 0 1 0
18 23 1 1 0 0 0 0
18 24 1 0 1 0 0 1
18 25 1 0 0 0 1 1
18 26 1 1 1 0 1 1
18 27 0 0 0 0 1 0
18 29 1 1 0 1 1 0
18 30 1 1 0 0 0 1
18 31 1 0 0 0 0 0
19 2 0 1 0 1 1 1
19 4 1 0 1 0 0 0
19 5 0 1 0 1 0 0
19 6 1 0 0 0 0 0
19 7 1 0 1 0 0 0
19 8 1 0 0 0 1 0
19 9 0 1 1 0 0 0
19 12 1 0 0 0 0 0
19 14 1 1 0 1 0 0
19 15 0 0 1 1 1 1
19 16 0 1 1 0 0 0
19 18 0 1 0 1 1 1
19 19 0 1 0 0 0 0
19 21 0 0 1 1 0 0
19 22 1 0 0 0 0 0
19 23 0 0 0 0 1 1
19 25 1 1 0 0 1 0
19 26 1 0 1 1 0 1
19 28 0 1 0 1 1 1
20 2 1 0 0 0 1 1
20 3 0 0 1 0 1 1
20 4 1 0 0 0 0 0
20 6 0 1 1 1 0 0
20 7 0 0 1 0 0 0
20 9 1 1 1 0 1 0
20 11 1 1 0 0 0 0
20 12 1 0 1 0 0 1
20 13 1 0 0 0 1 1
20 14 1 1 1 0 1 1
20 15 0 0 0 0 1 0
20 17 1 1 0 1 1 0
20 18 1 1 0 0 0 1
20 19 1 0 0 0 0 0
20 21 0 1 0 1 1 1
20 23 0 1 1 1 0 0
20 24 1 0 1 0 1 0
20 25 0 0 1 0 0 0
20 27 1 0 0 0 1 1
20 28 0 1 0 0 0 0
21 2 1 0 1 0 0 0
21 3 1 0 0 1 1 1
21 4 1 1 0 1 0 0
21 5 0 0 1 0 1 0
21 6 0 1 0 0 0 0
21 8 0 0 1 1 0 0
21 9 0 1 0 0 0 1
21 10 0 0 1 0 0 0
21 12 1 0 0 1 1 0
21 13 0 1 0 0 0 1
21 14 0 1 0 0 0 0
21 16 1 0 1 0 1 0
21 18 1 1 1 0 1 0
21 20 0 1 0 1 1 1
21 21 0 1 0 0 0 0
21 23 0 0 1 1 0 0
21 24 1 0 0 0 0 0
21 25 0 0 0 0 1 1
21 27 1 0 0 0 1 1
21 29 0 1 0 1 0 0
21 30 0 1 1 0 0 0
22 2 1 1 0 0 0 0
22 3 1 0 1 0 0 1
22 4 1 0 1 0 0 0
22 5 0 1 0 0 0 1
22 6 0 0 1 0 0 0
22 7 0 1 0 1 0 0
22 8 0 0 1 0 0 0
22 10 0 1 0 1 0 0
22 11 0 0 1 0 0 0
22 13 1 1 0 0 1 0
22 14 1 0 1 0 0 1
22 15 1 0 0 0 0 0
22 16 0 0 0 0 1 0
22 17 0 0 1 0 0 0
22 18 1 0 0 1 0 0
22 19 0 0 1 0 0 0
22 21 0 0 1 1 0 0
22 22 1 0 0 0 0 0
22 24 0 1 0 1 1 1
22 26 1 0 0 0 1 1
22 27 1 0 0 0 0 0
22 29 1 0 1 0 0 0
22 30 0 1 0 1 0 0
23 2 1 1 0 0 0 0
23 3 0 0 1 0 1 1
23 4 0 0 1 0 0 0
23 5 1 1 0 0 1 0
23 6 1 1 0 0 0 1
23 7 1 0 0 0 0 0
23 8 0 0 0 0 1 0
23 9 0 1 1 0 0 0
2 14 0 0 1 1 0 0
15 14 0 0 1 1 0 0
19 11 0 0 1 1 0 0
15 22 0 1 1 1 0 0
