0.10
37 57 85 105 133 153 181 200 227 246 273 294 322 341 370 390 417 436 464 484 510 529 557 577 604 624 652 671 700 718 747 766 794 814 843 862 889 907 935 954 982 1003 1030 1049 1077 1096 1124 1144 1171 1191 1219 1239 1267 1287 1312 1332 1358 1378 1406 1427 1454 1473 1501 1521 1549 1569 1597 1616 1644 1663
43 62 81 120 139 157 196 215 234 273 291 310 347 367 387 427 446 466 505 525 544 584 603 623 661 681 701 740 759 778 817 837 856 896 915 935 974 994 1013 1053 1072 1092 1130 1150 1169 1209 1227 1247 1286 1305 1324 1364 1383 1403 1443 1463 1482 1521 1540 1559 1600 1621 1640 1681 1700 1720 1759 1779 1799 1838 1857 1876 1915 1934 1953 1992 2011 2030 2069 2088 2107 2146 2165 2184 2223 2242 2261
2 5 0 0 0 0 1 0
2 6 0 1 1 1 1 0
2 7 0 0 0 0 0 1
2 8 0 1 0 0 0 0
2 9 0 1 0 1 0 0
2 11 0 0 0 0 1 0
2 12 1 1 1 0 1 0
2 13 0 0 1 1 0 1
2 14 0 0 0 1 1 0
2 16 0 0 1 0 1 0
2 17 0 1 0 1 1 0
2 19 0 0 0 0 0 1
2 20 0 0 1 0 1 0
2 21 1 0 0 0 0 1
2 23 0 0 0 0 1 1
2 24 1 1 1 1 1 0
2 25 0 1 0 1 1 0
2 26 1 0 0 0 1 0
2 27 0 0 0 1 1 0
2 29 0 0 0 0 0 1
2 30 1 0 0 0 1 0
2 31 0 0 0 0 0 1
2 32 0 0 1 0 1 0
2 33 0 0 0 1 0 1
3 5 0 0 0 0 1 0
3 6 0 0 1 0 1 0
3 7 0 1 1 1 0 1
3 9 0 1 1 1 0 0
3 11 0 0 0 0 1 0
3 12 0 1 1 1 1 0
3 14 0 1 1 0 0 0
3 15 0 1 0 1 0 0
3 17 1 1 1 1 0 0
3 18 0 0 1 1 0 1
3 19 0 0 0 1 1 0
3 21 0 1 1 1 1 0
3 23 0 1 0 1 1 1
3 25 0 0 0 1 0 0
3 26 1 1 1 0 0 1
3 27 0 1 1 1 0 0
3 29 0 0 0 0 1 0
3 30 0 0 1 0 1 0
3 31 0 1 1 1 0 1
3 33 0 1 1 1 0 0
4 7 0 0 1 1 0 1
4 8 1 1 0 1 1 0
4 9 0 1 1 1 0 0
4 10 0 0 0 0 1 1
4 11 0 1 0 0 0 0
4 12 0 1 0 1 0 0
4 14 0 0 0 0 1 0
4 15 1 1 1 0 1 0
4 16 0 0 1 1 0 1
4 17 0 0 0 1 1 0
4 19 0 1 1 1 1 0
4 21 0 1 0 1 1 1
4 23 0 0 0 0 1 1
4 24 1 1 1 1 1 0
4 25 0 1 0 1 1 0
4 26 1 0 0 0 1 0
4 27 0 0 0 1 1 0
4 29 0 0 0 0 0 1
4 30 1 0 0 0 1 0
4 31 0 0 0 0 0 1
4 32 0 0 1 0 1 0
4 33 0 0 0 1 0 1
5 8 0 0 1 1 0 1
5 10 0 0 0 0 0 1
5 11 0 1 0 1 0 1
5 12 1 0 0 0 1 1
5 14 0 1 0 0 0 0
5 15 0 0 0 0 0 1
5 16 0 0 1 0 1 0
5 17 1 0 0 0 0 1
5 19 0 0 0 1 0 0
5 20 1 1 1 0 0 1
5 21 0 1 1 1 0 0
5 23 0 0 0 0 1 0
5 24 1 0 1 0 0 1
5 25 0 1 1 0 0 1
5 26 0 1 1 1 0 0
5 27 0 1 1 1 1 0
5 29 1 0 1 0 0 1
5 31 0 0 0 0 0 1
5 32 0 1 0 1 0 1
5 33 1 0 0 0 1 1
6 5 0 1 1 1 1 0
6 7 0 0 0 0 0 1
6 8 0 0 1 0 1 0
6 9 1 0 0 0 0 1
6 10 0 0 0 0 1 0
6 11 1 0 1 1 0 0
6 12 0 1 0 1 1 0
6 14 0 0 0 0 1 0
6 15 0 0 1 1 0 1
6 16 1 1 0 1 0 0
6 18 1 0 1 0 1 1
6 19 1 0 0 1 1 0
6 20 0 0 0 0 1 1
6 21 0 1 0 0 0 0
6 22 0 0 0 0 0 1
6 23 0 0 1 0 1 0
6 24 1 0 0 0 0 1
6 26 0 0 0 0 0 1
6 27 1 0 0 0 1 1
6 29 0 0 0 0 1 0
6 30 1 0 1 0 0 1
6 31 0 1 1 0 0 1
6 32 0 1 1 1 0 0
6 33 0 1 1 1 1 0
7 6 0 0 0 0 0 1
7 7 0 0 1 0 1 0
7 8 1 0 0 0 0 1
7 9 0 0 0 0 1 0
7 10 1 0 1 1 0 0
7 11 0 1 0 1 1 0
7 13 0 1 0 0 0 0
7 14 0 0 0 1 0 0
7 15 1 0 0 0 0 1
7 17 0 1 1 1 1 0
7 19 0 0 0 1 0 0
7 20 0 1 0 1 0 0
7 21 1 1 0 1 1 0
7 23 0 1 1 0 0 1
7 24 1 1 0 0 1 0
7 26 0 1 0 0 0 0
7 27 0 1 0 1 0 0
7 29 0 0 0 1 0 0
7 30 0 0 1 1 1 0
7 31 0 1 0 1 1 0
7 33 0 1 1 1 0 0
8 22 0 0 0 0 1 1
8 23 0 1 0 0 0 0
8 24 0 0 0 0 0 1
8 25 0 1 0 1 1 1
8 27 0 0 1 0 1 1
8 28 1 0 0 0 1 1
8 30 0 0 1 1 0 1
8 32 1 1 1 0 0 1
8 33 1 1 0 1 0 1
9 4 0 0 0 0 1 0
9 5 0 0 1 0 1 0
9 6 0 1 1 1 0 1
9 8 0 0 0 1 0 0
9 9 1 0 0 0 0 1
9 11 0 0 0 0 1 0
9 12 0 0 1 0 1 0
9 13 1 1 0 1 0 0
9 15 0 1 0 0 0 0
9 16 0 0 0 1 0 0
9 17 1 1 1 0 0 1
9 18 1 1 0 1 1 0
9 20 0 1 1 1 1 1
9 21 1 1 0 1 0 0
9 22 1 0 0 0 1 0
9 24 0 1 0 0 0 0
9 25 0 0 0 0 1 0
9 26 0 1 1 1 0 0
9 28 0 0 0 1 0 0
9 29 0 0 1 1 1 1
9 30 1 1 0 1 0 0
9 31 1 0 0 0 1 0
10 6 0 1 0 1 1 1
10 8 0 0 0 0 0 1
10 9 0 1 0 1 1 1
10 11 0 0 0 1 0 0
10 12 0 0 1 1 0 1
10 13 0 1 0 1 1 0
10 14 0 0 0 0 1 1
10 15 0 1 0 0 0 0
10 16 0 0 0 0 0 1
10 17 1 0 0 0 1 1
10 19 0 0 0 0 1 0
10 20 0 0 1 0 1 0
10 21 0 1 1 1 0 1
10 23 0 0 0 0 1 0
10 24 0 0 1 0 1 0
10 25 1 1 0 1 0 0
10 26 0 0 0 0 1 0
10 27 0 0 1 1 0 1
10 28 1 0 0 1 1 0
10 30 0 1 0 0 0 0
10 31 0 0 0 1 0 0
10 32 1 1 1 0 0 1
10 33 0 1 1 1 0 0
11 5 0 0 0 0 1 1
11 6 0 0 1 1 0 1
11 7 1 0 0 1 0 0
11 9 0 1 1 0 0 0
11 10 0 1 1 1 1 1
11 11 0 1 1 1 0 0
11 12 0 0 0 0 1 0
11 13 0 0 1 1 0 1
11 14 1 0 0 1 1 0
11 16 0 1 1 0 0 1
11 17 1 1 0 0 1 0
11 19 0 0 0 1 0 0
11 20 1 0 0 0 0 1
11 22 0 1 0 0 1 1
11 23 1 1 0 1 0 0
11 24 0 0 0 0 1 0
11 25 0 0 1 1 0 0
11 26 0 1 0 1 1 0
11 28 0 1 0 0 0 0
11 29 0 0 0 1 0 0
11 30 1 0 0 0 0 1
11 32 0 0 0 0 0 1
11 33 1 0 1 0 0 1
12 8 0 0 0 0 1 1
12 9 0 1 0 0 0 0
12 10 0 1 0 1 0 0
12 12 0 1 0 1 0 0
12 13 0 1 0 1 1 0
12 14 0 0 1 1 0 1
12 15 0 0 0 1 1 0
12 17 0 1 1 0 0 1
12 18 1 1 0 0 1 0
12 19 0 0 0 0 0 1
12 20 1 0 0 0 1 0
12 21 0 0 0 1 0 1
12 23 0 1 0 0 0 0
12 24 0 0 0 1 0 0
12 25 1 0 0 0 0 1
12 27 0 0 0 0 0 1
12 28 1 0 1 0 0 1
12 30 0 1 0 1 1 1
12 32 0 0 0 0 0 1
12 33 0 1 0 1 1 1
13 4 0 1 0 0 0 0
13 5 0 0 0 1 0 0
13 6 1 0 0 0 0 1
13 8 0 1 1 1 1 1
13 9 0 1 1 1 0 0
13 11 0 1 0 1 1 1
13 13 0 0 0 0 1 1
13 14 1 0 0 0 1 0
13 15 0 0 0 0 0 1
13 16 1 0 0 0 1 0
13 17 0 0 0 1 1 1
13 19 1 0 1 1 0 0
13 20 0 0 0 1 1 0
13 21 0 0 1 1 0 1
13 22 0 0 0 1 1 0
13 24 0 0 0 0 1 0
13 25 0 0 1 0 1 0
13 26 0 1 1 1 0 1
13 28 0 0 0 1 0 0
13 29 0 1 1 0 1 0
13 30 1 0 0 0 0 1
13 31 1 1 1 1 1 0
14 4 0 0 0 1 0 0
14 5 1 0 0 0 0 1
14 7 0 1 1 1 0 0
14 8 0 0 0 1 0 0
14 9 0 1 1 0 1 0
14 10 1 1 0 1 1 0
14 12 1 1 1 0 1 0
14 13 0 0 0 0 1 0
14 14 0 1 1 0 0 0
14 15 0 0 0 1 0 0
14 16 1 0 1 1 0 0
14 18 0 0 0 1 0 0
14 19 1 0 1 1 1 0
14 20 1 1 0 1 1 0
14 22 0 0 1 0 1 0
14 23 0 1 0 1 1 0
14 25 0 1 0 1 0 1
14 27 0 0 0 0 1 0
14 28 1 0 1 0 0 1
14 30 0 0 0 1 0 0
14 31 0 1 1 0 1 0
14 32 1 0 0 0 0 1
14 33 1 1 1 1 1 0
15 8 0 0 0 0 1 0
15 9 0 1 1 1 0 0
15 11 0 0 0 0 0 1
15 12 0 1 0 1 0 1
15 13 1 0 0 0 1 1
15 15 0 1 0 0 0 0
15 16 0 0 0 0 1 1
15 17 1 1 1 0 0 1
15 18 1 0 0 1 1 0
15 20 0 0 0 1 0 0
15 21 1 0 0 0 0 1
15 23 0 0 0 0 1 1
15 24 0 1 0 1 0 0
15 25 0 0 0 1 0 1
15 26 0 0 0 1 0 0
15 27 1 0 0 0 1 0
15 28 0 0 0 1 0 1
15 30 0 1 0 0 0 0
15 31 0 0 0 0 0 1
15 32 1 0 1 0 1 1
15 33 1 0 0 1 0 1
16 6 0 0 0 1 0 0
16 7 0 1 1 0 0 1
16 8 0 1 1 1 0 0
16 10 1 1 1 0 1 0
16 12 1 0 1 1 0 1
16 13 0 1 0 1 1 0
16 14 0 0 0 0 0 1
16 15 0 1 0 0 0 0
16 16 0 0 0 0 1 0
16 17 1 0 1 0 0 1
16 19 0 1 0 1 0 1
16 21 0 0 0 0 1 0
16 22 0 0 1 0 1 0
16 23 1 1 0 1 0 0
16 25 0 0 0 0 0 1
16 26 0 0 1 0 1 0
16 27 1 0 0 0 0 1
16 29 0 0 0 0 1 0
16 30 0 1 0 0 0 1
16 31 1 0 0 1 1 0
16 32 1 1 1 1 0 0
16 33 0 0 0 1 0 1
17 6 0 0 0 0 0 1
17 7 1 0 1 0 1 1
17 8 1 0 0 1 0 1
17 10 0 0 0 1 0 0
17 11 1 0 0 0 0 1
17 13 0 1 1 1 0 0
17 14 0 0 0 1 0 0
17 15 0 1 1 0 1 0
17 16 1 1 0 1 1 0
17 18 1 1 1 0 1 0
17 20 0 0 0 1 0 0
17 21 0 0 1 1 1 0
17 22 1 1 0 1 1 0
17 24 0 1 0 0 0 0
17 25 0 1 1 1 1 1
17 26 0 1 1 1 0 0
17 27 0 0 1 1 0 1
17 28 0 0 0 1 1 0
17 30 0 1 0 1 1 1
17 32 0 0 0 0 0 1
17 33 1 0 0 0 1 1
18 4 0 0 0 1 0 0
18 5 0 0 1 1 1 0
18 6 1 1 0 1 1 0
18 8 0 1 0 0 0 0
18 9 0 1 1 1 1 1
18 10 0 1 1 1 0 0
18 11 0 0 1 1 0 1
18 12 0 0 0 1 1 0
18 14 0 1 0 1 1 1
18 16 0 0 0 0 0 1
18 17 1 0 0 0 1 1
18 19 0 0 0 1 0 0
18 20 0 1 1 0 0 1
18 21 0 1 1 1 0 0
18 23 1 1 1 0 1 0
18 25 1 0 1 1 0 1
18 26 0 1 0 1 1 0
18 28 0 1 1 0 0 0
18 29 0 0 0 1 0 0
18 30 1 0 0 0 0 1
18 32 0 0 0 0 1 0
18 33 1 1 1 0 1 0
19 7 1 1 1 0 1 0
19 9 1 0 1 1 0 1
19 10 0 1 0 1 1 0
19 12 0 1 1 0 0 0
19 13 0 0 0 1 0 0
19 14 1 0 0 0 0 1
19 16 0 0 0 0 1 0
19 17 1 1 1 0 1 0
19 19 0 0 0 0 1 1
19 20 1 1 1 0 0 1
19 21 1 0 0 1 1 0
19 23 0 0 0 1 0 0
19 24 1 0 0 0 0 1
19 26 0 0 0 0 1 1
19 27 0 1 0 1 0 0
19 28 0 0 0 1 0 1
19 29 0 0 0 1 0 0
19 30 1 0 0 0 1 0
19 31 0 0 0 1 0 1
19 33 1 1 1 0 1 0
20 7 0 0 0 0 1 0
20 8 0 1 1 1 0 0
20 10 0 0 0 0 0 1
20 11 0 1 0 1 0 1
20 12 1 0 0 0 1 1
20 14 1 1 1 0 1 0
20 16 0 0 0 1 0 0
20 17 0 0 1 1 1 0
20 18 1 1 0 1 1 0
20 20 0 1 0 0 0 0
20 21 0 1 1 1 1 1
20 22 0 1 1 1 0 0
20 23 0 0 1 1 0 1
20 24 0 0 0 1 1 0
20 26 0 1 0 1 1 1
20 28 0 0 0 0 0 1
20 29 1 0 0 0 1 1
20 31 0 0 0 1 0 0
20 32 0 1 1 0 0 1
20 33 0 1 1 1 0 0
21 5 0 0 0 0 1 1
21 6 1 0 0 0 1 0
21 8 0 1 1 1 0 0
21 10 0 1 1 0 0 0
21 11 0 0 0 1 0 0
21 12 1 0 0 0 0 1
21 14 0 0 0 0 1 0
21 15 1 1 1 0 1 0
21 17 0 1 0 1 1 1
21 19 0 1 0 1 0 1
21 21 0 0 0 0 1 0
21 22 0 0 1 0 1 0
21 23 1 1 0 1 0 0
21 25 0 0 0 0 0 1
21 26 0 0 1 0 1 0
21 27 1 0 0 0 0 1
21 29 0 0 0 0 1 0
21 30 0 1 0 0 0 1
21 31 1 0 0 1 1 0
21 32 1 1 1 1 0 0
21 33 0 0 0 1 0 1
22 5 1 0 0 0 1 0
22 6 0 0 0 1 0 1
22 8 0 0 0 1 0 0
22 9 0 1 1 1 0 0
22 11 1 1 1 0 1 0
22 13 0 0 0 1 0 0
22 14 1 0 0 0 0 1
22 16 0 0 0 0 0 1
22 17 1 0 0 1 0 0
22 18 0 0 0 0 0 1
22 19 0 1 0 0 0 0
22 20 0 0 0 1 0 0
22 21 0 0 1 1 0 1
22 22 0 1 0 1 1 0
22 24 0 0 0 0 0 1
22 25 1 0 0 0 1 0
22 27 0 0 0 0 0 1
22 28 1 0 0 0 1 0
22 29 0 0 0 0 0 1
22 30 0 0 1 0 1 0
22 31 0 0 0 1 0 1
22 32 0 0 1 1 0 1
22 33 0 0 0 1 1 0
23 26 0 0 0 0 1 1
23 27 0 1 0 0 0 0
23 28 0 0 0 1 0 0
23 29 0 0 1 1 1 0
23 30 0 1 0 1 1 0
23 31 0 0 0 0 0 1
23 32 0 1 1 0 0 1
23 33 0 0 0 1 1 0
