0.10
84 104 132 151 179 200 227 246 274 295 322 344 371 390 418 438 466 486 513 533 560 581 609 628 656 675 701 720 748 768 796 815 843 863 891 910 938 958 985 1006 1034 1053 1081 1099 1126 1146 1174 1194 1222 1241 1269 1288 1317 1336 1364 1384 1413 1432 1459 1479 1504 1524 1551 1571 1598 1618 1645 1665
31 51 71 109 129 148 186 205 224 262 281 300 338 358 378 417 436 455 495 515 534 574 594 613 652 672 691 731 750 770 810 829 849 888 906 926 963 983 1002 1043 1063 1083 1122 1142 1161 1198 1218 1238 1277 1297 1316 1355 1374 1393 1432 1451 1471 1511 1532 1552 1592 1612 1632 1670 1690 1710 1750 1770 1790 1830 1850 1869 1913 1933 1953 1991 2011 2031 2069 2089 2109 2147 2167 2187 2225 2245 2265
2 2 1 1 0 1 1 0
2 3 1 0 0 0 1 0
2 4 0 1 1 0 0 0
2 5 1 1 0 0 1 0
2 6 1 0 0 1 0 1
2 7 0 1 1 0 0 0
2 9 1 0 0 0 1 1
2 10 0 1 0 0 0 0
2 11 0 0 0 0 1 0
2 13 1 0 0 0 1 1
2 14 0 0 1 1 1 1
2 15 1 0 0 0 0 0
2 16 1 0 0 1 1 0
2 17 0 0 1 1 1 0
2 18 0 1 1 0 0 0
2 20 0 1 0 1 0 0
2 21 1 0 0 0 0 0
2 22 1 1 1 0 0 0
2 23 0 0 1 1 0 1
2 24 0 1 1 0 0 0
3 2 1 1 0 0 0 0
3 3 1 0 1 0 0 1
3 4 0 1 1 0 0 0
3 5 1 0 0 0 1 1
3 6 0 0 1 1 1 1
3 7 0 0 1 0 0 0
3 8 1 1 0 0 1 0
3 9 1 0 0 0 1 0
3 10 0 0 1 0 0 0
3 11 0 0 0 0 1 0
3 13 1 0 1 0 0 0
3 14 1 0 0 0 0 1
3 16 1 0 0 0 1 1
3 17 0 0 1 1 1 1
3 18 1 0 0 0 0 0
3 20 1 1 0 0 0 0
3 21 0 0 1 1 1 0
3 22 1 0 0 0 0 0
3 24 1 1 0 0 0 0
3 25 0 0 1 0 1 1
3 26 0 0 1 0 0 0
3 27 1 0 0 1 1 0
3 28 0 0 1 1 1 0
3 29 0 1 1 0 0 0
3 30 0 0 0 0 1 0
3 31 0 1 1 0 0 0
4 4 1 1 1 0 0 0
4 5 0 1 0 1 0 0
4 6 0 1 1 0 0 0
4 7 0 1 0 1 1 0
4 8 1 0 1 0 0 1
4 9 0 1 0 0 0 0
4 10 0 0 1 0 0 1
5 4 1 0 0 0 1 1
5 5 0 1 1 0 0 0
5 6 1 0 0 0 1 0
5 7 0 1 1 0 0 0
5 10 1 1 0 0 0 0
5 11 1 0 1 0 0 1
5 12 0 1 1 0 0 0
5 13 1 0 0 0 1 1
5 14 0 0 1 1 1 0
5 15 0 0 1 0 0 0
5 16 1 1 0 0 1 0
5 17 1 0 0 0 1 0
5 18 0 0 1 0 0 0
5 19 0 0 0 0 1 0
5 20 0 1 1 0 0 0
6 4 1 0 0 0 1 1
6 5 1 0 0 0 0 0
6 6 1 0 1 0 1 1
6 7 0 0 1 0 0 0
6 8 1 0 1 0 0 1
6 9 0 0 1 0 0 0
6 12 0 0 0 1 0 0
6 13 1 0 1 0 1 1
6 14 0 0 1 0 0 0
6 15 0 0 0 1 1 0
6 17 1 1 0 0 0 0
6 18 0 0 1 1 1 0
6 19 1 0 0 0 0 0
6 21 1 1 0 0 0 0
6 22 0 0 1 0 1 1
6 23 0 0 1 0 0 0
6 24 1 0 0 1 1 0
6 25 0 0 1 1 1 0
6 26 0 1 1 0 0 0
6 27 0 0 0 0 1 0
6 29 1 0 0 1 1 0
6 30 1 0 1 0 0 1
6 31 0 1 0 0 0 0
7 2 1 0 1 0 0 0
7 3 1 0 0 0 0 1
7 4 1 0 0 0 0 0
7 5 1 0 0 0 1 1
7 6 0 0 1 1 1 1
7 7 1 0 0 0 0 0
7 8 0 0 0 0 1 0
7 9 0 1 1 0 0 0
8 4 0 0 1 1 1 1
8 5 1 1 0 1 0 0
8 8 1 1 0 0 1 0
8 9 1 1 0 1 0 1
8 10 0 1 1 0 0 0
8 11 1 1 1 0 0 0
8 12 1 0 0 0 1 0
8 13 0 1 1 0 0 0
8 15 1 1 0 0 1 0
8 16 1 1 1 0 0 1
8 17 0 1 1 0 0 0
8 18 1 0 1 0 1 1
8 19 0 1 1 0 0 0
8 21 1 1 0 1 1 0
8 22 1 1 0 0 0 1
8 23 0 1 1 0 0 0
8 24 1 1 0 0 1 0
8 25 1 0 0 0 0 1
8 26 0 1 0 0 0 0
9 2 1 1 0 1 1 0
9 3 1 0 0 1 0 1
9 4 0 0 1 0 0 0
9 5 1 1 0 0 1 0
9 6 1 0 0 0 1 0
9 7 0 0 1 0 0 0
9 9 1 0 0 1 1 0
9 10 1 0 0 0 0 1
9 11 0 1 1 0 0 0
9 13 1 0 1 0 1 1
9 14 0 1 1 0 0 0
9 15 0 0 0 0 1 0
9 16 0 1 1 0 0 0
10 4 1 0 0 1 1 0
10 5 0 1 0 0 0 1
10 7 0 0 0 0 1 1
10 8 0 0 1 0 0 0
10 9 1 0 1 0 1 0
10 10 0 0 1 0 0 0
10 11 1 0 0 1 1 0
10 12 0 1 0 0 0 1
10 13 0 0 0 0 0 1
10 14 0 1 1 0 0 0
10 16 1 1 0 1 1 0
10 17 1 0 0 1 0 1
10 18 0 0 1 0 0 0
10 19 1 1 0 0 1 0
10 20 1 0 0 0 1 0
10 21 0 0 1 0 0 0
10 23 0 1 0 1 1 1
10 24 0 1 0 0 0 0
10 25 0 0 1 0 0 1
10 27 1 0 0 1 1 0
11 4 1 0 1 1 0 0
11 5 0 1 0 0 0 1
11 7 0 0 0 0 1 1
11 8 0 0 1 0 0 0
11 9 1 0 0 0 1 1
11 10 0 0 1 0 1 1
11 11 0 1 0 0 0 0
11 12 1 0 1 1 0 0
11 13 0 1 0 0 0 1
11 14 0 0 0 0 0 1
11 15 0 1 1 0 0 0
11 17 1 1 0 1 1 0
11 18 1 0 0 1 0 1
11 19 0 0 1 0 0 0
11 20 1 1 0 0 1 0
11 21 1 0 0 0 1 0
11 22 0 0 1 0 0 0
11 24 0 1 0 1 1 1
11 25 0 1 0 0 0 0
11 26 0 0 1 0 0 1
11 28 1 0 1 1 0 0
12 4 1 0 1 1 1 0
12 5 0 1 0 1 0 0
12 6 0 0 1 0 0 0
12 8 0 0 0 0 1 1
12 9 0 0 1 0 0 0
12 10 1 0 1 1 1 0
12 11 0 1 0 1 0 0
12 12 0 0 1 0 0 0
12 13 1 0 1 1 0 0
12 14 0 0 1 0 1 1
12 15 0 0 0 0 0 1
12 16 0 1 1 0 0 0
12 18 1 1 0 1 1 0
12 19 1 0 0 1 0 1
12 20 0 0 1 0 0 0
12 21 1 1 0 0 1 0
12 22 1 0 0 0 1 0
12 23 0 0 1 0 0 0
12 25 0 1 0 1 1 1
12 26 0 1 0 0 0 0
12 27 0 0 1 0 0 1
12 29 1 0 1 1 1 0
13 4 0 1 1 1 1 0
13 5 0 0 1 0 1 0
13 7 0 0 0 0 1 1
13 8 0 0 1 0 0 0
13 9 1 0 1 1 1 0
13 10 1 1 1 0 0 1
13 11 0 1 0 0 0 0
13 12 1 1 0 0 1 0
13 13 1 0 0 0 0 1
13 14 0 1 1 0 0 0
13 15 0 0 0 0 0 1
13 16 0 1 1 0 0 0
13 18 1 1 0 1 1 0
13 19 1 0 0 1 0 1
13 20 0 0 1 0 0 0
13 21 1 1 0 0 1 0
13 22 1 0 0 0 1 0
13 23 0 0 1 0 0 0
13 25 0 1 0 1 1 1
13 26 0 1 0 0 0 0
13 27 0 0 1 0 0 1
13 29 0 1 1 1 1 0
14 4 0 1 1 1 1 0
14 5 0 0 1 0 1 0
14 6 1 0 0 0 0 0
14 8 0 0 0 0 1 1
14 9 0 0 1 0 0 0
14 10 1 0 1 1 1 0
14 11 0 0 1 1 0 1
14 12 0 0 1 0 0 0
14 13 1 1 0 0 1 0
14 14 1 0 0 0 0 1
14 15 0 1 1 0 0 0
14 16 0 0 0 0 0 1
14 17 0 1 1 0 0 0
14 19 1 1 0 1 1 0
14 20 1 0 0 1 0 1
14 21 0 0 1 0 0 0
14 22 1 1 0 0 1 0
14 23 1 0 0 0 1 0
14 24 0 0 1 0 0 0
14 26 0 1 0 1 1 1
14 27 0 1 0 0 0 0
14 28 0 0 1 0 0 1
14 30 0 1 1 1 1 0
14 31 1 0 0 0 0 0
15 4 0 0 0 1 0 0
15 5 0 1 1 1 1 0
15 6 0 0 1 0 1 0
15 8 0 0 0 0 1 1
15 9 0 0 1 0 0 0
15 10 1 0 1 0 0 1
15 11 0 1 1 0 0 0
15 12 0 0 0 0 0 1
15 13 0 1 1 0 0 0
15 15 1 1 0 1 1 0
15 16 1 0 0 1 0 1
15 17 0 0 1 0 0 0
15 18 1 1 0 0 1 0
15 19 1 0 0 0 1 0
15 20 0 0 1 0 0 0
15 22 0 1 0 1 1 1
15 23 0 1 0 0 0 0
15 24 0 0 1 0 0 1
15 26 0 0 0 1 0 0
15 27 0 1 1 1 1 0
16 4 1 1 1 0 0 0
16 5 0 1 0 1 0 0
16 6 0 1 1 0 0 0
16 7 0 1 0 1 1 0
16 8 1 0 1 0 0 1
16 9 0 1 0 0 0 0
16 10 0 0 1 0 0 1
17 4 1 0 1 0 1 1
17 5 0 0 1 0 1 1
17 6 0 0 1 0 0 0
17 7 1 0 1 1 0 0
17 8 0 1 0 0 0 1
17 11 1 1 0 1 1 0
17 12 1 0 0 1 0 1
17 13 0 0 1 0 0 0
17 14 1 1 0 0 1 0
17 15 1 0 0 0 1 0
17 16 0 0 1 0 0 0
17 17 0 1 0 1 1 1
17 18 0 1 0 0 0 0
17 19 0 0 1 0 0 1
17 21 1 0 1 0 1 1
17 22 0 0 1 0 1 1
17 23 0 0 1 0 0 0
17 24 1 0 1 1 0 0
18 4 0 1 1 1 1 0
18 5 0 0 1 0 1 0
18 6 1 1 0 1 0 0
18 7 0 1 1 0 0 1
18 8 1 0 0 0 0 0
18 11 1 1 0 1 1 0
18 12 1 0 0 1 0 1
18 13 0 0 1 0 0 0
18 14 1 1 0 0 1 0
18 15 1 0 0 0 1 0
18 16 0 0 1 0 0 0
18 17 0 1 0 1 1 1
18 18 0 1 0 0 0 0
18 19 0 0 1 0 0 1
18 21 0 1 1 1 1 0
18 22 1 1 0 1 0 0
18 23 0 1 1 0 0 1
19 4 0 0 0 1 0 0
19 5 0 1 1 1 1 0
19 6 0 0 1 0 1 0
19 7 1 0 1 1 0 0
19 8 0 0 1 0 1 1
19 11 1 1 0 1 1 0
19 12 1 0 0 1 0 1
19 13 0 0 1 0 0 0
19 14 1 1 0 0 1 0
19 15 1 0 0 0 1 0
19 16 0 0 1 0 0 0
19 17 0 1 0 1 1 1
19 18 0 1 0 0 0 0
19 19 0 0 1 0 0 1
19 21 0 0 0 1 0 0
19 22 0 1 1 1 1 0
19 23 1 0 1 1 0 0
19 24 0 0 1 0 1 1
20 4 0 0 1 1 1 1
20 5 1 1 0 1 1 0
20 8 1 1 0 0 1 0
20 9 0 0 1 1 0 1
20 10 1 0 0 0 0 0
20 11 0 0 1 1 1 0
20 12 0 1 1 0 0 0
20 14 1 0 1 0 0 0
20 15 0 0 1 1 0 1
20 16 1 0 0 0 0 0
20 17 1 1 0 1 0 0
20 18 0 0 1 0 1 1
20 19 1 0 0 0 0 0
20 21 1 1 0 0 0 1
20 22 1 0 0 0 0 0
20 23 1 1 0 1 1 0
20 24 1 0 0 0 1 0
20 25 0 1 0 0 0 0
21 2 1 1 0 1 1 0
21 3 1 0 0 0 1 0
21 4 0 1 1 0 0 0
21 5 1 1 0 0 1 0
21 6 1 0 0 1 0 1
21 7 0 1 1 0 0 0
21 9 1 0 0 0 1 1
21 10 0 1 0 0 0 0
21 11 0 0 0 0 1 0
21 13 0 1 0 1 0 0
21 14 1 0 0 0 0 0
21 15 1 1 1 0 0 0
21 16 0 0 1 1 0 1
21 17 0 1 1 0 0 0
21 19 1 1 0 0 0 0
21 20 1 0 1 0 0 1
21 21 0 1 1 0 0 0
21 22 1 1 0 1 1 0
21 23 1 0 0 1 0 1
21 24 0 0 1 0 0 0
21 25 1 1 0 0 1 0
21 26 1 0 0 0 1 0
21 27 0 0 1 0 0 0
21 29 1 0 0 1 1 0
21 30 1 0 0 0 0 1
21 31 0 1 1 0 0 0
22 2 1 0 1 0 1 1
22 3 0 1 1 0 0 0
22 4 0 0 0 0 1 0
22 5 0 1 1 0 0 0
22 6 1 1 1 0 0 0
22 7 0 1 0 1 0 0
22 8 0 1 1 0 0 0
22 9 0 1 0 1 1 0
22 10 1 0 1 0 0 1
22 11 0 1 0 0 0 0
22 12 0 0 1 0 0 1
23 4 1 0 1 1 1 0
23 5 0 1 0 1 0 0
23 6 0 0 1 0 0 0
23 7 1 0 1 0 1 0
23 8 0 0 1 0 0 0
23 11 1 1 0 0 1 0
23 12 1 0 0 0 1 0
23 13 0 0 1 0 0 0
23 14 0 1 0 1 1 1
23 15 0 1 0 0 0 0
23 16 0 0 1 0 0 1
23 18 1 0 1 1 1 0
23 19 0 1 0 1 0 0
23 20 0 0 1 0 0 0
23 21 1 0 1 0 1 0
24 4 1 0 1 0 1 1
24 5 0 0 1 0 1 1
24 6 0 0 1 0 0 0
24 7 1 0 1 1 0 0
24 8 0 1 0 0 0 1
24 9 1 0 1 1 0 1
24 10 0 1 1 0 0 0
24 13 1 1 0 0 1 0
24 14 1 0 0 0 1 0
24 15 0 0 1 0 0 0
24 16 0 1 0 1 1 1
24 17 0 1 0 0 0 0
24 18 0 0 1 0 0 1
24 20 1 0 1 0 1 1
24 21 0 0 1 0 1 1
24 22 0 0 1 0 0 0
24 23 1 0 1 1 0 0
24 24 0 1 0 0 0 1
24 25 1 0 1 1 0 1
3 15 1 0 0 0 0 0
