-0.40
43 63 91 112 138 158 186 206 233 254 282 302 330 350 378 397 425 445 472 492 520 540 568 587 615 634 661 681 708 728 755 774 802 822 851 869 897 916 944 964 994 1014 1039 1058 1085 1104 1132 1153 1180 1200 1228 1248 1277 1295 1324 1345 1371 1393 1418 1442 1461 1481 1518 1538 1565 1585 1613 1633 1660 1680
36 56 76 114 133 152 190 208 227 265 284 303 341 361 381 422 441 461 500 520 540 578 598 617 656 676 695 734 753 774 813 833 853 893 912 931 971 990 1009 1049 1069 1089 1126 1146 1165 1206 1225 1245 1281 1301 1321 1362 1382 1401 1439 1459 1478 1516 1536 1555 1597 1617 1637 1679 1698 1718 1759 1779 1799 1839 1858 1877 1917 1938 1958 1995 2015 2036 2076 2095 2115 2160 2180 2200 2238 2258 2278
2 7 1 1 0 0 1 0
2 8 1 0 0 1 0 1
2 9 0 1 1 0 0 0
2 10 1 1 0 0 1 0
2 11 1 0 0 0 0 1
2 12 0 1 0 0 0 0
2 14 1 0 1 1 0 0
2 15 0 1 1 0 0 1
2 16 0 1 0 0 0 0
2 17 0 1 0 0 1 0
2 18 0 1 0 0 0 0
2 20 1 1 0 0 0 0
2 21 0 0 1 1 1 0
2 22 1 0 0 0 0 0
2 23 1 0 0 1 1 0
2 24 0 0 1 1 1 0
2 25 0 1 1 0 0 0
3 4 1 1 0 1 1 0
3 5 0 1 0 1 1 1
3 6 1 0 0 0 0 0
3 7 1 1 0 1 0 0
3 8 1 1 1 0 0 1
3 9 0 1 1 0 0 0
3 10 1 1 0 0 1 0
3 11 1 1 1 1 1 1
3 12 0 1 1 0 0 0
3 14 1 1 0 1 1 0
3 15 0 1 0 1 0 0
3 16 0 1 0 0 0 0
3 18 1 1 0 1 1 0
3 19 1 0 0 1 0 1
3 20 0 0 1 0 0 0
3 21 1 1 0 0 1 0
3 22 1 0 0 0 1 0
3 23 0 0 1 0 0 0
3 25 1 1 0 1 0 0
3 26 0 1 1 0 0 1
3 27 1 0 0 0 0 0
3 28 1 1 1 0 0 1
3 29 0 1 1 0 0 0
4 11 0 0 0 0 1 1
4 12 0 0 1 0 0 0
4 13 1 0 0 0 1 1
4 14 0 1 1 0 0 0
4 15 1 0 0 1 0 1
4 16 0 1 1 0 0 0
4 17 1 1 0 1 1 0
4 18 0 1 1 0 1 0
4 19 0 0 1 0 0 0
4 20 0 0 0 0 0 1
4 21 0 1 1 0 0 0
6 4 0 0 1 1 1 1
6 5 1 0 0 0 0 0
6 8 1 0 1 0 1 1
6 9 0 1 1 0 0 0
6 10 1 0 1 0 1 1
6 11 0 1 1 0 0 0
6 13 1 1 0 0 0 0
6 14 0 0 1 1 1 0
6 15 1 0 0 0 0 0
6 16 1 0 0 1 1 0
6 17 0 0 1 1 1 0
6 18 0 1 1 0 0 0
6 19 0 0 0 0 1 0
6 20 0 1 1 0 0 0
6 21 1 1 1 0 0 0
6 22 0 1 0 1 0 0
6 23 0 1 1 0 0 0
6 24 0 1 0 1 1 0
6 25 1 0 1 0 0 1
6 26 0 1 0 0 0 0
6 27 0 0 1 0 0 1
7 6 0 1 1 1 1 0
7 7 0 0 1 0 1 0
7 8 1 0 0 0 0 0
7 13 1 0 0 0 1 1
7 14 1 0 0 0 0 0
7 15 1 0 1 0 1 1
8 4 0 0 1 1 1 1
8 5 1 1 0 0 0 0
8 8 1 1 0 0 0 0
8 9 1 0 0 1 0 1
8 10 0 1 1 0 0 0
8 11 1 0 0 1 1 0
8 12 0 0 1 1 1 0
8 13 0 1 1 0 0 0
8 15 1 0 0 1 0 0
8 16 0 1 0 0 0 0
8 18 1 1 0 0 0 0
8 19 0 0 1 1 1 0
8 20 1 0 0 0 0 0
8 22 1 1 0 0 0 0
8 23 0 0 1 0 1 1
8 24 0 0 1 0 0 0
8 25 1 0 0 1 1 0
8 26 0 0 1 1 1 0
8 27 0 1 1 0 0 0
8 28 0 0 0 0 1 0
9 2 1 0 0 1 1 0
9 3 1 0 1 0 0 1
9 4 0 1 0 0 0 0
9 6 1 1 0 0 0 0
9 7 1 0 0 1 0 1
9 8 0 1 1 0 0 0
9 9 1 0 0 1 1 0
9 10 0 0 1 1 1 0
9 11 0 1 1 0 0 0
9 12 0 0 0 0 1 0
9 13 0 1 1 0 0 0
9 14 1 1 1 0 0 0
9 15 0 1 0 1 0 0
9 16 0 1 1 0 0 0
9 17 0 1 0 1 1 0
9 18 1 0 1 0 0 1
9 19 0 1 0 0 0 0
9 20 0 0 1 0 0 1
10 6 0 0 1 1 0 0
10 7 0 0 1 0 0 0
10 8 1 0 0 1 1 0
10 9 0 1 1 0 1 0
10 10 0 0 1 0 0 0
10 15 1 1 0 0 0 0
10 16 0 1 0 0 0 1
10 17 1 0 0 0 0 0
10 18 1 1 1 0 0 0
10 19 0 1 0 1 0 0
10 20 0 1 0 0 0 0
11 4 0 0 1 1 1 1
11 5 1 0 0 1 0 0
11 8 1 0 0 0 1 1
11 9 0 0 1 1 1 1
11 10 1 0 0 0 0 0
11 11 1 0 1 1 0 0
11 12 1 0 1 0 0 1
11 13 0 0 1 0 0 0
11 15 1 1 0 0 1 0
11 16 1 0 1 1 0 1
11 17 1 0 0 0 0 0
11 18 0 1 1 1 1 0
11 19 0 1 0 0 1 1
11 20 0 1 0 0 0 0
11 22 1 0 0 1 1 0
11 23 0 1 0 0 0 1
11 25 0 1 0 1 0 0
11 26 1 0 0 0 0 0
11 27 1 0 1 0 1 1
11 28 1 0 1 0 0 1
11 29 0 0 1 0 0 0
12 2 1 1 0 0 0 1
12 3 1 0 0 0 0 0
12 4 1 1 0 1 1 0
12 5 1 0 0 0 1 0
12 6 0 1 0 0 0 0
12 7 0 0 0 0 1 0
12 9 1 0 0 0 1 1
12 10 0 0 1 1 1 1
12 11 0 0 1 0 0 0
12 12 1 1 0 0 1 0
12 13 1 0 0 0 1 0
12 14 0 0 1 0 0 0
12 16 0 1 1 1 1 0
12 17 0 1 0 0 1 1
12 18 0 1 0 0 0 0
12 19 0 1 0 1 0 0
12 20 1 0 0 0 0 0
12 21 1 1 0 1 1 0
12 22 0 1 0 0 0 1
13 2 1 0 0 0 1 1
13 3 0 0 1 1 1 1
13 4 1 0 0 0 0 0
13 5 1 0 0 1 1 0
13 6 0 0 1 1 1 0
13 7 0 1 1 0 0 0
13 8 0 0 0 0 1 0
13 9 0 1 1 0 0 0
13 10 1 0 1 0 0 0
13 11 0 1 0 1 0 0
13 12 0 1 0 0 0 0
13 13 0 0 1 1 0 0
13 14 0 1 0 0 1 1
13 15 1 0 0 0 0 0
13 16 0 0 1 0 0 1
13 18 1 1 0 0 0 1
13 19 1 0 0 0 0 0
13 20 1 1 0 1 1 0
13 21 1 0 0 0 1 0
13 22 0 1 0 0 0 0
13 24 1 0 1 0 1 1
13 25 0 1 1 0 0 0
13 26 0 0 0 1 0 0
13 28 0 1 1 1 1 0
13 29 1 1 1 0 1 1
13 30 0 1 0 0 0 0
14 2 1 0 0 1 1 0
14 3 0 1 0 0 0 1
14 5 0 1 0 1 1 1
14 6 0 1 0 0 0 0
14 8 0 1 1 1 0 0
14 9 0 1 0 0 0 1
14 10 0 1 1 0 0 0
14 11 1 1 1 0 0 0
14 12 0 1 0 1 0 0
14 13 0 1 1 0 0 0
14 14 0 0 0 0 1 0
14 16 1 0 0 0 1 1
14 17 0 0 1 1 1 1
14 18 1 0 0 0 0 0
14 19 1 0 0 1 1 0
14 20 0 0 1 1 1 0
14 21 0 1 1 0 0 0
15 2 1 1 0 0 0 0
15 3 1 0 1 0 0 1
15 4 0 1 1 0 0 0
15 5 1 0 0 0 1 1
15 6 0 0 1 1 1 1
15 7 0 0 1 0 0 0
15 8 1 1 0 0 1 0
15 9 1 0 0 0 1 0
15 10 0 0 1 0 0 0
15 11 0 0 0 0 1 0
15 12 0 1 1 0 0 0
16 3 1 1 0 0 0 0
16 4 0 0 1 0 0 1
16 5 0 0 1 1 1 1
16 6 1 0 0 1 1 0
16 10 1 1 1 1 0 0
16 11 0 0 1 0 0 1
16 12 0 0 1 1 1 1
16 13 1 1 0 0 0 0
16 17 1 0 1 1 0 0
16 18 0 0 1 0 0 1
16 19 0 0 1 1 1 1
16 20 1 1 0 0 0 0
16 24 1 1 0 1 0 0
16 25 0 0 1 0 0 1
16 26 0 0 1 1 1 1
16 27 1 0 0 0 0 0
17 3 1 0 0 1 1 0
17 4 0 0 1 0 0 1
17 5 0 0 1 1 1 1
17 6 1 0 0 1 1 0
17 10 0 1 1 1 1 0
17 11 0 0 1 0 0 1
17 12 0 0 1 1 1 1
17 13 1 1 0 0 0 0
17 17 1 0 1 1 1 0
17 18 0 0 1 0 0 1
17 19 0 0 1 1 1 1
17 20 1 1 0 0 0 0
17 24 1 1 1 0 0 0
17 25 0 0 1 0 0 1
17 26 0 0 1 1 1 1
17 27 1 0 0 1 1 0
18 3 1 1 0 1 1 0
18 4 0 0 1 0 0 1
18 5 0 0 1 1 1 1
18 6 1 0 0 1 1 0
18 10 1 0 1 0 0 0
18 11 0 0 1 0 0 1
18 12 0 0 1 1 1 1
18 13 1 0 0 1 1 0
18 17 1 1 0 0 1 0
18 18 0 0 1 0 0 1
18 19 0 0 1 1 1 1
18 20 1 1 0 0 0 0
19 3 1 1 0 1 1 0
19 4 0 0 1 0 0 1
19 5 0 0 1 1 1 1
19 6 1 0 0 1 1 0
19 10 1 0 1 0 0 0
19 11 0 0 1 0 0 1
19 12 0 0 1 1 1 1
19 13 1 1 0 0 0 0
19 17 1 1 0 0 1 0
19 18 0 0 1 0 0 1
19 19 0 0 1 1 1 1
19 20 1 0 0 1 1 0
19 22 0 0 0 0 1 1
19 23 0 0 1 0 0 0
19 24 1 1 0 0 0 0
19 25 1 0 0 1 0 1
19 26 0 1 1 0 0 0
19 27 1 0 0 1 1 0
19 28 1 0 1 0 0 1
19 29 0 1 0 0 0 0
19 30 0 0 0 0 0 1
19 31 0 1 1 0 0 0
20 3 0 0 1 1 0 0
20 4 0 0 1 0 0 1
20 5 0 0 1 1 1 1
20 6 1 0 0 1 1 0
20 10 1 1 1 1 1 0
20 11 0 0 1 0 0 1
20 12 0 0 1 1 1 1
20 13 1 1 0 0 0 0
20 17 1 0 0 0 1 1
20 18 0 0 1 0 0 1
20 19 0 0 1 1 1 1
20 20 1 0 0 1 1 0
20 24 0 1 0 1 1 0
20 25 0 0 1 0 0 1
20 26 0 0 1 1 1 1
20 27 1 1 0 0 0 0
21 3 1 0 1 0 1 1
21 4 0 0 1 0 0 1
21 5 0 0 1 1 1 1
21 6 1 0 0 1 1 0
21 10 1 0 0 1 0 0
21 11 0 0 1 0 0 1
21 12 0 0 1 1 1 1
21 13 1 1 0 0 0 0
21 17 0 1 1 1 0 0
21 18 0 0 1 0 0 1
21 20 1 0 0 1 1 0
22 4 1 1 1 0 0 0
22 5 0 1 0 1 0 0
22 6 0 1 1 0 0 0
22 7 0 1 0 1 1 0
22 8 1 0 1 0 0 1
22 9 0 1 0 0 0 0
22 10 0 0 1 0 0 1
23 4 1 1 0 0 0 0
23 5 0 0 1 0 1 0
23 6 0 1 1 0 0 0
23 9 1 0 0 0 1 1
23 10 0 0 1 1 1 1
23 11 0 0 1 0 0 0
23 12 1 1 0 0 1 0
23 13 1 0 0 0 1 0
23 14 0 0 1 0 0 0
23 15 0 1 0 1 1 1
23 16 0 1 0 0 0 0
23 17 0 0 1 0 0 1
23 19 1 1 0 0 0 0
23 20 0 0 1 0 1 0
24 4 1 1 0 1 0 0
24 5 0 0 1 1 1 1
24 6 1 0 0 0 0 0
24 7 1 1 0 1 0 0
24 8 1 1 1 0 0 1
24 9 1 0 0 0 0 0
24 12 1 0 0 0 1 1
24 13 0 0 1 1 1 1
24 14 0 0 1 0 0 0
24 15 1 1 0 0 1 0
24 16 1 0 0 0 1 0
24 17 0 0 1 0 0 0
24 18 0 1 0 1 1 1
24 19 0 1 0 0 0 0
24 20 0 0 1 0 0 1
24 22 1 1 0 1 0 0
24 23 0 0 1 1 1 1
24 24 1 1 0 1 0 0
24 25 1 1 1 0 0 1
25 4 1 1 0 1 0 0
25 5 0 1 1 1 0 1
25 6 1 0 0 0 0 0
25 7 1 1 1 1 1 0
25 8 0 1 1 0 0 1
25 9 0 1 0 0 0 0
25 12 1 0 0 0 1 1
25 13 0 0 1 1 1 1
25 14 0 0 1 0 0 0
25 15 1 1 0 0 1 0
25 16 1 0 0 0 1 0
25 17 0 0 1 0 0 0
25 18 0 1 0 1 1 1
25 19 0 1 0 0 0 0
25 20 0 0 1 0 0 1
25 22 1 1 0 1 0 0
25 23 0 1 1 1 0 1
25 24 1 1 1 1 1 0
25 25 0 1 1 0 0 1
26 4 1 1 0 0 1 0
26 5 1 1 0 0 0 1
26 6 0 1 1 0 0 0
26 7 1 1 0 0 1 0
26 8 1 1 0 0 0 1
26 9 1 0 0 0 0 0
26 12 1 0 0 0 1 1
26 13 0 0 1 1 1 1
26 14 0 0 1 0 0 0
26 15 1 1 0 0 1 0
26 16 1 0 0 0 1 0
26 17 0 0 1 0 0 0
26 18 0 1 0 1 1 1
26 19 0 1 0 0 0 0
26 20 0 0 1 0 0 1
26 22 1 1 0 0 1 0
26 23 1 1 0 0 0 1
26 24 1 1 0 0 1 0
26 25 1 1 0 0 0 1
26 26 1 0 0 0 0 0
27 4 1 0 0 1 1 0
27 5 0 1 0 1 0 0
27 6 0 1 1 0 0 0
27 7 0 1 1 1 1 0
27 8 1 1 1 0 0 1
27 9 0 1 0 0 0 0
27 12 1 0 0 0 1 1
27 13 0 0 1 1 1 1
27 14 0 0 1 0 0 0
27 15 1 1 0 0 1 0
27 16 1 0 0 0 1 0
27 17 0 0 1 0 0 0
27 18 0 1 0 1 1 1
27 19 0 1 0 0 0 0
27 20 0 0 1 0 0 1
27 22 1 0 0 1 1 0
27 23 0 1 0 1 0 0
27 24 0 1 1 1 1 0
27 25 1 1 1 0 0 1
21 19 0 0 1 1 1 1
