15 34 62 81 109 128 156 175 203 222 247 266 295 315 343 362 389 409 437 457 485 504 532 552 581 599 627 645 672 692 720 740 768 787 815 835 862 882 909 929 957 977 1006 1024 1051 1069 1097 1117 1145 1164 1192 1211 1239 1259 1287 1306 1334 1353 1381 1402 1430 1450 1478 1498 1525 1545 1573 1592 1620 1639 1667 1686
35 54 73 112 132 151 189 208 227 266 285 304 341 361 381 419 438 458 498 518 537 576 596 615 655 675 694 732 752 771 810 830 849 888 907 927 966 986 1005 1045 1064 1084 1124 1143 1163 1203 1222 1241 1280 1298 1318 1358 1376 1395 1435 1454 1473 1513 1533 1553 1593 1613 1632 1675 1694 1714 1752 1772 1792 1832 1852 1871 1910 1929 1948 1987 2006 2025 2064 2083 2102 2141 2160 2179 2218 2237 2256
2 12 0 0 0 0 1 1
2 13 1 0 0 0 0 1
2 14 0 0 0 1 0 1
2 15 0 0 0 1 0 0
2 16 1 0 0 0 1 0
2 18 0 0 0 0 1 1
2 19 1 1 0 0 0 1
2 20 1 1 0 1 0 0
2 21 0 0 0 1 0 0
2 22 1 1 1 0 0 1
2 23 0 1 1 1 0 0
2 25 0 1 0 0 0 0
2 26 0 0 0 0 1 0
2 27 0 1 0 1 0 0
2 29 0 0 0 0 1 1
2 30 1 0 0 1 0 0
2 31 0 1 0 1 1 0
2 32 0 0 0 0 1 1
2 33 0 1 0 1 0 0
2 34 0 1 0 1 1 0
3 5 0 0 0 0 1 1
3 6 0 1 0 0 0 0
3 7 0 0 0 0 1 0
3 8 1 1 0 0 0 0
3 9 1 1 0 1 0 0
3 10 0 0 0 0 0 1
3 11 0 1 0 0 0 1
3 12 0 0 0 1 0 0
3 14 0 0 0 1 0 0
3 15 1 1 0 0 0 1
3 16 0 0 0 1 0 0
3 18 0 0 0 1 0 0
3 19 1 1 0 0 0 1
3 20 0 0 1 1 0 0
3 21 0 0 0 1 0 0
3 22 0 0 0 1 0 0
3 23 0 0 0 1 0 0
3 26 0 0 0 0 0 1
3 27 0 0 0 1 0 0
3 28 0 0 0 1 1 0
3 29 0 0 0 0 0 1
3 30 1 1 1 0 0 1
3 31 0 1 1 0 0 0
3 32 0 0 0 0 1 1
3 33 0 0 1 1 0 1
3 34 0 0 0 1 1 0
4 26 0 0 1 0 0 1
4 27 0 0 0 0 1 0
4 28 0 0 0 1 0 1
4 29 1 1 0 0 1 0
4 30 0 0 0 0 1 1
4 31 1 0 0 0 1 0
4 32 0 0 0 1 1 1
5 16 0 0 0 0 1 1
5 19 0 1 0 1 0 0
5 20 0 1 0 1 1 0
5 21 0 0 0 0 0 1
5 22 1 0 1 0 0 0
5 23 0 1 1 1 0 0
5 25 0 0 0 1 0 1
5 26 0 0 0 1 1 0
5 29 0 0 0 0 1 1
5 30 0 1 0 0 0 0
5 31 0 0 0 0 1 1
5 32 0 0 1 1 0 0
6 5 0 0 0 0 1 0
6 6 0 0 0 1 0 1
6 7 1 0 0 1 0 0
6 9 0 1 0 0 0 0
6 10 0 0 0 0 1 1
6 11 1 1 0 0 0 1
6 12 1 0 0 1 0 0
6 13 0 0 0 0 0 1
6 14 0 1 1 0 0 1
6 15 0 0 0 1 0 0
6 17 0 0 0 1 0 0
6 18 1 0 0 0 0 1
6 19 0 0 0 1 0 0
6 21 1 1 0 0 0 0
6 22 0 0 0 0 0 1
6 23 0 1 1 1 0 1
6 24 1 0 0 0 0 0
6 28 0 0 1 1 0 1
6 29 0 0 0 0 0 1
6 30 0 1 1 1 0 1
6 31 0 0 0 1 0 0
6 32 0 1 1 1 0 0
7 27 0 0 0 0 1 0
7 28 0 1 0 0 0 0
7 29 0 0 0 1 0 0
7 30 0 1 1 0 0 1
7 31 0 1 1 1 0 0
7 32 0 0 0 1 0 0
7 33 0 0 1 1 0 0
7 34 0 0 0 1 0 1
8 10 0 0 0 0 1 0
8 11 0 0 0 1 0 0
8 12 0 1 0 1 1 0
8 13 0 0 0 0 1 0
8 14 0 0 1 1 1 0
8 15 1 0 0 1 0 0
8 17 0 0 0 0 1 1
8 18 0 0 0 1 0 1
8 19 0 0 0 0 1 1
8 20 0 0 1 1 1 1
8 21 0 1 0 0 1 0
8 24 0 0 0 1 0 0
8 25 0 0 0 1 1 1
8 26 0 0 0 0 1 1
8 27 1 0 1 1 1 0
8 28 0 1 0 1 1 0
8 31 1 0 0 1 1 0
8 32 1 1 1 0 0 1
9 20 0 0 0 0 1 0
9 21 0 1 0 0 0 0
9 22 0 0 0 0 1 1
9 23 0 1 1 1 0 1
9 25 0 0 0 0 1 1
9 26 0 0 1 1 0 0
9 27 1 1 0 1 0 0
9 30 0 1 0 1 0 0
9 31 0 1 0 1 1 0
9 32 0 0 0 0 0 1
9 33 1 0 1 0 0 0
9 34 1 1 0 1 1 0
10 9 1 1 0 1 0 0
10 11 0 0 1 0 0 1
10 12 0 0 0 0 1 0
10 13 1 1 0 0 1 0
10 15 0 0 0 0 0 1
10 16 0 1 0 1 0 0
10 17 0 1 0 1 1 0
10 18 0 0 0 0 0 1
10 19 1 0 1 1 0 0
10 20 1 0 0 1 1 0
10 22 0 0 0 0 1 0
10 24 0 0 0 0 1 0
10 25 1 1 0 1 0 0
10 26 0 0 0 0 0 1
10 27 0 1 0 1 0 1
10 28 0 0 0 0 0 1
10 29 0 1 1 0 0 0
10 31 0 0 1 0 1 0
10 32 1 1 0 1 0 0
11 8 1 0 0 1 0 1
11 10 0 0 0 0 0 1
11 11 0 0 0 0 1 0
11 12 0 1 1 0 1 0
11 14 0 0 0 0 0 1
11 15 0 0 0 1 0 0
11 16 0 1 0 1 1 0
11 17 0 0 0 0 0 1
11 18 1 0 1 1 0 0
11 19 1 1 0 1 0 0
11 21 0 0 0 0 1 1
11 23 0 0 0 0 1 0
11 24 1 0 0 1 0 1
11 25 0 0 0 0 1 0
11 26 0 1 1 0 0 1
11 27 0 1 1 1 0 0
11 28 0 0 0 0 0 1
11 29 0 1 1 0 0 0
11 31 0 0 0 0 1 0
11 32 1 0 0 1 0 1
12 7 1 1 0 1 0 1
12 9 0 0 0 0 0 1
12 10 0 0 0 0 1 0
12 11 1 1 0 0 1 0
12 13 0 0 0 0 0 1
12 14 0 1 0 1 0 0
12 15 0 1 0 1 0 0
12 16 0 0 0 0 0 1
12 17 1 0 1 1 0 0
12 18 0 0 0 1 1 0
12 20 0 0 0 0 1 1
12 21 0 0 1 0 0 0
12 22 0 1 0 0 0 1
12 23 1 0 0 1 0 1
12 24 0 0 0 0 0 1
12 25 1 0 0 0 1 0
12 26 1 1 0 1 0 1
12 27 0 0 0 0 0 1
12 28 0 1 1 0 0 0
12 30 0 0 0 0 0 1
12 31 1 0 0 0 1 0
12 32 1 1 0 1 0 1
13 7 1 1 0 0 1 1
13 9 0 0 1 0 0 1
13 10 0 0 0 0 1 0
13 11 1 1 1 0 1 0
13 13 0 0 0 0 0 1
13 14 0 0 0 1 0 0
13 15 0 0 0 1 0 0
13 16 0 0 0 0 0 1
13 17 1 0 0 0 0 0
13 18 1 1 0 1 1 0
13 20 0 0 0 0 1 1
13 21 0 0 1 0 0 0
13 22 0 0 0 0 1 1
13 23 0 0 1 1 0 0
13 24 0 1 0 1 1 0
13 25 0 0 0 0 1 0
13 26 0 0 1 1 1 1
13 27 1 0 0 1 0 1
13 28 0 0 0 0 0 1
13 29 0 1 1 0 0 0
13 31 0 1 0 0 0 1
13 32 1 1 0 0 1 1
14 6 1 1 0 0 1 0
14 8 0 0 1 0 0 1
14 9 0 0 0 0 1 0
14 10 1 1 0 0 1 0
14 12 0 0 0 0 0 1
14 13 0 0 0 1 0 0
14 14 0 0 0 1 1 0
14 16 1 0 1 1 0 0
14 17 0 0 0 1 1 0
14 19 0 0 0 0 0 1
14 20 0 0 1 0 0 0
14 22 0 0 1 1 0 0
14 23 0 1 0 1 1 0
14 24 0 0 0 0 0 1
14 25 1 0 0 0 0 1
14 26 1 1 0 1 0 0
14 27 0 0 0 0 0 1
14 28 0 1 1 0 0 0
14 30 0 0 0 1 0 0
14 31 0 1 0 0 0 1
14 32 1 1 0 0 1 1
15 9 1 1 0 0 1 1
15 12 0 0 1 0 0 1
15 13 0 0 0 0 1 0
15 14 1 1 1 0 1 0
15 17 0 1 0 0 0 0
15 18 0 1 0 1 1 0
15 19 0 0 0 0 0 1
15 20 1 0 0 1 0 0
15 21 1 1 0 1 1 0
15 23 0 0 0 0 0 1
15 24 0 0 1 0 0 0
15 25 0 0 0 0 1 1
15 26 0 0 1 1 0 1
15 27 0 0 0 0 0 1
15 28 0 1 1 0 0 0
15 30 0 1 0 0 0 1
15 31 1 1 0 0 1 1
15 32 1 0 0 0 0 0
16 26 0 0 1 0 0 1
16 27 0 0 0 0 1 0
16 28 0 0 1 1 0 1
16 29 1 0 0 0 1 0
16 30 0 0 0 0 1 1
16 31 1 0 0 0 1 0
16 32 0 0 0 1 1 1
17 12 1 0 0 1 0 1
17 13 0 0 0 0 0 1
17 14 0 1 1 0 0 1
17 15 0 1 1 1 0 0
17 17 0 0 0 0 0 1
17 18 0 0 0 0 1 0
17 19 0 0 0 0 1 0
17 20 0 0 0 0 0 1
17 21 0 1 0 1 0 0
17 22 0 1 0 1 1 0
17 23 0 0 0 0 0 1
17 24 1 0 0 1 0 0
17 25 1 1 0 1 0 0
17 28 0 0 1 0 1 0
17 29 1 0 0 1 0 1
17 30 0 0 0 0 0 1
17 31 0 1 1 0 0 1
17 32 0 1 1 1 0 1
18 13 0 0 1 0 1 1
18 14 0 0 0 0 1 0
18 15 1 1 0 0 1 1
18 17 0 0 0 0 0 1
18 18 0 0 0 0 1 0
18 19 1 0 1 0 1 0
18 20 0 0 0 0 0 1
18 21 0 1 0 1 0 0
18 22 0 0 0 0 1 0
18 23 0 0 0 0 0 1
18 24 1 0 0 1 0 0
18 25 0 1 0 0 1 0
18 28 0 0 0 1 0 0
18 29 0 0 1 0 1 1
18 30 1 0 0 1 1 0
18 31 0 1 0 0 0 0
18 32 1 1 0 0 1 1
19 12 0 1 1 0 0 1
19 13 1 0 0 1 0 1
19 14 1 0 0 0 1 1
19 15 1 0 0 0 0 0
19 18 0 0 0 0 1 0
19 19 1 1 1 0 1 0
19 20 0 0 0 0 0 1
19 21 0 0 0 1 0 0
19 22 0 1 0 1 1 0
19 23 0 0 0 0 0 1
19 24 1 0 0 1 0 0
19 25 1 1 0 1 1 0
19 28 0 1 1 0 0 1
19 29 1 0 0 0 0 1
19 30 0 1 0 0 0 1
19 31 1 1 0 0 1 1
19 32 1 0 0 0 0 0
20 11 0 0 0 0 1 0
20 12 0 1 0 1 0 0
20 13 1 1 0 1 1 0
20 14 0 0 0 1 0 0
20 15 0 0 0 1 0 0
20 17 0 0 0 1 0 0
20 18 0 0 1 0 0 1
20 19 1 0 0 1 1 0
20 20 0 0 0 1 0 0
20 21 1 0 1 0 0 1
20 22 0 0 0 1 0 0
20 24 0 0 0 0 1 1
20 25 1 1 0 0 0 1
20 26 0 0 0 1 0 0
20 27 1 0 1 0 0 1
20 28 0 1 0 1 1 0
20 31 1 1 0 1 1 0
20 32 1 1 1 0 0 1
21 5 0 0 0 0 1 1
21 6 0 0 1 1 0 0
21 7 1 1 0 1 0 0
21 9 0 0 0 0 0 1
21 10 0 1 0 1 0 0
21 11 0 1 0 1 1 0
21 12 0 0 0 0 0 1
21 13 1 0 1 1 0 0
21 14 1 0 0 1 1 0
21 15 0 0 0 0 1 1
21 16 0 0 0 1 0 1
21 17 0 0 0 1 1 0
21 19 0 0 0 0 1 1
21 20 1 0 1 0 0 0
21 21 0 0 0 0 0 1
21 22 0 0 0 1 0 0
21 23 0 0 0 0 1 0
21 26 0 0 0 0 1 0
21 27 0 1 1 1 0 0
21 29 0 0 0 0 1 1
21 30 1 0 0 1 0 0
21 31 0 1 0 1 1 0
21 32 0 0 0 0 1 1
21 33 0 1 0 1 0 0
21 34 1 1 0 1 1 0
22 24 0 0 1 0 0 1
22 25 0 0 0 0 1 0
22 26 0 0 1 1 0 1
22 27 1 1 0 0 1 0
22 28 0 0 0 0 1 1
22 29 1 0 0 0 1 0
22 30 0 0 0 1 1 1
22 31 0 0 0 0 1 1
22 32 0 1 0 0 0 0
22 33 0 0 0 0 1 1
22 34 0 0 1 1 0 0
23 15 0 1 0 1 0 1
23 16 0 0 0 0 0 1
23 17 1 0 0 0 1 0
23 18 1 1 0 1 0 1
23 20 0 0 1 0 0 1
23 21 0 0 0 0 1 0
23 22 1 0 0 0 0 0
23 23 0 0 0 0 0 1
23 24 0 0 0 1 0 0
23 25 0 1 0 1 1 0
23 28 0 0 0 0 0 1
23 29 0 1 0 1 0 1
23 30 0 0 0 0 0 1
23 31 1 0 0 0 1 0
23 32 1 1 0 1 0 1
24 11 1 0 1 1 0 1
24 12 0 0 1 0 1 0
24 13 1 0 0 1 0 1
24 14 0 0 0 0 0 1
24 15 0 0 0 0 0 1
24 16 0 1 0 1 0 1
24 18 0 0 1 0 0 1
24 19 0 0 0 0 1 0
24 20 1 1 1 0 1 0
24 21 0 0 0 0 0 1
24 22 0 0 0 1 0 0
24 23 0 1 0 1 0 0
24 26 0 0 0 0 1 1
24 27 1 0 1 1 0 1
24 28 0 0 1 0 1 0
24 29 1 0 0 1 0 1
24 31 0 1 1 0 0 1
24 32 0 1 1 1 0 1
