0.20
48 68 95 115 142 162 189 209 233 253 280 300 328 347 375 395 423 443 471 490 517 538 565 585 611 630 657 677 705 726 753 773 800 820 848 868 895 915 942 963 990 1009 1036 1054 1082 1102 1131 1150 1178 1197 1224 1245 1272 1292 1320 1339 1368 1387 1415 1436 1463 1483 1511 1531 1559 1578 1606 1625 1653 1672
33 52 71 111 131 150 188 208 226 265 283 302 339 359 379 418 438 458 497 517 536 575 595 614 653 672 691 730 749 768 807 826 845 884 903 922 966 986 1005 1044 1063 1082 1122 1141 1161 1200 1219 1239 1278 1297 1317 1356 1374 1394 1434 1454 1473 1512 1532 1551 1592 1612 1632 1672 1692 1711 1751 1771 1791 1831 1851 1870 1911 1931 1951 1991 2011 2031 2071 2090 2111 2151 2170 2189 2229 2248 2267
2 12 0 1 0 0 0 0
2 13 0 0 0 1 0 0
2 14 1 0 1 1 1 0
2 15 0 1 0 1 1 0
2 16 0 0 0 0 1 0
2 17 1 0 1 0 0 1
2 19 0 0 0 0 0 1
2 20 0 0 1 1 0 1
2 21 0 0 0 1 1 0
2 23 0 0 1 0 1 1
2 24 0 1 1 1 0 0
2 25 0 0 0 0 0 1
2 26 1 0 1 0 1 0
2 27 0 1 0 1 1 0
2 29 1 0 1 0 1 0
2 30 0 1 0 1 0 1
2 32 0 0 1 0 1 1
2 33 1 1 0 1 1 1
3 15 0 1 0 0 0 0
3 16 0 0 1 1 0 1
3 17 1 0 0 0 0 1
3 19 0 0 1 0 1 1
3 20 0 1 1 1 0 0
3 21 1 1 1 1 1 0
3 22 1 1 0 1 1 1
3 24 0 0 0 0 1 1
3 25 0 0 1 1 1 1
3 26 1 0 0 1 1 0
3 27 0 0 0 1 0 0
3 28 1 1 0 1 1 1
3 30 0 0 1 0 1 1
3 31 0 1 1 1 0 0
3 32 1 1 1 1 1 0
3 33 1 1 0 1 1 1
4 15 0 0 0 0 1 1
4 16 0 1 0 0 0 0
4 17 0 0 0 1 0 0
4 18 1 0 1 1 1 0
4 19 1 1 0 1 1 0
4 21 1 1 0 1 0 0
4 23 0 0 0 1 0 0
4 24 1 1 0 0 1 1
4 26 0 1 1 1 0 0
4 27 0 1 1 1 1 0
4 28 1 1 0 1 1 0
4 30 1 1 1 1 1 0
4 31 1 1 0 1 1 1
4 32 0 0 0 0 1 0
4 33 1 0 1 0 0 1
5 12 0 1 0 0 0 0
5 13 0 0 0 1 0 0
5 14 0 1 0 0 0 1
5 15 0 0 0 1 1 1
5 17 0 0 0 0 0 1
5 18 0 1 1 1 1 1
5 19 0 1 1 1 0 0
5 21 0 0 0 0 0 1
5 22 0 1 0 0 0 1
5 23 0 0 0 1 1 0
5 25 0 1 1 0 1 0
5 26 1 1 0 0 1 1
5 27 0 1 0 1 1 1
5 29 0 0 0 0 1 0
5 30 0 0 1 1 0 1
5 31 0 1 1 1 0 1
5 32 0 0 1 0 1 0
5 33 1 1 0 1 1 0
6 12 0 1 0 0 0 0
6 13 0 0 0 0 1 1
6 14 1 1 1 1 1 1
6 15 0 1 0 1 1 0
6 16 0 0 0 0 0 1
6 17 1 0 0 0 1 0
6 18 0 0 0 1 1 1
6 19 0 0 0 1 0 0
6 20 0 0 1 1 1 0
6 21 0 1 0 1 1 0
6 23 0 0 0 1 0 0
6 24 0 0 1 1 0 1
6 25 1 1 0 1 1 1
6 26 0 0 0 0 1 1
6 27 0 0 1 0 1 1
6 28 1 1 0 1 1 1
6 30 0 1 0 1 1 1
6 31 0 0 0 1 0 0
6 32 0 0 1 0 1 0
6 33 1 1 0 1 1 0
7 10 0 1 0 0 0 0
7 11 1 0 1 0 1 0
7 12 0 0 0 0 0 1
7 13 0 0 1 0 1 0
7 14 0 0 0 1 0 1
7 16 0 0 0 1 0 0
7 17 0 1 0 1 0 1
7 18 1 1 0 1 0 0
7 20 0 0 0 0 1 0
7 21 0 1 0 1 0 1
7 22 1 1 0 1 1 0
7 23 0 0 0 0 0 1
7 24 0 0 1 1 0 1
7 25 0 1 1 1 0 1
7 27 0 0 0 0 1 0
7 28 0 1 0 1 0 1
7 29 1 1 0 1 1 0
7 30 0 0 0 0 0 1
7 31 0 0 1 1 0 1
7 32 0 1 1 1 0 1
7 33 1 1 0 0 0 0
8 13 1 1 0 0 0 0
8 14 0 0 0 0 1 0
8 15 0 1 1 0 0 0
8 16 0 0 0 1 0 0
8 17 1 0 1 1 1 0
8 18 1 1 0 1 1 0
8 20 1 1 0 1 0 0
8 22 0 1 1 0 1 0
8 23 1 1 0 0 1 1
8 24 0 1 1 0 1 0
8 25 1 1 0 1 1 0
8 27 0 1 1 0 0 1
8 28 1 0 0 1 0 1
8 29 0 1 0 1 0 1
8 31 0 1 1 1 0 0
8 33 1 1 0 1 0 1
13 13 0 1 0 1 0 0
13 15 1 0 1 0 0 1
13 17 0 0 0 0 0 1
13 18 0 1 0 1 0 1
13 19 1 0 0 0 1 1
13 21 0 1 0 1 0 1
13 23 0 0 0 0 1 0
13 24 1 0 1 0 0 1
15 5 0 1 0 1 0 1
15 7 0 0 0 0 1 1
15 8 1 0 0 0 1 0
15 10 0 1 0 0 0 0
15 11 0 0 0 0 0 1
15 12 0 0 1 0 1 1
15 13 1 0 0 0 0 1
15 14 0 0 0 0 1 0
15 15 1 1 1 1 0 0
15 16 0 1 0 1 1 0
15 18 0 1 0 0 0 0
15 19 0 1 0 1 0 0
15 21 1 0 1 0 0 1
15 23 0 0 0 0 0 1
15 24 0 1 0 1 0 1
15 25 1 0 0 0 1 1
15 27 0 1 0 1 0 1
15 29 0 1 0 0 0 0
15 30 0 0 0 0 1 0
15 31 1 0 1 0 0 1
16 5 0 1 0 0 0 0
16 6 0 0 0 1 0 0
16 7 1 0 1 1 0 0
16 8 1 1 0 1 1 0
16 10 0 0 0 0 1 0
16 11 0 0 1 0 1 0
16 12 1 1 0 1 0 0
16 14 0 0 0 0 0 1
16 15 0 0 1 0 1 0
16 16 0 0 0 1 0 1
16 17 0 0 1 1 0 1
16 18 0 0 0 1 1 0
16 20 0 0 0 0 0 1
16 21 0 0 1 0 1 0
16 22 1 0 0 0 0 1
16 23 0 0 0 0 1 1
16 24 0 1 0 1 1 1
16 26 0 1 0 0 0 0
16 27 0 1 0 1 0 0
16 29 1 0 1 0 0 1
16 31 0 0 0 0 0 1
16 32 0 1 0 1 0 1
16 33 1 0 0 0 1 1
17 7 0 0 0 0 1 1
17 8 0 1 0 0 0 0
17 9 0 1 0 1 0 0
17 11 0 0 0 0 0 1
17 12 0 0 1 0 1 0
17 13 1 0 0 0 0 1
17 15 0 0 0 0 0 1
17 16 0 0 1 0 1 1
17 17 1 0 0 0 0 1
17 18 0 0 0 0 1 0
17 19 1 1 1 1 0 0
17 20 0 0 0 1 1 0
17 22 0 0 0 0 0 1
17 23 1 0 1 0 0 1
17 24 0 0 0 1 0 1
17 26 0 1 0 1 1 1
17 28 0 0 0 0 1 0
17 29 1 0 1 0 0 1
17 31 0 0 0 0 0 1
17 32 0 0 1 0 1 0
17 33 0 1 1 1 0 0
18 7 0 1 0 1 0 1
18 9 0 0 0 0 1 1
18 10 1 0 0 0 1 0
18 12 0 1 0 0 0 0
18 13 0 0 0 0 1 1
18 14 1 0 0 0 1 0
18 16 0 1 0 0 0 0
18 17 0 1 0 1 0 0
18 19 1 0 1 0 0 1
18 21 0 0 0 0 0 1
18 22 0 0 0 1 0 1
18 23 1 0 0 0 1 1
18 25 0 1 0 1 0 1
18 27 0 0 0 0 1 1
18 28 1 0 0 0 1 0
18 30 0 1 0 0 0 0
18 31 0 0 0 1 0 0
18 32 1 1 1 0 0 1
18 33 0 1 1 1 0 0
19 5 0 1 0 0 0 0
19 6 0 0 0 1 0 0
19 7 1 0 1 1 0 0
19 8 1 1 0 1 1 0
19 10 0 0 0 0 1 0
19 11 0 0 1 0 1 0
19 12 1 1 0 1 0 0
19 14 0 0 0 0 0 1
19 15 0 0 1 0 1 0
19 16 0 0 0 1 0 1
19 17 0 0 1 1 0 1
19 18 0 0 0 1 1 0
19 20 0 0 0 0 0 1
19 21 0 0 1 0 1 0
19 22 1 0 0 0 0 1
19 23 0 0 0 0 1 1
19 24 0 1 0 1 1 1
19 26 0 1 0 0 0 0
19 27 0 1 0 1 0 0
19 29 1 0 1 0 0 1
19 31 0 0 0 0 0 1
19 32 0 1 0 1 0 1
19 33 1 0 0 0 1 1
20 4 0 0 0 0 1 1
20 5 1 0 0 0 1 0
20 7 0 0 0 1 0 0
20 8 1 1 1 0 0 1
20 9 0 1 1 1 0 0
20 10 0 0 0 0 1 1
20 11 0 1 0 0 0 0
20 12 0 1 0 1 0 0
20 14 0 0 0 0 0 1
20 15 0 0 1 0 1 0
20 16 1 0 0 0 0 1
20 18 0 0 0 0 1 1
20 19 1 0 0 0 1 0
20 21 0 0 0 0 0 1
20 22 1 0 1 0 0 0
20 23 0 0 0 1 0 1
20 25 0 1 0 1 1 1
20 27 0 0 0 1 0 0
20 28 1 1 1 0 0 1
20 29 0 1 1 1 0 0
20 31 0 0 0 0 0 1
20 32 0 0 1 0 1 0
20 33 0 1 1 1 0 0
21 5 0 1 0 0 0 0
21 6 0 0 0 0 0 1
21 7 0 0 1 0 1 0
21 8 1 0 0 0 0 1
21 10 0 0 0 1 0 0
21 11 1 1 1 0 0 1
21 12 0 1 1 1 0 0
21 14 0 0 0 0 1 0
21 15 1 0 1 0 0 1
21 16 0 1 1 0 0 1
21 17 0 1 1 1 0 0
21 18 0 1 1 1 1 0
21 20 1 0 1 0 0 1
21 22 0 0 0 0 0 1
21 23 0 1 0 1 0 1
21 24 1 0 0 0 1 1
21 26 0 1 0 0 0 0
21 27 1 0 1 0 0 1
21 29 0 0 0 0 0 1
21 30 0 1 0 1 0 1
21 31 1 0 0 0 1 1
21 33 0 1 0 1 0 1
22 5 0 0 0 0 0 1
22 6 0 1 0 1 0 1
22 7 1 0 0 0 1 1
22 9 0 1 0 1 0 1
22 11 0 0 0 0 1 1
22 12 1 0 0 0 1 0
22 14 0 0 0 0 0 1
22 15 1 0 0 0 1 1
22 16 0 0 0 0 1 1
22 17 0 1 0 0 0 0
22 18 0 1 0 1 0 0
22 20 0 0 0 0 1 0
22 21 0 0 1 0 1 0
22 22 1 1 0 1 0 0
22 23 0 0 0 0 0 1
22 24 0 1 1 1 1 1
22 25 1 1 0 1 1 0
22 27 0 0 0 0 1 0
22 28 1 1 1 0 1 0
22 29 0 0 1 1 0 1
22 30 0 0 0 1 1 0
22 32 0 0 1 1 0 1
22 33 1 1 0 1 1 0
23 5 0 0 0 0 1 1
23 6 1 1 1 1 1 0
23 7 0 1 0 1 1 0
23 9 0 0 1 1 0 1
23 10 1 1 0 1 1 0
23 12 0 1 0 0 0 0
23 13 0 0 0 0 0 1
23 14 0 0 1 0 1 0
23 15 1 0 0 0 0 1
23 17 0 0 0 0 0 1
23 18 1 0 0 0 1 1
23 20 0 0 0 0 1 0
23 21 1 0 1 0 0 1
23 22 0 1 1 0 0 1
23 23 0 1 1 1 0 0
23 24 0 1 1 1 1 0
23 26 0 0 1 1 0 1
23 28 0 0 0 0 0 1
23 29 0 1 0 1 0 1
23 30 1 0 0 0 1 1
23 32 0 1 0 0 0 0
23 33 0 0 1 1 0 1
24 5 0 0 0 0 0 1
24 6 0 1 0 1 0 1
24 7 1 0 0 0 1 1
24 9 0 0 0 1 0 0
24 10 1 0 0 0 0 1
24 12 0 1 1 0 0 1
24 13 1 1 0 0 1 0
24 15 0 0 0 0 0 1
24 16 0 1 1 1 0 0
24 18 0 0 1 1 0 1
24 19 1 1 0 0 1 0
24 20 0 0 0 0 1 1
24 21 0 1 0 0 0 0
24 22 0 1 0 1 0 0
24 24 1 0 0 0 1 0
24 25 0 0 0 1 1 0
24 26 0 0 1 1 0 1
24 27 0 0 0 1 1 0
24 29 0 0 0 0 0 1
24 30 0 1 0 1 0 1
24 31 1 0 0 0 1 1
24 33 0 1 1 1 1 0
25 6 0 0 0 0 0 1
25 7 1 0 0 0 1 0
25 8 0 0 0 0 0 1
25 9 0 0 1 0 1 0
25 10 0 0 0 1 0 1
25 12 0 0 0 0 1 0
25 13 0 0 1 1 1 1
25 14 1 0 0 1 1 0
25 16 0 0 0 0 1 0
25 17 0 0 1 0 1 0
25 18 0 1 1 1 0 1
25 20 0 1 0 0 0 0
25 21 0 0 0 1 0 0
25 22 1 1 1 0 0 1
25 23 0 1 1 1 0 0
25 25 0 0 0 0 1 0
25 26 1 0 1 0 0 1
25 27 0 1 1 0 0 1
25 28 0 1 1 1 0 0
25 29 0 0 0 0 1 1
25 30 0 0 1 0 1 0
25 31 1 0 0 1 0 1
25 33 1 0 1 0 0 1
26 4 0 0 0 1 0 0
26 5 1 0 0 0 0 1
26 7 0 1 1 0 0 1
26 8 1 1 0 0 1 0
26 10 0 0 0 0 0 1
26 11 0 1 1 1 0 0
26 12 0 0 0 0 0 1
26 13 0 1 0 0 0 0
26 14 0 1 0 1 0 0
26 16 1 1 1 1 0 0
26 17 0 0 1 1 0 1
26 18 0 0 0 1 1 0
26 20 0 0 1 0 1 0
26 21 0 1 0 1 1 0
26 23 0 0 0 0 0 1
26 24 0 0 1 0 1 0
26 25 1 0 0 0 0 1
26 27 0 0 0 1 0 0
26 28 1 1 1 0 0 1
26 29 0 1 1 1 0 0
26 31 0 0 0 0 1 0
26 32 0 0 1 0 1 0
26 33 1 1 0 1 0 0
27 5 0 0 0 0 1 0
27 6 0 0 1 1 1 1
27 7 1 0 0 1 1 0
27 9 0 0 0 0 1 0
27 10 0 0 1 0 1 0
27 11 0 1 1 1 0 1
27 13 0 1 0 0 0 0
27 14 0 0 0 0 0 1
27 15 0 0 1 0 1 0
27 16 1 0 0 0 0 1
27 18 0 0 0 0 0 1
27 19 1 0 0 0 1 1
27 21 0 0 0 0 1 0
27 22 1 0 1 0 0 1
27 23 0 1 1 0 0 1
27 24 0 1 1 1 0 0
27 25 0 0 0 0 1 1
27 26 0 0 1 0 1 0
27 27 1 0 0 1 0 1
27 29 0 0 1 1 0 1
27 31 0 0 0 0 0 1
27 32 0 1 0 1 0 1
27 33 1 0 0 0 1 1
