-0.10
94 114 142 161 189 209 237 256 284 304 332 351 379 398 424 444 471 491 519 538 566 586 614 634 662 681 708 729 757 775 804 822 849 868 896 917 945 964 992 1011 1039 1059 1087 1107 1134 1154 1181 1203 1227 1247 1276 1293 1320 1340 1367 1387 1414 1434 1462 1482 1509 1529 1556 1576 1604 1624 1651 1671
42 62 82 120 140 160 198 217 236 274 294 314 350 370 389 429 448 467 507 526 546 586 606 625 664 684 703 742 761 781 821 841 860 898 917 936 976 996 1016 1053 1073 1093 1132 1152 1171 1210 1229 1249 1288 1308 1327 1364 1384 1403 1443 1463 1482 1521 1541 1561 1603 1623 1642 1681 1700 1721 1761 1780 1801 1841 1860 1880 1919 1940 1959 1999 2020 2040 2078 2098 2118 2164 2184 2204 2242 2262 2282
3 5 1 0 1 0 1 1
3 6 1 0 1 0 0 1
3 7 0 0 1 0 0 0
3 8 1 1 0 1 1 0
3 9 1 0 1 0 1 0
3 10 0 1 0 0 0 0
3 12 1 0 0 0 1 1
3 14 1 0 1 0 1 0
3 15 1 0 1 1 0 0
3 16 0 0 1 0 1 1
3 18 1 1 0 1 1 0
3 19 0 1 0 0 1 1
3 20 0 1 1 1 1 0
3 21 0 1 0 0 1 1
3 23 1 0 0 1 1 0
3 25 1 1 0 1 1 0
3 26 1 1 0 1 0 1
3 27 1 0 0 0 0 0
5 2 1 0 1 0 1 1
5 3 1 0 1 0 0 1
5 4 0 0 1 0 0 0
5 5 1 1 0 1 1 0
5 6 1 0 1 0 1 0
5 7 0 1 0 0 0 0
5 9 0 1 1 1 1 0
5 10 1 0 1 0 0 1
5 11 0 0 1 0 0 0
5 12 1 0 0 1 1 0
5 13 0 1 0 1 0 0
5 15 1 0 0 1 1 0
5 16 1 0 1 0 1 0
5 17 1 0 0 0 0 0
5 19 1 1 0 1 1 0
5 20 0 1 1 0 0 1
5 21 0 0 1 0 0 0
5 22 1 0 0 1 1 0
5 23 0 0 1 0 1 0
5 24 0 0 0 0 1 0
6 2 1 0 0 1 1 0
6 3 0 1 1 0 1 0
6 4 1 1 1 1 1 0
6 5 1 0 1 0 0 1
6 6 0 1 1 0 0 0
6 8 1 0 0 1 1 0
6 9 1 1 1 0 1 1
6 10 1 0 0 0 0 0
6 11 1 0 0 0 1 1
6 13 1 1 0 0 1 0
6 14 0 0 1 1 1 0
6 15 0 0 1 0 0 0
6 16 1 1 1 1 0 0
6 17 0 0 1 1 1 1
6 18 1 1 0 0 1 1
6 20 1 0 0 1 1 0
6 22 1 1 0 1 1 0
6 23 1 1 0 1 0 1
6 24 1 0 0 0 0 0
6 25 0 0 0 0 1 0
6 26 0 1 1 0 0 0
7 2 1 0 1 1 0 0
7 3 0 0 1 1 1 1
7 4 0 0 1 0 0 0
7 5 1 0 1 0 1 1
7 6 1 0 1 0 0 1
7 7 0 1 0 0 0 0
7 9 1 1 1 1 0 0
7 10 0 0 1 1 1 1
7 11 1 1 0 0 1 1
7 13 1 1 0 0 1 0
7 14 0 0 1 1 1 0
7 15 0 0 1 0 0 0
7 16 1 0 1 1 0 0
7 17 1 1 1 0 0 1
7 18 0 0 1 0 0 0
7 19 1 0 0 1 1 0
7 20 0 0 1 0 1 0
7 21 0 1 0 0 0 0
7 22 0 0 0 0 1 0
8 2 1 0 1 1 0 0
8 3 0 0 1 1 1 1
8 4 0 0 1 0 0 0
8 5 1 1 0 1 1 0
8 6 1 0 1 0 0 1
8 7 0 0 1 0 0 0
8 8 1 1 0 0 0 0
8 9 0 1 1 0 1 0
8 10 1 0 0 0 0 0
8 12 1 1 1 0 0 0
8 13 0 1 0 0 0 0
8 14 0 0 1 0 0 0
8 16 1 1 1 0 0 1
8 17 1 0 0 0 0 0
8 18 1 1 0 0 1 0
8 19 1 1 0 1 0 1
8 21 1 1 0 1 1 0
8 22 1 1 0 1 0 1
8 23 1 0 0 0 0 0
8 24 0 0 0 0 1 0
8 25 0 1 1 0 0 0
9 2 1 0 1 1 0 0
9 3 0 1 1 0 1 0
9 4 0 0 1 1 0 0
9 5 1 1 1 0 0 1
9 6 1 0 0 0 0 0
9 8 1 0 1 0 0 0
9 9 1 0 1 1 0 1
9 10 1 1 0 0 0 0
9 11 0 1 0 1 0 0
9 13 1 1 1 1 0 1
9 14 0 1 0 0 0 0
9 15 1 0 1 0 0 1
9 16 1 0 0 0 0 0
9 17 1 0 0 1 1 0
9 18 1 0 0 0 0 1
9 19 0 0 1 0 0 0
9 20 0 0 0 0 1 0
10 2 1 0 1 0 0 0
10 3 1 1 1 1 0 1
10 4 1 1 0 1 1 0
10 5 1 1 0 1 0 1
10 6 1 0 0 0 0 0
10 8 0 1 0 1 1 1
10 9 0 1 0 0 0 0
10 10 1 0 1 0 1 1
10 11 1 0 1 0 1 0
10 13 1 1 0 0 1 0
10 14 0 1 0 0 0 1
10 15 1 0 0 0 0 0
10 17 1 0 1 1 1 0
10 18 0 1 0 1 0 1
10 19 0 0 1 0 0 0
10 20 1 1 1 1 1 0
10 21 0 0 1 0 1 0
10 22 0 0 0 0 1 0
10 23 0 1 1 0 0 0
11 2 1 0 0 0 1 1
11 3 0 1 0 0 0 0
11 4 0 1 1 1 1 0
11 5 1 1 1 0 1 1
11 7 1 0 1 0 0 0
11 8 0 1 0 1 0 0
11 9 0 1 1 0 0 0
11 10 1 0 1 0 0 0
11 11 1 0 1 1 0 1
11 13 1 1 0 1 1 0
11 14 0 1 1 0 1 0
11 15 1 0 0 0 0 0
11 17 1 1 0 0 1 1
11 18 0 1 1 0 0 0
11 20 1 1 0 1 1 0
11 21 0 1 1 0 1 0
11 22 1 0 0 0 0 0
11 23 0 0 0 0 1 0
12 2 1 1 1 1 0 0
12 3 1 0 0 0 0 1
12 4 1 0 0 1 1 0
12 5 1 0 0 0 0 1
12 6 0 0 1 0 0 0
12 8 1 1 0 1 0 0
12 9 0 1 1 0 0 1
12 10 0 1 0 0 0 0
12 11 1 0 1 0 1 1
12 13 1 1 0 0 1 0
12 14 1 0 1 1 0 1
12 16 1 0 0 1 1 0
12 17 0 0 1 1 1 0
12 18 1 0 0 0 0 0
12 19 1 1 0 0 0 0
12 20 0 1 1 0 1 0
12 21 0 0 1 0 0 0
12 22 0 0 0 0 1 0
13 2 1 0 1 0 1 1
13 3 0 1 1 0 0 1
13 4 1 0 1 0 1 1
13 5 1 0 1 0 0 1
13 6 0 1 0 0 0 0
13 8 1 1 0 0 1 0
13 9 0 1 0 1 0 1
13 10 1 0 1 0 1 1
13 12 1 1 0 0 1 0
13 13 0 0 1 0 1 0
13 14 0 0 1 0 0 0
13 15 0 0 1 1 0 0
13 16 0 0 1 0 1 0
13 17 1 0 0 0 0 0
13 18 1 1 0 0 1 0
13 19 0 1 0 1 0 0
13 20 1 0 0 0 0 0
13 21 0 0 0 0 1 0
14 2 1 1 0 0 0 0
14 3 1 1 1 0 0 1
14 4 1 0 0 0 0 0
14 5 1 1 0 1 1 0
14 6 1 1 0 0 0 1
14 8 1 1 0 0 1 0
14 9 1 1 0 0 0 1
14 10 1 0 0 0 0 0
14 11 1 1 0 1 1 0
14 12 1 1 0 1 0 1
14 13 1 0 0 0 0 0
14 15 1 0 1 1 0 0
14 16 0 1 0 1 0 0
14 17 1 0 0 0 0 0
14 18 1 0 1 1 0 0
14 19 0 1 0 1 0 0
14 20 1 0 0 0 0 0
14 22 1 1 0 0 1 0
14 23 0 0 1 1 1 0
14 24 0 0 0 0 1 0
14 25 0 1 1 0 0 0
15 2 0 1 0 1 1 1
15 3 0 1 0 0 0 0
15 4 1 0 1 0 1 1
15 5 1 0 1 0 0 1
15 6 0 1 0 0 0 0
15 8 1 1 0 1 1 0
15 9 1 0 1 0 0 1
15 10 1 0 0 0 0 0
15 11 1 0 1 1 1 0
15 12 1 0 1 1 0 1
15 14 1 1 0 0 1 0
15 15 0 0 1 1 1 0
15 16 0 0 1 0 0 0
15 17 1 1 1 1 0 0
15 18 0 0 1 0 1 0
15 19 0 1 1 0 0 0
15 20 1 1 0 0 1 0
15 21 1 1 0 1 0 1
15 22 0 0 0 0 1 0
16 2 0 1 1 1 1 0
16 3 1 0 0 0 0 0
16 5 1 0 0 1 1 0
16 7 1 1 0 1 1 0
16 8 1 1 0 1 0 1
16 9 1 0 0 0 0 0
16 11 1 0 1 0 1 1
16 12 0 1 0 1 0 1
16 14 0 1 1 1 1 0
16 15 1 0 0 1 0 1
16 16 1 0 0 0 0 0
16 17 1 0 0 0 1 1
16 18 1 1 1 0 0 1
16 19 1 0 0 0 0 0
16 21 1 1 0 0 1 0
16 22 1 1 0 1 0 1
16 23 0 0 0 0 1 0
17 2 1 1 0 1 0 0
17 3 0 1 1 0 0 1
17 4 0 1 0 0 0 0
17 5 1 0 1 0 1 1
17 7 1 0 1 1 0 0
17 8 1 0 0 0 0 1
17 10 1 1 0 1 1 0
17 11 0 0 1 1 1 0
17 13 0 0 0 1 1 0
17 14 0 1 1 1 1 0
17 15 1 0 1 0 0 1
17 16 0 0 1 0 0 0
17 17 1 1 0 1 1 0
17 18 0 1 0 0 1 1
17 19 0 0 1 0 0 0
17 20 1 1 1 0 0 0
17 21 1 0 1 1 0 1
17 22 0 1 0 0 0 0
17 23 0 0 0 1 1 0
17 24 0 0 0 0 1 0
18 2 1 1 1 1 0 1
18 3 1 1 1 0 0 0
18 4 0 1 0 1 0 0
18 5 0 0 1 0 0 0
18 7 0 1 0 1 0 0
18 8 1 1 1 1 0 0
18 9 1 0 0 1 0 1
18 10 0 1 1 0 0 0
18 12 1 1 1 1 0 0
18 13 1 0 1 0 0 1
18 14 0 1 1 1 1 0
18 15 0 1 1 0 1 0
18 16 1 1 0 1 1 0
18 17 1 1 0 1 0 1
18 18 0 0 0 0 1 0
18 19 0 1 1 0 0 0
19 2 1 0 1 0 1 1
19 3 1 0 1 0 1 0
19 4 1 0 1 0 1 1
19 5 1 0 1 0 1 0
19 7 0 0 1 1 0 0
19 8 1 0 1 0 0 1
19 9 0 1 0 0 0 0
19 10 1 1 1 0 0 0
19 11 1 1 1 0 1 1
19 12 0 1 0 0 0 0
19 14 0 0 1 1 0 0
19 15 0 0 1 0 1 1
19 16 1 0 0 0 0 0
19 18 1 0 1 1 0 0
19 19 0 1 1 1 0 1
19 20 0 0 1 0 0 0
19 21 1 1 1 0 0 0
19 22 0 1 0 1 0 0
19 23 0 0 0 0 1 0
20 2 0 0 1 1 0 0
20 3 1 0 1 0 0 1
20 4 0 1 0 0 0 0
20 5 1 0 1 0 1 1
20 7 1 0 1 0 0 0
20 8 1 0 1 1 0 1
20 9 1 1 0 0 0 0
20 10 0 1 0 1 0 0
20 12 0 0 1 1 0 0
20 13 1 0 1 0 0 1
20 14 0 1 0 0 0 0
20 15 1 0 1 0 1 1
20 16 1 0 0 1 1 0
20 17 0 1 0 1 0 0
20 18 0 0 0 0 1 0
20 19 0 1 1 0 0 0
21 2 1 0 0 0 1 1
21 4 1 0 0 0 1 1
21 5 0 1 1 1 0 1
21 6 0 1 0 0 0 0
21 8 1 1 1 0 0 0
21 9 1 1 1 0 1 1
21 10 0 1 0 0 0 0
21 11 1 0 1 0 0 0
21 12 1 0 0 0 0 1
21 14 1 1 1 1 1 0
21 15 0 1 0 1 1 1
21 16 1 0 0 0 0 0
21 18 1 0 0 1 1 0
21 19 0 1 0 1 0 0
21 20 0 1 0 0 0 0
21 21 1 0 1 0 1 1
21 22 0 0 0 0 1 0
21 23 0 0 1 0 0 0
22 2 1 0 0 1 1 0
22 3 0 1 0 1 0 1
22 4 0 0 1 0 0 0
22 5 1 0 1 0 1 1
22 6 1 0 1 0 0 1
22 7 0 1 0 0 0 0
22 9 1 1 0 1 1 0
22 10 1 0 1 0 0 1
22 11 1 0 0 0 0 0
22 12 1 0 1 1 1 0
22 13 1 0 1 1 0 1
22 15 1 1 0 0 1 0
22 16 0 0 1 1 1 0
22 17 0 0 1 0 0 0
22 18 1 1 0 0 1 0
22 19 1 1 1 0 0 1
22 20 0 0 1 0 0 0
22 21 0 0 1 1 0 1
22 22 0 0 0 0 1 0
22 23 0 1 1 0 0 0
23 2 1 1 0 0 1 0
23 3 0 1 0 0 1 1
23 4 1 1 1 1 1 1
23 5 0 1 0 0 0 0
23 7 1 0 0 1 1 0
23 9 1 1 0 1 1 0
23 10 1 1 0 1 0 1
23 11 1 0 0 0 0 0
23 13 0 1 1 1 1 0
23 14 1 0 0 0 0 1
23 15 0 0 1 0 0 0
23 17 1 1 0 0 1 0
23 18 1 1 0 0 0 1
23 19 1 0 0 0 0 0
23 20 1 1 0 0 1 0
23 21 1 0 0 1 0 1
23 22 1 0 0 0 0 0
23 23 0 0 0 0 1 0
24 2 1 0 1 0 1 1
24 3 0 1 1 0 1 0
24 5 1 1 0 1 0 0
24 6 0 1 1 0 0 1
24 7 0 1 0 0 0 0
24 9 1 1 0 0 0 0
24 10 1 0 1 0 0 1
24 11 1 0 0 1 1 1
24 13 1 1 1 1 1 1
24 14 0 0 1 0 0 0
24 16 1 1 0 0 1 0
24 17 0 1 0 0 0 1
24 19 0 0 1 1 0 0
24 20 1 1 0 1 1 1
24 21 1 0 0 0 0 0
24 22 0 0 0 0 1 0
25 2 1 1 0 0 1 0
25 3 0 1 1 0 1 1
25 4 0 1 1 1 1 0
25 5 1 0 1 0 0 1
25 6 0 0 1 0 0 0
25 7 1 1 1 0 0 0
25 8 1 0 0 0 0 1
25 9 0 0 1 0 0 0
25 11 1 0 0 0 1 1
25 12 0 1 1 0 0 1
25 14 0 1 1 1 1 0
25 15 0 1 1 0 1 0
25 16 1 0 0 0 0 0
25 18 0 0 1 1 1 0
25 19 0 1 0 0 0 0
25 20 1 0 0 1 1 0
25 21 0 1 0 0 1 1
25 22 0 0 0 0 1 0
26 2 1 0 0 1 1 0
26 3 0 1 0 0 1 1
26 4 1 0 0 0 0 0
26 5 1 0 1 1 1 0
26 6 1 1 0 1 1 1
26 7 0 0 1 0 0 0
26 8 1 1 0 0 1 0
26 9 1 1 0 1 0 1
26 10 1 1 1 0 0 0
26 11 1 0 1 1 0 1
26 12 0 1 0 0 0 0
26 14 1 0 1 0 1 1
26 15 0 1 0 1 1 1
26 17 1 0 0 0 1 1
26 18 1 0 1 0 0 1
26 19 1 0 0 0 0 0
26 20 0 1 1 1 1 0
26 21 1 1 1 0 0 1
26 22 0 0 0 0 1 0
26 23 0 1 1 0 0 0
27 2 0 1 1 1 1 0
27 3 0 1 0 1 0 1
27 4 1 1 0 1 1 1
27 5 1 0 0 0 0 0
27 7 1 1 0 0 1 1
27 9 1 1 0 1 1 0
27 10 0 1 0 0 0 1
27 12 1 1 0 0 1 0
27 13 0 0 1 1 1 0
27 14 0 0 1 0 0 0
27 15 0 0 1 0 1 0
27 16 1 0 0 0 0 0
27 17 1 1 0 0 1 0
27 18 1 1 0 1 0 1
27 19 0 1 0 0 0 0
27 20 0 0 0 0 1 0
