0.10
123 143 170 190 218 238 265 285 313 333 360 380 405 425 452 474 501 520 547 568 596 615 643 661 690 711 738 758 785 804 830 850 878 898 925 945 972 992 1021 1041 1068 1087 1115 1136 1163 1184 1210 1228 1256 1275 1303 1323 1351 1370 1397 1418 1446 1465 1494 1514 1541 1561 1588 1608 1635 1655
47 67 87 125 143 162 200 219 238 276 295 314 353 372 393 433 452 472 511 531 549 588 608 628 666 686 705 744 763 784 821 840 860 903 922 941 981 1001 1020 1056 1076 1096 1134 1154 1173 1213 1232 1252 1292 1312 1332 1369 1388 1408 1447 1466 1486 1525 1545 1564 1605 1626 1645 1684 1704 1724 1766 1785 1806 1846 1866 1885 1925 1945 1965 2004 2024 2044 2083 2102 2122 2169 2189 2209 2247 2267 2287
2 3 0 1 1 1 1 0
2 4 0 1 0 0 0 1
2 5 0 1 1 0 0 0
2 6 1 1 1 0 0 0
2 7 0 1 0 1 0 0
2 8 0 1 1 0 0 0
2 9 0 0 1 0 0 1
3 3 1 0 0 1 1 0
3 4 1 0 0 1 0 1
3 5 0 0 1 0 0 0
3 6 1 0 1 0 1 1
3 7 0 1 1 0 0 0
3 10 1 1 0 0 0 0
3 11 1 0 1 0 0 1
3 12 0 1 1 0 0 0
3 13 1 0 0 0 1 1
3 14 0 0 1 1 1 1
3 15 0 0 1 0 0 0
3 16 1 1 0 0 1 0
3 17 1 0 0 0 1 0
3 18 0 0 1 0 0 0
3 19 0 0 0 0 1 0
3 20 0 1 1 0 0 0
4 3 0 1 1 1 1 0
4 4 1 1 1 0 1 1
4 5 0 1 0 0 0 0
4 6 1 0 1 0 1 1
4 7 1 0 0 0 0 0
4 10 1 1 0 0 0 0
4 11 1 0 1 0 0 1
4 12 0 1 1 0 0 0
4 13 1 0 0 0 1 1
4 14 0 0 1 1 1 1
4 15 0 0 1 0 0 0
4 16 1 1 0 0 1 0
4 17 1 0 0 0 1 0
4 18 0 0 1 0 0 0
4 19 0 0 0 0 1 0
4 20 0 1 1 0 0 0
5 3 0 0 1 1 1 1
5 4 1 0 0 1 1 0
5 7 0 0 0 1 1 1
5 8 0 1 1 0 0 0
5 9 1 0 1 1 0 0
5 10 1 0 1 0 0 1
5 11 0 0 1 0 0 0
5 13 1 0 1 0 1 1
5 14 0 1 1 0 0 0
5 15 1 1 1 1 1 0
5 16 0 0 1 1 1 1
5 17 0 1 0 0 0 0
5 19 1 1 0 0 0 1
5 20 1 0 0 0 0 0
5 21 1 1 0 1 1 0
5 22 1 0 0 0 1 0
5 23 0 1 0 0 0 0
5 24 0 0 0 0 1 0
6 1 1 0 0 0 1 1
6 2 0 0 1 1 1 1
6 3 0 0 1 0 0 0
6 4 1 1 0 0 1 0
6 5 1 0 0 0 1 0
6 6 0 0 1 0 0 0
6 8 1 0 1 0 0 0
6 9 0 0 1 1 0 1
6 10 0 1 1 0 0 0
6 11 1 0 0 0 1 1
6 12 0 0 1 1 1 1
6 13 1 0 0 0 0 0
6 14 0 0 0 0 1 0
6 15 0 1 1 0 0 0
6 16 1 0 1 0 0 0
6 17 0 1 0 1 0 0
6 18 0 1 0 0 0 0
6 19 0 0 1 1 0 0
6 20 0 1 0 0 1 1
6 21 1 0 0 0 0 0
6 22 0 0 0 0 1 0
6 24 0 1 0 1 0 0
6 25 0 0 1 0 0 0
6 26 1 1 0 0 1 0
6 27 1 1 0 1 0 1
6 28 0 1 1 0 0 0
7 1 0 1 1 1 0 0
7 2 1 1 1 0 0 1
7 3 1 0 0 0 0 0
7 4 0 1 1 1 1 0
7 5 0 0 1 1 1 0
7 6 0 1 0 0 0 0
7 8 0 1 0 1 1 1
7 9 0 1 0 0 0 0
7 11 0 1 1 1 1 0
7 12 0 1 0 0 0 1
7 13 0 1 1 0 0 0
7 14 1 1 1 0 0 0
7 15 0 1 0 1 0 0
7 16 0 1 1 0 0 0
7 17 0 0 1 0 0 1
8 3 0 0 0 0 1 1
8 4 0 0 1 0 0 0
8 5 0 0 1 1 1 1
8 6 1 0 0 0 0 0
8 7 0 0 0 0 0 1
8 8 0 1 1 0 0 0
8 11 1 1 0 0 0 1
8 12 1 0 0 0 0 0
8 13 1 1 0 1 1 0
8 14 1 0 0 0 1 0
8 15 0 1 0 0 0 0
8 17 1 1 1 0 1 0
8 18 0 1 0 0 0 0
8 19 0 0 0 1 0 0
8 21 1 0 1 0 1 0
8 22 0 0 1 0 0 0
8 23 0 0 0 1 0 0
8 25 1 0 0 0 1 0
8 26 0 0 1 0 0 0
8 27 0 0 0 1 0 0
9 1 0 1 0 1 0 0
9 2 1 0 0 0 0 0
9 3 0 0 0 1 0 0
9 5 1 1 0 0 1 1
9 6 0 0 1 0 0 0
9 8 1 0 0 1 1 0
9 9 0 1 0 0 0 1
9 11 1 0 0 0 1 1
9 12 0 0 1 1 1 1
9 13 1 0 0 0 0 0
9 14 1 0 0 1 1 0
9 15 0 0 1 1 1 0
9 16 0 1 1 0 0 0
9 18 1 0 0 0 1 1
9 19 0 0 1 1 1 1
9 20 0 0 1 0 0 0
9 21 1 1 0 0 1 0
9 22 1 0 0 0 1 0
9 23 0 0 1 0 0 0
9 24 0 0 0 1 0 0
9 26 1 1 0 0 0 1
9 27 1 0 0 0 0 0
9 28 1 1 0 1 1 0
9 29 1 0 0 0 1 0
9 30 0 1 0 0 0 0
10 1 1 1 1 0 1 0
10 2 0 1 1 0 0 0
10 3 0 0 0 1 0 0
10 5 1 0 1 0 1 0
10 6 0 1 1 0 0 0
10 7 0 0 0 1 0 0
10 9 1 0 0 0 1 0
10 10 0 1 1 0 0 0
10 11 0 0 0 1 0 0
10 13 0 1 0 1 0 0
10 14 0 1 1 0 0 0
10 15 0 0 0 1 0 0
10 17 1 1 0 0 1 1
10 18 0 1 1 0 0 0
10 20 1 0 0 1 1 0
10 21 0 1 0 0 0 1
10 23 1 0 0 0 1 1
10 24 0 0 1 1 1 1
10 25 1 0 0 0 0 0
10 26 1 0 0 1 1 0
10 27 0 0 1 1 1 0
10 28 0 1 1 0 0 0
11 1 1 1 0 0 0 0
11 2 1 0 1 0 0 1
11 3 0 1 1 0 0 0
11 4 1 0 0 0 1 1
11 5 0 0 1 1 1 1
11 6 0 0 1 0 0 0
11 7 1 1 0 0 1 0
11 8 1 0 0 0 1 0
11 9 0 0 1 0 0 0
11 10 0 0 0 0 1 0
11 11 0 1 1 0 0 0
12 3 0 0 0 0 1 1
12 4 0 0 1 0 0 0
12 5 0 0 1 1 1 1
12 6 1 1 0 0 0 0
12 7 0 0 0 0 0 1
12 8 0 1 1 0 0 0
12 11 1 1 0 0 0 1
12 12 1 0 0 0 0 0
12 13 1 1 0 1 1 0
12 14 1 0 0 0 1 0
12 15 0 1 0 0 0 0
12 17 0 1 0 0 0 1
12 19 0 0 0 0 1 1
12 20 0 0 1 0 0 0
12 21 0 1 1 1 1 0
12 22 1 1 1 0 0 1
12 23 0 1 1 0 0 0
12 24 1 0 0 1 0 0
12 25 0 1 0 0 0 0
12 26 0 0 0 0 0 1
12 27 0 1 1 0 0 0
12 29 1 0 0 1 1 0
12 30 0 1 0 0 0 1
13 1 1 1 0 1 1 0
13 2 0 1 0 0 0 1
13 3 0 1 1 0 0 0
13 5 0 1 0 0 0 1
13 6 0 1 1 0 0 0
13 8 1 0 0 0 1 1
13 9 0 0 1 1 1 1
13 10 1 0 0 0 0 0
13 11 1 0 0 1 1 0
13 12 0 0 1 1 1 0
13 13 0 1 1 0 0 0
13 15 1 0 0 1 1 0
13 16 1 1 1 0 1 1
13 17 1 0 0 0 0 0
13 19 1 0 0 0 1 1
13 20 0 0 1 1 1 1
13 21 0 0 1 0 0 0
13 22 1 1 0 0 1 0
13 23 1 0 0 0 1 0
13 24 0 0 1 0 0 0
13 25 0 0 0 0 1 0
13 26 0 1 1 0 0 0
14 3 0 0 0 0 1 1
14 4 0 0 1 0 0 0
14 5 0 0 1 1 1 1
14 6 1 0 0 1 0 0
14 7 0 0 0 0 0 1
14 8 0 1 1 0 0 0
14 11 1 1 0 0 0 1
14 12 1 0 0 0 0 0
14 13 1 1 0 1 1 0
14 14 1 0 0 0 1 0
14 15 0 1 0 0 0 0
14 17 0 1 0 0 0 1
14 19 1 0 0 1 1 0
14 20 0 1 0 0 0 1
14 22 1 1 0 1 1 0
14 23 0 1 0 0 0 1
14 24 0 1 1 0 0 0
14 25 1 1 0 1 1 0
14 26 0 1 0 0 0 1
14 27 0 1 1 0 0 0
15 1 1 0 0 0 1 1
15 2 0 0 1 1 1 1
15 3 1 0 0 0 0 0
15 4 1 0 0 1 1 0
15 5 0 0 1 1 1 0
15 6 0 1 1 0 0 0
15 8 1 0 0 1 1 0
15 9 1 1 1 0 1 1
15 10 1 0 0 0 0 0
15 12 1 1 0 0 0 0
15 13 1 0 1 0 0 1
15 14 0 1 1 0 0 0
15 15 1 0 0 0 1 1
15 16 0 0 1 1 1 1
15 17 0 0 1 0 0 0
15 18 1 1 0 0 1 0
15 19 1 0 0 0 1 0
15 20 0 0 1 0 0 0
15 21 0 0 0 0 1 0
15 22 0 1 1 0 0 0
16 3 1 1 1 0 0 0
16 4 0 1 0 1 0 0
16 5 0 1 1 0 0 0
16 6 0 1 0 1 1 0
16 7 1 0 1 0 0 1
16 8 0 1 0 0 0 0
16 9 0 0 1 0 0 1
17 3 1 0 0 1 1 1
17 4 0 1 1 0 0 0
17 7 1 0 0 0 1 1
17 8 0 0 1 1 1 1
17 9 0 0 1 0 0 0
17 10 1 1 0 0 1 0
17 11 1 0 0 0 1 0
17 12 0 0 1 0 0 0
17 13 0 1 0 1 1 1
17 15 0 0 1 0 0 1
17 17 1 0 0 1 1 1
18 3 0 0 1 1 1 0
18 4 0 1 1 0 0 0
18 5 1 0 1 0 0 1
18 6 0 1 1 0 0 0
18 9 1 0 0 0 1 1
18 10 0 0 1 1 1 1
18 11 0 0 1 0 0 0
18 12 1 1 0 0 1 0
18 13 1 0 0 0 1 0
18 14 0 0 1 0 0 0
18 15 0 1 0 1 1 1
18 16 0 1 0 0 0 0
18 17 0 0 1 0 0 1
18 19 0 0 1 1 1 0
18 20 1 0 1 0 0 1
19 3 0 1 1 1 1 0
19 4 0 1 0 0 0 1
19 5 0 1 1 0 0 0
19 6 1 1 1 0 0 0
19 7 0 1 0 1 0 0
19 8 0 1 1 0 0 0
19 9 0 0 1 0 0 1
20 3 1 1 0 0 1 1
20 4 0 0 1 0 0 0
20 5 0 1 0 1 0 0
20 6 0 1 1 0 0 0
20 10 1 0 0 0 1 1
20 11 0 0 1 1 1 1
20 12 0 0 1 0 0 0
20 13 1 1 0 0 1 0
20 14 1 0 0 0 1 0
20 15 0 0 1 0 0 0
20 16 0 1 0 1 1 1
20 17 0 1 0 0 0 0
20 18 0 0 1 0 0 1
20 20 1 1 0 0 1 1
20 21 0 1 0 1 0 0
20 22 0 1 1 0 0 0
21 3 1 0 0 0 1 0
21 4 0 0 1 0 0 0
21 5 1 0 0 1 0 0
21 6 1 1 1 0 0 1
21 7 1 0 0 0 0 0
21 10 1 0 0 0 1 1
21 11 0 0 1 1 1 1
21 12 0 0 1 0 0 0
21 13 1 1 0 0 1 0
21 14 1 0 0 0 1 0
21 15 0 0 1 0 0 0
21 16 0 1 0 1 1 1
21 17 0 1 0 0 0 0
21 18 0 0 1 0 0 1
21 20 1 0 0 0 1 0
21 21 1 0 0 1 0 0
21 22 1 1 1 0 0 1
21 23 1 0 0 0 0 0
22 3 1 1 0 1 1 0
22 4 1 0 0 0 0 1
22 5 0 1 1 0 0 0
22 6 1 0 0 0 1 0
22 7 0 1 1 0 0 0
22 10 1 0 0 0 1 1
22 11 0 0 1 1 1 1
22 12 0 0 1 0 0 0
22 13 1 1 0 0 1 0
22 14 1 0 0 0 1 0
22 15 0 0 1 0 0 0
22 16 0 1 0 1 1 1
22 17 0 1 0 0 0 0
22 18 0 0 1 0 0 1
22 20 1 1 0 1 1 0
22 21 1 0 0 0 0 1
22 22 1 0 0 0 1 0
22 23 0 1 1 0 0 0
23 3 0 1 0 0 0 1
23 4 1 0 0 0 0 0
23 7 1 0 0 0 1 1
23 8 0 0 1 1 1 1
23 9 0 0 1 0 0 0
23 10 1 1 0 0 1 0
23 11 1 0 0 0 1 0
23 12 0 0 1 0 0 0
23 13 0 1 0 1 1 1
23 14 0 1 0 0 0 0
23 15 0 0 1 0 0 1
23 17 0 1 0 0 0 1
24 3 0 1 0 0 0 1
24 4 0 1 0 0 0 0
24 7 1 0 0 0 1 1
24 8 0 0 1 1 1 1
24 9 0 0 1 0 0 0
24 10 1 1 0 0 1 0
24 11 1 0 0 0 1 0
24 12 0 0 1 0 0 0
24 13 0 1 0 1 1 1
24 14 0 1 0 0 0 0
24 15 0 0 1 0 0 1
24 17 0 1 0 0 0 1
25 3 0 1 1 1 1 0
25 4 1 0 0 1 0 1
25 5 1 0 0 0 0 0
25 6 0 1 0 0 0 1
25 7 0 1 0 0 0 0
25 10 1 1 0 0 0 0
25 11 1 0 1 0 0 1
25 12 0 1 1 0 0 0
25 13 1 0 0 0 1 1
25 14 0 0 1 1 1 1
25 15 0 0 1 0 0 0
25 16 1 1 0 0 1 0
25 17 1 0 0 0 1 0
25 18 0 0 1 0 0 0
25 19 0 0 0 0 1 0
25 20 0 1 1 0 0 0
26 3 0 1 0 0 0 1
26 4 0 1 1 0 0 0
26 5 0 0 1 1 0 1
26 6 0 1 0 0 0 0
26 10 1 1 0 0 0 0
26 11 1 0 1 0 0 1
26 12 0 1 1 0 0 0
26 13 1 0 0 0 1 1
26 14 0 0 1 1 1 1
26 15 0 0 1 0 0 0
26 16 1 1 0 0 1 0
26 17 1 0 0 0 1 0
26 18 0 0 1 0 0 0
26 19 0 0 0 0 1 0
26 20 0 1 1 0 0 0
27 3 0 0 1 1 1 1
27 4 1 0 0 0 1 0
27 7 1 1 0 0 1 0
27 8 0 0 1 1 0 1
27 9 1 0 0 0 0 0
27 10 0 0 1 1 1 0
27 11 0 1 1 0 0 0
27 13 1 0 1 0 0 0
27 14 0 0 1 1 0 1
27 15 1 0 0 0 0 0
27 16 1 1 0 1 0 0
27 17 0 0 1 0 1 1
27 18 1 0 0 0 0 0
27 20 1 1 0 0 0 1
27 21 1 0 0 0 0 0
27 22 1 1 0 1 1 0
27 23 1 0 0 0 1 0
27 24 0 1 0 0 0 0
17 14 0 1 0 0 0 0
13 4 1 1 0 1 1 0
