0.10
14 33 61 80 108 127 155 174 202 221 249 268 296 315 343 362 390 403 430 450 477 497 524 543 570 591 618 637 666 685 713 732 760 779 807 828 856 874 902 920 948 967 995 1015 1043 1062 1090 1110 1138 1157 1185 1204 1232 1253 1280 1300 1324 1344 1373 1391 1419 1439 1467 1486 1514 1534 1561 1582 1610 1629 1657 1676
40 60 80 119 139 158 197 217 236 276 295 314 349 369 389 428 447 466 506 525 545 585 605 625 663 683 702 741 760 780 819 838 858 897 916 935 974 994 1014 1053 1073 1092 1132 1152 1171 1209 1229 1248 1287 1307 1326 1365 1384 1403 1442 1462 1481 1521 1540 1560 1601 1621 1641 1681 1700 1720 1760 1780 1799 1840 1860 1879 1919 1939 1959 1999 2019 2039 2079 2099 2119 2158 2177 2196 2235 2254 2273
3 9 0 0 0 1 0 0
3 10 1 0 1 1 1 0
3 11 1 1 0 1 1 0
3 13 1 1 0 1 0 0
3 15 0 1 1 0 1 0
3 16 1 1 0 0 1 1
3 17 0 1 1 0 1 0
3 18 1 1 0 1 1 0
3 20 0 1 1 0 0 1
3 21 1 0 0 1 0 1
3 22 0 1 0 1 0 1
3 24 0 1 1 1 0 0
3 26 0 0 0 0 1 0
3 27 0 1 0 1 0 1
3 28 1 1 0 1 1 0
3 29 0 0 0 0 0 1
3 30 0 0 1 1 0 1
3 31 0 1 1 1 0 1
5 12 0 1 0 0 0 0
5 13 0 1 0 0 0 1
5 14 1 1 0 1 0 0
5 15 0 0 0 0 0 1
5 16 0 0 1 0 1 1
5 17 1 1 0 1 1 0
5 19 0 0 0 1 0 0
5 20 0 1 0 1 0 1
5 21 1 1 0 1 0 0
5 23 1 0 0 0 1 0
5 24 1 1 0 1 0 0
5 25 0 0 0 0 0 1
5 26 0 0 1 1 0 1
5 27 1 1 0 0 1 1
5 29 0 0 0 0 1 0
5 30 0 1 0 1 0 1
5 31 1 1 0 1 1 0
5 32 0 0 0 0 0 1
5 33 0 0 1 1 0 1
5 34 0 1 1 1 0 1
6 10 0 0 0 0 1 1
6 11 0 1 0 0 0 0
6 12 0 0 0 1 0 0
6 13 1 0 1 1 1 0
6 14 1 1 0 1 1 0
6 16 1 1 0 1 0 0
6 18 0 1 1 1 1 0
6 19 1 1 1 0 0 1
6 20 1 0 0 1 1 1
6 21 0 0 0 0 0 1
6 22 1 1 0 0 0 1
6 23 0 1 0 1 1 0
6 25 0 1 1 1 0 0
6 26 0 0 0 1 0 0
6 27 0 1 1 1 1 1
6 28 1 1 0 1 0 0
6 30 0 0 0 0 1 1
6 31 0 0 1 1 0 1
6 32 1 1 0 1 1 1
6 33 0 1 0 0 1 1
6 34 1 1 0 1 0 0
7 14 0 1 0 0 0 0
7 15 0 0 0 0 1 0
7 16 0 1 0 0 0 1
7 17 1 1 0 1 0 0
7 18 0 0 0 0 0 1
7 19 0 0 1 1 1 1
7 20 1 0 0 1 0 1
7 21 0 0 0 0 0 1
7 22 1 1 0 0 0 1
7 23 0 1 0 1 1 0
7 25 0 1 1 1 1 0
7 26 1 1 1 0 0 1
7 27 1 0 0 1 1 1
7 29 0 0 0 0 1 0
7 30 0 0 1 1 0 1
7 31 0 1 1 1 0 1
7 32 0 0 0 0 0 1
7 33 1 1 1 0 0 1
7 34 1 0 0 1 0 1
8 11 0 0 0 0 1 1
8 12 0 1 0 0 0 0
8 13 0 0 0 1 0 0
8 14 1 0 1 1 1 0
8 15 1 1 0 1 1 0
8 17 1 0 1 1 1 0
8 18 0 1 0 1 1 0
8 19 0 0 0 1 0 0
8 20 0 0 1 1 1 1
8 22 0 0 0 0 0 1
8 23 0 0 0 0 1 0
8 24 0 0 0 1 1 1
8 26 0 0 0 1 0 0
8 27 0 1 0 0 1 1
8 28 0 0 0 1 1 0
8 29 0 0 0 0 0 1
8 30 0 0 1 1 0 1
8 31 1 1 0 1 1 0
8 32 0 0 0 0 0 1
8 33 1 1 1 0 0 1
8 34 1 0 0 1 0 1
9 16 0 1 0 0 0 0
9 17 0 0 0 0 0 1
9 18 0 0 1 1 0 0
9 19 1 1 0 1 0 0
9 20 0 0 0 1 0 0
9 21 0 0 1 1 0 1
9 22 0 0 0 0 1 0
9 23 1 0 1 1 1 1
9 25 1 0 0 0 1 0
9 26 0 0 0 1 1 0
9 27 1 0 1 1 0 1
9 28 0 0 0 1 0 1
9 30 0 0 0 1 0 0
9 31 0 0 1 1 1 1
9 32 1 0 0 0 0 1
9 33 0 1 0 0 1 1
9 34 1 0 0 1 0 1
10 13 0 0 0 0 1 1
10 14 0 1 0 0 0 0
10 15 0 1 0 0 0 1
10 16 1 1 0 1 1 1
10 17 0 0 0 0 0 1
10 18 1 0 1 0 1 0
10 19 1 1 0 1 0 1
10 21 0 0 0 1 0 0
10 22 0 0 1 0 1 0
10 23 0 1 0 1 1 0
10 25 0 1 0 1 0 1
10 26 0 1 1 1 0 1
10 27 0 0 0 0 1 0
10 28 1 1 1 0 1 0
10 30 0 0 0 1 0 0
10 31 1 0 1 1 1 0
10 32 1 1 0 1 1 0
10 33 1 0 1 1 1 1
10 34 0 0 0 1 0 1
11 13 0 1 0 0 0 0
11 14 0 0 0 1 0 0
11 15 0 1 0 0 1 1
11 16 1 1 0 1 1 0
11 18 0 0 0 0 1 1
11 19 0 1 1 1 1 0
11 21 0 0 0 1 0 0
11 22 0 1 0 0 1 1
11 23 1 1 0 1 1 0
11 25 1 0 1 1 0 1
11 26 0 0 0 1 0 1
11 27 0 0 0 0 1 1
11 28 1 0 0 0 1 0
11 29 0 0 0 1 0 1
11 31 0 1 1 1 1 1
11 32 1 1 0 0 1 1
11 33 0 0 0 0 1 0
11 34 0 1 1 1 0 0
12 14 0 1 0 0 0 0
12 15 0 0 0 0 0 1
12 16 0 1 0 0 1 1
12 17 0 0 0 1 1 0
12 18 0 0 0 1 0 0
12 19 1 1 0 0 0 1
12 20 1 1 0 1 0 0
12 22 1 0 1 1 0 1
12 23 0 1 0 1 1 0
12 25 0 1 1 1 0 1
12 26 0 0 0 0 1 0
12 27 0 0 1 0 1 1
12 28 1 0 0 1 1 0
12 30 0 0 0 0 0 1
12 31 0 0 1 1 0 0
12 32 1 1 0 1 0 0
12 33 0 0 1 1 0 0
12 34 1 0 0 1 1 1
13 15 0 1 0 0 0 0
13 16 0 0 0 1 0 0
13 17 1 0 0 0 1 0
13 18 0 1 0 1 1 0
13 19 0 0 0 1 0 0
13 20 0 1 0 0 0 1
13 21 1 0 0 0 0 1
13 22 0 0 0 0 0 1
13 23 0 1 0 0 0 1
13 24 0 1 0 1 1 0
13 26 0 1 1 1 0 1
13 27 1 0 1 0 1 0
13 28 0 1 0 1 1 0
13 30 0 0 0 0 1 0
13 31 0 0 1 1 0 1
13 32 0 1 1 1 0 1
13 33 0 0 1 0 1 1
13 34 0 1 1 1 0 1
14 11 0 0 0 0 1 1
14 12 0 1 0 0 0 0
14 13 1 1 0 0 0 1
14 14 0 1 0 1 1 0
14 16 0 0 0 1 0 0
14 17 1 0 0 0 1 0
14 18 1 0 0 1 0 1
14 19 0 0 0 1 0 0
14 20 1 0 0 0 1 0
14 21 1 0 0 1 0 1
14 23 0 0 0 1 0 0
14 24 1 0 1 1 1 0
14 25 1 1 0 1 1 0
14 26 0 0 0 1 0 0
14 27 0 0 1 1 1 0
14 28 0 1 0 1 1 0
14 30 0 0 1 1 1 0
14 31 1 1 0 1 1 0
14 32 0 0 0 1 0 0
14 33 0 0 1 1 1 1
14 34 0 0 0 1 1 0
15 14 0 1 0 0 0 0
15 15 1 0 1 1 1 0
15 16 0 1 0 1 1 0
15 17 0 0 0 0 1 1
15 18 0 1 0 0 0 1
15 19 1 0 0 1 1 1
15 20 0 0 0 0 0 1
15 21 1 1 0 0 0 1
15 22 0 1 0 1 1 0
15 24 1 0 1 1 0 1
15 25 1 1 0 1 0 1
15 26 0 0 0 1 0 0
15 27 0 0 1 1 0 1
15 28 1 1 0 1 1 0
15 30 0 0 0 0 1 0
15 31 0 0 1 1 0 1
15 32 0 1 1 1 0 1
15 33 0 0 0 0 1 0
15 34 1 1 1 0 1 0
16 13 0 1 0 0 0 0
16 14 1 0 1 1 1 0
16 15 0 1 0 1 1 0
16 17 0 0 0 1 0 0
16 18 0 0 1 1 1 1
16 19 0 1 1 1 0 0
16 20 0 0 0 1 0 0
16 21 1 0 1 1 0 0
16 22 1 1 0 0 1 1
16 24 1 0 1 0 1 0
16 25 0 1 1 1 0 1
16 27 0 0 0 1 0 0
16 28 1 0 1 1 1 0
16 29 1 1 0 1 1 0
16 31 1 1 0 1 0 0
16 33 0 0 0 1 0 0
16 34 1 1 0 0 1 1
17 12 0 1 0 0 0 0
17 13 1 1 0 0 0 0
17 14 0 0 0 0 1 0
17 15 1 0 1 1 0 1
17 16 0 0 0 1 1 1
17 17 0 0 0 0 0 1
17 18 0 1 1 0 1 0
17 19 1 1 0 1 1 0
17 20 0 0 0 0 0 1
17 21 0 0 1 1 0 1
17 22 1 1 0 0 1 1
17 23 1 1 0 0 0 0
17 25 1 1 0 0 0 1
17 26 1 1 0 1 1 0
17 28 0 0 1 1 0 0
17 29 1 0 0 1 0 1
17 31 0 1 1 1 0 1
17 32 0 0 0 0 1 0
17 33 0 0 1 0 1 1
17 34 1 0 0 1 1 0
18 17 0 0 0 0 1 1
18 18 0 1 0 0 0 0
18 19 1 0 1 1 1 0
18 20 1 1 0 1 1 0
18 21 0 1 0 0 1 1
18 22 1 1 0 0 1 1
18 23 0 0 1 1 0 1
18 24 1 0 0 1 1 1
18 26 0 0 0 0 1 1
18 27 1 0 1 1 0 0
18 28 1 0 0 1 1 1
18 29 1 0 0 0 1 0
18 31 0 0 0 0 0 1
18 32 1 0 0 0 1 0
18 33 0 0 0 1 1 1
18 34 1 0 1 1 1 1
19 13 0 1 0 0 0 0
19 14 1 0 0 0 1 0
19 15 0 0 0 1 1 1
19 16 0 0 0 0 0 1
19 17 1 0 1 0 1 1
19 18 1 0 0 1 0 1
19 20 0 0 0 1 0 0
19 21 0 1 1 0 0 1
19 22 1 0 0 0 0 1
19 24 0 0 0 0 1 0
19 25 0 1 1 1 1 1
19 26 0 0 0 1 1 1
19 27 0 0 0 0 1 0
19 28 0 0 1 1 0 1
19 29 1 0 0 0 0 1
19 31 0 1 0 1 0 1
19 32 0 1 1 1 0 1
19 33 0 1 0 1 0 1
19 34 0 1 1 1 0 1
20 17 0 0 0 0 1 1
20 18 0 1 0 0 0 0
20 19 1 0 0 0 1 0
20 20 1 1 0 1 0 0
20 21 0 1 1 1 0 1
20 22 0 0 0 0 1 0
20 23 0 0 1 1 0 1
20 24 1 0 0 0 0 1
20 26 1 0 0 0 1 0
20 27 0 0 0 1 1 0
20 28 1 0 1 1 0 1
20 29 0 0 0 1 0 1
20 31 0 1 1 1 0 1
20 32 0 0 0 0 1 0
20 33 0 0 1 1 0 1
20 34 1 0 0 0 0 1
21 13 0 0 0 0 0 1
21 14 0 1 0 0 0 0
21 15 0 1 1 1 0 1
21 16 0 0 0 0 1 0
21 17 1 0 0 0 1 0
21 18 1 1 0 1 0 0
21 20 0 0 0 1 0 0
21 21 1 1 1 0 1 0
21 22 1 1 0 1 1 1
21 24 0 0 1 1 0 0
21 25 0 0 0 1 0 1
21 26 0 0 0 0 1 0
21 27 0 1 1 1 1 1
21 28 0 0 0 1 1 1
21 30 0 0 0 0 1 0
21 31 1 0 1 0 1 1
21 32 0 1 1 1 0 0
21 34 0 1 1 1 0 0
22 13 0 0 0 0 1 1
22 14 0 1 0 0 0 0
22 15 1 0 1 0 0 1
22 16 0 0 0 0 0 1
22 17 0 0 1 1 1 1
22 18 0 1 0 1 1 0
22 19 0 0 0 0 0 1
22 20 1 1 0 0 0 1
22 21 0 1 0 1 1 0
22 23 1 0 1 1 0 1
22 24 1 1 0 1 0 1
22 25 0 0 0 1 0 0
22 26 0 0 1 1 0 1
22 27 1 1 0 1 1 0
22 29 0 0 0 0 1 0
22 30 0 0 1 1 0 1
22 31 0 1 1 1 0 1
22 32 0 0 0 0 0 1
22 33 1 0 1 0 1 0
22 34 1 1 0 1 0 0
23 13 0 1 0 0 0 0
23 14 0 0 0 1 0 0
23 15 1 0 1 1 0 0
23 16 0 1 0 1 1 0
23 17 0 0 0 1 0 0
23 18 0 0 1 1 1 0
23 19 0 1 0 1 1 0
23 21 0 0 0 0 0 1
23 22 0 0 1 1 0 0
23 23 1 1 0 0 1 1
23 25 0 0 0 1 0 0
23 26 1 0 1 1 1 0
23 27 1 1 0 1 1 0
23 29 1 1 0 1 0 0
23 31 0 0 0 0 1 0
23 32 1 1 1 1 1 1
23 33 0 1 1 0 1 0
23 34 0 1 0 1 1 0
24 14 0 1 0 0 0 0
24 15 0 0 0 1 0 0
24 16 1 1 1 1 1 0
24 17 1 0 0 0 0 1
24 19 0 0 1 0 1 0
24 20 0 1 0 1 1 0
24 22 0 0 0 0 0 1
24 23 1 1 1 1 1 1
24 25 1 1 1 1 0 0
24 26 0 0 1 1 0 1
24 27 0 0 0 1 1 0
24 29 0 0 0 0 1 0
24 30 0 0 1 0 1 1
24 31 1 0 0 1 1 0
24 33 0 1 0 0 1 1
24 34 0 1 1 1 0 1
25 14 0 1 0 0 0 0
25 15 0 1 1 0 1 0
25 16 1 1 0 1 0 0
25 17 0 0 0 0 1 0
25 18 1 1 0 0 0 1
25 20 0 0 0 1 0 0
25 21 0 1 0 0 1 1
25 22 1 1 0 0 1 1
25 24 0 0 1 0 1 1
25 25 0 1 1 1 0 0
25 27 0 0 0 0 0 1
25 28 0 0 1 1 0 0
25 29 0 0 0 1 1 1
25 30 0 0 0 0 0 1
25 31 0 0 1 1 0 1
25 32 1 1 0 0 1 1
25 33 0 1 1 0 1 1
25 34 0 1 0 1 1 0
26 13 0 0 0 0 1 1
26 14 0 1 0 0 0 0
26 15 0 0 1 1 1 1
26 16 1 1 0 0 1 1
26 17 0 0 0 1 0 0
26 18 0 0 1 1 0 1
26 19 0 1 1 1 0 0
26 21 1 1 1 0 1 0
26 22 0 1 1 1 0 1
26 24 0 0 0 0 1 0
26 25 1 0 1 1 0 1
26 26 0 0 0 1 1 1
26 27 1 0 1 1 1 0
26 28 0 1 0 1 1 0
26 29 0 0 0 0 0 1
26 30 1 1 1 1 1 0
26 31 1 1 0 1 0 1
26 32 0 0 0 1 0 0
26 33 0 1 1 0 1 0
26 34 1 1 0 1 0 0
27 16 0 1 0 0 0 0
27 17 0 0 0 0 1 0
27 18 1 0 1 1 1 0
27 19 0 1 0 1 1 0
27 20 0 0 0 1 0 0
27 21 0 1 0 0 0 1
27 22 0 0 0 0 0 1
27 23 1 1 0 0 0 1
27 24 0 1 0 1 1 0
27 26 0 0 1 0 1 0
27 27 1 1 0 1 1 0
27 29 0 1 1 1 1 0
27 31 0 0 0 1 0 0
27 32 1 1 1 1 1 0
27 33 1 0 1 0 1 0
27 34 1 1 0 0 1 1
