-0.50
17 37 64 84 111 131 159 179 206 226 253 273 300 320 347 368 394 414 441 461 488 508 535 555 582 602 629 649 675 696 723 743 770 790 817 837 864 883 911 931 957 977 1005 1024 1051 1071 1098 1118 1145 1165 1192 1211 1239 1259 1286 1306 1333 1353 1380 1400 1427 1447 1473 1493 1521 1541 1568 1588 1615 1635 1662 1682
27 47 67 105 126 146 187 207 227 261 284 303 343 364 383 425 443 463 501 523 543 585 602 622 660 683 703 742 763 783 825 845 863 905 922 942 982 1002 1023 1064 1083 1103 1140 1163 1183 1223 1243 1264 1304 1321 1342 1384 1401 1421 1462 1480 1499 1540 1559 1579 1620 1639 1660 1701 1719 1740 1781 1799 1819 1861 1879 1899 1938 1959 1978 2017 2038 2058 2100 2120 2137 2175 2195 2215 2253 2273 2293
2 4 0 0 1 0 0 1
2 5 0 1 0 1 0 0
2 6 1 1 0 0 0 0
2 7 0 1 0 1 0 0
2 8 1 1 1 0 1 0
2 9 0 0 0 0 1 0
2 11 0 1 0 1 0 0
2 12 0 1 1 1 1 1
2 14 0 1 1 1 1 0
2 15 1 1 0 0 0 0
2 16 0 1 1 1 0 0
2 17 1 0 0 1 0 1
2 19 0 0 1 1 0 0
2 21 1 0 0 0 1 0
2 22 0 1 1 1 1 0
2 23 1 1 0 1 0 0
2 24 1 1 0 0 0 1
2 26 0 1 0 0 0 1
2 27 1 0 1 1 1 1
2 29 0 1 0 1 0 0
2 30 1 1 1 0 1 0
3 4 0 0 1 0 0 1
3 5 1 1 1 0 1 0
3 6 1 1 1 0 0 1
3 8 0 1 0 0 1 0
3 9 1 1 1 0 0 0
3 11 1 0 0 0 0 1
3 12 0 1 1 1 0 1
3 13 0 0 0 0 1 0
3 15 1 0 0 0 0 0
3 16 0 1 1 1 0 0
3 17 1 0 0 1 0 0
3 18 1 1 1 0 0 0
3 19 0 1 0 0 0 1
3 20 0 1 1 1 0 0
3 22 1 1 0 1 0 0
3 23 1 0 0 1 1 0
3 25 1 0 0 0 1 0
3 26 0 1 1 1 1 0
3 27 1 0 0 1 0 0
3 28 0 0 1 0 1 0
3 29 0 0 0 0 1 0
4 4 0 0 1 1 0 0
4 5 0 1 1 1 1 1
4 6 1 0 0 1 0 0
4 7 0 0 1 0 1 0
4 9 1 1 1 1 0 0
4 10 0 1 0 1 1 0
4 11 0 1 0 1 0 0
4 12 0 1 1 1 1 1
4 14 0 1 0 0 0 1
4 15 1 0 1 0 1 0
4 16 0 1 0 0 0 1
4 17 1 0 1 0 1 0
4 18 1 1 0 0 1 0
4 19 1 0 1 1 1 1
4 21 0 0 1 1 0 0
4 23 1 1 0 0 0 1
4 24 1 1 0 1 0 0
4 25 0 1 1 1 0 0
4 26 1 0 0 1 0 1
4 27 0 0 0 0 1 0
4 29 0 1 0 1 0 1
4 30 1 1 1 1 0 1
4 31 1 0 0 0 1 0
4 32 0 1 1 1 0 0
5 4 1 1 0 1 0 0
5 5 1 0 0 1 1 0
5 7 1 0 0 1 0 0
5 8 1 1 1 0 1 1
5 10 0 1 1 0 1 0
5 11 1 1 0 1 0 0
5 12 1 0 0 1 0 0
5 13 0 1 0 1 0 1
5 14 0 0 0 0 1 0
5 15 0 1 1 0 0 0
6 6 0 1 1 1 1 0
6 7 1 1 0 0 0 0
6 8 0 1 1 1 0 0
6 9 1 0 0 1 0 1
6 11 0 0 1 1 0 0
6 13 1 0 0 0 1 0
6 14 1 0 1 1 1 1
6 15 1 0 0 0 1 0
6 16 1 0 1 1 0 0
6 18 1 0 0 1 0 1
6 19 0 1 1 1 1 0
6 20 1 0 0 1 1 0
6 21 1 1 1 0 1 1
6 22 0 0 1 0 1 0
6 23 0 0 0 0 1 0
6 25 1 0 1 1 0 0
6 26 1 0 0 0 0 0
6 28 1 1 1 1 0 0
6 29 0 1 0 1 1 0
6 31 1 1 1 0 1 0
6 32 1 0 0 1 1 1
7 4 0 0 1 0 0 1
7 5 1 1 0 1 0 0
7 6 1 1 0 0 0 1
7 8 0 1 0 1 0 1
7 9 0 0 1 1 0 1
7 11 1 0 0 1 0 0
7 12 1 0 1 1 1 1
7 13 1 0 0 0 1 0
7 14 0 1 0 1 1 0
7 16 1 0 0 1 0 0
7 17 1 1 1 0 0 0
7 18 1 0 1 0 1 0
7 19 1 1 0 1 0 1
7 20 0 0 0 0 1 0
7 22 1 1 1 0 0 0
7 23 1 1 1 1 0 1
7 24 1 1 0 1 0 0
7 25 1 0 0 1 1 0
7 27 1 1 0 1 1 0
7 28 0 1 1 1 1 0
7 29 1 1 1 0 1 0
7 30 0 1 1 1 1 1
7 32 1 0 0 1 0 1
7 33 1 1 1 0 0 1
8 4 0 0 1 0 0 1
8 5 1 0 0 0 0 1
8 6 1 1 0 0 0 0
8 7 0 0 0 0 1 0
8 9 1 0 1 1 1 1
8 10 1 0 0 0 1 1
8 12 0 0 1 0 1 0
8 13 1 0 0 0 0 1
8 14 1 0 0 0 1 0
8 15 0 1 1 1 1 0
8 17 1 1 0 1 0 0
8 18 1 0 1 1 0 1
8 19 1 1 1 0 1 0
8 20 1 1 1 0 0 1
8 22 1 0 0 0 1 0
8 23 0 1 1 1 0 0
8 24 1 0 0 0 0 1
8 25 0 1 0 1 0 0
8 27 1 0 0 0 1 0
8 28 1 1 1 0 0 1
8 29 0 1 0 1 0 1
8 30 1 1 0 0 1 1
9 4 1 0 1 0 1 0
9 5 1 1 0 1 0 1
9 6 0 0 0 0 1 0
9 8 1 0 0 1 0 1
9 9 1 1 1 1 0 1
9 11 1 0 1 0 0 0
9 14 1 0 0 0 0 0
9 16 0 1 0 1 1 1
9 17 1 1 0 1 0 0
9 18 0 1 1 0 0 1
9 19 1 1 0 0 0 0
9 20 0 0 0 0 1 0
9 22 0 1 0 0 1 0
9 23 1 1 1 0 1 0
9 24 1 1 0 1 0 0
9 25 1 0 0 1 1 0
9 27 1 0 0 0 1 0
9 28 1 1 1 0 0 1
9 29 1 0 0 0 1 0
9 30 1 0 1 0 0 0
9 32 1 0 0 1 1 0
9 33 0 1 0 1 1 1
10 4 0 0 1 0 0 1
10 5 1 1 0 0 0 0
10 6 0 1 0 1 0 1
10 7 0 1 0 1 1 1
10 8 1 1 0 1 0 0
10 10 0 1 1 0 1 0
10 11 1 0 0 1 1 0
10 12 1 1 0 0 0 1
10 13 0 0 1 1 0 1
10 15 1 0 0 0 1 0
10 16 0 1 1 1 1 0
10 17 1 1 1 0 1 0
10 18 1 1 1 0 0 1
10 19 0 0 0 0 1 0
10 21 0 0 0 1 0 0
10 22 1 0 0 1 1 0
10 23 1 1 0 1 1 0
10 25 1 0 1 1 0 1
10 26 1 1 1 0 0 0
10 27 1 1 1 0 0 0
10 28 1 1 0 1 1 1
10 30 1 1 0 0 1 0
10 31 1 0 1 0 0 0
11 4 0 0 1 0 0 1
11 5 1 1 1 0 1 0
11 6 1 1 1 0 0 1
11 8 1 0 0 0 1 0
11 9 1 0 0 1 0 0
11 11 0 1 1 1 0 0
11 12 1 1 1 1 0 1
11 13 0 0 1 0 1 0
11 14 1 1 0 1 0 1
11 16 1 1 1 0 0 0
11 17 0 0 1 0 1 0
11 18 0 0 0 0 1 0
11 19 0 1 1 0 0 0
11 20 0 1 0 0 1 0
11 21 1 0 0 1 1 1
11 22 0 1 1 0 1 0
11 24 0 1 1 1 1 0
11 25 1 0 0 0 1 1
11 27 1 0 0 1 1 0
11 28 0 1 0 1 0 1
11 30 0 1 0 1 0 0
11 31 1 1 0 0 0 0
12 4 0 0 1 0 0 1
12 5 0 0 1 0 1 0
12 6 1 1 0 1 0 1
12 7 0 0 0 0 1 0
12 9 0 1 1 1 0 0
12 10 0 1 1 1 1 0
12 12 1 0 0 1 1 0
12 13 1 1 1 0 1 1
12 14 1 1 0 1 0 0
12 15 1 0 0 1 1 0
12 17 1 0 1 0 1 0
12 18 1 1 1 0 0 1
12 19 1 1 1 0 0 0
12 20 1 1 0 1 1 1
12 22 1 1 0 0 1 0
12 23 1 1 1 0 0 1
12 24 1 1 0 1 0 1
12 25 1 1 0 0 0 0
12 27 0 1 0 0 0 1
12 28 1 1 0 1 0 1
12 29 0 1 0 1 1 0
12 30 1 1 0 0 0 0
12 31 0 0 0 0 1 0
13 4 1 0 1 1 1 1
13 5 1 0 0 0 1 1
13 7 1 0 0 0 1 0
13 8 0 1 1 1 1 0
13 9 1 1 1 0 1 0
13 10 1 1 1 0 0 1
13 12 1 0 1 1 0 1
13 13 1 1 1 0 0 0
13 14 1 1 1 0 0 0
13 15 1 1 0 1 1 1
13 16 0 0 0 0 1 0
13 18 1 1 0 0 1 0
13 19 1 1 1 1 0 0
13 21 1 0 1 0 1 1
13 22 1 1 0 0 0 0
13 24 1 1 1 0 0 1
13 25 1 0 0 0 1 1
13 26 0 1 1 0 1 0
13 27 1 1 0 0 0 1
13 28 1 1 0 1 1 0
13 29 1 1 0 0 0 0
13 31 0 1 0 1 1 0
13 32 1 1 1 1 0 0
14 4 0 0 1 0 0 1
14 5 1 1 0 1 0 0
14 6 1 0 0 1 1 0
14 8 0 0 1 1 0 0
14 10 1 0 0 0 0 1
14 11 1 0 1 1 1 1
14 12 0 1 1 1 0 0
14 13 1 1 0 1 1 0
14 15 1 0 1 1 0 0
14 16 0 1 0 1 1 1
14 17 1 1 1 0 0 0
14 18 1 0 0 1 0 1
14 20 1 1 0 0 0 0
14 21 0 1 1 1 0 0
14 22 1 0 1 1 0 0
14 24 0 0 0 0 0 1
14 26 1 0 1 1 0 0
14 27 1 1 1 0 0 0
14 29 1 0 0 1 1 0
14 30 1 1 1 0 1 1
14 31 0 0 1 1 1 0
14 32 1 1 1 1 0 1
15 4 0 0 1 1 1 0
15 5 1 1 0 1 0 1
15 6 1 1 0 0 0 0
15 7 1 0 0 1 0 0
15 9 0 1 0 1 1 0
15 10 1 1 0 1 0 0
15 12 1 1 0 0 0 0
15 13 0 1 0 1 0 1
15 15 1 0 0 1 1 0
15 16 1 1 0 0 0 0
15 17 1 0 0 0 1 0
15 18 1 1 1 0 0 1
15 20 1 1 0 1 0 1
15 21 1 1 0 0 0 1
15 22 1 1 0 1 0 0
15 23 1 1 0 0 0 1
15 25 0 0 1 1 0 0
15 27 1 0 1 1 0 0
15 28 0 1 0 1 1 1
15 29 1 0 1 0 0 0
15 30 0 1 0 1 0 0
15 32 1 1 1 0 1 0
15 33 1 1 0 0 1 1
16 4 1 1 0 0 1 0
16 5 1 1 0 1 0 1
16 6 0 1 1 1 1 0
16 7 1 1 1 1 0 0
16 8 0 0 1 0 1 0
16 9 0 0 0 0 1 0
16 10 0 1 1 0 0 0
16 11 1 0 0 1 1 0
16 12 1 1 1 0 1 1
16 13 1 0 1 0 1 0
16 14 1 1 1 0 0 1
16 16 1 0 0 1 1 1
16 17 0 1 0 1 0 0
16 19 1 0 1 1 0 0
16 20 0 1 0 1 1 1
16 21 1 1 1 0 0 0
16 22 1 0 0 1 0 1
16 24 0 0 1 1 0 0
16 26 0 0 1 1 0 0
16 27 0 1 0 1 1 0
16 28 0 0 1 1 0 1
16 29 0 1 1 1 0 0
16 31 0 0 1 1 0 0
16 32 1 0 1 1 0 0
17 4 0 1 0 1 0 0
17 5 1 1 0 0 0 0
17 6 1 1 0 1 0 0
17 8 0 1 0 0 0 1
17 9 0 0 1 1 0 0
17 11 0 0 1 0 1 0
17 12 1 1 0 0 0 0
17 13 1 0 0 1 1 0
17 14 0 1 1 0 0 0
17 16 1 0 0 1 0 0
17 17 1 0 0 0 1 0
17 18 0 1 0 1 1 1
17 19 1 0 0 0 1 0
17 21 0 0 1 1 0 0
17 23 1 0 0 1 0 1
17 24 1 1 1 0 0 1
17 25 0 0 1 0 1 0
17 26 0 0 0 0 1 0
17 28 0 1 0 0 1 0
17 29 1 0 0 1 1 1
17 30 0 1 1 0 1 0
17 31 1 0 0 0 1 0
17 32 0 1 1 1 1 0
17 33 1 0 0 0 1 1
18 4 0 1 0 0 1 0
18 5 0 1 1 1 0 1
18 7 0 1 0 0 1 0
18 8 1 1 0 0 1 0
18 10 1 0 0 0 1 0
18 11 1 0 1 1 1 1
18 13 1 0 0 1 0 0
18 14 0 1 0 1 0 0
18 15 1 0 0 0 0 0
18 16 0 1 0 1 0 0
18 18 0 1 1 0 0 1
18 20 1 0 1 1 0 0
18 21 1 0 1 1 1 1
18 22 0 0 0 0 1 0
18 24 0 1 0 0 1 0
18 25 1 0 1 1 0 1
18 28 1 1 0 0 0 1
18 30 1 1 0 0 1 0
18 31 1 0 1 0 0 0
18 32 1 1 1 0 1 0
18 33 1 1 1 0 0 1
19 4 1 0 0 1 0 0
19 5 1 1 1 0 1 0
19 6 0 0 0 0 1 0
19 8 0 1 0 1 1 0
19 9 1 1 1 0 1 1
19 10 0 1 0 1 1 1
19 11 1 1 0 1 0 0
19 13 1 1 0 1 0 0
19 14 1 0 0 1 1 0
19 16 1 0 0 0 1 1
19 17 0 1 0 1 0 1
19 18 0 1 0 1 0 0
19 19 1 1 0 0 0 0
19 20 1 1 1 1 0 0
19 21 1 0 0 0 1 1
19 23 0 0 1 0 1 0
19 24 1 0 0 1 1 0
19 26 0 0 1 0 1 0
19 27 1 0 0 0 0 1
19 29 1 0 1 0 0 0
19 30 1 1 0 1 0 0
20 4 0 0 1 0 0 1
20 5 1 0 1 1 0 1
20 6 1 1 1 0 0 0
20 7 1 1 1 0 0 0
20 8 1 1 0 1 1 1
20 9 0 0 0 0 1 0
20 10 0 1 1 0 0 0
20 11 0 0 1 0 1 1
20 12 1 1 0 0 0 1
20 13 1 0 0 0 0 1
20 14 0 1 1 1 0 1
20 16 0 1 0 0 1 0
20 17 1 0 1 1 0 1
20 19 1 1 1 1 0 0
20 20 0 1 0 1 1 0
20 22 1 0 0 1 0 0
20 23 1 1 1 0 0 0
20 24 1 0 1 0 1 0
20 25 1 0 0 0 1 1
20 27 0 0 1 1 0 1
20 28 0 0 1 1 0 0
20 29 1 0 0 0 1 0
20 30 1 0 0 0 0 0
21 4 0 0 1 1 0 0
21 6 0 0 1 0 1 0
21 7 1 0 0 0 0 1
21 9 0 1 0 0 0 1
21 10 1 0 0 0 0 0
21 12 0 1 1 1 0 0
21 13 0 1 1 1 1 0
21 14 0 0 0 0 0 1
21 15 0 0 1 0 0 0
21 16 0 0 0 0 1 1
21 17 0 0 1 0 0 0
21 18 0 1 1 0 1 0
21 19 1 0 0 0 1 0
21 20 0 1 1 1 1 0
21 21 1 0 0 0 1 1
21 22 0 0 0 0 1 0
21 24 1 1 1 1 1 0
21 25 1 0 1 0 0 1
21 27 0 1 0 1 0 0
21 28 1 1 0 0 0 0
21 30 0 1 0 1 1 0
21 31 0 1 0 1 0 1
21 32 0 0 1 0 1 1
21 33 0 0 1 0 1 0
22 4 0 0 1 1 0 0
22 6 0 1 0 0 1 0
22 7 0 1 1 1 0 1
22 9 0 0 1 1 0 0
22 10 0 0 1 1 1 1
22 12 0 0 1 1 0 0
22 13 1 1 0 0 1 0
22 15 1 0 0 0 1 0
22 16 0 1 1 1 0 0
22 17 1 1 0 1 0 0
22 18 1 0 0 1 1 0
22 20 1 0 0 1 0 1
22 21 1 1 0 1 0 0
22 22 1 0 0 1 0 1
22 23 1 1 0 1 0 0
22 24 0 0 0 0 1 0
22 26 1 1 0 1 0 1
22 27 1 1 0 0 0 0
23 4 0 1 0 0 0 1
23 5 0 1 1 1 0 1
23 7 1 0 0 1 1 1
23 8 0 0 1 1 1 1
23 10 1 1 0 1 1 1
23 11 1 0 1 0 0 1
23 12 0 0 0 0 1 0
23 14 1 1 1 1 1 0
23 15 1 1 1 0 0 1
23 17 1 0 0 1 0 0
23 18 0 1 0 1 0 0
23 19 0 1 0 1 0 1
23 20 0 0 1 0 1 0
23 22 1 0 0 0 0 0
23 23 1 1 1 1 0 0
23 25 0 1 0 1 0 0
23 26 1 0 0 1 0 0
23 27 0 0 1 0 1 0
23 28 0 0 0 0 1 0
23 30 1 1 1 1 0 0
23 31 0 1 0 1 1 0
24 4 1 0 1 1 0 1
24 5 1 0 1 1 1 0
24 6 1 1 0 0 0 1
24 7 1 1 0 0 0 0
24 8 0 1 0 0 1 0
24 9 1 1 1 1 0 1
24 10 0 0 1 0 1 0
24 12 1 1 1 0 1 0
24 13 1 1 1 0 0 1
24 15 1 1 1 1 0 0
24 16 1 0 0 0 1 1
24 18 0 1 1 0 1 0
24 19 0 0 1 1 1 0
24 20 1 0 0 0 1 0
24 21 1 0 0 0 0 0
24 23 1 1 0 0 1 0
24 24 1 1 0 1 0 0
24 25 0 0 1 1 0 0
24 27 0 1 0 0 1 0
24 28 1 0 0 1 1 1
24 30 1 1 1 0 0 0
24 31 1 1 0 1 1 1
25 4 0 1 0 1 0 1
25 5 0 0 1 0 1 1
25 6 0 0 0 0 1 0
25 7 0 0 1 0 0 0
25 8 0 0 0 0 0 1
25 9 0 1 1 0 0 0
25 11 0 1 0 1 0 1
25 12 0 0 1 1 1 1
25 13 0 1 1 0 1 0
25 14 1 0 0 0 1 1
25 16 0 1 1 1 1 0
25 17 1 0 1 0 1 0
25 18 0 0 1 1 0 0
25 19 1 1 0 0 1 0
25 21 1 0 0 1 0 0
25 22 0 1 0 1 0 0
25 23 1 1 1 0 0 0
25 24 0 0 1 1 0 0
25 26 1 1 0 0 0 1
25 27 0 1 0 1 1 0
25 28 0 0 0 0 1 0
25 30 0 1 0 0 1 0
25 31 1 0 0 1 1 1
26 4 0 0 1 0 0 1
26 5 0 1 1 0 1 0
26 6 1 0 0 0 1 0
26 7 0 1 1 1 1 0
26 8 1 0 0 0 1 1
26 10 0 1 0 1 1 0
26 11 1 1 0 1 0 0
26 13 0 1 0 0 1 1
26 14 1 0 0 0 1 0
26 16 1 1 0 1 0 0
26 17 1 0 1 1 0 1
26 19 0 1 0 0 1 0
26 20 1 1 1 0 0 0
26 21 1 0 0 1 0 0
26 22 1 1 1 0 0 1
26 24 0 0 1 1 0 0
26 25 0 1 0 1 1 0
26 26 1 0 0 0 1 0
26 27 0 1 1 1 0 0
26 28 0 1 0 1 1 1
26 29 1 1 0 1 0 0
26 30 0 0 1 0 1 0
26 31 0 0 0 0 0 1
26 32 0 0 1 0 0 0
27 30 0 0 1 1 1 1
27 31 1 0 0 0 1 0
9 10 1 1 0 1 0 0
9 13 0 1 0 1 0 0
11 23 1 0 0 0 1 0
14 33 0 0 0 0 1 0
14 23 0 1 0 1 1 1
18 19 1 1 0 1 1 1
18 27 1 0 0 0 1 0
21 29 1 0 1 1 0 0
23 24 1 0 0 1 1 1
24 26 0 1 0 1 1 0
