-0.50
34 53 80 99 126 145 172 191 218 237 264 283 310 330 358 377 404 424 451 471 499 519 546 565 592 612 640 659 686 705 733 752 780 800 827 847 874 893 921 940 968 987 1015 1034 1062 1081 1108 1128 1156 1175 1203 1222 1250 1269 1296 1316 1343 1363 1391 1410 1437 1457 1484 1504 1531 1551 1578 1598 1625 1644 1671 1690
33 53 73 114 136 156 197 217 237 271 294 313 353 374 393 435 453 473 517 533 553 595 613 633 675 694 713 752 774 793 834 854 873 914 932 952 993 1012 1034 1073 1093 1113 1150 1173 1193 1233 1253 1274 1314 1332 1352 1393 1411 1431 1471 1490 1510 1550 1570 1590 1630 1649 1670 1711 1729 1749 1792 1809 1829 1871 1889 1909 1948 1969 1988 2027 2048 2068 2109 2128 2147 2188 2207 2226 2267 2286 2305
2 8 1 0 0 1 0 1
2 9 1 0 0 0 0 1
2 11 1 0 0 0 0 1
2 13 1 0 1 1 0 0
2 14 1 0 0 0 1 1
2 15 0 0 0 1 1 0
2 16 1 1 0 0 1 1
2 18 0 1 0 0 0 0
2 19 0 1 0 0 0 1
2 20 0 0 0 1 1 1
2 22 1 0 0 1 1 0
2 23 0 1 0 1 0 0
2 24 1 0 0 1 1 0
2 25 0 0 0 1 0 1
2 27 1 0 0 1 1 0
2 29 0 1 1 1 0 0
2 30 0 0 0 1 1 0
2 32 0 0 1 1 0 0
2 33 1 1 0 1 1 1
2 34 0 0 0 0 0 1
2 35 0 1 1 0 0 0
3 10 0 1 1 1 1 0
3 11 0 1 0 1 0 1
3 12 0 0 0 0 0 1
3 13 0 1 0 0 0 0
3 14 0 1 1 0 0 1
3 15 0 0 0 1 1 1
3 17 1 1 0 1 0 0
3 18 1 0 0 1 1 0
3 20 0 1 0 0 0 1
3 21 0 0 0 1 0 0
3 22 0 1 0 0 1 1
3 24 0 1 0 0 0 1
3 25 1 0 1 0 1 0
3 26 0 0 1 1 0 0
3 27 1 0 0 1 1 0
3 29 0 1 0 1 1 0
3 30 1 0 0 0 0 1
3 32 1 0 0 0 1 0
3 33 0 0 1 0 1 1
3 34 1 0 0 0 1 0
3 35 0 0 1 1 1 1
4 10 1 1 0 0 1 0
4 11 1 0 0 1 1 1
4 13 0 0 1 1 1 1
4 14 0 1 0 1 1 1
4 15 1 0 1 1 0 1
4 16 1 0 0 1 1 0
4 18 1 0 0 0 0 1
4 20 1 0 0 1 1 0
4 21 0 1 0 0 1 1
4 22 0 1 0 1 1 0
4 23 0 1 0 0 1 0
4 25 1 0 1 0 1 0
4 26 0 0 0 1 1 0
4 28 0 1 0 0 0 0
4 29 1 0 1 1 0 0
4 30 1 0 0 0 1 1
4 31 1 0 0 1 1 0
4 32 0 0 1 1 1 0
4 34 1 1 0 0 1 0
4 35 1 0 0 1 1 1
5 9 1 0 0 1 1 0
5 10 0 1 1 0 1 0
5 11 0 0 0 0 0 1
5 12 0 1 0 0 0 0
5 13 0 0 0 1 1 0
5 14 0 1 1 1 0 1
5 16 0 1 0 0 0 1
5 17 1 1 1 0 1 1
5 18 1 0 0 1 1 1
5 20 0 1 1 1 1 1
5 21 0 1 0 1 1 1
5 22 1 0 1 0 1 0
5 23 1 0 0 0 0 1
5 24 1 1 0 0 1 0
5 25 1 0 0 1 0 1
5 27 0 1 1 1 0 0
5 28 1 0 0 1 1 1
5 30 0 0 1 1 1 1
5 31 0 0 1 1 0 0
5 32 1 1 0 0 1 0
5 33 0 0 1 1 0 1
5 34 1 0 1 1 0 0
5 35 1 1 0 1 1 1
6 7 0 1 0 1 1 0
6 8 0 1 0 0 1 0
6 9 1 1 0 0 0 1
6 10 0 1 0 0 1 1
6 12 1 0 0 0 0 1
6 14 0 1 0 0 0 1
6 15 0 0 1 1 1 1
6 16 1 1 0 1 1 0
6 17 0 0 0 1 1 1
6 18 0 1 0 0 1 0
6 19 0 0 0 0 1 0
6 20 0 1 1 0 0 0
6 21 0 1 0 0 0 1
6 22 1 0 0 0 1 0
6 23 0 0 0 1 0 0
6 24 0 0 0 1 1 0
6 25 1 1 0 1 0 0
6 27 1 0 0 1 1 0
6 28 0 1 1 0 1 0
6 29 0 0 0 0 0 1
6 30 0 1 0 0 0 0
6 31 0 1 1 0 0 1
6 32 0 1 0 0 1 0
6 34 1 0 1 0 0 1
6 35 1 0 1 1 1 0
7 7 1 1 0 1 1 0
7 8 1 0 0 0 1 1
7 9 1 1 0 1 0 1
7 10 0 1 0 1 0 0
7 12 1 0 0 1 1 0
7 14 1 0 1 0 1 1
7 15 0 0 1 0 1 0
7 17 0 1 0 0 0 0
7 18 1 1 0 0 1 1
7 19 1 0 0 1 0 0
7 21 0 0 1 1 1 1
7 22 0 1 0 1 1 1
7 24 1 0 1 1 0 0
7 25 0 1 0 1 1 1
7 26 1 0 1 1 0 1
7 27 0 1 0 1 0 0
7 28 1 1 0 0 1 0
7 29 0 1 0 1 1 0
7 31 1 1 0 0 1 0
7 32 1 0 0 1 1 1
7 34 1 1 1 1 0 1
7 35 0 0 1 0 1 0
8 8 0 1 0 1 0 0
8 9 1 0 1 1 0 1
8 11 0 1 0 0 0 0
8 12 0 1 1 0 0 1
8 13 1 1 1 0 1 1
8 15 0 1 1 1 0 0
8 16 1 0 0 1 0 1
8 17 0 0 0 0 0 1
8 18 0 1 0 0 0 0
8 19 1 0 1 1 0 0
8 20 1 0 0 0 1 1
8 21 0 0 0 1 1 0
8 22 1 1 0 0 1 1
8 24 1 1 1 1 0 1
8 25 0 1 0 1 1 0
8 27 0 1 0 0 0 0
8 28 0 0 1 1 1 0
8 29 0 1 1 0 1 0
8 30 0 1 0 1 1 0
8 31 1 1 0 0 0 1
8 33 0 1 0 1 0 1
8 34 0 0 1 1 0 0
8 35 0 0 1 0 0 1
9 8 1 1 1 0 1 1
9 9 1 0 0 0 0 1
9 11 1 0 1 1 1 1
9 12 0 1 0 1 1 1
9 14 0 1 0 0 0 1
9 15 1 0 0 1 0 0
9 16 1 0 1 0 1 1
9 17 1 0 0 1 1 0
9 19 1 0 1 0 1 1
9 20 0 0 1 0 1 0
9 22 1 1 0 1 0 0
9 23 0 1 0 0 0 1
9 25 0 1 0 0 0 0
9 26 0 1 1 0 0 1
9 27 0 1 0 0 1 0
9 29 1 1 1 0 0 1
9 30 1 1 1 1 0 0
9 31 1 1 0 1 0 1
9 32 1 0 0 1 0 0
9 34 1 0 1 0 1 1
9 35 0 0 1 0 1 0
10 7 0 1 1 1 1 0
10 8 1 0 1 0 1 0
10 10 1 0 0 0 1 0
10 11 1 0 0 1 0 0
10 13 1 0 1 0 0 1
10 14 1 0 1 0 1 0
10 16 0 1 1 1 0 0
10 17 1 1 0 0 1 1
10 18 0 1 0 1 0 0
10 19 0 1 0 0 1 1
10 20 1 1 1 1 0 0
10 21 0 1 0 0 1 0
10 22 0 0 0 0 0 1
10 23 0 1 0 0 0 0
10 24 0 0 1 1 0 0
10 25 0 1 0 0 0 1
10 26 1 0 1 1 0 0
10 27 0 1 0 1 0 1
10 29 0 0 0 1 1 0
10 30 0 1 1 1 0 1
10 32 1 0 1 1 0 0
10 33 1 0 0 0 1 1
10 34 1 0 0 1 1 0
10 35 0 0 1 1 1 0
11 10 0 1 1 1 0 0
11 11 1 0 0 0 1 0
11 13 1 0 0 1 0 0
11 14 0 1 0 1 0 0
11 16 1 0 1 0 1 1
11 17 0 0 1 0 1 0
11 19 0 1 0 0 0 0
11 20 1 1 0 1 0 0
11 21 0 1 0 0 1 0
11 22 1 1 0 0 1 0
11 23 1 0 0 1 1 1
11 25 1 0 0 1 1 0
11 26 0 1 0 1 1 0
11 27 0 1 0 0 1 0
11 29 0 0 0 1 0 1
11 30 1 0 0 1 0 0
11 32 0 1 0 0 0 0
11 33 0 1 0 1 0 0
11 34 1 1 0 0 1 0
11 35 0 0 1 0 0 1
12 20 0 0 0 0 1 1
12 21 0 0 1 0 0 0
12 22 0 0 0 0 1 1
12 23 0 1 0 0 0 0
12 24 0 1 0 0 0 1
12 25 0 0 0 1 1 1
12 27 0 0 0 0 1 1
12 28 0 1 0 0 0 1
12 29 0 0 0 1 0 1
12 30 1 1 1 1 0 0
12 31 1 1 1 0 1 0
12 32 1 0 0 0 1 0
12 34 0 0 1 0 1 0
12 35 0 1 1 0 0 0
13 8 1 0 0 1 1 0
13 9 1 0 1 0 1 1
13 10 0 0 0 1 0 1
13 12 0 1 0 0 0 0
13 13 0 0 0 1 0 1
13 14 1 0 0 1 0 0
13 16 1 0 0 1 1 0
13 18 1 0 1 1 0 0
13 19 1 0 0 0 1 1
13 20 1 0 0 1 1 0
13 21 0 0 1 1 1 0
13 23 1 1 1 0 1 1
13 24 1 0 0 0 0 1
13 25 0 0 0 1 1 0
13 26 1 0 0 0 1 0
13 28 0 1 1 1 0 0
13 29 1 1 0 0 1 1
13 30 0 1 0 1 0 0
13 31 0 1 0 0 1 1
13 32 1 1 1 1 0 0
13 33 0 1 0 0 1 0
14 9 1 1 0 1 1 0
14 10 1 1 0 1 0 0
14 11 0 0 0 0 1 1
14 12 0 1 0 0 0 0
14 13 0 0 0 1 1 0
14 14 0 0 1 1 0 0
14 15 0 0 0 1 1 0
14 16 1 0 0 0 1 0
14 18 0 1 1 1 0 0
14 19 1 0 0 1 1 1
14 20 0 0 0 1 1 0
14 21 1 0 0 0 1 0
14 23 1 0 1 0 1 1
14 24 0 1 0 0 1 0
14 26 1 1 0 0 1 1
14 27 1 0 0 0 1 1
14 29 1 0 0 0 1 0
14 30 1 1 1 0 1 1
14 32 0 0 0 0 1 1
14 33 1 1 0 1 0 0
14 34 0 0 0 1 1 0
14 35 1 0 1 0 0 1
15 8 1 1 0 0 1 1
15 9 1 0 0 0 1 1
15 11 0 1 0 0 0 0
15 12 0 0 0 1 0 0
15 13 0 1 0 1 0 0
15 14 0 0 1 1 0 0
15 15 0 1 0 1 1 1
15 17 0 0 1 1 1 0
15 18 1 0 0 1 1 0
15 19 0 0 1 1 1 1
15 20 0 0 1 0 1 0
15 22 0 1 0 0 0 1
15 23 0 0 0 1 1 1
15 24 0 1 0 1 1 0
15 25 1 0 0 0 0 1
15 26 0 1 0 1 1 0
15 27 0 0 1 0 1 1
15 29 0 0 1 1 1 1
15 30 0 1 0 1 1 1
15 32 1 0 1 1 0 0
15 33 0 0 0 1 1 1
15 34 1 1 1 0 1 0
15 35 1 0 0 1 0 1
16 7 1 1 0 1 1 1
16 8 0 0 0 1 0 0
16 10 1 1 0 0 1 1
16 11 1 0 0 0 1 1
16 13 1 0 0 1 1 0
16 15 1 1 0 1 0 1
16 16 1 0 0 0 0 1
16 18 0 0 1 1 0 0
16 19 0 1 0 0 0 1
16 20 1 1 0 1 1 0
16 21 0 0 1 0 1 0
16 23 0 1 0 0 0 0
16 24 1 1 0 0 1 1
16 25 0 1 0 1 0 0
16 26 0 0 0 1 1 1
16 27 0 1 0 0 1 0
16 29 0 1 0 1 1 1
16 30 1 0 0 0 1 0
16 31 0 0 0 1 1 0
16 32 1 0 0 0 1 0
16 34 1 1 1 0 1 1
16 35 1 0 0 0 1 0
17 9 0 1 1 1 0 0
17 10 1 1 1 1 0 1
17 12 1 1 0 0 1 1
17 13 1 0 0 0 1 1
17 15 0 0 1 1 1 0
17 16 1 0 0 1 1 0
17 17 0 0 1 1 1 0
17 18 0 1 0 1 0 1
17 20 0 1 0 0 0 0
17 21 0 1 0 0 0 1
17 22 0 0 0 1 1 1
17 24 1 0 0 1 1 0
17 25 0 1 0 0 1 1
17 26 1 1 1 1 0 1
17 27 1 0 0 1 1 0
17 29 0 0 0 1 1 1
17 30 1 0 0 1 0 1
17 32 0 1 0 0 1 1
17 33 0 1 0 1 0 0
17 34 1 0 1 0 0 1
17 35 0 0 1 1 1 0
18 7 0 1 1 1 0 0
18 8 0 1 0 0 1 1
18 10 0 1 0 0 0 0
18 11 1 0 1 1 1 0
18 12 1 0 0 1 1 1
18 13 1 1 1 1 0 1
18 14 0 0 1 0 1 0
18 16 0 1 1 1 0 1
18 17 0 1 0 1 0 0
18 18 0 0 1 1 1 1
18 19 0 1 0 0 1 1
18 20 1 1 1 1 0 0
18 21 0 0 1 0 1 0
18 23 0 0 0 1 0 0
18 24 1 0 1 1 1 0
18 26 0 1 0 0 0 0
18 27 1 1 1 1 1 0
18 28 0 0 0 1 1 1
18 29 0 0 0 1 1 1
18 30 1 0 1 1 0 1
18 32 1 0 1 1 0 0
18 33 0 0 0 1 1 1
18 34 1 1 1 0 1 0
18 35 1 0 0 1 0 1
19 8 0 1 0 0 0 0
19 9 0 1 0 0 0 1
19 10 1 0 0 0 0 1
19 11 0 0 1 1 1 0
19 12 0 0 0 1 1 1
19 13 0 1 0 0 1 0
19 15 1 0 0 1 1 0
19 16 1 0 0 1 0 0
19 18 0 1 0 1 1 0
19 19 0 1 0 0 1 0
19 21 1 0 0 1 0 1
19 22 1 0 0 0 0 1
19 24 1 1 0 0 1 1
19 25 1 0 0 0 1 1
19 27 1 1 0 0 1 1
19 28 0 1 0 1 0 0
19 29 1 1 0 1 1 0
19 30 1 0 1 0 1 0
19 31 1 1 1 1 1 1
19 32 1 0 1 0 1 0
19 34 1 0 0 0 1 0
19 35 0 0 0 1 0 0
20 7 1 0 1 0 0 1
20 8 1 0 1 1 1 0
20 10 0 0 1 1 1 0
20 11 0 1 0 1 0 1
20 12 0 0 0 1 1 0
20 13 1 0 0 0 1 0
20 14 0 1 1 1 1 1
20 15 1 0 0 0 1 0
20 17 0 1 0 0 0 0
20 18 1 1 0 0 1 1
20 19 1 0 0 0 1 1
20 21 0 0 1 1 1 0
20 22 1 0 0 1 1 0
20 23 0 0 0 1 0 0
20 24 0 1 0 0 0 1
20 26 1 0 0 1 0 1
20 27 1 0 0 0 0 1
20 29 1 0 1 0 0 1
20 30 1 0 1 1 1 0
20 32 1 1 0 1 1 0
20 33 1 1 0 1 0 0
20 34 0 1 1 1 1 1
20 35 0 0 0 1 1 0
21 10 0 1 1 1 0 0
21 11 1 1 0 0 1 1
21 12 0 1 0 1 0 0
21 13 0 1 0 0 1 1
21 14 0 0 0 0 1 0
21 15 0 1 1 0 0 0
21 16 0 1 0 0 0 1
21 17 0 0 0 1 1 0
21 18 1 0 0 0 1 0
21 19 1 0 0 0 0 0
21 20 0 0 0 0 0 1
21 21 0 1 1 0 0 0
21 22 0 0 0 0 0 1
21 23 0 0 1 0 0 0
21 24 0 0 0 0 1 1
21 25 1 1 0 1 0 0
21 26 1 1 1 1 0 1
21 27 1 1 0 1 1 0
21 28 0 0 0 1 1 1
21 29 0 1 0 0 1 0
21 31 1 1 1 1 1 0
21 32 0 0 0 1 1 1
21 34 1 0 0 1 0 0
21 35 0 1 0 1 0 0
22 8 0 1 1 1 1 0
22 9 1 0 0 0 0 1
22 11 0 0 0 1 1 0
22 12 1 0 0 1 1 0
22 13 0 1 1 1 1 0
22 14 1 0 0 0 0 1
22 16 1 0 1 0 1 1
22 17 0 0 1 0 1 0
22 19 1 1 1 0 0 1
22 20 0 0 0 1 0 0
22 22 1 1 1 1 1 0
22 23 0 0 0 1 1 1
22 24 1 0 0 0 1 0
22 25 0 0 1 1 0 0
22 27 0 1 0 0 0 0
22 28 0 1 1 1 1 1
22 29 0 0 0 1 1 0
22 30 0 1 0 1 0 0
22 31 1 0 0 1 0 0
22 33 0 1 0 0 0 0
22 34 0 1 1 0 0 1
22 35 1 0 1 0 1 0
23 9 0 0 1 1 1 1
23 10 0 0 1 0 1 0
23 11 0 1 0 1 0 1
23 12 1 0 1 1 0 0
23 14 0 1 0 0 0 0
23 15 0 1 0 0 0 1
23 16 1 0 1 1 1 1
23 17 1 1 0 0 0 1
23 18 1 1 0 0 1 1
23 19 0 1 0 1 0 1
23 21 1 0 0 0 0 1
23 22 0 0 1 1 1 0
23 24 0 1 1 1 0 0
23 25 1 1 0 0 1 1
23 26 0 1 0 1 0 0
23 27 0 1 0 0 1 1
23 29 0 0 0 0 1 1
23 30 0 0 1 0 0 0
23 31 0 0 0 0 1 1
23 32 0 1 0 0 0 0
23 33 0 0 0 1 1 0
23 34 1 0 0 1 1 0
23 35 0 0 1 0 0 1
24 7 1 0 1 0 1 1
24 8 0 0 1 1 1 0
24 10 0 1 0 0 0 0
24 11 0 1 1 1 1 1
24 12 1 0 0 1 1 0
24 14 0 1 0 1 1 0
24 15 0 1 0 1 0 0
24 16 0 0 1 1 1 1
24 17 1 1 0 0 1 0
24 19 0 0 1 1 0 0
24 20 0 1 0 0 0 1
24 22 1 0 0 0 0 1
24 24 0 0 0 1 1 0
24 25 1 0 0 1 1 0
24 26 1 0 0 1 1 0
24 27 1 0 0 0 1 0
24 29 0 0 0 0 1 1
24 30 0 1 0 1 1 0
24 31 0 1 0 1 0 1
24 32 1 0 1 0 0 1
24 34 1 1 1 1 1 1
24 35 1 0 1 0 1 0
25 8 1 1 0 0 1 1
25 9 1 0 0 0 1 1
25 11 0 1 0 0 0 0
25 12 1 0 1 1 0 0
25 13 1 0 0 0 1 1
25 14 0 0 0 1 1 0
25 15 1 1 0 0 1 1
25 17 0 0 0 0 1 1
25 18 0 1 0 0 1 1
25 19 0 1 0 1 0 1
25 20 0 0 1 1 0 0
25 22 1 0 1 1 0 1
25 23 0 1 0 0 1 0
25 25 0 0 0 0 1 0
25 26 1 0 1 0 1 0
25 27 1 1 1 1 0 0
25 28 0 1 0 0 1 1
25 29 1 1 0 1 0 0
25 30 1 0 0 1 0 0
25 32 0 0 1 0 0 0
25 33 0 0 0 1 1 0
25 34 0 1 0 1 0 0
25 35 0 0 1 0 0 1
26 9 1 0 0 1 1 0
26 10 1 0 1 1 0 1
26 12 0 1 0 0 0 0
26 13 1 1 1 1 0 1
26 14 0 0 1 0 1 0
26 15 1 1 0 0 1 0
26 16 1 0 0 0 0 1
26 18 1 1 0 0 1 1
26 19 1 1 0 1 1 0
26 20 0 0 0 0 0 1
26 21 0 1 1 0 0 0
26 23 1 0 0 0 1 0
26 24 1 1 1 1 0 0
26 25 0 1 0 1 1 0
26 26 0 1 0 1 0 0
26 28 0 1 0 0 0 1
26 29 1 0 1 1 0 1
26 30 1 0 0 1 1 0
26 31 1 0 0 0 1 0
26 32 1 0 0 1 0 0
26 34 1 1 1 0 1 1
26 35 1 0 0 0 1 0
