0.60
36 56 83 103 130 150 177 197 223 244 272 290 318 338 364 385 412 431 458 478 506 525 552 572 600 619 646 666 693 713 740 760 787 807 834 854 881 901 928 947 975 995 1022 1042 1069 1089 1116 1136 1162 1182 1210 1230 1257 1277 1303 1323 1351 1370 1398 1418 1445 1464 1491 1511 1538 1558 1585 1604 1631 1650 1677 1696
32 51 70 111 133 153 193 214 233 268 290 309 349 370 390 433 450 471 513 529 549 593 609 629 671 690 709 748 770 789 831 851 870 913 929 949 989 1008 1029 1070 1089 1109 1146 1169 1189 1230 1250 1270 1311 1329 1349 1391 1407 1427 1468 1486 1506 1546 1566 1585 1626 1646 1666 1707 1726 1746 1788 1806 1825 1868 1886 1905 1944 1966 1985 2024 2044 2064 2106 2125 2143 2184 2203 2222 2263 2282 2301
2 7 0 1 0 1 1 1
2 8 1 0 0 0 1 0
2 10 1 1 1 1 0 1
2 11 0 0 1 0 1 0
2 13 0 0 1 1 1 0
2 14 1 0 0 1 1 0
2 15 1 1 0 0 1 1
2 16 0 1 0 1 0 0
2 18 1 0 0 0 0 1
2 20 1 0 1 1 0 0
2 21 1 0 0 0 1 1
2 22 0 0 0 1 1 0
2 23 1 1 0 0 1 1
2 25 1 1 1 0 1 1
2 26 1 0 0 0 1 0
2 28 0 1 0 0 0 0
2 29 0 1 0 1 1 1
2 30 1 0 0 0 1 0
2 31 0 0 0 1 1 0
2 32 1 0 0 0 1 0
2 33 0 0 1 0 0 1
3 8 0 1 0 0 0 0
3 9 0 1 0 0 0 1
3 10 1 0 0 1 0 0
3 11 1 1 0 0 1 1
3 12 0 1 0 1 0 0
3 14 1 1 0 1 0 0
3 15 1 0 0 1 1 0
3 17 1 0 0 0 1 1
3 18 0 0 1 0 1 0
3 19 0 0 0 1 1 1
3 20 1 0 0 1 0 0
3 21 1 0 0 0 1 1
3 22 0 0 0 1 0 0
3 24 0 1 0 0 0 0
3 25 1 0 1 0 1 1
3 26 0 0 1 1 0 0
3 28 0 0 0 1 1 1
3 29 0 1 0 0 1 0
3 31 0 0 1 1 1 1
3 32 0 1 0 1 1 1
3 33 0 0 1 0 0 1
4 5 1 0 0 0 1 1
4 6 0 1 0 1 0 0
4 7 1 0 1 1 1 1
4 8 1 0 1 0 1 0
4 10 0 1 0 0 0 0
4 11 1 0 1 1 0 0
4 12 1 0 0 0 1 1
4 13 1 0 0 1 1 0
4 14 0 0 1 1 1 0
4 16 1 0 0 0 0 1
4 18 1 1 1 1 0 1
4 19 0 1 0 1 1 0
4 20 0 1 0 1 0 1
4 21 0 0 1 0 1 0
4 22 0 1 0 1 0 1
4 23 0 0 1 0 1 0
4 25 1 1 1 0 1 1
4 26 1 0 0 0 1 0
4 27 1 1 0 0 1 0
4 28 1 0 0 1 1 1
4 30 0 1 0 0 0 1
4 31 1 0 0 1 0 0
4 32 1 1 1 0 1 1
4 33 1 0 0 0 0 1
5 22 0 0 0 0 1 1
5 23 0 1 0 0 0 0
5 24 1 0 1 0 1 0
5 25 1 0 0 1 0 0
5 26 1 0 0 1 1 0
5 27 0 1 0 0 1 1
5 29 0 1 1 1 1 1
5 30 1 0 0 1 0 0
5 32 1 1 0 1 0 0
5 33 1 0 0 1 1 0
6 5 1 1 1 1 0 0
6 6 0 1 0 1 1 1
6 8 1 1 0 0 1 0
6 9 1 0 0 1 1 1
6 11 0 0 0 1 0 0
6 12 1 0 0 1 0 1
6 14 0 1 0 0 0 0
6 15 0 1 0 0 0 1
6 16 0 1 1 1 1 1
6 17 1 1 0 1 0 0
6 18 1 1 0 0 1 1
6 19 1 0 1 1 0 0
6 21 1 0 0 1 0 1
6 22 0 1 0 1 0 0
6 23 1 1 1 1 0 1
6 24 0 1 0 1 0 0
6 26 1 0 0 0 0 1
6 28 1 0 1 1 0 0
6 29 1 0 0 0 1 1
6 30 0 0 0 1 1 0
6 31 1 1 0 0 1 1
7 4 0 0 1 1 1 1
7 5 1 0 1 1 0 0
7 7 1 1 1 0 1 1
7 8 0 1 0 1 1 1
7 9 1 1 0 0 1 1
7 10 1 1 0 1 1 0
7 12 1 1 0 1 0 0
7 13 1 0 0 1 1 0
7 14 1 0 1 1 1 1
7 15 0 0 0 1 1 1
7 17 0 1 0 0 0 0
7 18 1 0 1 1 1 0
7 19 0 1 0 1 0 1
7 20 0 0 0 1 1 1
7 21 1 0 0 1 0 0
7 23 1 1 0 0 1 0
7 24 0 1 0 1 0 0
7 25 1 1 1 1 0 1
7 26 1 0 0 1 0 0
7 28 1 0 1 0 0 1
7 29 1 0 1 0 1 0
7 31 0 0 1 1 1 0
7 32 1 0 0 1 1 0
7 33 0 0 1 0 0 1
8 7 0 1 1 1 1 0
8 8 1 0 1 0 1 0
8 9 0 0 1 1 1 1
8 10 0 1 0 1 0 0
8 12 1 0 0 0 1 0
8 13 0 0 1 1 0 0
8 14 1 0 0 0 1 1
8 15 0 1 0 1 0 0
8 17 0 0 1 1 1 1
8 18 0 1 0 1 1 1
8 19 1 0 1 1 0 1
8 20 1 0 0 1 1 0
8 22 1 1 0 0 1 1
8 23 0 1 0 1 0 0
8 24 0 0 1 1 0 0
8 25 0 1 0 0 0 1
8 27 0 1 1 1 0 0
8 28 1 1 1 1 0 1
8 30 0 1 0 0 0 0
8 31 0 0 0 1 1 0
8 32 0 0 1 1 0 0
8 33 0 0 1 0 0 1
9 4 1 1 1 0 1 0
9 5 1 1 0 1 0 0
9 7 0 0 0 1 0 1
9 8 0 1 0 1 0 0
9 9 0 0 1 1 1 1
9 10 0 1 0 1 0 0
9 12 1 1 0 1 0 0
9 13 1 0 0 1 1 0
9 14 0 1 0 1 1 1
9 15 0 1 0 0 1 0
9 17 0 1 0 0 0 0
9 18 0 0 0 1 1 0
9 19 0 0 1 0 1 1
9 20 1 0 0 1 1 0
9 21 1 1 1 0 1 0
9 23 0 0 0 1 0 0
9 24 1 0 0 0 1 0
9 26 0 0 0 1 0 1
9 27 1 0 0 1 1 0
9 28 1 0 1 1 1 1
9 29 1 0 1 1 0 0
9 31 0 1 0 0 0 0
9 32 1 0 1 1 1 0
9 33 0 1 0 1 0 1
10 6 0 0 0 1 0 1
10 7 0 1 0 1 1 0
10 9 1 1 1 1 1 0
10 10 0 0 0 1 1 1
10 11 0 0 0 1 1 1
10 12 1 0 1 1 0 1
10 14 1 1 0 1 1 0
10 15 1 1 0 1 0 0
10 16 1 0 0 0 0 0
10 18 0 1 0 0 0 0
10 19 0 0 1 1 1 1
10 20 0 1 0 1 1 1
10 21 1 1 0 0 1 1
10 22 0 1 0 1 0 0
10 24 1 0 1 0 0 1
10 25 0 0 1 1 1 0
10 26 1 1 0 1 0 0
10 27 0 1 0 0 1 1
10 29 1 0 0 1 1 0
10 30 1 1 1 0 1 0
10 31 1 0 1 0 1 0
10 32 0 0 0 1 1 0
10 33 0 0 1 0 0 1
11 6 0 0 0 1 1 0
11 7 1 0 0 0 1 0
11 9 1 0 1 0 1 0
11 10 1 1 0 1 0 0
11 12 0 1 1 1 0 0
11 13 1 1 0 0 1 1
11 14 0 1 0 1 0 0
11 15 0 1 0 0 1 1
11 16 1 1 1 1 0 0
11 17 0 1 0 0 1 0
11 18 0 0 0 0 1 1
11 19 0 1 0 0 0 0
11 20 0 1 0 0 0 1
11 21 0 0 0 1 1 1
11 23 1 0 1 1 1 0
11 24 0 1 0 0 0 1
11 25 1 0 1 1 1 1
11 26 1 0 0 0 1 1
11 28 1 0 0 1 0 0
11 29 0 1 0 1 0 0
11 31 0 0 1 1 1 1
11 32 0 1 0 1 1 1
11 33 0 0 1 0 0 1
12 6 0 1 0 0 0 0
12 7 0 0 0 1 1 0
12 8 1 1 0 0 1 0
12 9 1 0 1 1 1 0
12 10 0 0 1 0 1 0
12 12 0 0 0 1 1 0
12 13 1 0 1 1 1 0
12 14 0 0 1 1 1 1
12 15 0 1 0 1 1 0
12 17 1 1 1 1 1 0
12 18 0 0 0 1 1 1
12 19 0 0 1 1 1 1
12 20 0 1 0 1 0 1
12 22 1 1 0 1 0 0
12 23 1 0 0 1 1 0
12 24 0 1 1 1 1 1
12 25 1 1 0 1 0 0
12 27 1 1 0 0 1 1
12 28 1 0 0 0 1 1
12 30 0 1 0 0 0 0
12 31 1 0 1 1 1 0
12 32 0 1 0 0 0 1
12 33 0 0 1 0 0 1
13 5 1 0 0 1 1 1
13 6 1 1 0 0 1 0
13 8 0 0 0 1 1 0
13 9 1 1 0 1 1 0
13 10 0 0 1 1 1 0
13 11 0 1 0 0 1 1
13 12 0 1 1 1 0 0
13 13 0 0 1 1 1 1
13 15 0 0 0 1 1 0
13 16 0 1 1 1 0 1
13 18 1 0 0 1 1 1
13 19 0 1 0 1 1 0
13 21 0 1 0 0 0 0
13 22 1 1 1 1 1 0
13 23 0 0 0 1 1 1
13 24 0 0 0 1 1 1
13 25 1 0 1 1 0 1
13 27 0 0 1 1 1 1
13 28 0 1 0 1 1 1
13 29 1 1 0 0 1 1
13 30 0 1 0 1 0 0
13 32 0 1 1 1 0 0
13 33 1 1 1 1 0 1
14 4 0 1 0 0 0 0
14 5 1 0 1 1 1 1
14 6 1 1 0 0 0 1
14 7 0 1 1 1 1 1
14 8 1 1 0 1 0 0
14 10 0 0 0 1 1 1
14 11 1 0 0 1 0 1
14 13 0 0 1 0 0 0
14 14 1 1 1 0 1 0
14 15 1 0 0 1 0 1
14 16 1 0 0 0 1 1
14 17 0 0 0 1 1 0
14 19 1 0 1 1 0 0
14 20 0 0 0 1 1 1
14 21 1 1 1 0 1 0
14 22 1 0 0 1 0 1
14 24 1 1 0 1 1 0
14 25 1 0 0 0 1 1
14 26 1 1 1 1 0 1
14 27 0 0 1 1 0 0
14 29 1 0 0 0 0 1
14 31 1 1 0 1 0 0
14 32 1 0 0 1 1 0
14 33 0 0 1 0 0 1
15 4 0 1 1 1 1 0
15 5 0 1 0 1 1 1
15 7 1 0 0 0 1 0
15 8 0 0 0 1 0 1
15 9 1 1 1 0 1 0
15 10 1 0 0 1 0 1
15 12 1 0 0 0 0 1
15 14 0 0 1 1 1 0
15 15 1 0 0 1 1 0
15 16 0 0 1 1 1 0
15 17 1 0 1 1 1 0
15 19 0 0 1 1 1 1
15 20 0 1 0 1 0 0
15 21 0 0 0 1 1 0
15 22 1 1 0 1 0 0
15 24 1 0 1 0 1 0
15 25 0 0 0 1 1 0
15 27 1 0 0 1 1 0
15 28 1 1 0 0 1 0
15 30 1 0 0 1 0 0
15 31 0 0 0 1 1 0
15 32 1 0 1 1 1 0
15 33 1 1 0 0 0 1
16 5 1 0 0 1 0 1
16 6 1 0 0 0 0 1
16 8 1 0 0 0 1 1
16 9 1 0 1 0 0 1
16 10 1 1 0 0 1 0
16 11 1 0 0 0 0 1
16 13 1 0 0 0 0 1
16 15 1 0 1 1 0 0
16 16 0 0 0 1 1 1
16 17 1 1 1 0 1 0
16 18 1 0 0 1 0 1
16 20 1 0 0 0 1 0
16 21 1 1 1 1 0 0
16 23 0 0 1 1 1 1
16 24 0 1 0 1 0 1
16 25 0 1 1 1 1 1
16 26 1 1 0 1 0 0
16 27 0 0 0 0 1 1
16 28 0 1 0 0 0 0
16 29 0 1 0 0 0 1
16 30 1 0 0 1 1 1
16 31 1 1 0 0 1 1
16 32 1 0 1 1 1 0
16 33 0 1 0 1 1 0
17 4 0 1 1 1 0 0
17 5 1 1 0 0 1 1
17 6 0 1 0 1 0 0
17 7 0 1 0 0 1 1
17 8 1 1 1 1 0 0
17 9 0 1 0 0 1 0
17 11 0 1 0 0 0 0
17 12 0 1 0 0 0 1
17 13 0 0 1 1 1 1
17 14 1 0 1 1 0 0
17 16 1 0 0 0 0 1
17 18 0 1 0 1 0 0
17 19 1 1 1 0 1 0
17 20 0 1 0 1 0 0
17 21 1 0 0 1 0 0
17 23 0 0 0 0 1 1
17 24 1 1 0 1 0 0
17 25 0 0 0 1 1 0
17 26 0 1 0 0 0 1
17 28 1 0 0 0 0 1
17 29 0 0 1 0 1 0
17 31 1 0 0 1 1 0
17 32 0 0 0 1 1 0
17 33 1 0 0 0 1 0
18 4 0 0 1 1 1 1
18 5 0 1 0 1 1 1
18 6 0 0 0 1 0 1
18 7 0 1 0 1 1 0
18 9 0 0 1 1 1 0
18 10 0 1 0 1 0 0
18 12 1 0 1 1 0 1
18 13 0 1 0 0 1 0
18 15 0 1 0 0 0 0
18 16 1 1 1 1 0 1
18 17 1 0 0 1 0 1
18 18 1 1 1 1 1 0
18 19 0 0 1 0 1 1
18 21 1 0 0 0 1 0
18 22 0 0 0 1 0 0
18 23 1 0 0 0 1 0
18 24 1 0 0 1 0 0
18 26 1 1 1 1 0 1
18 27 0 1 0 1 0 0
18 29 0 1 0 1 1 0
18 30 0 1 0 0 1 0
18 32 1 0 1 0 1 1
18 33 0 1 0 0 1 0
19 7 1 0 0 1 1 0
19 8 0 0 0 1 0 1
19 10 0 0 1 1 0 0
19 11 0 1 0 0 0 1
19 13 1 1 0 1 0 0
19 14 0 1 0 0 0 1
19 16 0 1 1 1 0 0
19 17 1 0 0 1 1 1
19 18 0 0 0 1 1 0
19 19 1 0 0 0 1 0
19 20 1 0 1 0 1 0
19 21 0 1 1 1 0 0
19 23 1 1 0 1 0 0
19 24 1 0 0 1 1 0
19 26 1 0 0 1 1 0
19 27 1 1 1 0 1 0
19 28 0 1 1 1 1 1
19 29 1 1 0 0 1 0
19 31 0 1 0 0 0 0
19 32 0 1 0 1 1 1
19 33 1 0 0 1 0 0
20 7 0 0 0 1 0 0
20 8 0 1 0 1 0 0
20 9 1 0 0 0 0 1
20 10 1 0 1 0 0 1
20 12 0 1 1 1 0 0
20 13 0 1 0 1 0 1
20 14 0 0 0 1 1 1
20 15 1 0 0 1 0 0
20 17 1 1 0 0 1 0
20 18 1 0 0 1 1 1
20 20 1 0 1 1 0 1
20 21 0 1 0 0 1 0
20 23 1 0 1 0 1 1
20 24 0 0 1 1 0 0
20 25 0 0 1 1 1 0
20 26 0 1 1 0 0 1
20 27 0 0 0 0 1 1
20 28 0 1 0 0 0 0
20 29 1 1 1 1 1 0
20 30 0 0 0 1 1 1
20 31 0 0 0 1 1 1
20 32 1 0 1 1 0 1
20 33 0 0 1 0 0 1
21 4 0 1 0 0 0 1
21 5 0 1 1 0 0 1
21 6 1 0 1 0 1 0
21 7 1 1 0 0 1 0
21 8 1 0 0 1 0 1
21 9 0 0 0 1 1 0
21 10 1 0 0 0 1 0
21 12 0 0 1 1 0 1
21 13 1 1 0 1 1 1
21 15 0 1 0 0 0 0
21 16 0 1 1 1 0 0
21 17 1 1 0 0 1 1
21 18 0 1 0 1 0 0
21 19 0 1 0 0 1 1
21 20 0 0 0 0 0 1
21 21 0 1 1 0 0 0
21 22 0 0 0 0 0 1
21 23 0 0 1 0 0 0
21 24 1 1 0 0 1 1
21 25 1 0 0 0 1 1
21 27 0 0 0 1 0 0
21 28 0 0 1 0 1 0
21 30 0 0 1 1 0 0
21 31 0 1 0 0 0 1
21 33 1 0 0 0 0 1
22 10 0 0 0 1 1 0
22 11 1 0 1 1 1 0
22 13 0 1 0 0 0 0
22 14 1 0 0 1 1 0
22 15 1 0 1 1 0 0
22 16 1 0 0 1 1 0
22 17 1 0 1 1 0 0
22 19 1 1 0 1 0 0
22 20 1 0 0 1 1 0
22 21 1 0 0 0 1 1
22 22 0 1 0 1 0 0
22 24 0 1 0 1 1 0
22 25 1 0 0 0 0 1
22 27 1 1 1 0 0 1
22 28 1 0 0 0 0 1
22 30 1 0 1 0 1 1
22 31 0 1 0 0 1 0
22 33 1 0 0 0 0 1
23 6 1 1 0 0 1 0
23 7 1 0 0 1 1 1
23 9 0 1 0 0 0 0
23 10 0 1 0 0 0 1
23 11 1 0 0 1 0 0
23 12 1 0 0 0 1 0
23 13 1 1 1 1 0 0
23 14 1 0 0 1 1 1
23 15 0 0 0 1 0 0
23 17 0 1 0 0 0 1
23 18 1 0 1 0 1 0
23 19 1 0 0 0 1 0
23 20 1 0 0 1 0 0
23 22 0 0 1 1 1 1
23 23 1 1 0 1 1 1
23 25 0 1 0 0 0 0
23 26 0 0 1 1 0 1
23 27 1 1 1 1 1 0
23 29 1 1 1 0 0 1
23 30 1 1 1 1 0 0
23 32 1 0 1 0 1 1
23 33 0 0 1 0 1 0
24 6 1 1 1 1 1 0
24 7 0 0 0 1 1 1
24 9 1 1 1 1 0 0
24 10 0 1 0 0 1 0
24 11 1 1 0 0 1 0
24 12 1 0 0 0 0 1
24 13 1 0 0 1 1 0
24 14 0 1 0 1 1 0
24 16 0 0 0 1 0 0
24 17 0 1 0 1 0 0
24 18 1 1 0 0 0 1
24 19 0 1 0 0 1 1
24 21 0 1 1 1 0 0
24 22 1 0 0 1 1 1
24 24 0 0 1 1 1 1
24 25 0 1 0 1 1 1
24 27 0 1 0 0 0 1
24 28 1 0 1 1 1 1
24 29 0 1 0 0 1 0
24 30 0 0 0 1 1 0
24 31 0 0 1 1 1 0
24 32 1 1 0 1 0 1
24 33 1 0 1 1 0 1
25 6 1 1 1 1 0 0
25 7 0 1 0 0 1 0
25 9 0 1 0 0 0 0
25 10 1 1 0 0 1 0
25 11 0 0 1 1 1 0
25 13 1 0 0 0 0 1
25 14 0 0 0 1 1 1
25 15 1 0 0 0 1 0
25 16 1 0 0 1 0 0
25 18 0 1 0 1 1 0
25 19 1 0 0 0 0 1
25 20 0 1 0 1 0 1
25 21 1 1 0 0 1 1
25 23 0 1 1 1 0 0
25 24 0 1 0 0 1 1
25 25 1 1 1 0 0 1
25 26 1 0 1 0 1 0
25 28 0 0 0 0 1 1
25 29 0 0 1 0 0 0
25 30 0 0 0 0 0 1
25 31 0 1 0 0 0 0
25 32 0 1 1 0 0 1
25 33 1 0 1 0 1 0
26 5 0 0 0 0 0 1
26 6 0 0 1 0 0 0
26 7 0 1 0 0 0 1
26 8 1 0 0 1 1 0
26 9 1 1 1 0 1 0
26 10 1 0 0 0 1 1
26 11 0 1 0 1 0 0
26 12 1 1 0 0 1 0
26 13 1 0 0 0 0 1
26 15 0 0 1 1 1 1
26 16 1 0 0 1 0 0
26 17 0 0 0 1 1 1
26 18 0 1 0 0 1 0
26 20 1 0 1 1 0 1
26 21 1 0 0 1 1 0
26 23 0 1 0 1 0 0
26 24 0 1 1 0 1 0
26 26 1 0 0 1 1 0
26 27 1 1 0 0 1 0
26 29 0 1 1 1 0 0
26 30 1 1 0 0 1 1
26 31 0 1 0 1 0 0
26 32 0 1 0 0 1 1
26 33 0 0 1 0 0 1
27 6 0 1 0 1 0 0
27 7 1 1 1 0 0 1
