0.10
46 66 93 113 140 160 187 207 234 254 281 301 329 349 377 396 423 443 470 490 517 537 565 583 611 630 658 678 705 724 751 772 798 819 846 865 893 912 940 960 986 1006 1034 1053 1080 1100 1128 1147 1174 1194 1221 1241 1269 1289 1315 1335 1362 1382 1409 1429 1456 1476 1503 1523 1549 1569 1596 1616 1643 1662
14 34 54 94 115 134 175 195 215 251 272 292 330 351 371 412 431 450 493 511 531 572 590 610 650 671 692 733 752 771 813 832 852 890 911 931 971 990 1009 1053 1071 1091 1132 1151 1171 1209 1231 1251 1291 1310 1331 1371 1389 1409 1450 1468 1488 1529 1549 1568 1606 1629 1651 1687 1709 1730 1768 1790 1809 1851 1869 1889 1925 1949 1967 2009 2028 2048 2087 2108 2127 2167 2186 2205 2245 2264 2283
2 7 0 1 1 1 0 0
2 8 0 1 0 1 1 0
2 9 1 1 0 0 1 0
2 10 0 1 0 0 1 1
2 12 1 1 0 0 1 1
2 13 0 1 0 1 0 0
2 14 0 0 1 1 0 0
2 15 0 1 0 0 0 1
2 17 1 1 1 1 1 1
2 18 0 0 0 1 0 0
2 20 0 0 1 1 1 1
2 21 0 1 0 0 1 0
2 22 0 0 0 1 1 0
2 23 1 0 0 0 1 0
2 25 1 0 1 0 1 1
2 26 0 1 0 0 1 0
2 28 1 0 1 0 0 1
2 29 1 0 1 1 1 0
2 31 0 0 0 1 1 0
2 32 1 0 1 1 0 0
2 33 1 1 1 1 1 1
2 34 1 0 0 0 0 1
3 6 0 0 0 0 1 1
3 7 0 1 0 0 0 0
3 8 0 1 0 0 0 1
3 9 0 0 0 1 1 1
3 11 0 0 0 1 1 0
3 12 1 0 0 1 0 0
3 13 0 1 0 1 1 1
3 14 1 1 0 0 1 0
3 16 1 0 0 0 0 1
3 18 0 0 1 1 0 0
3 19 0 1 0 0 0 1
3 20 1 1 0 0 1 1
3 21 1 0 0 0 1 1
3 23 0 0 1 1 1 0
3 24 0 1 0 0 1 1
3 25 1 1 1 1 0 0
3 26 0 1 0 1 1 0
3 28 1 0 1 0 0 1
3 29 0 0 1 0 1 0
3 30 1 0 0 0 1 0
3 31 1 1 1 1 0 0
3 33 1 1 1 1 1 0
3 34 0 0 0 1 1 1
4 6 0 1 1 1 0 0
4 7 0 1 1 0 1 1
4 8 1 1 1 0 0 1
4 9 1 0 1 1 1 0
4 11 1 0 1 0 1 0
4 12 0 0 1 1 1 0
4 13 0 1 0 1 0 1
4 14 1 0 0 1 1 0
4 16 0 1 0 0 0 0
4 17 0 0 1 1 0 0
4 18 0 1 0 0 0 1
4 19 0 0 0 1 1 0
4 20 0 1 0 0 1 0
4 21 1 0 1 1 0 1
4 22 1 0 0 1 1 0
4 24 0 1 0 0 0 1
4 25 0 0 0 1 1 1
4 26 0 1 1 1 0 0
4 27 1 0 0 1 0 1
4 28 1 0 0 1 1 0
4 29 1 1 0 0 1 0
4 31 0 1 0 1 0 1
4 32 0 0 1 1 0 0
4 33 0 0 1 1 0 0
4 34 1 0 0 1 0 1
5 7 1 0 0 1 1 1
5 8 0 1 0 1 1 0
5 10 0 1 0 0 0 0
5 11 1 0 1 0 1 0
5 12 0 1 0 1 0 0
5 13 0 0 0 1 1 1
5 14 0 1 0 0 1 0
5 16 1 0 1 1 0 1
5 17 0 1 0 0 1 0
5 19 1 0 0 1 1 0
5 20 1 0 0 0 0 1
5 22 0 1 0 0 0 0
5 23 1 1 0 0 1 0
5 24 0 1 0 1 1 0
5 25 0 0 1 1 1 0
5 26 1 0 0 1 0 0
5 28 1 0 1 1 1 1
5 29 1 0 1 1 0 0
5 30 0 0 1 1 1 0
5 31 0 1 0 1 0 0
5 33 1 0 1 0 1 1
5 34 0 1 0 0 1 0
6 7 1 1 0 1 0 0
6 8 0 1 0 1 0 0
6 9 1 0 1 1 0 0
6 10 1 0 0 0 1 1
6 11 0 0 0 1 1 0
6 12 1 1 0 0 1 1
6 14 0 1 0 0 0 0
6 15 1 0 0 0 1 0
6 16 0 1 1 1 0 1
6 17 1 1 0 1 0 0
6 18 0 0 1 0 1 0
6 20 0 1 1 1 0 0
6 21 1 0 0 1 1 1
6 22 0 0 0 1 1 0
6 23 1 0 0 0 1 0
6 25 0 0 0 1 0 1
6 26 1 1 1 0 1 1
6 27 0 1 1 1 0 0
6 28 0 0 1 1 1 1
6 30 1 0 0 0 0 1
6 32 1 1 1 1 0 0
6 33 0 0 1 1 1 0
6 34 0 0 1 0 0 1
7 8 1 0 0 1 1 0
7 9 1 0 0 0 1 0
7 10 0 0 1 1 1 1
7 11 1 0 0 1 0 1
7 12 0 0 0 1 1 1
7 13 0 1 0 0 1 0
7 15 0 1 1 1 1 0
7 16 1 1 0 0 1 1
7 17 1 1 0 0 1 0
7 18 1 0 0 1 1 1
7 20 1 0 0 0 0 1
7 22 1 0 0 0 0 1
7 23 1 0 0 0 1 0
7 25 0 0 0 1 1 0
7 26 1 1 0 0 1 0
7 28 0 0 1 1 0 0
7 29 0 1 0 0 0 1
7 30 1 1 1 0 0 1
7 31 1 0 1 0 1 0
7 33 1 1 1 0 1 1
7 34 1 0 0 0 1 0
8 8 1 0 1 1 0 0
8 9 1 1 0 1 1 1
8 11 0 0 1 0 0 0
8 12 0 1 0 0 0 1
8 13 0 0 1 1 1 1
8 14 0 1 0 1 1 1
8 16 0 0 0 1 1 0
8 17 1 0 0 0 1 0
8 18 1 0 0 1 1 1
8 19 0 1 0 0 1 1
8 21 0 1 0 0 0 0
8 22 1 0 0 1 1 1
8 23 0 0 1 1 0 1
8 25 1 1 1 1 1 0
8 26 0 0 0 1 1 1
8 27 0 0 0 1 0 0
8 28 1 1 1 1 0 1
8 29 1 1 0 0 1 0
8 30 0 1 0 0 0 1
8 32 0 0 1 0 0 0
8 33 1 1 1 1 0 0
8 34 1 0 0 1 0 1
9 6 0 1 0 1 0 0
9 7 1 0 0 1 1 0
9 8 0 0 0 0 0 1
9 9 0 1 1 0 0 0
9 11 1 0 1 0 0 1
9 12 0 0 1 0 1 0
9 14 0 0 0 1 0 1
9 15 1 1 1 1 0 0
9 16 0 1 0 1 0 1
9 17 0 0 1 1 0 0
9 19 0 0 0 1 1 0
9 20 1 0 0 0 1 0
9 21 0 1 0 1 1 1
9 22 1 0 0 0 0 1
9 23 1 1 0 1 0 0
9 24 0 0 0 1 0 0
9 26 1 0 0 0 0 1
9 28 0 1 0 0 0 1
9 29 1 0 0 1 1 0
9 30 1 1 1 0 1 0
9 32 0 0 1 1 1 0
9 33 0 1 1 0 1 1
9 34 0 0 1 0 0 1
10 8 0 1 0 1 0 1
10 9 0 1 0 0 1 1
10 10 1 0 1 1 1 0
10 11 0 1 0 1 1 0
10 13 1 0 1 1 1 0
10 14 1 1 0 1 1 1
10 15 1 1 0 1 0 1
10 16 1 0 0 0 0 1
10 18 1 0 0 1 1 0
10 19 1 0 0 1 0 0
10 20 0 1 0 1 0 0
10 22 0 1 0 0 0 1
10 23 0 0 0 1 1 1
10 24 1 1 1 1 1 0
10 25 1 0 0 0 1 0
10 26 1 0 0 0 1 1
10 27 1 0 1 1 1 0
10 29 0 1 0 0 0 0
10 30 0 0 0 0 1 1
10 31 0 0 1 0 0 0
10 32 0 0 0 1 1 0
10 33 0 0 1 0 1 0
10 34 0 0 1 0 0 1
11 8 0 1 1 1 0 0
11 9 1 1 0 0 1 1
11 10 0 1 1 1 1 0
11 11 1 0 0 1 0 1
11 13 1 0 1 0 0 1
11 14 0 0 1 0 1 0
11 16 1 1 0 1 0 0
11 17 1 0 0 1 1 0
11 18 0 0 1 1 1 1
11 19 1 1 1 1 0 0
11 21 0 0 0 0 1 0
11 22 1 0 1 0 1 0
11 23 1 1 0 0 1 1
11 24 1 0 0 0 1 1
11 26 0 1 0 1 0 1
11 27 0 1 0 0 1 1
11 29 1 0 1 0 1 0
11 30 0 1 0 0 1 0
11 31 1 0 0 0 0 1
11 32 1 1 1 1 1 0
11 33 1 0 0 1 1 0
11 34 0 0 1 0 1 0
12 17 0 0 0 0 1 1
12 18 0 1 0 0 0 0
12 19 0 0 1 1 1 1
12 20 1 0 0 1 0 0
12 21 0 1 0 1 0 0
12 22 1 0 0 1 1 0
12 24 0 1 0 1 1 0
12 25 1 0 0 0 0 1
12 26 1 1 0 0 1 0
12 27 1 0 0 1 1 1
12 29 1 0 0 0 0 1
12 31 0 1 0 1 0 1
12 32 0 0 1 1 0 0
12 33 0 0 1 1 0 0
12 34 1 0 0 1 0 1
14 21 0 0 0 1 1 1
14 22 0 1 0 0 1 0
15 8 0 1 0 1 0 1
15 9 0 0 1 1 0 0
15 10 0 0 0 0 0 1
15 11 0 1 1 0 0 0
15 13 0 1 0 0 0 0
15 14 1 1 0 1 0 1
15 15 0 1 0 0 1 1
15 16 0 0 0 1 1 0
15 17 1 1 0 1 1 0
15 19 1 0 1 1 0 1
15 20 1 1 0 1 0 0
15 22 1 0 1 1 0 0
15 23 1 0 0 0 1 1
15 24 1 0 0 1 1 0
15 25 0 0 1 1 1 0
15 27 0 1 0 0 0 1
15 28 1 0 0 1 0 0
15 29 1 1 1 0 1 1
15 30 1 0 0 0 0 1
16 8 1 0 1 1 1 0
16 9 0 1 0 0 1 0
16 10 1 1 0 1 1 1
16 11 0 0 0 1 0 1
16 12 0 0 0 0 1 1
16 13 0 1 0 0 0 0
16 14 1 1 1 1 0 0
16 15 0 1 0 0 1 1
16 16 0 0 1 1 1 0
16 17 0 0 1 0 1 0
16 19 1 1 1 1 0 1
16 20 0 1 0 1 1 1
16 22 0 0 0 0 1 1
16 23 0 0 1 0 0 0
16 24 0 0 1 1 1 1
16 25 0 1 0 1 1 1
16 27 0 0 1 1 1 0
16 28 0 1 0 1 0 0
16 30 0 0 0 1 0 1
16 31 1 0 0 1 1 0
16 32 0 0 1 0 0 1
17 8 1 0 1 1 0 1
17 9 1 0 0 1 1 0
17 11 1 1 0 1 1 0
17 12 1 1 0 1 0 0
17 14 0 0 0 1 0 0
17 15 0 1 0 0 0 1
17 16 0 0 0 1 1 0
17 17 0 1 0 1 1 1
17 19 0 1 0 0 0 0
17 20 0 1 0 1 1 0
17 21 0 1 0 1 1 0
17 23 0 0 0 1 0 1
17 24 0 1 0 0 1 1
17 25 1 0 0 1 1 1
17 26 1 1 0 1 1 0
17 28 1 1 0 1 1 0
17 29 1 0 0 0 0 1
17 31 1 0 0 1 1 1
17 32 0 1 0 1 1 0
18 8 0 1 0 0 0 0
18 9 1 1 1 1 0 0
18 10 0 1 0 0 1 0
18 11 0 0 0 1 0 1
18 12 0 1 0 0 1 0
18 14 1 0 0 1 1 0
18 16 0 1 0 0 0 1
18 17 1 1 1 0 0 1
18 18 1 0 1 1 1 0
18 20 1 0 1 0 1 0
18 21 0 0 0 1 1 0
18 22 0 0 0 1 0 1
18 23 0 0 1 0 1 0
18 24 0 0 0 0 1 1
18 25 0 1 0 0 0 0
18 26 1 1 1 1 0 0
18 27 0 1 0 1 0 1
18 28 0 1 0 1 1 0
18 29 1 0 0 0 0 1
18 31 1 1 0 0 0 1
18 32 0 1 0 0 1 1
19 9 0 0 1 1 0 0
19 10 1 0 0 1 0 1
19 11 0 0 0 0 0 1
19 12 0 1 1 0 0 0
19 14 0 0 0 0 1 1
19 15 0 1 0 0 0 0
19 16 1 1 0 1 0 0
19 17 1 0 0 1 1 0
19 19 1 1 1 1 0 1
19 20 1 0 0 0 1 0
19 21 1 0 0 1 1 1
19 22 0 1 0 1 0 0
19 24 1 1 0 1 1 0
19 25 1 1 0 1 0 0
19 26 1 1 0 0 1 1
19 27 1 0 0 0 0 1
19 29 0 0 0 1 0 1
19 30 0 1 0 1 0 0
19 31 1 0 1 1 0 1
19 32 1 0 0 1 1 0
20 7 0 1 1 1 0 1
20 8 1 1 0 0 0 1
20 9 1 0 1 0 1 0
20 10 0 1 1 1 0 0
20 11 0 1 1 1 0 0
20 12 0 1 0 1 1 1
20 14 0 1 0 0 0 0
20 15 0 0 0 1 1 0
20 16 1 0 0 1 0 1
20 18 1 0 1 1 0 1
20 19 0 0 0 1 0 1
20 20 0 0 0 1 0 1
20 21 0 1 0 1 0 0
20 23 0 0 0 1 0 1
20 24 1 1 1 1 0 0
20 25 0 0 0 1 1 0
20 26 1 0 0 1 0 0
20 28 0 0 0 0 1 1
20 29 0 0 1 0 0 0
20 30 0 1 0 1 0 1
20 31 0 0 1 1 0 0
20 32 0 0 1 0 0 1
21 22 0 0 0 0 1 1
21 23 0 1 0 0 0 0
21 24 1 1 1 1 0 1
21 25 1 0 0 1 0 1
21 26 0 1 0 1 1 0
21 27 1 0 0 0 0 1
21 28 1 1 0 0 1 0
21 29 1 0 0 0 0 1
21 31 1 1 0 1 0 0
21 32 1 0 0 1 1 0
22 8 0 0 0 1 1 0
22 9 0 1 0 0 1 0
22 10 1 0 1 1 0 1
22 11 1 0 0 1 1 0
22 13 1 1 1 0 0 1
22 14 1 0 0 0 0 1
22 16 1 0 0 1 1 1
22 17 0 1 0 1 1 0
22 19 0 1 0 0 0 0
22 20 0 1 1 1 1 1
22 21 0 0 0 1 1 0
22 23 0 0 0 1 1 0
22 24 0 1 0 0 1 0
22 25 0 1 0 1 0 1
22 26 1 0 0 1 1 0
22 28 1 1 1 1 0 1
22 29 0 1 0 1 1 0
22 31 0 1 0 1 1 0
22 32 0 1 0 0 1 0
23 8 0 0 0 1 1 1
23 9 1 0 1 1 0 1
23 11 0 1 1 1 0 0
23 12 0 1 1 0 1 1
23 13 1 1 1 0 0 1
23 14 1 0 0 0 1 0
23 16 0 1 0 0 0 0
23 17 0 0 0 1 1 1
23 18 0 1 0 1 0 1
23 19 0 1 0 1 0 1
23 20 1 0 1 1 0 0
23 22 1 1 0 1 1 0
23 23 1 0 0 0 0 1
23 24 1 0 1 1 1 0
23 25 1 1 0 1 1 1
23 27 0 0 1 1 1 0
23 28 1 0 0 1 1 0
23 29 1 0 0 1 1 1
23 30 1 1 0 1 1 0
23 31 0 0 0 0 1 1
23 32 0 1 0 0 0 0
23 33 0 1 0 1 0 1
23 34 0 1 0 1 0 0
24 7 0 0 0 0 1 0
24 8 1 0 1 0 1 0
24 9 1 1 0 0 1 1
24 10 1 0 0 0 1 1
24 12 0 1 0 0 0 0
24 13 1 1 0 1 0 0
24 14 0 1 0 1 0 0
24 15 1 0 1 1 0 0
24 16 1 0 0 0 1 1
24 17 0 0 0 1 1 0
24 18 1 1 0 0 1 1
24 20 1 0 0 0 0 1
24 22 0 1 1 1 0 0
24 23 1 1 1 0 1 0
24 24 1 0 1 1 0 1
24 25 0 1 0 0 1 0
24 27 1 0 0 0 0 1
24 28 0 0 1 0 1 0
24 29 0 0 0 1 1 0
24 30 1 1 0 1 1 0
24 32 0 1 0 0 0 1
24 33 0 0 0 1 1 1
24 34 0 0 1 0 0 1
25 6 0 1 0 0 0 0
25 7 0 1 0 1 0 1
25 8 0 1 0 0 1 1
25 9 1 0 0 1 1 0
25 10 0 0 1 0 1 0
25 11 1 0 1 1 1 0
25 12 1 1 0 0 1 1
25 14 1 0 1 1 1 1
25 15 0 1 0 1 0 0
25 16 1 0 0 1 0 0
25 17 0 1 0 1 1 0
25 19 0 1 0 0 0 0
25 20 0 0 0 1 1 0
25 21 0 1 0 0 1 0
25 22 0 0 1 1 1 1
25 23 0 1 0 1 1 0
25 24 0 1 0 1 1 0
25 25 1 0 0 1 0 0
25 27 0 1 0 1 1 1
25 28 1 0 0 0 0 1
25 29 0 0 0 1 0 0
25 30 0 1 1 1 0 0
25 32 0 0 0 0 0 1
25 33 0 0 1 0 0 0
25 34 1 0 0 1 1 0
26 7 1 0 0 0 1 1
26 8 1 0 1 1 1 0
26 9 0 0 0 0 1 1
26 10 0 1 0 0 0 0
26 11 0 1 1 1 0 0
26 12 1 1 0 0 1 1
26 13 0 1 0 1 0 0
26 14 0 1 0 0 1 1
26 15 1 1 1 1 0 0
26 16 0 1 0 0 1 0
26 18 0 0 0 1 0 1
26 19 1 1 1 1 0 0
26 20 1 1 1 0 1 0
26 21 1 0 0 0 1 0
26 23 0 1 0 0 0 0
26 24 0 0 1 1 1 1
26 25 0 1 0 0 1 1
26 26 0 1 0 1 1 0
26 27 1 0 0 1 1 0
26 28 0 0 1 1 1 0
26 29 0 1 0 0 1 1
26 31 1 0 1 0 0 1
26 32 1 0 1 1 0 1
26 33 1 1 0 0 1 1
26 34 0 0 1 1 1 0
27 7 1 0 0 1 0 0
27 8 1 1 1 0 0 1
