0.10
30 50 77 97 124 144 171 191 218 238 265 284 311 331 358 378 405 425 451 471 499 518 545 565 592 612 639 660 686 706 733 753 781 800 828 847 874 894 920 941 968 988 1014 1035 1062 1081 1108 1128 1156 1176 1203 1223 1250 1270 1297 1316 1344 1363 1391 1411 1438 1457 1485 1504 1532 1552 1579 1598 1625 1644 1671 1690
33 53 73 113 137 158 194 218 237 277 297 317 353 373 393 434 453 473 512 534 554 592 614 634 673 694 713 753 772 793 835 853 873 914 933 953 993 1014 1034 1073 1095 1115 1154 1175 1194 1235 1254 1275 1315 1333 1353 1393 1411 1430 1472 1490 1510 1552 1570 1590 1628 1650 1672 1712 1730 1750 1790 1810 1829 1871 1889 1909 1949 1968 1989 2027 2048 2069 2108 2128 2149 2189 2209 2229 2269 2289 2309
2 12 0 1 1 1 0 0
2 13 1 1 0 0 1 1
2 14 0 1 0 1 0 0
2 15 0 1 0 0 1 1
2 16 1 1 1 1 0 0
2 17 0 1 0 0 1 0
2 19 1 1 0 1 0 0
2 20 0 1 0 1 0 0
2 21 1 0 1 1 0 0
2 22 1 0 0 0 1 1
2 23 0 0 0 1 1 0
2 24 1 1 0 0 1 1
3 16 1 0 1 0 1 0
3 17 0 1 0 1 0 0
3 18 0 1 0 1 0 1
3 19 0 1 0 0 1 0
3 20 1 0 0 0 1 1
3 21 0 0 1 1 0 0
5 19 0 0 0 0 1 1
5 20 1 1 0 1 0 0
5 21 0 0 1 1 0 1
5 22 0 1 0 0 1 0
6 9 1 0 0 0 0 1
6 11 1 0 1 1 1 1
6 12 0 0 1 1 0 0
6 13 1 1 0 0 1 0
6 14 0 1 0 0 1 1
6 15 0 0 1 1 1 1
6 16 0 1 0 1 1 1
6 18 1 0 1 1 0 1
6 19 0 1 0 0 1 0
6 20 1 0 1 0 0 1
6 21 1 0 1 0 1 0
6 23 1 1 1 1 1 0
6 24 0 0 0 1 1 0
6 26 0 1 0 1 0 1
6 27 0 1 0 1 0 0
6 28 1 1 1 0 0 1
6 29 1 0 0 0 1 0
6 31 1 1 0 1 1 0
6 32 1 1 0 1 0 0
7 9 0 1 0 1 0 1
7 10 1 1 0 0 1 1
7 12 1 0 0 0 0 1
7 13 0 0 1 1 1 0
7 15 1 1 1 1 0 0
7 16 1 0 0 1 0 1
7 17 0 1 0 1 0 1
7 18 0 1 0 1 0 0
7 20 0 0 1 1 1 0
7 21 0 1 1 1 1 1
7 22 0 0 1 1 1 1
7 23 0 1 0 1 1 1
7 25 1 1 0 1 0 0
7 26 0 1 0 1 1 0
7 27 1 0 0 0 1 1
7 28 0 1 0 1 0 0
7 30 0 1 0 0 0 0
7 31 1 0 0 1 0 0
7 32 0 0 0 1 1 0
7 33 0 0 1 1 1 0
7 34 1 0 0 1 1 0
8 7 0 1 0 0 0 0
8 8 0 1 0 1 0 1
8 9 1 0 0 1 1 0
8 10 0 1 0 1 0 0
8 11 0 0 1 0 1 0
8 12 0 1 0 1 0 1
8 13 0 0 1 0 1 0
8 15 1 0 0 0 0 1
8 17 0 0 0 0 1 1
8 18 0 1 1 0 0 1
8 19 0 0 0 1 0 0
8 20 1 1 1 0 0 1
8 21 0 0 1 0 1 1
8 22 0 1 1 0 0 0
8 23 0 0 0 0 1 1
8 24 0 0 1 0 0 0
8 25 1 0 1 1 0 0
8 26 1 0 0 0 1 1
8 27 1 0 0 1 1 0
8 28 0 0 1 1 1 0
8 29 0 0 0 0 0 1
8 30 0 1 1 0 0 0
8 32 0 1 0 1 1 0
8 33 1 0 0 0 0 1
8 34 0 0 1 0 0 1
9 8 1 0 1 1 0 0
9 9 1 0 0 0 1 1
9 10 0 0 0 1 1 0
9 11 1 1 0 0 1 1
9 13 1 0 0 1 1 0
9 15 0 1 0 1 1 0
9 16 1 0 0 0 0 1
9 17 0 0 0 1 1 1
9 18 1 0 0 1 0 0
9 20 1 0 0 1 1 0
9 21 1 1 0 0 1 0
9 23 0 0 1 1 0 0
9 24 0 1 0 0 0 1
9 26 1 0 0 0 0 1
9 28 1 0 1 1 0 0
9 29 1 0 0 0 1 1
9 30 0 0 0 1 1 0
9 31 1 1 0 0 1 1
9 33 1 1 1 1 0 1
9 34 0 1 0 1 1 0
10 8 1 0 0 0 0 1
10 10 0 0 0 0 1 1
10 11 1 1 0 1 0 0
10 12 0 1 0 1 1 1
10 13 1 1 0 0 1 1
10 15 0 1 0 0 0 1
10 16 1 0 0 1 0 0
10 17 1 0 0 1 1 1
10 18 1 0 0 0 0 1
10 20 0 1 0 0 0 1
10 21 1 0 0 1 0 0
10 22 0 1 0 1 0 0
10 23 1 0 1 1 0 1
10 25 0 1 0 0 0 0
10 26 0 1 0 0 0 1
10 27 0 0 0 1 1 1
10 29 1 1 1 1 1 0
10 30 0 0 0 1 1 1
10 31 1 0 0 0 1 0
10 32 0 0 1 1 0 0
10 34 1 0 0 0 0 1
11 10 0 1 0 0 0 1
11 11 0 1 1 1 0 0
11 12 1 0 0 1 1 0
11 13 0 0 1 1 1 1
11 14 0 0 1 1 0 0
11 15 1 1 0 0 1 1
11 16 1 0 0 0 1 0
11 17 0 0 0 0 0 1
11 18 0 1 1 0 0 0
11 19 0 0 0 0 0 1
11 20 0 0 1 0 0 0
11 21 0 1 0 1 0 1
11 22 1 0 0 1 1 0
11 23 0 0 0 1 1 1
11 24 0 1 0 0 1 0
11 26 1 0 1 1 1 1
11 27 0 0 0 1 1 0
11 29 1 1 0 1 0 0
11 30 0 1 0 1 0 0
11 31 1 0 1 1 0 0
11 32 1 0 0 0 1 1
11 33 0 0 0 1 1 0
11 34 1 1 0 0 1 1
12 10 1 1 1 1 1 0
12 11 0 0 0 1 1 1
12 12 0 0 0 0 0 1
12 13 0 1 1 0 0 0
12 14 0 0 0 0 0 1
12 15 0 0 1 0 0 0
12 16 0 0 0 1 1 0
12 17 0 1 1 1 0 0
12 18 0 0 0 1 1 1
12 19 0 1 0 0 1 0
12 21 0 1 0 1 0 1
12 22 0 1 0 0 1 0
12 24 1 0 0 1 0 0
12 25 0 1 0 1 0 0
12 26 1 0 1 1 0 0
12 27 1 0 0 0 1 1
12 28 0 0 0 1 1 0
12 29 1 1 0 0 1 1
12 31 0 0 0 0 1 1
12 32 0 0 1 0 0 0
12 33 0 0 1 0 0 1
12 34 0 0 1 0 0 0
13 7 1 1 0 1 0 0
13 8 0 1 0 0 0 1
13 10 0 1 0 0 0 0
13 11 0 0 0 0 1 1
13 12 1 1 0 1 0 0
13 13 0 1 0 1 1 1
13 14 1 1 0 0 1 1
13 16 1 1 0 0 1 0
13 17 0 1 0 1 1 0
13 18 1 1 0 1 0 0
13 19 0 1 0 0 1 1
13 21 1 0 0 1 0 0
13 22 0 0 0 1 1 0
13 23 1 0 1 1 1 0
13 24 0 1 0 0 0 1
13 26 0 0 0 0 1 1
13 27 0 0 1 0 0 0
13 28 0 0 0 0 1 0
13 29 0 1 1 0 0 0
13 30 0 0 1 1 0 0
13 31 1 1 0 1 1 1
13 33 0 1 1 0 0 1
13 34 1 0 0 0 1 0
14 7 1 0 0 1 1 1
14 8 0 1 0 1 0 0
14 10 0 0 0 1 1 0
14 11 0 1 1 1 0 0
14 12 0 1 0 1 0 1
14 13 0 0 1 1 0 0
14 15 1 1 0 1 0 0
14 16 0 1 0 0 1 1
14 18 1 1 0 0 1 0
14 19 1 0 0 1 1 1
14 21 0 0 0 0 1 0
14 22 1 0 1 0 1 0
14 23 1 1 0 0 1 1
14 24 1 0 0 0 1 1
14 26 1 1 0 1 1 0
14 27 1 1 0 1 0 0
14 28 1 0 0 0 1 0
14 29 1 1 1 1 0 0
14 31 0 0 0 1 1 0
14 32 0 0 1 1 0 0
14 33 0 0 1 1 1 1
14 34 1 0 1 1 0 0
15 6 0 0 0 1 1 0
15 7 1 1 0 0 1 1
15 9 0 1 0 0 0 0
15 10 1 0 0 1 0 0
15 11 0 0 0 1 1 0
15 12 0 0 0 1 1 1
15 13 1 0 0 1 0 0
15 15 1 0 1 1 1 0
15 16 0 0 1 0 1 0
15 17 0 0 0 1 1 0
15 18 1 1 0 0 1 1
15 20 0 1 0 0 0 0
15 21 1 1 0 1 0 0
15 22 1 0 0 1 1 0
15 24 1 1 0 1 0 1
15 25 0 1 0 1 1 0
15 26 0 0 0 1 1 0
15 27 1 0 1 0 1 0
15 29 1 0 0 0 0 1
15 31 0 1 0 1 0 0
15 32 1 0 0 0 0 1
15 33 1 0 0 0 1 0
15 34 1 1 1 1 0 0
16 6 0 1 1 1 0 0
16 7 1 0 1 0 1 1
16 9 1 1 1 0 1 1
16 10 0 1 0 1 1 1
16 12 1 1 1 0 0 1
16 13 0 0 0 1 0 0
16 15 1 1 0 0 1 1
16 16 0 1 0 1 0 0
16 17 0 0 1 1 0 0
16 18 0 1 0 0 0 1
16 20 0 1 0 0 0 0
16 21 0 1 1 1 0 1
16 22 0 1 0 1 1 1
16 23 0 0 0 1 1 1
16 24 0 1 0 0 1 0
16 26 0 1 1 1 1 1
16 27 0 0 0 1 1 0
16 28 0 1 1 1 0 1
16 29 1 0 0 1 0 0
16 31 1 1 0 0 1 1
16 32 0 1 0 1 0 0
16 33 0 0 1 1 0 0
16 34 1 1 0 0 0 1
17 29 0 0 0 0 1 1
17 30 0 1 0 0 0 0
17 31 0 1 0 0 0 1
17 32 0 0 1 1 1 1
17 33 1 1 0 1 0 0
17 34 0 0 1 0 0 1
18 7 1 0 0 1 1 0
18 9 0 1 0 0 0 0
18 10 0 0 0 0 1 1
18 11 0 0 1 0 0 0
18 12 0 1 1 1 0 0
18 13 1 0 0 1 1 0
18 14 0 0 1 1 1 1
18 15 0 0 1 1 0 0
18 16 1 1 0 0 1 1
18 17 1 0 0 0 1 0
18 18 0 0 0 0 0 1
18 19 0 1 1 0 0 0
18 21 0 1 0 1 1 0
18 22 0 1 0 1 0 0
18 24 1 0 0 0 0 1
18 26 1 0 1 1 0 0
18 27 1 0 0 0 1 1
18 28 0 0 0 1 1 0
18 29 1 1 0 0 1 1
18 31 1 0 1 1 1 1
18 32 0 0 1 1 0 0
19 7 0 0 0 1 1 0
19 8 1 1 0 1 1 0
19 10 1 0 0 1 1 1
19 11 1 1 0 0 1 0
19 12 1 0 1 1 0 0
19 13 0 1 0 1 0 1
19 14 0 0 0 0 1 1
19 15 0 1 0 0 0 0
19 16 0 0 0 0 1 1
19 17 1 1 0 1 0 0
19 18 0 1 0 1 1 1
19 19 1 1 0 0 1 1
19 21 1 0 0 0 0 1
19 23 1 1 0 1 0 0
19 24 1 0 0 1 1 0
19 25 1 0 0 1 1 1
19 26 0 1 0 1 0 0
19 28 0 0 0 0 1 0
19 29 1 0 1 0 1 0
19 30 1 1 0 0 1 1
19 31 1 0 0 0 1 1
19 33 0 0 1 1 1 1
19 34 1 0 0 1 0 0
20 7 0 0 0 1 1 0
20 8 1 1 0 1 1 0
20 10 1 0 0 1 1 1
20 11 1 1 0 0 1 0
20 12 1 0 0 1 0 0
20 13 0 0 0 1 1 0
20 15 0 1 0 0 0 0
20 16 1 1 0 1 0 1
20 17 0 1 0 1 1 0
20 18 0 0 0 1 1 0
20 19 1 0 1 0 1 0
20 21 1 0 0 0 1 0
20 22 0 0 0 1 0 0
20 24 0 1 0 0 0 1
20 25 1 0 0 1 0 0
20 26 1 0 0 1 1 1
20 27 1 0 1 1 1 0
20 29 0 1 1 1 0 0
20 30 1 0 0 1 1 0
20 32 0 0 1 1 1 1
20 33 0 0 1 1 0 0
20 34 0 0 1 0 0 1
21 6 1 0 1 0 1 1
21 7 1 1 0 0 1 1
21 9 1 0 0 0 0 1
21 11 1 0 1 0 1 1
21 12 0 0 1 1 1 0
21 13 1 0 0 1 1 0
21 14 1 0 0 0 1 1
21 16 0 1 0 1 1 1
21 17 1 0 0 1 1 0
21 19 1 0 0 0 1 0
21 20 0 0 0 1 0 0
21 21 0 0 0 1 1 1
21 22 0 1 0 0 1 0
21 24 0 1 0 0 0 1
21 25 1 0 0 1 0 0
21 26 1 0 0 1 1 1
21 27 1 0 1 1 1 0
21 29 0 1 1 1 0 0
21 30 1 0 0 1 1 0
21 32 0 0 1 1 1 1
21 33 0 0 1 1 0 0
21 34 0 0 1 0 0 1
22 6 0 0 0 1 1 1
22 7 0 1 0 0 1 0
22 9 1 0 0 1 0 1
22 10 0 1 0 0 1 0
22 11 1 0 0 1 1 0
22 12 1 0 1 1 0 0
22 14 1 1 0 1 0 0
22 15 1 0 0 1 1 0
22 16 1 0 0 0 1 1
22 17 0 1 0 1 0 0
22 19 1 1 0 1 1 0
22 20 1 1 0 1 0 0
22 22 1 1 0 1 0 0
22 23 0 1 0 1 0 0
22 24 1 0 1 1 0 0
22 25 1 0 0 0 1 1
22 26 0 0 0 1 1 0
22 27 1 1 0 0 1 1
22 29 0 1 0 0 0 0
22 30 0 0 1 1 1 0
22 31 0 0 1 1 1 1
22 32 0 0 1 1 1 0
22 33 0 1 1 0 1 1
22 34 0 0 1 0 0 1
23 7 1 0 0 0 0 1
23 8 0 0 1 0 1 0
23 10 1 0 0 1 1 0
23 11 1 0 0 0 1 1
23 13 1 1 1 1 1 1
23 14 1 0 1 0 1 0
23 16 0 0 0 1 1 0
23 17 0 1 1 1 0 1
23 18 0 0 1 1 1 0
23 19 1 0 1 1 0 1
23 21 1 0 1 1 1 0
23 22 0 1 0 1 0 1
23 24 1 0 0 0 0 1
23 26 0 1 0 1 0 0
23 27 1 0 0 1 0 0
23 29 1 0 1 0 1 1
23 30 1 1 1 1 1 0
23 32 1 0 0 1 1 1
23 33 1 1 0 0 1 1
23 34 0 0 1 0 0 1
24 6 0 0 1 1 0 0
24 7 0 1 0 0 0 1
24 9 1 1 0 0 1 1
24 10 0 1 0 1 0 0
24 11 0 0 0 1 1 1
24 12 0 1 0 0 1 0
24 14 1 0 0 1 0 0
24 15 0 0 0 1 0 0
24 17 0 0 1 1 1 1
24 18 1 0 0 1 0 0
24 20 1 0 1 0 1 1
24 21 0 1 0 0 1 0
24 23 1 0 0 0 0 1
24 25 1 1 0 0 1 0
24 26 0 1 0 1 1 0
24 27 0 1 0 1 0 0
24 28 1 0 0 1 1 0
24 30 0 1 0 0 0 0
24 31 0 0 0 0 1 1
24 32 1 1 0 1 0 0
24 33 0 0 1 1 1 0
24 34 0 0 1 1 1 1
25 9 0 0 0 0 1 1
25 10 0 1 0 0 0 0
25 11 1 0 1 1 0 0
25 12 1 0 0 0 1 1
25 13 1 0 0 0 1 1
25 14 0 0 1 0 1 0
25 16 1 0 0 1 1 0
25 17 1 1 1 0 1 0
25 18 1 0 1 0 1 0
25 19 0 0 0 1 1 0
25 20 1 1 1 0 1 0
25 21 1 1 0 1 0 0
25 23 1 0 0 0 0 1
25 25 0 1 1 1 1 1
25 26 1 0 0 0 1 0
25 27 1 0 0 1 1 0
25 28 1 0 0 0 1 0
25 30 0 0 0 1 0 0
25 31 1 0 1 0 0 1
25 33 0 0 0 1 1 1
25 34 1 0 0 1 0 1
26 8 0 0 1 1 0 0
26 9 1 0 0 1 0 1
26 10 0 0 0 1 1 0
26 11 1 0 0 0 1 0
26 13 1 0 1 0 1 0
26 14 0 0 0 1 1 0
26 15 0 1 0 1 1 0
26 16 1 1 0 0 1 1
26 17 0 0 0 0 0 1
26 18 0 1 1 0 0 0
26 20 1 0 0 0 1 0
26 21 0 0 0 1 0 0
26 22 0 0 0 1 1 1
26 23 0 1 0 0 1 0
26 25 1 0 0 1 1 0
26 27 1 0 0 0 1 0
26 28 1 0 0 1 0 0
26 30 1 0 0 0 1 1
26 31 1 0 1 1 1 0
26 32 1 1 0 0 0 1
26 33 1 1 1 1 1 0
26 34 0 0 1 0 0 1
27 7 0 0 0 1 0 0
27 8 1 0 1 0 0 1
