0.20
51 71 98 125 152 172 199 219 246 265 292 312 340 360 387 407 435 454 481 501 529 548 576 595 623 642 669 689 716 736 763 783 810 830 857 877 904 923 951 970 998 1017 1045 1064 1091 1111 1139 1158 1186 1206 1232 1252 1279 1300 1326 1346 1373 1393 1421 1440 1467 1487 1514 1534 1562 1582 1609 1628 1655 1674
22 42 62 102 125 146 182 206 225 261 280 300 340 361 381 422 441 462 501 522 542 581 602 622 661 682 702 741 761 781 822 841 861 903 921 940 982 1003 1022 1061 1083 1103 1142 1164 1183 1223 1242 1263 1302 1320 1339 1383 1399 1419 1461 1479 1499 1540 1559 1579 1617 1639 1660 1700 1718 1738 1778 1798 1818 1859 1877 1897 1938 1957 1977 2015 2037 2058 2098 2117 2136 2176 2195 2214 2254 2273 2292
2 5 0 0 0 0 1 1
2 6 0 1 0 0 0 0
2 7 0 0 1 1 1 1
2 8 1 1 0 1 1 0
2 9 0 0 0 1 1 0
2 10 1 0 0 0 1 0
2 11 1 0 0 0 1 0
2 12 1 1 1 0 1 1
2 14 0 0 0 1 1 1
2 15 1 0 0 1 0 0
2 16 0 1 1 1 0 1
2 17 1 1 1 1 0 0
2 19 1 0 0 1 1 0
2 20 1 0 0 0 0 1
2 22 0 1 0 0 0 0
2 23 0 1 0 1 0 1
2 24 1 0 0 1 1 0
2 25 0 1 1 1 0 0
2 26 0 1 0 0 1 0
2 28 1 0 0 0 0 1
2 30 0 0 0 0 1 1
2 31 0 0 1 0 0 0
2 32 0 0 1 1 1 1
2 33 1 1 0 0 0 1
3 5 1 0 0 1 1 0
3 6 0 0 1 1 1 0
3 7 1 1 1 1 1 0
3 8 0 0 0 1 1 1
3 9 0 0 0 1 1 1
3 10 0 0 1 1 1 0
3 12 0 0 1 1 0 0
3 13 0 1 0 0 0 1
3 15 1 1 0 1 0 0
3 16 0 1 0 0 0 1
3 18 1 1 0 1 0 0
3 19 1 0 0 1 1 0
3 20 1 0 0 0 1 1
3 21 0 1 0 1 0 0
3 23 1 1 0 1 1 0
3 24 1 1 0 1 0 0
3 26 1 0 0 0 0 1
3 28 1 0 1 1 0 0
3 29 1 0 0 0 1 1
3 30 0 0 0 1 1 0
3 31 1 1 0 0 1 1
4 5 0 0 1 1 1 0
4 6 1 0 0 1 1 0
4 8 1 0 0 0 0 1
4 10 1 1 0 1 0 0
4 11 1 0 0 1 1 0
4 12 1 1 1 1 0 0
4 13 0 0 1 1 1 0
4 15 1 0 1 1 0 1
4 16 0 1 0 0 1 0
4 18 0 1 0 0 0 0
4 19 1 0 0 1 0 0
4 20 0 0 0 1 1 0
4 21 0 0 0 1 1 1
4 22 1 0 0 1 0 0
4 24 1 0 1 0 1 0
4 25 0 0 1 1 0 0
4 26 0 0 1 1 0 0
4 27 1 1 1 0 1 0
4 29 1 0 0 1 1 0
4 31 0 0 0 1 1 0
4 32 0 1 1 1 0 1
4 33 0 0 1 0 0 1
5 7 0 0 0 0 1 1
5 8 0 1 0 0 0 0
5 9 0 0 0 1 1 0
5 10 0 0 1 0 1 0
5 11 0 0 1 1 0 0
5 12 0 1 0 0 0 1
5 14 1 0 0 0 0 1
5 16 1 0 0 1 1 0
5 17 1 1 1 0 1 0
5 18 1 1 0 0 1 1
5 19 1 0 0 0 1 0
5 21 0 1 0 1 0 1
5 22 0 1 0 0 1 1
5 23 1 1 0 0 0 1
5 24 0 1 0 0 0 1
5 26 1 0 0 1 1 0
5 28 1 0 1 0 1 1
5 29 0 0 0 1 0 1
5 31 1 0 0 1 0 0
5 32 0 0 0 1 1 0
5 33 0 0 1 0 0 1
6 7 1 1 0 1 0 0
6 8 0 0 0 1 1 1
6 10 1 0 0 0 0 1
6 12 0 0 0 1 1 0
6 13 0 1 0 0 1 0
6 14 0 0 1 1 1 1
6 15 0 1 0 1 0 1
6 17 0 0 0 1 0 1
6 18 0 1 1 1 0 0
6 19 0 1 1 1 0 0
6 20 0 1 1 0 1 1
6 21 1 1 0 1 1 0
6 22 1 0 0 0 1 1
6 24 0 1 0 0 0 0
6 25 1 0 0 1 1 1
6 26 0 1 0 1 0 0
6 27 1 0 1 1 1 0
6 28 1 1 0 1 1 1
6 30 0 1 0 1 0 1
6 31 0 1 0 0 1 1
6 32 1 0 1 1 1 0
6 33 0 1 0 1 1 0
7 6 0 1 0 1 0 0
7 7 1 0 1 1 0 0
7 9 1 1 0 1 1 0
7 10 0 0 1 0 1 1
7 12 0 1 1 1 0 0
7 13 1 1 0 0 1 1
7 14 0 1 1 1 1 0
7 15 1 0 0 1 0 1
7 17 0 1 0 0 0 0
7 18 1 1 1 0 1 1
7 19 1 0 1 0 1 0
7 20 0 0 0 1 0 0
7 21 1 0 0 1 0 0
7 23 1 1 1 1 0 0
7 24 0 1 0 1 0 1
7 25 0 1 0 1 0 1
7 26 0 1 0 0 1 1
7 28 0 0 0 1 1 0
7 29 1 1 0 1 1 0
7 31 0 1 1 1 1 0
7 32 1 0 0 1 0 1
7 33 0 0 1 0 0 1
8 6 0 1 1 1 1 0
8 7 1 0 1 0 1 0
8 8 1 1 1 1 0 0
8 9 1 0 0 1 0 1
8 10 0 0 0 0 0 1
8 11 0 1 1 0 0 0
8 13 1 0 1 0 0 1
8 14 0 0 1 0 1 0
8 15 0 1 0 1 0 1
8 16 1 0 0 1 0 1
8 18 1 0 0 0 0 1
8 19 1 0 0 0 1 0
8 21 1 0 0 0 1 1
8 22 0 1 0 1 1 0
8 23 1 0 0 0 1 0
8 24 1 0 0 1 0 0
8 26 0 1 1 1 1 1
8 27 0 1 0 1 0 0
8 28 1 0 1 0 0 1
8 29 0 0 1 0 1 0
8 31 0 1 0 1 0 1
8 32 1 1 0 0 1 0
8 33 0 0 1 0 0 1
9 6 1 0 0 0 0 1
9 7 1 0 0 0 1 0
9 9 1 0 0 0 1 0
9 10 0 0 1 1 1 0
9 12 0 0 0 0 1 0
9 13 1 0 1 0 1 0
9 14 0 1 1 1 1 0
9 15 1 0 1 0 1 0
9 16 1 1 1 1 0 0
9 17 1 0 0 1 0 1
9 18 0 0 0 0 1 1
9 19 0 1 0 0 0 0
9 20 0 0 0 1 0 1
9 21 0 1 1 1 0 0
9 22 0 1 1 1 0 0
9 23 0 1 1 0 1 1
9 24 1 1 0 1 1 0
9 25 1 0 0 0 1 1
9 27 1 0 0 0 0 1
9 29 0 0 0 0 1 1
9 30 0 0 1 0 0 0
9 31 1 1 1 0 0 1
9 32 0 1 0 0 1 1
9 33 0 0 1 0 0 1
10 7 1 0 1 1 0 1
10 8 0 1 0 0 1 0
10 10 0 0 0 1 1 0
10 11 1 1 0 0 0 1
10 12 0 1 0 1 0 1
10 13 0 1 0 0 1 1
10 14 1 0 1 1 1 0
10 15 0 1 0 1 1 0
10 16 0 0 0 0 1 1
10 17 0 1 0 0 0 0
10 18 1 0 0 0 1 1
10 19 1 0 1 1 0 0
10 20 1 0 1 0 1 0
10 21 0 0 1 1 1 0
10 23 1 0 0 0 0 1
10 24 1 0 0 0 1 0
10 26 1 0 0 0 1 0
10 27 0 0 1 1 1 0
10 29 0 1 0 0 0 0
10 30 0 0 0 1 1 0
10 31 0 0 1 1 1 1
10 32 1 1 0 0 1 1
10 33 1 0 0 1 1 0
11 7 1 0 0 1 1 0
11 8 0 1 1 0 1 0
11 10 0 0 1 1 1 0
11 11 0 1 1 0 0 1
11 13 1 0 1 0 1 1
11 14 1 0 0 1 0 0
11 16 0 0 1 1 0 0
11 17 0 1 0 1 0 1
11 18 0 1 0 1 0 1
11 19 1 0 0 1 1 0
11 21 1 0 0 0 0 1
11 22 1 0 0 0 1 0
11 24 0 1 0 0 0 0
11 25 0 1 0 1 1 0
11 26 1 0 0 0 0 1
11 27 0 0 0 1 1 1
11 28 0 1 0 0 1 0
11 30 0 0 1 1 1 1
11 31 1 0 0 1 0 0
11 32 0 1 0 1 0 0
11 33 1 0 0 1 1 0
12 7 1 0 1 0 0 1
12 8 0 0 1 0 1 0
12 9 0 1 1 1 0 0
12 10 1 0 0 1 0 1
12 12 1 0 1 0 1 1
12 13 0 0 0 1 0 1
12 15 0 0 1 1 1 0
12 16 0 1 0 1 0 0
12 18 0 0 0 0 1 1
12 19 0 0 1 0 0 0
12 20 1 1 0 0 1 0
12 21 0 1 0 0 1 1
12 22 0 0 0 1 1 0
12 23 0 1 0 0 1 0
12 24 0 0 0 0 0 1
12 25 0 1 1 0 0 0
12 27 0 1 0 1 0 1
12 28 0 0 1 1 0 0
12 29 0 0 1 1 0 0
12 30 1 0 0 1 0 1
12 32 0 1 0 1 0 1
12 33 0 1 0 1 0 0
13 8 0 1 0 0 0 0
13 9 1 1 0 0 1 0
13 10 0 1 0 0 1 1
13 12 0 1 0 0 0 1
13 13 0 0 0 1 1 1
13 14 0 0 0 1 1 0
13 15 0 1 0 0 1 0
13 17 0 1 1 1 1 0
13 18 1 0 1 0 1 0
13 19 1 1 1 1 0 0
13 20 1 0 0 1 0 1
13 21 0 0 0 0 1 1
13 22 0 1 0 0 0 0
13 23 0 0 1 1 0 0
13 24 1 1 1 0 1 0
13 25 0 0 0 1 0 0
13 26 1 0 1 1 1 0
13 28 1 0 0 0 0 1
13 30 0 1 0 1 0 1
13 31 0 1 0 1 0 1
13 32 1 1 0 0 1 0
13 33 1 0 0 0 0 1
14 8 0 1 0 0 0 0
14 9 0 0 1 1 1 0
14 10 1 0 1 0 1 1
14 11 1 0 0 1 1 0
14 12 0 0 1 0 1 1
14 14 1 0 1 0 0 1
14 15 0 0 1 0 1 0
14 17 0 0 1 1 1 0
14 18 0 1 0 1 0 1
14 20 0 0 0 1 1 0
14 21 1 0 0 1 1 0
14 23 1 0 0 1 1 0
14 24 1 1 0 0 1 0
14 26 0 0 0 0 1 0
14 27 1 0 1 0 1 0
14 28 0 0 0 1 0 1
14 29 0 1 1 1 0 0
14 30 0 1 1 1 0 0
14 31 0 1 1 0 1 1
14 32 1 1 0 1 1 0
14 33 1 0 0 0 1 1
15 8 0 0 0 1 1 1
15 9 0 1 0 0 1 0
15 11 1 0 0 0 0 1
15 12 0 0 1 0 1 0
15 13 0 0 0 1 0 1
15 14 0 1 0 0 1 0
15 15 0 0 0 0 1 1
15 16 0 1 0 0 0 0
15 17 0 1 0 0 0 1
15 18 0 0 0 1 1 1
15 20 0 0 0 1 1 0
15 21 0 1 0 0 1 0
15 22 0 0 1 1 1 0
15 23 0 0 1 0 1 0
15 25 1 0 1 0 1 1
15 26 0 1 0 0 1 0
15 28 1 1 1 1 1 0
15 29 0 0 0 1 1 1
15 30 0 0 0 1 1 1
15 31 1 0 1 1 0 1
15 32 0 1 1 1 1 0
15 33 1 0 0 0 1 1
16 11 0 0 0 0 1 1
16 12 0 1 0 0 0 0
16 13 0 0 1 1 1 0
16 14 0 1 0 1 0 0
16 15 1 0 1 0 1 0
16 16 0 0 1 1 0 0
16 18 0 1 0 0 0 1
16 19 0 0 0 1 1 1
16 20 1 1 1 1 1 1
16 21 0 0 0 1 0 0
16 23 1 1 0 1 0 0
16 24 0 1 0 1 1 0
16 26 1 0 0 1 0 0
16 27 0 1 0 1 0 0
16 29 0 1 0 0 0 0
16 30 1 1 0 0 1 0
16 31 0 1 0 0 1 1
16 32 0 0 0 1 1 0
16 33 0 1 0 0 1 0
17 7 0 0 1 1 0 0
17 8 1 0 0 1 0 1
17 10 1 0 0 0 0 1
17 12 1 0 0 0 1 1
17 13 1 0 1 1 1 0
17 15 1 1 0 1 0 0
17 16 1 0 0 1 1 0
17 18 0 0 1 1 1 1
17 19 1 0 0 1 0 0
17 20 0 1 0 1 0 0
17 21 1 0 0 1 1 0
17 23 0 0 0 1 1 0
17 24 1 1 0 0 0 1
17 25 1 1 1 1 0 0
17 26 0 0 1 1 1 0
17 28 0 1 0 1 0 1
17 29 0 1 0 0 1 1
17 30 1 0 1 1 1 0
17 31 0 1 0 1 1 0
18 7 0 1 0 1 0 1
18 8 1 0 0 0 0 1
18 10 0 0 1 1 1 0
18 11 1 1 1 1 0 0
18 13 1 0 0 0 1 1
18 14 0 1 0 1 1 0
18 15 1 0 0 0 1 0
18 16 1 0 0 1 0 0
18 17 0 0 0 0 1 1
18 18 0 1 0 0 0 0
18 19 1 1 0 1 0 0
18 20 0 1 0 1 0 0
18 21 1 0 1 1 0 0
18 22 1 0 0 0 1 1
18 23 0 0 0 1 1 0
18 24 1 1 0 0 1 1
18 26 1 0 0 1 1 0
18 27 1 0 0 1 0 0
18 28 0 1 0 1 0 0
18 30 0 1 0 0 0 0
18 31 0 1 0 1 0 1
18 32 0 0 1 1 0 0
18 33 0 0 1 0 0 1
19 7 0 0 1 1 1 0
19 8 1 0 1 1 0 1
19 10 0 1 0 0 0 0
19 11 0 1 0 1 0 1
19 12 0 0 1 1 0 0
19 13 0 0 1 1 0 0
19 14 1 0 0 1 0 1
19 16 1 0 0 0 0 1
19 18 0 0 0 0 1 1
19 19 1 1 0 1 0 0
19 20 0 1 1 1 0 0
19 21 0 1 0 1 1 1
19 23 0 1 1 1 0 1
19 24 1 1 0 0 0 1
19 26 1 0 1 1 0 0
19 27 1 0 0 0 1 1
19 29 0 1 0 0 0 0
19 30 1 0 0 0 1 1
19 31 0 1 1 1 1 0
19 32 0 0 0 1 1 0
19 33 1 0 0 0 1 0
20 7 0 0 0 0 1 0
20 8 1 0 1 0 1 0
20 9 1 1 0 0 1 1
20 10 1 0 0 0 1 1
20 12 1 1 1 0 0 1
20 13 0 0 0 1 0 0
20 14 1 0 0 0 1 1
20 15 1 0 0 0 1 0
20 17 0 0 1 1 1 1
20 18 0 1 0 0 1 1
20 19 0 0 0 1 1 0
20 20 0 0 1 0 1 0
20 21 1 0 0 0 0 1
20 22 1 0 0 1 1 1
20 24 0 0 1 1 1 1
20 25 0 1 1 1 0 1
20 26 0 1 1 1 0 1
20 27 0 1 0 1 1 1
20 29 1 0 0 0 1 0
20 30 0 1 1 0 1 0
20 32 1 0 0 1 1 0
20 33 1 1 1 0 1 1
21 7 1 0 0 0 0 1
21 9 1 1 0 1 1 0
21 10 0 0 1 1 0 1
21 12 0 1 0 0 0 1
21 13 1 0 0 0 0 1
21 14 0 0 0 1 1 0
21 15 1 1 0 0 1 1
21 17 0 1 0 0 0 0
21 18 1 1 0 1 1 0
21 19 0 0 1 0 1 0
21 20 0 0 0 1 1 1
21 21 1 0 0 1 0 0
21 23 1 1 1 1 0 0
21 24 0 1 0 1 1 1
21 25 1 0 1 1 1 0
21 26 0 1 0 1 0 1
21 28 0 0 0 1 0 0
21 29 0 1 0 0 1 1
21 30 0 0 0 1 1 1
21 31 0 1 0 0 1 0
21 33 1 0 0 0 0 1
22 7 1 0 0 1 1 0
22 9 1 0 0 0 0 1
22 11 0 0 0 1 1 1
22 12 0 1 0 1 1 0
22 13 1 0 1 0 1 1
22 14 0 0 0 1 0 1
22 16 1 0 0 1 1 0
22 17 1 0 0 0 0 1
22 18 0 0 0 0 1 1
22 19 0 1 0 0 0 0
22 20 1 1 1 1 0 1
22 21 1 0 0 1 1 0
22 22 0 1 0 1 0 1
22 23 1 0 0 1 1 0
22 25 1 0 1 1 0 1
22 26 0 1 0 0 1 0
22 27 1 1 1 1 1 0
22 28 0 0 0 1 1 0
22 30 1 1 0 1 1 0
22 31 0 0 1 0 1 0
22 32 1 0 1 0 1 0
22 33 1 1 1 0 1 1
23 7 1 1 0 1 0 1
23 8 1 0 0 0 0 1
23 10 0 1 0 0 0 0
23 11 1 1 0 1 1 0
23 12 0 0 0 1 0 0
23 13 0 1 1 1 0 0
23 14 0 1 0 1 1 1
23 15 1 0 0 1 1 1
23 16 1 1 0 0 1 1
23 18 1 1 0 1 1 0
23 19 1 0 0 1 1 0
23 21 0 1 1 1 0 1
23 22 1 1 1 1 0 0
23 24 0 1 1 1 0 0
23 25 1 0 0 1 1 1
23 26 0 0 0 1 1 0
23 27 1 0 0 0 1 0
23 29 0 1 0 0 0 1
23 30 1 1 1 1 0 0
23 31 0 1 0 0 1 0
23 32 0 1 1 1 1 1
23 33 0 0 0 1 1 1
24 9 1 1 0 1 0 0
24 10 1 0 0 1 1 0
24 11 1 1 1 1 0 0
24 12 0 0 1 1 1 0
24 14 0 1 0 0 0 0
24 15 0 0 0 0 1 1
24 16 1 1 0 1 0 0
24 17 1 0 0 1 1 0
24 18 1 1 0 0 1 0
24 20 0 1 0 0 0 1
24 21 0 0 0 1 1 1
24 22 0 1 1 1 1 1
24 23 0 1 0 1 0 0
24 25 1 0 1 1 1 0
24 26 0 1 1 1 0 1
24 28 0 0 1 1 0 0
24 29 0 1 0 0 0 1
24 30 1 0 1 0 1 0
24 31 0 0 1 1 0 0
24 32 0 1 0 1 0 1
24 33 1 0 1 1 0 0
25 6 1 0 0 1 1 0
25 7 0 0 1 1 1 1
25 8 1 0 0 1 1 0
25 9 0 0 1 0 1 1
25 11 0 0 0 1 1 1
25 12 0 1 0 1 1 0
25 13 0 1 1 1 0 0
25 14 0 1 1 0 1 1
25 16 1 0 0 0 0 1
25 18 1 0 1 1 1 0
25 19 1 1 0 1 1 1
25 20 1 1 0 1 0 1
25 21 1 0 0 0 0 1
25 22 0 0 0 0 1 1
25 23 0 1 0 0 0 0
25 24 0 1 0 1 0 1
25 25 1 0 0 0 0 1
25 27 0 1 0 0 0 1
25 28 0 0 0 1 1 1
25 29 1 1 0 0 0 1
25 30 1 0 1 1 0 1
25 32 1 0 1 0 1 1
25 33 0 1 0 0 1 0
26 7 1 0 1 0 0 1
26 8 1 0 1 1 1 0
26 10 0 1 0 0 0 0
26 11 1 0 0 1 1 0
26 12 1 0 0 1 0 0
26 13 0 0 0 1 0 0
26 14 0 0 1 1 1 0
26 16 1 1 1 0 1 0
26 17 0 1 0 0 1 1
26 18 0 0 0 1 0 1
26 19 0 1 1 1 0 0
26 21 1 0 0 0 0 1
26 23 1 1 0 0 1 0
26 24 0 1 0 1 1 0
26 25 1 0 1 1 1 1
26 26 0 1 0 0 1 0
26 28 0 1 0 0 0 1
26 29 0 0 0 1 1 1
26 30 0 1 1 1 0 0
26 31 1 0 0 1 0 1
26 32 1 0 0 1 1 0
26 33 1 1 0 0 1 0
