0.60
25 45 73 92 120 140 166 186 214 234 261 281 308 327 355 374 402 422 449 468 496 515 543 562 590 609 637 656 683 703 730 750 777 797 825 844 872 891 918 938 965 985 1012 1032 1058 1078 1106 1126 1154 1173 1199 1219 1247 1266 1294 1313 1341 1361 1387 1407 1434 1454 1481 1501 1528 1548 1576 1596 1623 1643 1670 1690
43 63 83 121 143 162 203 224 244 278 301 319 359 380 400 442 459 479 518 540 560 601 618 639 681 700 720 758 780 799 841 860 879 920 937 958 999 1018 1039 1080 1099 1119 1156 1179 1199 1240 1259 1280 1320 1338 1358 1400 1417 1437 1478 1496 1516 1556 1576 1596 1637 1656 1676 1717 1736 1756 1798 1816 1835 1873 1896 1915 1955 1976 1995 2034 2054 2075 2113 2133 2153 2191 2211 2231 2269 2289 2309
2 2 0 0 0 0 1 1
2 3 0 0 1 0 0 0
2 4 1 1 1 1 1 0
2 5 1 0 0 0 0 1
2 7 1 1 0 0 0 0
2 8 1 0 0 0 1 1
2 10 1 1 0 1 0 0
2 12 1 0 1 0 0 0
2 13 1 1 0 1 0 0
2 14 1 0 0 0 1 0
2 15 1 1 0 1 0 0
2 17 1 1 1 0 0 0
2 18 0 0 1 0 1 0
2 19 0 0 0 0 1 0
2 21 0 1 1 1 1 0
2 22 1 1 0 0 0 0
2 24 1 0 0 1 0 1
2 26 0 0 1 1 0 0
2 28 0 0 1 1 0 0
2 29 1 0 1 1 0 0
3 2 1 1 1 0 0 1
3 3 0 1 0 1 0 0
3 4 0 1 1 0 0 1
3 5 0 1 0 1 0 0
3 7 0 0 1 1 0 0
3 8 1 1 0 0 1 0
3 10 1 1 0 1 0 0
3 11 1 0 0 0 0 1
3 12 0 1 0 1 0 1
3 13 0 0 1 0 1 0
3 15 0 1 1 0 1 0
3 16 1 0 0 0 0 0
3 17 0 0 1 0 1 0
3 19 1 1 0 1 0 0
3 20 1 0 0 1 1 0
3 22 1 1 1 0 0 0
3 23 0 0 1 0 1 1
3 24 0 0 0 0 1 0
3 25 0 0 1 0 0 0
3 26 1 0 1 0 1 0
3 27 1 1 0 0 1 1
4 2 1 1 1 1 0 0
4 3 0 1 0 1 1 0
4 5 1 1 0 0 0 1
4 6 1 1 0 1 0 0
4 7 0 1 1 1 0 0
4 8 1 0 0 1 0 1
4 9 0 0 0 0 1 0
4 11 1 1 0 0 0 0
4 12 0 1 0 1 0 1
4 14 0 1 0 0 1 0
4 15 1 1 0 0 1 0
4 16 0 1 1 0 1 0
4 17 1 1 0 1 0 0
4 19 0 0 1 1 0 0
4 21 1 1 0 1 0 0
4 22 1 0 1 1 0 1
4 23 1 1 1 0 1 0
4 24 1 1 1 0 0 1
4 26 1 1 1 1 0 0
4 27 0 1 0 1 1 0
5 2 1 1 1 1 1 0
5 3 1 0 0 1 0 1
5 4 1 0 1 0 0 1
5 5 0 1 0 1 1 0
5 6 1 0 0 0 0 1
5 7 1 1 1 0 0 1
5 9 1 1 1 1 0 0
5 10 1 0 0 0 1 1
5 12 1 0 1 1 0 0
5 13 0 1 0 1 1 0
5 14 0 0 1 1 0 0
5 15 0 1 0 1 0 1
5 16 1 1 1 0 1 0
5 17 1 1 1 0 1 1
5 19 1 1 1 1 0 0
5 20 0 1 1 1 1 1
5 21 0 0 1 0 1 0
5 23 1 0 1 0 1 1
5 24 1 1 0 0 0 0
5 25 0 0 0 0 1 0
5 26 0 0 1 0 0 0
5 27 0 1 0 0 1 1
5 28 1 1 0 1 0 0
6 2 1 1 0 1 0 1
6 3 0 0 1 1 0 1
6 5 0 1 0 0 1 0
6 6 0 0 1 0 1 1
6 7 0 0 0 0 1 0
6 8 0 0 1 0 0 0
6 9 0 1 0 0 1 1
6 10 1 1 0 1 0 0
6 12 1 0 0 1 1 0
6 13 1 1 0 0 0 0
6 14 1 0 0 0 0 0
6 15 0 1 0 1 0 0
6 16 0 0 1 0 1 0
6 17 0 0 0 0 1 1
6 18 0 1 0 0 0 0
6 19 0 1 0 0 1 0
6 20 1 1 1 0 0 0
6 21 1 1 0 1 1 0
6 22 1 1 1 0 0 1
6 23 0 0 1 0 1 0
6 25 0 0 1 1 0 0
6 27 0 1 1 0 1 0
6 28 0 0 1 1 1 0
6 29 0 1 0 0 1 0
6 30 1 1 0 0 1 0
7 2 0 1 0 0 0 1
7 3 1 0 1 1 1 1
7 5 1 1 1 1 0 0
7 6 0 1 0 1 1 0
7 8 1 1 0 0 1 0
7 9 0 1 0 1 1 0
7 10 1 0 0 0 1 0
7 11 1 0 1 1 0 1
7 12 1 1 1 0 1 0
7 13 1 0 0 1 0 1
7 15 1 1 1 0 1 0
7 16 1 1 1 0 0 1
7 18 1 0 0 1 0 0
7 19 0 1 1 1 1 0
7 20 0 0 0 0 1 0
7 22 0 1 0 0 0 1
7 23 0 1 1 1 0 1
7 25 1 1 0 1 0 0
7 27 1 0 0 0 1 0
7 28 1 0 1 1 1 0
7 29 0 1 1 1 0 0
7 30 1 1 0 1 1 0
8 2 0 0 1 0 0 1
8 3 1 0 0 0 0 1
8 4 1 0 1 0 1 0
8 6 0 0 1 1 1 0
8 8 0 1 0 0 1 1
8 9 1 1 0 0 0 1
8 10 0 0 0 0 1 0
8 12 1 1 0 0 1 0
8 13 1 0 1 1 1 1
8 15 0 1 1 1 1 0
8 16 1 1 0 0 0 0
8 17 0 1 1 1 0 0
8 18 1 0 0 1 0 1
8 19 0 0 0 0 1 0
8 20 0 0 1 0 0 0
8 21 1 0 1 1 0 0
8 24 0 1 1 1 1 1
8 25 0 0 1 0 1 1
8 26 0 0 0 0 1 0
8 28 1 0 1 1 0 1
8 29 1 0 0 0 1 0
9 2 0 1 0 0 0 1
9 3 0 1 1 1 0 1
9 5 1 0 0 1 0 0
9 6 1 0 1 1 1 0
9 7 1 0 0 1 1 1
9 8 0 0 1 1 1 1
9 10 0 1 0 0 1 0
9 11 0 0 1 0 1 1
9 12 0 0 0 0 1 0
9 14 0 0 1 0 1 0
9 15 1 0 0 1 1 0
9 17 0 1 0 0 0 1
9 18 0 1 1 1 0 1
9 20 1 1 0 1 0 0
9 21 0 1 1 1 0 1
9 22 1 0 0 1 0 0
9 23 0 0 1 0 1 0
9 25 1 1 1 0 1 0
9 26 1 1 1 1 0 1
9 28 0 0 1 1 0 0
9 29 0 1 1 1 1 1
10 2 1 1 0 0 0 1
10 3 1 1 0 1 0 0
10 4 0 1 1 1 0 0
10 5 1 0 0 1 0 1
10 7 1 0 1 0 1 1
10 8 1 1 0 0 0 0
10 10 1 0 1 0 1 0
10 11 1 0 0 1 0 1
10 12 0 0 1 0 1 0
10 13 1 0 0 0 0 1
10 14 0 0 0 0 1 0
10 15 0 0 1 0 0 0
10 16 0 1 0 0 1 0
10 17 1 0 0 1 1 1
10 18 0 1 1 0 1 0
10 19 1 0 0 0 1 0
10 20 0 1 1 1 1 0
10 21 1 0 0 0 1 1
10 23 0 1 0 1 0 1
10 24 0 0 1 1 0 1
10 26 1 0 0 1 0 0
10 27 0 1 0 1 0 0
10 29 0 1 0 1 0 1
10 30 1 1 0 0 1 1
11 2 0 0 1 0 0 1
11 3 0 1 0 1 1 0
11 4 1 0 0 0 1 0
11 5 0 0 0 0 1 0
11 7 1 0 0 1 0 0
11 8 1 0 1 0 0 0
11 10 0 1 0 0 1 0
11 11 1 1 0 0 1 0
11 12 1 1 0 1 0 0
11 14 1 1 1 1 0 0
11 15 0 1 0 1 1 0
11 16 0 1 0 0 1 0
11 17 1 0 0 1 1 0
11 18 0 0 0 0 1 0
11 20 0 1 0 0 0 1
11 21 0 1 1 1 0 1
11 23 1 0 0 0 1 0
11 24 1 0 0 1 0 0
11 26 0 1 0 1 0 0
11 27 1 0 0 0 1 1
12 2 0 0 0 0 1 1
12 3 0 1 0 0 0 1
12 5 0 1 0 1 0 0
12 6 0 1 0 1 1 1
12 7 1 0 0 1 1 1
12 8 1 0 1 0 0 0
12 9 0 0 1 0 1 0
12 10 0 1 1 0 0 0
12 12 1 1 1 0 0 0
12 13 0 0 1 0 1 0
12 14 0 0 0 0 1 0
12 15 0 1 1 0 0 0
12 16 0 0 0 0 0 1
12 17 0 1 1 0 0 0
13 4 0 1 0 0 1 0
13 5 1 0 0 1 1 1
13 6 0 1 1 0 1 0
13 7 1 0 0 0 1 0
13 8 0 1 1 1 1 0
13 9 1 0 0 0 1 1
13 11 0 1 0 1 0 0
13 12 1 1 0 0 0 0
13 13 0 0 1 1 0 0
13 14 0 1 1 1 1 1
13 16 1 1 0 0 0 1
13 17 1 1 0 1 0 0
13 18 0 1 1 1 0 0
13 19 1 0 0 1 0 1
13 21 1 1 0 1 0 0
13 23 1 0 0 1 0 0
13 24 1 0 1 0 0 0
13 25 0 0 0 0 1 0
13 27 1 0 1 0 0 0
13 28 0 1 1 1 0 1
13 29 1 1 0 1 0 0
14 2 0 0 1 1 0 1
14 3 1 1 0 0 0 0
14 4 1 0 0 1 1 0
14 5 0 1 1 0 0 0
14 8 0 1 0 1 0 0
14 10 0 1 1 1 0 0
14 11 0 1 1 1 1 0
14 13 0 1 0 0 1 0
14 14 0 1 1 1 0 1
14 16 0 1 0 1 0 0
14 17 1 1 0 0 0 0
14 18 1 1 1 1 0 0
14 19 1 0 0 0 1 1
14 21 0 1 0 1 0 0
14 22 1 1 0 0 0 0
14 23 1 0 0 0 0 1
14 24 1 1 0 0 0 0
14 25 0 0 0 0 1 0
14 26 0 1 1 0 0 0
14 27 1 0 0 1 1 0
14 28 1 1 0 1 1 0
15 2 1 0 1 1 0 0
15 3 0 1 0 1 1 1
15 4 1 1 1 0 0 0
15 5 1 0 0 1 0 1
15 7 1 1 1 0 1 0
15 8 1 1 1 0 0 1
15 10 0 1 1 0 0 1
15 11 1 1 0 0 1 0
15 12 0 0 1 1 0 0
15 13 1 1 0 0 1 0
15 14 1 1 1 0 0 0
15 15 0 0 1 0 1 0
15 17 0 1 0 0 0 1
15 18 1 1 1 0 0 1
15 19 1 1 0 1 0 0
15 20 1 1 0 0 0 1
15 22 1 1 1 0 1 0
15 23 1 0 0 0 0 1
15 24 1 0 0 0 1 0
15 25 1 0 0 0 0 0
15 26 0 0 0 0 1 0
15 28 0 1 1 1 0 0
15 29 0 1 1 1 1 0
16 2 0 1 0 1 0 0
16 3 0 1 1 1 1 1
16 5 0 1 0 1 0 0
16 6 1 1 0 0 0 0
16 7 0 1 0 1 0 0
16 8 1 1 1 0 1 0
16 10 0 1 0 0 1 0
16 11 1 1 1 0 0 0
16 12 1 0 0 0 1 0
16 13 0 1 1 1 1 0
16 14 0 0 0 0 1 0
16 16 0 1 0 0 0 1
16 17 1 1 0 1 1 0
16 18 0 0 1 0 1 0
16 19 1 0 0 0 0 1
16 21 0 0 1 1 0 0
16 22 1 0 1 1 1 0
16 24 1 1 0 1 0 0
16 26 0 1 1 1 0 0
16 27 0 1 1 1 1 0
16 29 1 0 0 0 0 0
16 30 1 1 1 1 1 0
17 2 1 1 0 0 0 1
17 3 0 0 1 1 0 1
17 4 1 0 0 0 1 0
17 5 0 1 1 0 1 0
17 7 1 0 1 1 0 0
17 8 1 1 1 0 0 0
17 10 1 1 0 1 0 0
17 11 1 0 1 1 1 1
17 12 0 1 1 0 1 0
17 13 1 1 0 1 0 0
17 15 1 1 1 0 0 0
17 16 0 0 1 0 1 0
17 17 0 0 0 0 1 0
17 19 1 0 1 0 1 0
17 20 1 1 0 0 0 1
17 21 1 1 0 1 0 0
17 22 1 1 0 0 0 1
17 24 0 1 1 1 0 0
17 25 0 1 1 1 1 0
17 27 1 0 1 1 1 1
17 28 1 0 0 0 1 1
18 2 1 0 1 1 0 0
18 3 0 1 0 1 1 1
18 4 1 1 1 0 0 0
18 5 1 0 0 1 0 1
18 7 1 0 1 1 0 1
18 8 1 1 1 0 0 0
18 9 1 1 1 0 0 0
18 10 1 1 0 1 1 1
18 11 0 0 0 0 1 0
18 13 1 1 0 1 0 1
18 14 1 0 0 0 0 0
18 16 0 1 0 0 0 1
18 17 1 0 0 1 1 1
18 19 1 1 1 0 0 1
18 20 1 0 0 0 1 0
18 21 1 0 1 0 1 1
18 23 0 1 0 0 0 1
18 24 1 0 1 1 1 1
18 25 1 1 1 1 0 0
18 26 1 1 0 1 0 1
18 27 0 0 0 0 1 0
18 29 0 1 1 0 1 0
18 30 1 0 0 0 1 1
19 2 1 0 0 0 0 0
19 3 0 1 0 1 0 0
19 5 0 1 0 1 0 1
19 6 1 1 1 1 1 1
19 7 0 1 0 1 0 1
19 8 1 1 0 1 1 0
19 9 1 0 0 0 1 0
19 10 0 1 1 1 1 0
19 12 0 1 1 1 0 0
19 13 0 1 1 1 1 0
19 15 0 0 1 1 0 0
19 16 1 0 1 1 0 0
19 18 0 1 0 0 1 0
19 19 1 1 0 0 1 0
19 21 1 0 0 1 0 0
19 22 1 1 0 1 0 0
19 24 0 1 0 0 1 0
19 25 1 1 1 0 0 0
19 26 1 1 0 0 0 1
19 27 0 0 1 1 0 0
19 28 0 0 1 0 1 0
19 29 0 0 0 0 1 0
20 2 1 1 0 0 0 0
20 3 1 1 1 0 1 1
20 4 1 0 0 1 1 0
20 5 1 1 0 1 1 0
20 7 1 1 0 1 0 1
20 8 0 0 1 1 0 1
20 10 0 0 1 1 0 0
20 11 1 0 1 1 0 0
20 13 0 0 1 0 1 0
20 14 1 0 0 0 0 0
20 15 1 1 0 1 0 0
20 16 1 1 0 0 0 1
20 18 0 1 1 1 0 0
20 19 0 1 1 1 1 0
20 20 0 0 0 0 1 0
20 22 0 1 0 1 0 0
20 23 1 1 1 0 1 1
20 24 0 1 0 1 0 0
20 25 1 1 0 0 0 0
20 26 1 0 1 0 1 0
20 27 1 1 0 0 0 1
20 29 1 1 0 1 0 1
20 30 0 0 1 1 0 1
21 2 1 0 0 0 1 0
21 3 1 0 0 1 0 0
21 5 1 1 1 0 0 0
21 6 1 1 0 1 1 1
21 8 0 1 0 0 1 0
21 9 1 1 1 0 0 0
21 10 1 1 0 1 1 0
21 11 1 0 1 1 1 1
21 12 1 0 0 1 1 0
21 13 0 1 1 0 0 0
21 14 0 0 0 0 0 1
21 15 0 0 1 0 0 0
21 16 0 0 0 0 1 1
21 17 0 0 1 0 0 0
21 18 0 0 0 1 0 0
21 19 0 1 0 1 0 0
21 20 1 1 0 0 0 0
21 21 0 0 1 0 1 0
21 22 0 0 0 0 1 1
21 23 0 1 0 0 0 0
21 24 0 1 1 0 1 0
21 25 1 0 0 0 1 0
21 26 0 1 1 1 1 0
21 27 1 0 0 0 1 1
22 2 0 1 0 1 0 1
22 3 0 0 1 0 1 1
22 4 0 0 0 0 1 0
22 6 1 0 0 1 0 0
22 7 1 0 0 0 1 0
22 8 1 1 0 0 0 0
22 9 1 1 1 0 1 1
22 10 0 0 0 0 1 0
22 12 1 0 0 0 0 1
22 13 0 1 0 1 0 0
22 14 1 1 1 0 0 0
22 15 1 1 0 1 1 1
22 17 1 0 0 0 0 0
22 18 0 0 1 1 1 1
22 20 0 1 0 0 0 1
22 21 0 1 1 1 0 1
22 23 0 0 1 1 0 0
22 24 1 1 0 0 1 1
22 25 1 1 0 1 0 0
22 26 1 1 0 0 0 0
22 28 0 0 1 1 0 0
22 29 1 1 0 0 1 1
23 2 0 0 1 0 0 1
23 3 1 1 0 1 0 0
23 4 1 1 0 0 0 0
23 5 0 0 0 0 1 0
23 6 0 1 1 0 0 0
23 7 0 0 0 0 0 1
23 8 0 1 1 0 0 0
23 10 0 1 1 0 1 0
23 11 1 0 0 0 1 0
23 12 0 1 1 1 1 0
23 13 1 0 0 0 1 1
23 15 1 1 0 0 0 1
23 16 0 0 1 1 0 0
23 18 1 0 1 0 1 0
23 19 0 1 1 1 1 0
23 20 0 0 1 1 1 0
23 21 1 1 1 1 0 1
23 22 0 0 1 0 1 0
23 23 0 0 0 0 1 0
23 25 1 0 0 1 0 1
23 26 1 0 1 0 1 0
23 27 0 1 0 0 0 1
23 28 1 1 1 0 0 1
24 2 0 1 0 1 0 1
24 3 1 1 1 1 1 1
24 5 0 0 1 1 0 1
24 6 1 0 1 0 1 0
24 7 1 1 0 0 1 0
24 8 0 1 1 0 0 0
24 10 0 1 0 1 0 0
24 11 1 1 0 1 0 0
24 12 1 1 0 1 0 0
24 13 1 1 0 0 0 0
24 15 0 0 1 1 0 0
24 17 0 0 1 0 1 0
24 18 1 0 0 0 0 1
24 20 0 1 0 1 1 0
24 21 1 1 1 0 0 1
24 22 1 0 0 0 1 0
24 23 1 1 0 0 1 0
24 25 1 1 0 1 0 0
24 26 1 1 1 0 1 1
24 27 0 0 0 0 1 0
24 29 1 1 0 0 0 1
24 30 0 1 1 1 0 1
25 2 0 0 1 0 0 1
25 3 1 0 0 0 1 0
25 4 1 1 0 0 0 0
25 5 0 0 0 0 0 1
25 7 1 0 0 1 0 0
25 8 1 0 0 1 1 0
25 9 0 1 1 0 1 0
25 10 1 0 0 1 1 1
25 11 0 1 0 1 0 1
25 12 0 1 0 0 0 0
25 14 0 1 0 0 1 0
25 15 1 0 1 1 0 1
25 17 1 0 0 0 0 1
25 18 1 0 1 0 1 0
25 19 0 1 1 0 1 0
25 20 0 1 1 0 0 0
25 22 0 1 1 1 1 0
25 23 1 1 0 0 0 0
25 24 0 1 1 1 0 0
25 25 1 0 0 1 0 1
25 26 0 0 0 0 1 0
25 28 0 1 1 1 0 0
25 29 0 1 1 1 1 0
26 2 0 1 0 1 0 0
26 3 0 1 1 1 1 1
26 5 1 0 0 1 0 0
26 6 0 1 0 1 0 0
26 7 1 1 0 1 0 0
26 8 1 0 1 1 0 1
26 9 0 0 1 0 1 0
26 11 1 0 0 0 1 0
26 12 1 1 0 0 1 0
26 13 1 0 0 1 1 1
26 14 0 1 0 1 0 0
26 16 0 0 0 0 1 1
26 17 0 0 1 0 0 0
26 18 1 1 0 1 1 0
26 19 0 1 1 1 1 0
26 21 0 0 1 1 0 0
26 22 0 1 0 1 1 0
26 23 0 1 0 0 0 1
26 25 0 0 0 0 1 0
26 27 1 0 1 1 0 1
26 28 1 1 0 1 0 0
2 23 0 1 1 1 0 0
8 7 1 1 0 0 1 0
8 22 1 0 0 0 1 1
14 7 0 1 1 1 1 1
18 18 0 1 1 0 1 0
26 24 1 0 1 1 1 1
