0.20
47 67 95 115 143 162 189 209 237 256 284 304 330 350 377 397 424 444 471 491 518 539 565 585 612 632 659 679 706 725 752 772 800 820 847 866 893 914 941 960 988 1007 1034 1054 1081 1101 1128 1148 1175 1195 1222 1242 1269 1288 1316 1336 1363 1383 1410 1430 1457 1477 1504 1524 1551 1571 1599 1619 1646 1666
13 33 53 91 115 136 172 196 214 252 272 292 330 352 371 412 431 451 490 512 532 570 592 612 650 672 691 731 751 771 812 830 851 892 910 930 971 993 1012 1050 1073 1093 1131 1153 1173 1213 1232 1253 1292 1310 1330 1371 1389 1408 1450 1472 1492 1530 1549 1568 1607 1628 1650 1690 1708 1728 1768 1788 1808 1849 1867 1887 1928 1946 1966 2005 2026 2047 2085 2105 2125 2163 2183 2203 2241 2261 2281
2 12 0 1 1 1 1 0
2 13 1 1 0 0 0 0
2 14 0 1 1 1 0 0
2 15 1 0 0 1 0 1
2 16 1 0 0 0 1 0
2 17 1 0 0 1 1 0
2 19 0 1 0 0 1 0
2 20 1 0 0 1 1 1
2 21 0 1 1 0 1 0
2 22 1 0 0 0 1 0
2 23 0 1 1 1 1 0
2 24 1 0 0 0 1 1
3 15 1 0 0 0 0 1
3 16 0 1 1 1 0 0
3 17 0 1 0 0 1 0
3 18 1 0 1 0 1 0
3 19 1 0 0 0 1 0
3 20 0 1 0 1 0 1
5 14 0 1 0 0 1 0
5 15 1 0 1 0 0 1
5 16 1 0 0 1 1 0
5 17 0 1 1 0 0 0
6 4 1 0 0 1 1 0
6 5 1 1 0 1 1 0
6 7 0 1 0 1 0 0
6 8 0 0 1 1 1 1
6 9 1 0 0 0 1 0
6 10 1 0 1 0 1 0
6 12 1 1 0 0 0 0
6 13 1 1 0 1 1 1
6 15 0 1 0 1 0 1
6 16 0 0 1 1 0 1
6 17 0 1 0 0 1 0
6 18 1 0 1 1 0 1
6 20 1 1 1 0 1 0
6 21 1 1 1 0 0 1
6 22 0 1 1 0 1 0
6 23 0 1 0 1 1 0
6 24 1 0 0 0 0 1
6 25 1 1 1 1 0 1
6 27 0 0 1 1 0 0
7 2 1 1 0 1 0 0
7 3 1 1 0 0 0 1
7 4 1 1 0 0 0 0
7 5 1 0 0 1 0 0
7 6 0 0 0 0 1 0
7 8 1 0 0 0 1 0
7 9 0 1 1 1 0 0
7 10 1 1 0 0 1 0
7 11 1 0 0 1 1 0
7 13 1 1 1 0 1 0
7 14 1 1 1 0 0 1
7 15 1 1 1 0 1 1
7 16 1 1 0 0 0 1
7 18 1 0 0 0 1 0
7 19 1 0 1 0 1 0
7 20 1 0 1 1 0 0
7 21 1 0 0 1 1 1
7 23 1 1 0 0 0 1
7 24 0 0 1 1 0 0
7 26 0 1 1 1 1 0
7 27 1 0 1 0 1 0
8 2 0 0 1 0 0 1
8 3 0 0 1 1 0 0
8 4 1 1 0 0 1 0
8 6 0 0 0 0 1 1
8 7 0 0 1 0 0 0
8 8 1 1 0 0 0 1
8 9 1 1 0 1 0 0
8 10 0 1 1 1 0 0
8 11 1 0 0 1 0 1
8 12 0 0 0 0 0 1
8 13 0 1 1 0 0 0
8 14 0 0 0 0 1 1
8 15 0 1 1 0 0 1
8 16 0 0 1 1 1 1
8 17 1 0 0 0 0 0
8 18 0 0 1 0 1 1
8 19 0 1 1 0 0 0
8 21 0 0 1 1 0 0
8 23 0 1 0 0 0 1
8 24 1 0 1 0 1 0
8 25 0 1 0 0 0 1
8 26 1 0 0 0 1 0
8 27 1 1 0 1 0 0
8 28 1 0 1 0 1 0
8 29 0 0 0 0 1 0
9 2 1 1 0 0 1 0
9 3 1 0 1 1 1 1
9 5 0 1 1 1 1 0
9 6 1 1 0 0 0 0
9 7 0 1 1 1 0 0
9 8 1 0 0 1 0 1
9 10 0 0 1 1 0 0
9 12 0 0 1 0 1 0
9 13 1 0 0 0 0 1
9 15 0 1 0 1 1 0
9 16 1 1 0 1 0 0
9 18 1 0 0 1 0 0
9 19 1 1 1 0 0 0
9 20 0 0 1 1 0 0
9 21 1 1 0 0 1 0
9 23 1 1 0 1 0 0
9 25 0 1 1 1 1 0
9 26 1 1 0 0 0 0
9 27 0 1 1 1 0 0
9 28 1 0 0 1 0 1
10 2 0 0 1 1 0 0
10 4 1 0 0 0 0 1
10 5 0 1 0 1 0 0
10 6 1 1 1 0 0 0
10 7 1 1 0 1 1 1
10 9 1 1 1 0 0 0
10 10 0 0 1 0 1 0
10 11 0 0 0 0 1 0
10 13 1 0 1 1 0 1
10 14 1 0 0 0 1 0
10 15 1 0 0 1 0 0
10 16 0 0 1 0 1 0
10 18 0 0 1 1 0 0
10 19 1 1 1 1 0 0
10 20 1 0 0 1 0 0
10 21 0 0 1 0 1 0
10 23 0 1 1 1 1 0
10 24 1 1 1 0 1 0
10 25 1 0 0 1 1 0
10 26 0 1 1 0 0 0
10 28 0 0 1 1 0 0
11 2 0 1 1 1 1 0
11 3 1 1 0 0 0 0
11 4 0 1 1 1 0 0
11 5 1 0 0 1 0 1
11 6 1 0 0 0 1 0
11 7 1 0 0 1 1 0
11 9 1 1 0 0 0 0
11 10 1 1 1 1 0 1
11 12 0 1 0 0 1 0
11 13 1 1 1 0 0 0
11 14 1 1 0 1 0 0
11 15 1 0 1 0 1 0
11 16 0 0 0 0 0 1
11 17 0 0 1 0 0 0
11 18 0 0 0 0 1 1
11 19 0 0 1 0 0 0
11 20 0 1 0 1 0 0
11 21 0 1 1 1 1 0
11 22 1 0 0 0 0 1
11 23 1 1 1 0 0 1
11 24 1 1 0 1 0 0
11 25 1 0 0 0 1 1
11 26 0 0 1 0 1 0
12 2 0 0 0 0 0 1
12 3 0 0 1 0 0 1
12 4 0 0 0 0 0 1
12 5 0 1 1 0 0 0
12 7 0 1 1 1 1 0
12 8 1 1 0 0 0 0
12 9 0 1 1 1 0 0
12 10 1 0 0 1 0 1
12 11 1 0 0 0 1 0
12 12 1 0 0 1 0 0
12 14 0 1 0 0 1 0
12 15 1 0 1 0 1 0
12 17 0 1 0 0 1 0
12 18 1 1 1 0 0 0
12 19 1 0 0 0 1 1
12 20 1 1 0 0 0 0
12 21 0 0 0 0 0 1
12 22 0 0 1 0 0 0
12 23 0 0 0 0 1 1
12 24 0 0 1 0 0 0
12 25 1 1 1 0 0 0
12 26 1 1 0 1 1 1
13 2 0 1 0 1 0 0
13 3 0 0 1 0 1 1
13 5 1 1 1 1 1 0
13 6 1 0 0 0 0 1
13 7 0 0 0 0 1 1
13 8 0 1 0 0 0 0
13 9 0 0 0 0 0 1
13 10 0 1 1 0 0 0
13 12 0 0 1 0 1 0
13 13 1 1 0 1 0 1
13 14 1 1 0 0 0 0
13 15 1 0 0 1 0 0
13 17 0 1 1 0 1 0
13 18 1 0 0 1 1 0
13 19 1 1 0 0 1 0
13 20 0 1 0 1 1 0
13 22 0 1 1 1 1 0
13 23 1 1 1 0 1 0
13 24 1 0 0 1 1 0
13 25 0 1 1 0 0 0
13 26 0 0 0 0 1 0
13 28 0 0 1 0 1 0
13 29 1 0 0 1 1 0
14 2 1 0 0 1 0 1
14 3 1 1 1 0 0 1
14 4 1 0 0 0 0 1
14 5 1 1 0 0 0 0
14 7 1 0 0 1 1 1
14 8 0 1 0 1 0 0
14 9 1 0 0 1 1 0
14 10 1 1 0 1 1 0
14 12 0 1 1 1 0 0
14 13 0 1 1 1 1 0
14 14 0 1 0 1 0 1
14 15 0 1 0 0 0 0
14 17 1 1 1 1 0 0
14 18 0 1 0 1 1 0
14 20 0 1 1 0 1 0
14 21 1 0 0 1 1 0
14 23 1 0 0 0 0 1
14 24 1 0 1 0 1 0
14 25 1 0 0 0 1 1
14 26 1 1 0 0 0 0
14 28 1 0 0 0 1 0
14 29 1 1 1 1 0 0
15 2 1 0 0 1 1 1
15 3 0 1 0 1 0 0
15 4 0 0 1 1 0 0
15 5 1 0 0 0 1 0
15 7 0 0 1 1 0 0
15 9 0 1 0 1 0 1
15 10 1 1 0 0 0 0
15 11 1 1 0 0 1 0
15 12 1 0 1 1 1 0
15 14 1 1 0 1 0 0
15 15 1 0 0 1 1 0
15 16 0 0 0 0 1 0
15 18 0 1 1 1 1 0
15 19 1 1 0 0 0 0
15 20 0 1 0 0 0 1
15 23 1 0 0 1 0 0
15 24 1 1 1 0 0 0
15 25 1 1 0 0 0 0
15 26 1 0 0 1 0 0
15 27 0 0 0 0 1 0
15 30 1 1 0 0 0 0
16 2 0 0 1 1 1 0
16 3 1 0 0 0 0 1
16 4 1 0 0 0 1 0
16 5 0 1 1 1 1 0
16 7 1 0 0 1 0 0
16 8 1 0 1 0 1 1
16 9 1 1 0 0 0 0
16 10 1 1 1 0 1 1
16 12 0 1 0 0 1 0
16 13 1 1 1 0 0 0
16 14 1 1 1 0 1 0
16 15 1 0 1 0 1 1
16 16 0 0 0 0 1 0
16 18 0 0 1 0 1 0
16 19 1 0 0 0 0 1
16 20 1 0 0 0 1 0
16 21 0 1 1 1 1 0
16 23 1 0 0 0 0 0
16 24 0 0 1 1 1 1
16 26 1 1 1 0 1 0
16 27 0 1 1 1 1 1
16 29 0 1 1 1 0 1
16 30 1 0 0 0 1 1
17 2 0 0 1 0 0 1
17 3 1 0 0 1 1 0
17 4 1 1 1 0 0 1
17 5 0 0 1 0 1 0
17 6 0 0 0 0 1 0
17 7 0 1 1 0 0 0
18 4 1 0 0 0 0 1
18 5 1 1 1 1 0 1
18 7 0 1 1 1 1 0
18 8 1 1 0 0 0 0
18 9 0 1 1 1 0 0
18 10 1 0 0 1 0 1
18 12 0 0 1 1 0 0
18 14 1 0 0 0 1 0
18 15 1 1 0 0 1 0
18 17 0 0 0 0 1 1
18 18 0 0 1 0 0 0
18 19 0 1 0 1 0 0
18 20 0 1 1 1 1 0
18 21 1 0 0 0 0 1
18 22 1 1 1 0 0 1
18 23 1 1 0 1 0 0
18 24 1 0 0 0 1 1
18 25 0 0 0 0 0 1
18 26 0 1 1 0 0 0
18 27 0 0 0 0 1 0
18 29 1 1 0 1 0 0
19 2 1 0 0 1 0 0
19 3 1 1 1 0 0 1
19 5 0 1 1 1 0 0
19 6 0 1 1 1 1 0
19 8 0 1 0 0 0 0
19 10 1 0 0 0 1 0
19 11 1 1 1 1 0 0
19 12 1 1 0 1 0 0
19 13 1 0 0 1 1 0
19 15 0 0 1 1 0 0
19 17 0 1 1 1 1 0
19 20 0 1 1 0 0 0
19 21 0 0 0 0 1 0
19 22 0 1 1 0 0 0
19 23 1 0 1 0 1 0
19 24 1 0 0 1 0 1
19 25 0 1 0 1 1 0
19 26 1 1 1 1 0 0
19 28 1 1 0 1 1 0
19 29 1 1 0 0 0 0
20 2 0 0 1 0 0 1
20 3 1 0 0 0 0 1
20 4 1 1 1 0 0 1
20 6 1 1 0 1 0 0
20 7 1 0 0 0 1 1
20 9 1 1 0 1 0 1
20 10 1 1 1 1 0 0
20 11 1 0 0 1 0 0
20 12 0 0 1 0 1 0
20 14 1 0 0 0 0 0
20 15 0 1 0 1 0 0
20 17 0 1 0 1 0 1
20 18 1 1 0 0 0 0
20 19 1 1 0 0 1 0
20 20 1 0 1 1 1 0
20 21 0 0 0 0 1 0
20 23 1 1 0 0 0 0
20 24 1 0 0 1 0 0
20 25 0 1 0 1 1 0
20 26 1 1 1 1 0 0
20 28 1 1 0 1 1 0
20 29 1 1 0 0 0 0
21 2 0 0 1 0 0 1
21 3 1 0 0 0 0 1
21 4 1 1 1 0 0 1
21 6 1 1 0 1 0 0
21 7 1 0 0 0 1 1
21 9 1 1 0 1 0 1
21 10 1 1 1 1 0 0
21 11 1 0 0 1 0 0
21 12 0 0 1 0 1 0
21 14 0 1 0 0 1 0
21 15 1 1 1 0 0 0
21 16 1 0 0 0 0 0
21 17 0 1 0 1 0 0
21 19 1 1 0 1 0 0
21 20 1 1 1 0 1 0
21 22 0 1 1 1 0 0
21 23 1 1 0 1 0 0
21 24 1 1 0 0 0 1
21 25 0 1 1 1 0 1
21 27 0 0 1 1 0 0
21 29 0 1 1 1 1 0
21 30 0 1 1 1 0 1
22 2 0 0 1 0 0 1
22 3 0 1 1 0 1 1
22 4 1 1 0 0 0 1
22 5 1 1 1 0 0 1
22 6 1 1 0 0 0 1
22 7 0 0 0 0 1 0
22 9 0 1 1 1 1 0
22 10 1 1 0 0 0 0
22 11 0 1 1 1 0 0
22 12 1 0 0 1 0 1
22 13 1 0 0 0 1 0
22 14 1 0 0 1 1 0
22 16 1 0 0 1 1 0
22 17 1 1 0 1 1 0
22 19 1 0 0 0 1 0
22 20 0 1 1 1 0 0
22 21 1 1 0 1 0 0
22 22 1 0 0 1 1 0
22 24 1 0 0 1 0 1
22 25 1 1 0 1 0 0
22 26 0 1 0 0 1 0
22 27 1 0 1 1 0 0
22 29 0 1 0 0 1 0
22 30 1 1 1 0 0 0
23 2 0 0 1 0 0 1
23 3 0 1 1 1 1 0
23 4 1 1 1 1 0 0
23 6 1 1 0 1 1 1
23 7 0 1 1 1 0 1
23 9 1 0 0 1 0 0
23 10 1 0 0 0 1 0
23 12 0 0 1 1 0 0
23 14 1 0 1 0 1 0
23 15 1 1 0 1 0 1
23 17 1 0 1 1 0 1
23 18 1 1 0 0 0 1
23 19 1 0 1 0 1 1
23 20 1 1 0 0 0 0
23 23 1 1 1 1 1 1
23 25 0 1 1 1 0 0
23 26 1 1 0 1 0 0
23 28 0 1 0 0 0 1
23 29 0 0 1 1 0 0
24 2 1 1 1 0 0 1
24 3 1 1 0 0 0 1
24 4 1 0 0 1 1 0
24 5 0 1 1 0 0 0
24 6 0 0 0 0 1 0
24 8 1 1 0 1 0 0
24 9 1 0 0 0 1 0
24 10 1 1 0 0 1 0
24 11 0 1 0 1 1 0
24 13 0 0 1 1 0 0
24 15 0 1 0 0 1 0
24 16 0 1 1 1 0 1
24 18 1 0 0 1 0 0
24 19 1 1 1 0 0 1
24 21 1 0 0 0 0 0
24 22 1 0 0 1 0 0
24 24 0 1 0 0 1 0
24 25 1 1 1 0 0 0
24 26 1 0 0 0 1 0
24 27 0 1 1 1 1 0
24 29 0 0 1 0 1 0
24 30 1 0 0 0 0 1
25 2 1 0 1 1 0 0
25 3 1 1 1 0 0 0
25 5 0 0 1 1 0 1
25 6 1 0 0 0 0 0
25 8 0 1 0 1 0 0
25 9 1 1 0 1 0 0
25 10 0 1 0 1 0 0
25 11 1 1 1 0 1 1
25 15 1 0 0 1 1 0
25 16 0 1 0 1 1 1
25 17 1 1 0 0 0 0
25 18 0 1 0 1 0 1
25 19 0 1 0 1 1 1
25 20 1 1 0 1 0 0
25 22 0 1 0 0 0 1
25 23 0 1 1 1 0 0
25 24 0 1 1 1 0 0
25 25 1 0 0 1 0 1
25 26 0 0 0 0 1 0
25 27 0 1 1 0 0 0
26 2 0 0 1 0 0 1
26 3 1 1 0 1 1 1
26 4 0 0 1 1 1 0
26 5 1 1 0 1 0 1
26 6 0 1 1 1 0 0
26 8 1 0 0 1 0 0
26 9 0 1 0 1 0 0
26 11 1 1 0 1 0 0
26 13 0 1 0 0 1 0
26 14 1 1 1 0 0 0
26 15 1 0 0 0 0 0
26 16 0 1 0 1 0 0
26 19 0 0 1 0 0 0
26 20 0 1 1 1 1 0
26 21 1 1 0 0 1 0
26 22 1 1 0 0 0 0
26 23 0 1 0 1 0 1
26 25 0 1 0 1 0 0
26 26 1 1 0 0 0 0
26 27 1 0 1 1 0 0
26 28 1 0 0 0 0 1
27 28 0 0 1 1 0 1
27 29 1 0 0 0 0 0
15 29 0 1 1 1 1 0
15 21 1 1 0 1 0 1
19 7 0 1 0 1 0 1
19 18 1 1 1 0 1 0
19 19 1 0 0 1 1 0
23 22 0 1 0 1 0 1
26 18 0 0 0 0 1 1
25 13 0 0 1 1 0 0
