0.10
37 57 84 104 132 151 178 198 225 245 272 292 320 339 366 386 413 432 460 480 507 526 554 573 601 621 647 667 695 714 742 761 789 809 836 856 883 902 930 949 977 996 1023 1043 1071 1090 1117 1137 1164 1185 1211 1231 1258 1277 1305 1325 1352 1372 1400 1419 1446 1465 1492 1512 1539 1559 1586 1606 1634 1654
27 47 67 105 126 145 186 206 226 263 284 303 341 362 381 423 442 462 503 521 541 583 601 622 661 682 703 744 762 783 823 842 863 901 921 941 981 1003 1023 1063 1082 1101 1143 1162 1182 1220 1242 1262 1303 1321 1342 1382 1400 1420 1461 1479 1499 1540 1560 1580 1618 1641 1662 1699 1720 1742 1779 1801 1820 1862 1880 1900 1936 1960 1978 2020 2039 2059 2097 2117 2137 2175 2195 2215 2253 2273 2293
2 3 0 0 0 0 1 1
2 4 0 0 1 0 0 0
2 5 0 1 0 1 0 0
2 6 0 1 0 1 1 1
2 7 1 0 0 1 1 1
2 8 1 0 1 0 0 0
2 9 0 0 0 0 0 1
2 10 0 1 1 0 0 0
2 12 1 1 0 1 0 0
2 14 1 0 0 1 0 0
2 15 1 1 1 0 0 1
2 17 1 0 0 1 1 1
2 18 0 0 1 1 0 0
2 19 1 1 0 0 0 0
2 20 1 0 0 1 0 0
2 22 1 0 0 1 0 0
2 23 0 1 0 1 0 0
2 24 0 1 0 0 0 1
2 25 0 0 1 1 0 0
2 27 0 1 0 1 1 0
2 28 1 1 1 0 0 1
2 30 1 0 1 0 1 0
2 31 1 1 0 1 0 1
3 3 0 0 1 0 0 1
3 4 0 1 0 1 1 0
3 5 1 1 1 1 0 0
3 7 1 1 0 1 1 0
3 8 1 1 1 1 0 0
3 9 0 1 0 0 0 1
3 10 0 0 1 1 0 0
3 12 0 0 1 1 0 0
3 13 1 0 1 1 0 0
3 15 1 0 1 0 1 0
3 16 1 0 0 1 1 1
3 17 0 0 0 0 1 0
3 19 0 1 0 0 1 0
3 20 0 1 1 1 0 1
3 22 0 1 0 0 1 0
3 23 1 0 1 1 0 1
3 25 1 0 1 0 1 1
3 26 1 1 0 1 0 1
3 27 1 1 1 1 0 0
3 28 1 0 0 0 1 1
3 30 0 0 1 1 0 0
4 3 0 1 0 0 1 0
4 4 1 1 0 0 0 0
4 5 1 1 0 1 1 0
4 6 1 1 1 0 0 0
4 8 0 1 1 0 0 0
5 5 1 0 0 1 0 0
5 6 0 1 0 1 0 0
5 8 0 1 0 0 1 0
5 9 1 0 0 1 1 1
5 10 0 1 1 0 1 0
5 11 1 0 0 0 1 0
5 12 0 1 1 1 1 0
5 13 1 0 0 0 1 1
5 15 1 1 0 1 1 0
5 16 1 1 1 1 0 0
5 17 1 1 0 1 0 0
5 18 1 1 0 0 0 1
5 19 0 0 1 1 0 1
5 20 0 1 1 1 0 0
5 21 1 1 0 1 1 1
5 22 0 0 1 1 0 0
5 23 0 0 0 0 1 0
5 25 1 1 1 0 1 0
5 26 0 1 1 1 1 1
5 28 1 0 0 0 0 1
5 29 0 0 1 1 1 0
6 3 0 0 1 0 0 1
6 4 1 1 1 1 1 1
6 5 1 1 1 0 0 1
6 7 1 0 1 1 0 1
6 8 1 1 1 0 0 0
6 9 1 1 1 0 0 0
6 10 0 0 1 0 1 0
6 12 0 1 0 1 0 1
6 13 1 0 0 0 0 1
6 14 1 0 0 1 1 0
6 15 0 1 1 0 0 0
6 16 0 0 0 0 1 0
6 18 1 1 0 1 0 0
6 19 1 0 1 0 0 0
6 20 0 1 0 1 1 0
6 21 1 1 1 1 0 0
6 23 1 0 0 1 0 0
6 24 1 1 1 0 0 1
6 26 0 1 0 0 1 0
6 27 1 0 1 1 0 1
6 29 1 0 0 0 0 0
6 30 0 1 0 1 0 0
7 3 1 1 0 0 1 0
7 4 1 1 1 0 1 1
7 5 0 0 1 0 1 0
7 6 0 1 0 1 1 1
7 7 1 0 0 1 1 0
7 8 0 1 1 0 0 0
7 10 0 1 0 1 1 1
7 11 1 0 0 0 1 1
7 13 1 0 0 0 1 0
7 14 1 1 0 0 1 0
7 16 1 1 0 1 1 0
7 17 1 1 0 0 0 0
7 18 0 1 0 1 0 0
7 19 1 1 1 0 1 1
7 20 0 0 0 0 1 0
7 22 1 1 0 0 1 0
7 23 1 1 0 0 0 1
7 24 0 1 1 0 1 0
7 25 1 1 0 0 0 0
7 27 1 0 1 1 1 1
7 28 0 0 1 1 1 0
7 29 1 1 0 1 0 0
7 30 1 1 0 0 0 0
8 3 1 1 1 1 1 0
8 4 1 0 0 1 1 1
8 5 1 0 0 0 1 0
8 6 0 1 1 1 1 0
8 8 0 1 0 1 0 1
8 9 0 0 1 1 0 1
8 10 0 0 1 0 1 0
8 11 1 0 0 0 0 1
8 13 1 1 1 0 0 0
8 14 0 0 1 0 1 0
8 15 0 0 0 0 1 0
8 17 0 1 0 0 1 0
8 18 1 0 1 1 0 1
8 20 1 0 0 0 0 0
8 21 0 1 0 1 0 0
8 23 1 1 0 0 1 1
8 24 1 0 1 0 1 0
8 25 0 0 1 1 1 0
8 26 1 1 0 0 0 0
8 28 1 0 1 1 1 1
8 29 0 0 1 1 1 0
8 30 0 1 0 1 1 0
8 31 1 1 1 0 1 0
9 3 1 0 0 0 1 0
9 4 1 1 1 0 0 1
9 5 1 1 1 1 1 0
9 6 1 1 0 1 0 1
9 8 1 0 1 0 1 0
9 9 1 1 0 1 0 1
9 11 1 0 1 1 0 1
9 12 1 0 1 1 1 1
9 13 1 1 1 0 0 0
9 14 0 0 1 0 1 0
9 16 1 0 0 0 0 1
9 17 1 1 1 1 0 0
9 18 0 0 1 1 0 1
9 19 1 0 1 0 1 0
9 21 1 0 0 1 0 0
9 22 1 1 0 0 0 0
9 23 1 0 0 0 1 0
9 24 1 0 1 0 0 0
9 26 0 1 0 0 1 0
9 27 1 0 1 0 0 0
9 28 1 1 0 0 1 0
9 29 1 0 0 0 0 0
10 3 1 0 0 0 1 0
10 4 0 1 0 1 0 1
10 6 0 1 0 0 0 1
10 7 1 1 0 0 0 1
10 8 0 0 0 0 1 0
10 9 0 1 1 0 0 0
10 10 0 1 0 0 1 0
10 11 1 0 0 1 1 1
10 12 0 1 1 0 1 0
10 13 1 0 0 0 1 0
10 14 0 1 1 0 1 0
10 15 1 0 0 0 1 1
10 17 0 0 1 1 0 0
10 19 1 1 0 1 0 0
10 20 1 0 1 1 0 1
10 21 0 1 0 0 1 0
10 22 1 1 0 0 0 0
10 24 1 0 0 1 1 0
10 25 1 1 0 1 1 0
10 27 0 1 0 1 0 0
10 28 0 0 1 1 1 1
10 29 0 1 1 0 1 1
10 30 1 0 0 0 1 1
11 3 1 1 0 1 0 0
11 4 1 0 1 1 0 1
11 5 1 0 1 0 1 1
11 6 1 1 1 0 0 0
11 7 0 1 0 0 1 0
11 8 1 1 1 0 0 0
11 9 1 0 0 1 0 0
11 11 0 0 0 0 1 0
11 13 0 0 1 1 0 0
11 14 1 1 0 1 0 0
11 16 1 0 0 0 1 0
11 17 0 1 1 1 1 0
11 18 1 0 0 0 1 0
11 19 1 0 0 0 1 0
11 21 0 1 0 1 1 0
11 22 1 0 0 0 1 0
11 23 0 1 0 1 0 0
11 24 1 1 0 0 0 0
11 26 1 0 1 0 0 1
11 27 1 1 1 1 0 0
11 28 0 1 0 0 1 1
11 29 1 1 0 0 0 0
11 30 0 0 0 0 1 0
12 3 0 1 0 0 1 1
12 4 1 1 0 1 0 1
12 5 0 1 0 0 1 0
12 6 1 0 1 0 0 0
12 8 1 0 0 0 1 0
12 9 1 0 0 1 0 0
12 11 1 0 1 1 0 1
12 12 1 1 1 0 0 0
12 13 1 0 0 1 1 0
12 14 1 1 0 1 1 0
12 16 0 0 0 0 1 1
12 17 0 0 1 0 0 0
12 18 0 1 0 1 0 0
12 20 1 0 0 1 1 1
12 21 1 0 1 0 0 0
12 22 0 0 0 0 0 1
12 23 0 1 1 0 0 0
12 25 0 0 1 0 1 0
12 26 0 1 0 1 1 0
12 27 1 0 0 1 1 0
12 28 1 1 0 0 0 0
13 3 1 1 0 1 0 0
13 4 1 0 0 1 1 0
13 5 0 0 0 0 1 0
13 6 0 1 1 0 0 0
14 5 0 0 1 0 1 0
14 6 1 1 0 0 0 0
14 7 0 1 0 1 0 0
14 8 1 0 1 0 0 1
14 9 0 0 1 0 1 0
14 10 1 0 0 0 0 1
14 12 1 0 0 1 0 0
14 13 1 1 0 1 0 0
14 14 1 1 1 0 1 0
14 15 1 0 1 0 1 1
14 16 1 1 1 0 0 0
14 17 0 0 1 0 1 0
14 19 0 0 1 1 0 1
14 20 1 0 1 0 1 0
14 21 0 1 0 1 0 0
14 22 0 0 1 1 1 1
14 24 1 1 0 1 1 0
14 25 1 1 1 1 0 0
14 26 1 1 0 1 0 0
14 27 1 0 1 0 1 1
14 29 1 0 0 1 0 0
14 30 1 1 1 0 0 0
15 3 0 0 1 0 0 1
15 4 1 1 0 0 0 0
15 5 1 0 0 1 0 0
15 6 0 0 0 0 1 0
15 8 0 1 0 0 1 0
15 9 1 0 0 1 0 0
15 11 1 1 1 0 1 1
15 12 1 1 1 0 0 1
15 13 1 0 0 1 0 0
15 14 0 0 1 0 1 0
15 16 1 1 1 0 0 1
15 17 1 1 0 0 0 1
15 18 1 0 0 0 0 0
15 19 1 0 1 1 0 0
15 20 1 0 1 0 1 0
15 21 1 1 0 0 1 1
15 23 1 0 0 0 0 1
15 24 1 0 1 0 1 0
15 25 1 0 0 0 1 0
15 26 1 0 0 0 0 0
15 27 1 1 1 0 0 0
15 28 0 0 1 0 1 0
16 3 0 1 0 1 0 0
16 4 0 0 1 1 1 1
16 5 0 1 1 0 1 1
16 6 1 0 0 0 1 1
16 7 0 0 0 0 1 0
16 9 0 1 0 1 0 0
16 10 1 1 0 0 0 0
16 11 0 0 1 1 0 0
16 12 1 1 1 1 0 0
16 14 1 1 0 1 0 0
16 15 1 1 1 0 1 0
16 16 1 1 0 1 0 0
16 17 0 1 1 1 1 0
16 19 1 0 1 0 1 0
16 20 1 0 1 1 1 1
16 21 1 1 1 0 1 1
16 22 0 1 0 1 0 0
16 23 0 0 0 0 1 0
16 25 1 1 0 0 0 0
16 26 1 1 0 1 1 1
16 28 1 0 1 0 0 0
16 29 1 1 1 1 1 0
17 3 0 1 0 1 0 0
17 4 1 1 0 1 1 1
17 5 0 1 0 1 1 1
17 6 1 1 0 1 0 0
17 8 0 1 1 0 1 0
17 10 1 0 0 1 1 0
17 11 0 1 1 0 0 0
17 12 0 0 0 0 1 0
17 13 0 1 1 0 0 0
17 14 1 1 1 1 0 0
17 15 1 1 0 1 0 1
17 16 0 0 1 0 1 0
17 17 1 0 0 0 0 1
17 19 1 0 1 1 0 0
17 20 1 0 1 1 0 0
17 21 0 0 0 0 1 0
17 23 1 1 1 1 1 1
17 24 1 1 1 0 0 1
17 25 0 0 1 0 1 0
17 26 1 0 0 0 0 1
17 28 0 1 0 0 1 0
17 29 0 1 1 1 0 1
18 3 1 0 1 1 0 0
18 4 1 0 1 1 0 0
18 5 0 0 0 0 1 0
18 7 0 1 0 0 1 0
18 8 1 1 1 0 0 0
18 9 0 1 0 1 0 0
18 10 1 1 1 0 1 0
18 12 0 1 0 1 0 0
18 13 1 1 0 1 1 1
18 14 0 1 0 1 1 1
18 15 1 1 0 1 0 0
18 16 0 0 1 0 1 0
18 18 1 1 1 1 0 0
18 19 1 0 0 0 1 1
18 21 0 0 1 0 1 0
18 22 1 0 0 1 1 0
18 24 1 1 1 1 0 0
18 25 0 1 0 1 1 0
18 26 1 1 0 0 1 0
18 27 0 1 1 1 0 0
18 29 0 1 0 0 0 1
18 30 1 1 0 0 0 1
19 3 0 0 1 0 0 1
19 4 1 0 1 0 1 0
19 5 1 1 0 1 0 1
19 7 0 0 1 1 0 0
19 9 0 1 0 0 1 0
19 10 1 0 1 0 0 1
19 11 1 0 1 0 0 0
19 12 0 1 0 1 0 0
19 14 1 0 0 0 0 0
19 15 1 1 0 1 0 0
19 17 1 1 0 1 0 0
19 18 1 0 0 0 0 1
19 19 0 1 0 1 0 1
19 20 0 0 1 0 1 0
19 22 0 0 1 1 0 0
19 23 1 0 1 1 0 0
19 25 1 1 0 0 1 0
19 26 1 0 0 0 1 1
19 27 0 0 0 0 1 0
19 28 0 1 1 0 0 0
19 29 1 1 0 1 0 0
19 30 1 1 0 0 0 0
20 3 0 0 1 0 0 1
20 4 0 0 1 1 0 0
20 5 1 1 0 0 1 0
20 7 1 1 0 0 0 0
20 8 0 0 1 1 1 0
20 9 0 1 1 1 1 1
20 10 1 1 0 1 0 0
20 11 0 0 0 0 1 0
20 13 0 1 0 1 0 0
20 14 1 1 1 1 1 1
20 15 1 1 0 0 1 0
20 16 1 0 0 0 1 0
20 17 0 1 0 1 0 1
20 18 0 1 0 0 0 0
20 20 1 0 0 1 1 0
20 21 1 1 1 0 1 0
20 22 1 1 1 0 0 0
20 23 0 0 1 0 1 0
20 25 0 0 1 1 0 0
20 26 0 1 0 1 1 0
20 27 0 1 0 0 1 0
20 28 1 0 1 1 1 0
20 29 0 0 0 0 1 0
21 3 1 1 0 0 1 0
21 4 1 1 1 1 0 0
21 6 1 1 0 1 0 0
21 8 1 0 0 1 0 0
21 9 0 1 0 1 0 0
21 11 0 1 0 0 0 1
21 12 1 1 0 0 0 0
21 13 1 0 0 0 1 0
21 14 0 1 0 1 1 0
21 16 0 1 1 0 1 0
21 17 0 0 1 1 1 0
21 18 1 0 0 1 0 0
21 19 1 0 1 1 1 1
21 20 0 0 0 0 1 0
21 22 1 0 0 1 1 0
21 23 0 1 0 1 1 1
21 24 1 1 0 0 0 0
21 25 0 1 0 1 0 1
21 26 0 1 0 1 1 1
21 27 1 1 0 1 0 0
21 29 0 1 0 0 1 0
21 30 1 1 1 0 0 0
22 3 0 0 1 0 0 1
22 4 0 1 1 1 1 0
22 5 1 1 1 1 0 0
22 7 1 0 0 0 1 0
22 8 1 1 1 0 0 1
22 9 1 0 0 0 0 0
22 10 0 1 0 1 0 0
22 12 1 1 0 0 0 0
22 13 1 0 0 1 1 1
22 14 1 1 0 1 0 0
22 15 1 1 0 0 0 0
22 16 0 0 0 0 1 0
22 17 0 1 1 0 0 0
22 18 0 1 0 1 0 0
22 19 1 1 1 1 1 1
22 20 0 1 0 0 1 0
22 21 0 1 0 1 0 0
22 23 0 1 0 1 0 0
22 24 1 1 0 0 0 0
22 25 1 1 0 0 1 0
22 26 1 0 1 0 1 0
22 27 0 0 0 0 1 0
22 29 1 1 1 1 0 0
22 30 0 1 0 1 1 0
23 3 0 1 1 1 1 0
23 4 1 1 0 0 0 0
23 5 0 1 1 1 0 0
23 6 1 0 0 1 0 1
23 8 0 0 1 1 0 0
23 10 1 0 0 1 1 0
23 11 1 1 0 0 0 0
23 12 0 0 1 0 1 0
23 13 1 1 0 1 0 1
23 15 0 1 0 0 1 0
23 16 0 1 1 1 0 1
23 18 0 1 0 1 0 0
23 19 1 1 0 0 0 0
23 20 1 1 1 0 1 0
23 21 1 1 0 0 0 0
23 22 0 1 0 0 0 1
23 23 1 1 0 1 1 0
23 24 0 0 0 0 1 0
23 26 0 1 1 1 1 0
23 27 1 1 1 0 1 0
23 28 1 0 0 1 0 0
23 29 0 0 1 0 1 0
24 3 0 1 0 1 0 0
24 4 1 1 1 1 1 0
24 5 1 0 0 0 0 1
24 6 1 1 1 0 0 1
24 7 1 1 0 1 0 0
24 8 1 0 0 0 1 1
24 10 1 0 0 1 1 0
24 11 1 1 0 1 1 0
24 13 1 0 0 0 1 0
24 14 0 1 1 1 0 0
24 15 1 1 0 1 0 0
24 16 1 0 0 1 1 0
24 18 1 0 0 1 0 1
24 19 1 1 0 1 0 0
24 20 0 1 0 0 1 0
24 21 1 0 1 1 0 0
24 23 0 1 0 0 1 0
24 24 1 1 1 0 0 0
24 25 0 1 1 1 1 0
24 26 1 1 1 1 0 0
24 28 1 0 0 1 0 0
24 29 1 0 0 0 1 0
25 3 1 1 1 1 0 0
25 4 0 1 0 1 1 0
25 6 1 1 1 0 1 0
25 7 0 1 1 1 1 1
25 8 1 0 1 0 1 0
25 9 1 1 0 1 0 1
25 10 0 0 1 0 1 0
25 12 1 1 0 0 0 0
25 13 1 1 0 1 1 1
25 15 0 1 0 1 0 0
25 16 1 1 0 0 0 0
25 17 1 0 0 0 0 0
25 18 1 0 0 1 0 0
25 20 0 1 0 1 0 1
25 21 1 1 1 1 1 1
25 22 0 1 1 1 0 0
25 23 1 1 0 1 0 0
25 25 0 1 0 0 0 1
25 26 0 0 1 1 0 0
25 28 1 1 1 0 0 1
25 29 1 1 0 0 0 1
25 30 1 0 0 1 1 0
25 31 0 1 1 0 0 0
26 3 1 1 1 1 0 0
26 4 0 0 1 0 1 0
26 5 0 0 0 0 1 0
26 6 0 1 1 0 0 0
26 7 0 1 0 1 0 1
26 8 0 0 1 1 0 1
26 10 0 1 0 1 0 0
26 12 0 1 1 0 1 0
26 13 0 1 1 1 1 1
26 14 0 0 0 0 1 0
26 16 0 1 0 1 0 0
26 17 0 1 1 1 1 0
26 18 1 0 0 0 0 1
26 19 1 1 1 0 0 1
26 20 1 1 0 1 0 0
26 21 1 0 0 0 1 1
26 23 1 0 0 0 0 0
26 24 1 1 1 1 1 1
26 25 1 0 1 1 0 0
26 26 1 0 0 0 1 1
26 27 1 1 1 0 0 0
26 28 0 0 1 0 1 0
26 30 1 1 1 0 0 0
26 31 1 1 0 1 0 1
4 7 0 0 0 0 1 0
11 10 1 1 1 0 0 1
12 19 0 1 0 1 1 1
17 9 1 0 0 1 1 1
26 11 1 1 0 1 0 0
