0.10
18 38 65 85 113 132 159 179 206 226 254 274 300 320 347 366 394 414 441 460 488 508 535 555 582 602 629 648 676 696 723 743 770 789 817 836 864 883 911 931 957 977 1005 1024 1052 1071 1098 1118 1146 1165 1192 1212 1239 1259 1287 1306 1333 1353 1380 1400 1426 1445 1472 1492 1519 1539 1566 1586 1614 1634 1661 1681
46 66 86 124 148 169 204 228 248 283 303 323 362 383 403 444 463 484 523 544 565 603 624 645 683 705 724 763 783 803 845 863 883 925 943 963 1004 1025 1044 1083 1106 1125 1164 1186 1205 1245 1264 1285 1325 1342 1362 1404 1421 1441 1483 1501 1521 1563 1581 1601 1639 1662 1683 1722 1741 1760 1800 1821 1840 1881 1900 1919 1960 1980 1999 2038 2059 2080 2118 2138 2158 2196 2216 2236 2274 2294 2314
2 3 0 0 1 1 1 0
2 4 1 1 1 0 0 1
2 5 0 0 0 0 0 1
2 6 0 1 1 0 0 0
2 8 0 0 1 1 0 0
2 10 0 1 0 0 1 0
2 11 1 0 0 0 1 1
2 12 1 1 0 1 0 0
2 13 1 0 1 0 1 0
2 14 0 0 0 0 1 0
2 16 0 0 1 1 0 0
2 17 1 1 0 1 0 0
2 19 1 0 0 1 1 1
2 20 1 0 1 0 1 1
2 21 1 0 0 1 0 0
2 22 1 1 1 0 0 0
2 24 0 1 1 1 1 1
2 25 0 1 0 1 0 0
2 26 0 1 0 1 0 0
2 27 1 1 0 0 0 0
2 28 1 1 0 1 1 0
2 29 1 1 1 0 0 1
2 30 0 0 0 0 1 0
2 31 0 1 1 0 0 0
3 5 0 1 1 1 1 0
3 6 1 1 0 0 0 0
3 7 0 1 1 1 0 0
3 8 1 0 0 1 0 1
3 10 0 0 1 1 0 0
3 12 1 0 0 1 1 0
3 13 1 1 0 1 1 0
3 15 1 0 0 0 1 0
3 16 0 1 1 1 0 0
3 17 1 1 0 1 0 0
3 18 1 0 0 1 1 0
3 20 0 0 1 0 1 0
3 21 1 0 0 1 1 0
3 23 0 0 1 0 1 0
3 24 1 0 0 0 0 1
3 26 1 1 0 0 0 1
3 27 1 1 1 0 0 0
3 28 1 1 1 0 0 0
3 29 1 1 0 1 1 1
3 30 1 1 0 0 0 1
3 31 1 1 0 1 0 0
4 3 0 0 1 0 0 1
4 4 1 0 1 0 1 1
4 5 1 1 0 0 0 0
4 7 1 1 0 1 0 0
4 9 0 1 0 1 1 1
4 10 1 0 0 0 0 1
4 11 1 0 0 0 0 1
4 12 0 1 0 1 0 1
4 14 1 0 0 1 0 0
4 15 1 1 1 0 0 0
4 16 1 1 0 0 0 0
4 17 1 0 0 1 0 0
4 18 0 0 0 0 1 0
4 20 0 1 0 0 1 0
4 21 1 0 1 1 0 1
4 23 1 1 0 0 0 1
4 24 1 0 0 1 1 1
4 25 1 1 0 1 0 0
4 26 1 0 0 1 1 0
4 28 0 0 1 1 0 0
4 30 1 1 0 1 0 0
4 31 1 1 0 0 0 1
5 3 0 0 1 0 0 1
5 4 1 1 0 0 0 0
5 5 1 0 0 1 0 0
5 7 1 0 1 0 0 0
5 8 0 1 1 1 0 1
5 10 1 1 0 1 0 0
5 12 0 0 1 0 1 0
5 13 0 0 1 1 1 0
5 14 0 1 1 0 1 0
5 15 1 0 1 0 1 0
5 17 0 1 0 1 0 0
5 18 0 1 1 1 1 0
5 19 0 1 0 1 1 1
5 20 1 1 0 1 0 0
5 22 0 0 1 1 0 0
5 24 0 0 1 0 1 0
5 25 1 0 0 0 0 1
5 26 0 1 0 0 0 1
5 27 1 1 0 0 0 0
5 28 0 0 0 0 1 0
5 29 0 1 1 0 0 0
6 3 1 1 0 0 1 0
6 4 1 1 0 1 0 1
6 5 0 1 1 0 1 0
6 6 1 0 1 0 1 0
6 8 1 1 1 1 1 0
6 9 1 1 0 1 0 1
6 10 1 0 0 0 1 0
6 11 1 1 1 1 0 0
6 12 0 0 0 0 1 0
6 14 0 1 1 1 0 0
6 15 1 1 0 1 1 0
6 17 1 0 0 0 1 1
6 18 1 0 0 0 1 1
6 19 1 0 1 0 0 0
6 21 1 0 1 0 1 0
6 22 1 1 1 0 0 1
6 23 0 1 0 0 1 0
6 24 1 1 0 0 0 0
6 26 0 0 1 1 0 0
6 28 1 1 1 0 0 0
6 29 1 0 0 1 1 0
7 3 0 0 1 0 0 1
7 4 1 0 1 1 0 0
7 5 1 1 0 0 1 1
7 7 1 1 0 1 1 0
7 8 1 1 0 0 0 0
7 10 0 1 1 0 1 0
7 11 1 0 1 0 1 0
7 12 1 0 1 0 1 0
7 13 1 0 0 1 1 1
7 16 1 0 0 0 0 0
7 17 0 1 0 1 0 1
7 18 0 1 1 1 1 1
7 19 0 0 0 0 1 0
7 21 1 0 1 1 0 0
7 22 1 1 0 0 1 1
7 23 0 1 1 1 1 0
7 24 1 0 0 0 1 1
7 26 0 1 1 0 0 1
7 27 1 1 0 1 1 0
7 29 1 0 0 1 0 1
7 30 1 0 0 0 1 0
8 3 0 0 1 0 0 1
8 4 0 1 0 1 1 0
8 5 1 0 1 0 1 0
8 7 0 1 0 0 0 1
8 8 0 0 1 1 0 1
8 9 1 0 0 0 1 0
8 10 1 1 1 0 1 1
8 12 1 0 0 1 0 0
8 13 0 1 0 1 0 0
8 14 1 1 0 0 1 0
8 15 0 1 1 1 0 0
8 17 0 1 0 1 0 0
8 18 0 0 1 1 0 0
8 20 1 0 1 1 0 0
8 21 1 0 1 0 1 0
8 22 0 1 0 0 0 1
8 23 0 0 1 1 0 1
8 25 0 0 0 0 1 1
8 26 0 0 1 0 0 0
8 27 1 0 1 1 0 0
8 28 1 0 0 1 1 1
8 29 0 1 0 1 0 1
8 30 1 1 0 0 1 1
9 3 0 0 1 0 0 1
9 4 0 1 1 0 1 0
9 5 0 0 1 1 1 1
9 6 0 0 0 0 0 1
9 7 0 1 1 0 0 0
9 9 0 0 1 1 0 0
9 11 0 1 1 1 0 0
9 12 1 1 0 1 1 0
9 13 0 1 1 0 1 1
9 14 1 0 0 0 1 1
9 15 1 0 0 0 1 1
9 16 1 0 1 0 0 0
9 17 0 0 0 0 1 0
9 18 0 1 1 0 0 0
9 19 1 0 1 1 0 0
9 20 1 0 0 1 1 1
9 21 0 1 0 1 0 1
9 22 1 1 0 0 1 1
9 23 0 1 0 1 0 1
9 24 0 1 0 0 0 0
9 26 1 1 0 0 0 1
9 27 0 1 0 1 0 0
9 29 0 1 0 1 0 0
9 30 0 0 1 1 0 0
10 3 1 1 0 1 0 0
10 4 0 1 1 1 1 0
10 5 1 1 1 0 0 1
10 6 1 1 0 0 0 0
10 7 0 0 0 0 1 0
10 9 1 1 0 0 0 1
10 10 0 1 0 1 0 0
10 12 0 1 0 1 0 0
10 13 0 0 1 1 0 0
10 15 1 1 0 0 0 1
10 16 0 1 0 1 0 1
10 17 1 0 0 1 0 1
10 18 0 1 1 1 0 0
10 19 0 0 0 0 1 0
10 20 0 1 1 0 0 0
10 21 1 1 0 0 1 0
10 22 1 1 0 1 0 1
10 23 0 1 1 0 1 0
10 24 1 0 1 0 1 0
10 25 0 0 1 1 1 0
10 26 1 1 0 0 0 0
10 28 0 1 0 0 1 0
10 29 1 0 1 1 0 1
11 3 1 1 0 1 0 0
11 4 1 0 0 0 1 0
11 5 1 0 0 1 0 0
11 6 1 1 1 0 0 1
11 8 0 1 0 0 1 0
11 9 1 1 1 0 0 0
11 10 0 0 1 1 0 0
11 11 1 1 0 0 1 0
11 12 0 0 0 0 1 0
11 14 0 1 0 1 0 0
11 15 0 0 1 1 0 0
11 17 1 1 0 1 0 0
11 18 1 0 1 0 1 0
11 19 1 0 1 0 1 0
11 20 1 0 0 0 0 1
11 22 1 0 0 1 0 0
11 23 0 1 1 1 0 1
11 25 0 0 1 0 1 1
11 26 1 1 0 0 0 1
11 28 0 1 0 0 1 1
11 29 1 1 0 1 0 0
12 3 1 0 0 0 1 0
12 4 1 0 1 0 1 0
12 6 1 0 1 1 0 0
12 7 1 0 0 0 0 1
12 8 1 0 0 0 0 1
12 9 1 0 1 0 1 0
12 11 0 0 0 0 1 1
12 12 0 0 1 0 0 0
12 13 0 1 0 0 1 0
12 14 1 1 0 0 0 0
12 15 0 1 1 0 1 0
12 16 0 1 0 1 1 0
12 17 0 0 0 0 0 1
12 18 0 1 1 0 0 0
12 20 1 0 0 0 1 0
12 21 1 1 0 0 0 1
12 23 1 0 1 0 0 0
12 24 0 1 1 1 0 1
12 26 1 0 1 1 0 0
12 27 1 0 0 0 1 1
12 28 0 1 0 0 0 1
12 29 0 0 1 1 0 1
13 3 0 0 1 1 0 0
13 4 0 1 0 1 1 0
13 5 1 0 1 0 1 0
13 6 1 0 1 0 1 0
13 8 0 0 1 1 0 0
13 10 1 1 0 1 0 1
13 11 1 0 0 0 0 0
13 12 0 1 0 1 1 1
13 13 1 0 0 0 0 1
13 14 0 0 0 0 1 0
13 15 0 1 1 0 0 0
13 16 1 0 1 1 0 0
13 17 1 0 0 1 1 1
13 18 0 1 0 1 0 1
13 19 1 1 0 0 1 1
13 21 0 1 0 0 1 0
13 22 1 1 0 0 0 0
13 23 1 1 1 0 0 0
13 24 0 0 1 0 1 0
13 26 0 1 1 0 1 0
13 27 0 1 0 1 1 0
13 28 0 0 0 0 1 0
14 3 0 1 1 1 0 0
14 4 1 1 0 1 1 0
14 5 0 1 1 0 1 1
14 6 1 0 0 0 1 1
14 7 1 0 0 0 1 1
14 8 1 0 1 0 0 0
14 9 0 1 0 1 0 1
14 10 0 1 0 0 0 0
14 12 0 1 0 1 1 0
14 13 1 1 0 1 0 0
14 15 1 1 0 1 0 0
14 16 1 1 0 0 0 0
14 18 1 0 1 0 1 0
14 19 1 1 0 0 0 1
14 21 0 1 0 0 0 1
14 22 0 0 1 1 0 1
14 24 0 1 1 0 0 1
14 25 1 1 0 1 0 0
14 26 0 1 1 1 0 1
14 27 1 1 0 0 0 1
14 28 0 0 0 0 1 0
15 3 0 1 1 1 0 0
15 4 1 1 0 0 1 1
15 5 1 0 1 1 0 1
15 6 1 1 1 0 0 0
15 7 1 1 1 0 0 0
15 8 1 1 0 1 1 1
15 10 0 1 0 0 1 0
15 11 0 1 1 1 0 1
15 13 0 1 0 0 0 1
15 14 1 1 0 0 0 1
15 15 0 1 0 0 1 0
15 16 1 1 0 0 0 0
15 18 1 1 1 0 0 0
15 19 0 0 1 0 1 0
15 20 0 0 0 0 1 0
15 21 0 1 1 0 0 0
15 22 0 1 0 0 1 0
15 23 1 0 1 0 0 0
15 24 0 1 0 0 0 1
15 25 0 0 1 1 0 0
15 27 0 1 0 0 1 0
15 28 1 1 1 0 0 0
16 3 0 1 0 0 1 0
16 4 1 1 0 0 0 0
16 5 0 1 1 0 1 0
16 6 0 1 0 1 1 0
16 7 0 0 0 0 1 0
16 9 1 0 0 0 1 0
16 10 1 0 0 1 0 0
16 12 1 1 0 0 1 0
16 13 1 0 0 1 1 0
16 15 1 0 0 0 0 0
16 16 1 1 1 1 1 1
16 17 1 1 1 0 0 0
16 18 0 0 1 0 1 0
16 20 1 0 0 0 0 1
16 21 0 1 0 1 0 1
16 22 1 0 0 0 1 0
16 23 1 1 0 0 0 1
16 24 0 0 0 0 1 0
16 25 0 1 1 0 0 0
17 5 1 1 0 0 1 0
17 6 1 1 0 1 0 1
17 7 0 1 1 0 1 0
17 8 1 0 1 0 1 0
17 10 1 1 0 0 0 1
17 11 1 0 0 1 1 1
17 12 0 0 1 1 1 0
17 13 1 1 0 0 0 0
17 15 1 1 0 1 0 0
17 16 1 0 0 0 1 0
17 17 1 0 0 1 0 0
17 18 1 1 1 0 0 1
17 20 1 1 0 1 0 0
17 21 1 0 0 1 1 0
17 23 1 1 0 1 0 1
17 24 0 1 1 1 0 0
17 26 0 0 1 1 0 0
17 28 1 0 1 1 0 0
17 29 1 0 0 0 0 1
18 3 0 0 1 0 0 1
18 4 1 0 0 0 0 1
18 5 1 0 1 0 1 0
18 6 0 0 0 0 1 0
18 8 1 0 0 0 1 0
18 9 1 0 0 1 0 0
18 10 1 1 0 1 0 0
18 12 0 1 1 1 1 0
18 13 1 1 0 0 0 0
18 14 0 1 1 1 0 0
18 15 1 0 0 1 0 1
18 16 1 0 0 0 1 0
18 17 1 0 0 1 1 0
18 18 0 0 0 0 1 0
18 19 0 1 1 0 0 0
18 20 1 0 0 1 0 0
18 21 0 1 0 1 0 0
18 22 1 1 0 0 1 0
18 23 0 1 1 1 0 0
18 25 1 0 0 1 1 1
18 26 1 1 0 0 0 1
18 28 0 0 1 1 0 0
18 29 1 0 1 0 1 0
19 3 0 1 0 1 0 0
19 4 1 1 0 0 0 0
19 5 1 1 0 0 1 1
19 6 0 1 1 1 0 0
19 7 0 0 0 0 1 0
19 9 0 1 1 1 0 0
19 10 1 0 0 1 0 1
19 12 0 0 1 1 1 0
19 13 1 0 1 0 1 1
19 15 1 1 1 0 1 0
19 16 1 0 0 0 1 1
19 17 1 0 0 1 1 0
19 18 0 1 1 0 0 0
19 20 0 0 1 1 0 0
19 22 1 0 1 1 0 0
19 23 1 0 0 0 0 1
19 24 1 0 0 0 0 1
19 25 1 0 1 0 1 0
19 26 0 0 0 0 1 0
19 28 1 0 1 1 0 1
19 29 1 1 0 0 0 1
20 3 0 1 1 1 1 1
20 4 1 1 0 1 0 0
20 6 0 1 0 0 1 1
20 7 0 1 0 1 0 0
20 9 1 1 1 0 1 0
20 10 1 0 1 0 1 1
20 11 1 0 1 0 1 1
20 12 1 1 1 0 0 1
20 14 1 1 1 1 0 0
20 15 0 0 1 1 0 0
20 16 0 1 0 0 0 1
20 17 1 1 0 0 0 0
20 18 0 1 1 0 1 0
20 19 1 1 1 0 0 1
20 21 0 1 0 1 0 0
20 22 0 1 1 1 0 0
20 23 1 0 0 0 0 0
20 24 0 0 1 1 1 1
20 26 0 1 1 1 0 0
20 27 0 1 1 1 1 0
20 28 0 1 0 1 0 1
20 29 0 1 0 0 0 0
21 3 0 0 1 1 0 0
21 5 0 1 0 0 1 0
21 6 1 1 1 0 0 0
21 7 0 1 1 0 1 0
21 8 1 0 0 0 0 0
21 10 1 0 1 0 1 0
21 11 1 1 0 1 0 1
21 12 1 1 1 0 1 0
21 13 1 0 0 1 1 1
21 15 1 0 0 1 0 0
21 16 1 1 1 0 0 0
21 17 0 1 0 0 0 1
21 18 1 1 0 1 1 0
21 19 0 0 0 0 1 0
21 21 0 1 1 1 1 0
21 22 1 1 0 0 0 0
21 23 0 0 1 1 0 0
21 24 0 0 1 0 1 0
21 26 1 0 1 0 0 1
21 27 1 1 0 1 1 0
21 29 0 0 1 1 0 0
22 3 0 1 1 1 1 1
22 4 0 1 0 1 0 1
22 5 0 1 0 0 0 1
22 6 1 1 0 1 1 0
22 8 1 1 0 0 0 0
22 9 1 1 0 1 1 1
22 10 0 1 0 0 1 0
22 11 1 0 1 1 0 1
22 13 1 1 0 1 0 0
22 14 1 0 1 0 1 0
22 15 1 1 0 1 0 0
22 16 1 0 1 1 1 1
22 17 0 0 0 0 1 0
22 18 0 1 1 0 0 0
22 19 0 0 1 1 0 0
22 20 1 1 0 1 0 0
22 22 1 0 1 0 0 0
22 23 0 1 1 1 0 1
22 24 1 1 0 0 1 0
22 25 1 1 1 0 0 0
22 27 0 0 1 1 0 0
22 29 1 1 0 1 0 0
23 3 1 1 1 0 0 0
23 4 1 1 1 0 1 1
23 5 0 1 0 0 1 0
23 6 1 0 0 1 1 1
23 7 0 0 1 0 1 0
23 9 0 1 0 1 0 0
23 10 1 1 0 0 0 0
23 11 1 1 1 1 0 0
23 12 1 0 0 0 1 1
23 14 1 0 0 1 1 1
23 15 1 0 1 0 1 1
23 17 1 1 0 1 0 0
23 20 0 1 1 1 1 0
23 21 1 1 1 1 0 0
23 22 1 1 1 0 1 0
23 23 1 0 0 0 1 1
23 24 1 0 0 0 0 0
23 25 1 1 0 1 1 0
23 26 0 0 0 0 1 0
23 28 0 0 1 1 0 0
23 29 1 0 1 1 1 0
24 3 1 0 0 1 0 1
24 4 1 0 1 0 1 0
24 5 1 0 0 0 0 1
24 6 0 1 0 1 0 1
24 7 0 0 1 0 1 0
24 8 1 0 0 0 0 1
24 10 1 0 1 0 1 1
24 11 1 1 0 1 0 1
24 13 1 0 0 0 1 0
24 14 1 1 1 0 1 1
24 15 1 1 1 0 0 0
24 16 0 0 1 0 1 0
24 18 0 1 0 1 1 0
24 19 1 1 0 1 0 0
24 20 1 0 0 1 1 0
24 21 0 1 1 0 0 0
24 22 0 0 0 0 1 0
24 24 1 1 0 0 0 1
24 25 1 0 0 1 1 1
24 26 1 1 0 1 0 0
24 27 1 0 0 1 1 0
25 3 0 1 0 0 1 0
25 4 0 1 1 1 0 1
25 6 1 0 1 1 0 1
25 7 0 0 1 1 1 0
25 8 1 1 1 0 0 0
25 9 0 0 1 0 1 0
25 11 0 0 1 1 0 0
25 12 1 0 1 0 1 0
25 13 0 0 0 0 1 0
25 14 0 1 1 0 0 0
25 15 0 0 1 1 0 0
25 16 1 0 1 1 1 0
25 17 1 1 1 1 1 0
25 18 1 1 0 1 0 1
25 20 0 0 1 1 0 0
25 22 0 1 1 0 1 1
25 23 1 0 0 0 1 1
25 24 1 1 0 0 1 0
25 25 1 1 1 0 0 0
25 27 0 1 1 0 0 1
25 28 1 1 0 1 0 0
25 29 1 1 1 0 0 1
25 30 1 1 0 1 0 0
26 3 0 1 0 1 1 0
26 4 1 1 0 1 0 0
26 5 1 0 1 1 0 0
26 6 1 0 0 0 1 1
26 7 1 1 1 0 0 0
26 8 0 0 1 0 1 0
26 10 0 1 0 0 1 0
26 11 1 1 1 1 0 1
26 12 1 1 0 0 1 0
26 13 0 1 0 1 1 0
26 15 0 0 1 1 0 0
26 17 1 0 0 0 1 1
26 18 1 0 1 0 0 0
26 19 0 1 1 0 1 0
26 20 0 1 0 1 1 1
26 22 1 1 0 0 0 1
26 23 1 0 0 0 0 0
26 24 1 0 0 1 0 0
26 25 1 1 0 1 0 0
26 26 0 0 0 0 1 0
26 28 1 1 0 1 0 1
26 29 0 0 1 1 0 1
6 16 0 1 1 0 1 1
7 15 1 0 0 1 0 0
23 18 1 1 0 1 1 0
