0.20
51 71 98 118 145 165 192 212 239 259 286 306 333 353 380 400 427 447 474 494 521 541 569 588 615 635 662 682 709 728 756 775 802 822 850 869 897 916 944 963 991 1010 1037 1057 1085 1104 1131 1151 1178 1199 1226 1245 1272 1293 1320 1338 1366 1386 1413 1433 1460 1479 1507 1527 1554 1574 1601 1620 1647 1666
26 46 66 106 127 147 187 207 227 263 284 305 342 363 383 424 442 462 505 523 543 584 602 623 663 683 704 745 764 783 824 843 864 902 922 942 983 1004 1023 1064 1083 1102 1144 1164 1183 1221 1243 1263 1304 1322 1343 1383 1402 1421 1462 1481 1500 1541 1561 1581 1619 1643 1663 1700 1722 1743 1780 1802 1821 1863 1882 1901 1938 1962 1979 2021 2040 2060 2100 2119 2138 2178 2197 2216 2256 2275 2294
2 5 1 0 1 1 1 0
2 6 0 1 0 1 0 1
2 8 0 0 1 1 1 1
2 9 1 1 0 0 1 0
2 11 1 0 0 0 0 1
2 12 0 0 1 0 1 0
2 13 1 0 0 0 1 0
2 14 1 0 0 1 0 0
2 16 1 0 0 1 0 0
2 17 0 0 0 1 1 0
2 18 1 0 0 0 0 1
2 19 1 1 1 1 0 0
2 21 0 0 1 1 1 1
2 22 1 0 0 1 0 0
2 24 1 0 0 1 1 0
2 26 0 0 0 0 1 1
2 27 0 0 1 0 0 0
2 28 0 0 0 1 0 1
2 29 1 1 1 1 0 0
2 30 1 1 1 0 1 0
2 31 1 0 0 0 1 0
2 32 0 0 0 0 0 1
2 33 0 1 1 0 0 0
3 6 1 0 0 0 0 1
3 8 0 1 1 1 0 0
3 9 1 0 0 1 1 1
3 10 1 0 1 1 1 0
3 11 0 1 1 1 0 1
3 13 1 0 1 1 0 1
3 14 0 1 0 0 1 0
3 16 1 0 1 0 1 1
3 17 0 1 0 0 1 0
3 19 0 1 0 0 0 0
3 20 1 1 1 1 0 0
3 21 0 1 0 1 0 1
3 23 1 0 0 1 0 1
3 24 1 0 0 0 0 1
3 26 1 0 0 0 0 1
3 27 0 0 1 0 1 0
3 28 1 0 0 1 1 1
3 29 1 1 0 1 1 0
3 31 1 0 0 1 1 1
3 32 1 1 0 0 1 0
3 33 0 0 1 0 0 1
4 28 0 0 0 0 1 1
4 29 0 1 0 0 0 0
4 30 0 0 0 1 1 1
4 31 1 1 0 1 1 0
4 32 0 0 0 1 1 0
4 33 0 1 0 0 1 0
5 7 1 1 0 0 0 1
5 8 0 0 1 1 0 0
5 10 1 1 1 0 1 1
5 11 0 1 0 1 1 1
5 13 0 1 0 0 0 0
5 14 1 0 0 0 0 1
5 15 1 1 1 1 1 0
5 16 1 0 0 0 1 1
5 17 1 0 1 0 0 1
5 18 0 0 1 1 1 0
5 19 1 0 0 1 1 0
5 20 1 0 0 1 1 1
5 21 1 1 0 1 1 0
5 23 0 1 1 1 0 0
5 24 1 1 0 0 1 1
5 25 0 1 0 1 0 0
5 26 0 1 0 0 1 1
5 27 1 1 1 1 0 0
5 28 0 1 0 0 1 0
5 30 1 0 0 0 1 0
5 31 1 0 0 1 0 0
6 6 1 0 0 0 1 0
6 7 0 0 0 1 0 0
6 9 1 0 1 1 0 1
6 10 0 1 0 0 1 0
6 12 0 0 1 1 1 1
6 13 1 0 0 1 0 0
6 15 1 0 0 1 1 1
6 16 1 1 0 0 1 0
6 17 0 0 0 1 0 1
6 18 1 0 0 1 1 0
6 20 0 1 0 0 0 0
6 21 0 0 0 0 1 1
6 22 1 1 0 1 0 0
6 23 0 0 1 1 0 0
6 24 1 0 1 0 1 0
6 26 0 1 0 0 0 1
6 27 0 0 0 1 1 1
6 28 0 0 0 1 1 1
6 29 1 0 1 1 0 1
6 31 0 0 1 1 1 1
6 32 1 1 1 1 1 1
6 33 0 0 1 0 0 1
7 6 0 0 0 1 1 0
7 7 1 0 0 1 1 0
7 8 1 1 0 0 0 1
7 9 1 1 1 1 0 1
7 11 0 0 0 1 1 0
7 12 0 1 0 0 1 1
7 13 0 0 1 1 1 0
7 14 0 1 0 1 1 0
7 16 0 1 0 0 0 0
7 17 0 1 1 1 1 1
7 18 1 0 0 0 1 0
7 19 0 0 0 1 1 0
7 20 1 1 0 1 1 0
7 22 0 1 0 1 1 0
7 23 0 1 0 1 0 0
7 25 0 1 1 1 0 0
7 26 1 1 1 0 1 0
7 28 0 0 0 0 1 1
7 29 1 1 0 1 0 0
7 30 1 1 1 0 1 0
7 31 0 1 0 0 0 1
7 32 0 1 1 1 1 1
7 33 0 1 0 1 1 0
8 5 0 1 0 1 1 1
8 6 1 1 0 0 1 0
8 7 1 1 0 0 0 1
8 8 1 1 1 1 0 1
8 10 0 0 0 1 1 0
8 11 1 1 0 0 0 1
8 12 0 1 0 1 0 1
8 13 0 1 1 1 1 0
8 15 1 0 0 0 1 0
8 16 0 0 0 1 0 0
8 18 1 0 1 1 0 1
8 19 0 1 0 0 1 0
8 21 0 1 0 0 0 0
8 22 0 1 0 0 0 1
8 23 0 0 0 1 1 1
8 25 0 0 1 1 0 0
8 26 0 1 0 0 0 1
8 27 1 0 1 0 0 1
8 28 1 0 1 0 1 0
8 30 1 1 0 0 1 1
8 31 0 1 0 1 0 0
8 32 1 1 1 1 0 0
8 33 1 1 0 1 1 1
9 7 0 0 0 1 0 0
9 8 0 1 0 1 1 0
9 9 0 0 0 1 0 1
9 10 0 1 0 0 1 0
9 12 0 0 0 1 0 1
9 13 0 1 0 1 0 0
9 14 0 0 0 1 1 0
9 15 1 0 0 1 0 0
9 17 0 1 0 1 0 1
9 18 1 0 1 0 0 1
9 19 1 0 0 1 1 1
9 20 0 0 1 1 0 0
9 22 0 1 0 0 0 1
9 23 0 0 0 1 1 1
9 24 1 1 1 1 0 1
9 25 1 0 1 1 0 1
9 27 1 0 1 1 1 0
9 28 0 1 0 1 0 1
9 30 1 0 1 1 1 0
9 31 1 1 0 1 1 1
9 32 0 0 1 1 1 1
9 33 0 1 0 1 0 0
10 6 0 1 1 1 0 0
10 7 0 1 1 0 1 1
10 8 1 1 1 0 0 1
10 9 1 0 0 0 1 0
10 11 1 1 0 1 1 0
10 12 1 1 0 1 0 0
10 14 0 0 0 1 1 0
10 15 0 1 0 0 1 0
10 16 1 0 1 1 0 1
10 17 1 0 0 1 1 0
10 19 1 0 0 0 0 1
10 21 0 1 1 1 0 0
10 22 0 1 0 0 1 1
10 23 0 1 0 1 0 0
10 24 0 1 0 0 1 1
10 25 1 1 1 1 0 0
10 26 0 1 0 0 1 0
10 27 0 0 0 0 1 1
10 28 0 1 0 0 0 0
10 29 0 0 1 1 1 0
10 30 0 0 1 0 1 0
10 32 1 0 1 0 1 0
10 33 0 1 0 1 0 0
11 6 0 1 0 0 0 0
11 7 0 0 0 1 1 0
11 8 0 1 1 0 1 0
11 9 1 0 0 1 1 1
11 10 0 0 1 1 0 1
11 12 0 0 0 1 1 0
11 13 1 0 0 0 1 0
11 14 0 1 0 1 0 0
11 15 1 1 0 0 1 0
11 17 0 1 0 1 0 0
11 18 0 1 0 1 0 0
11 19 1 1 0 0 1 1
11 20 0 1 0 1 0 0
11 22 1 0 0 1 1 0
11 23 1 0 0 0 0 1
11 25 0 1 0 0 0 0
11 26 0 0 1 1 1 1
11 27 1 0 0 1 0 0
11 28 0 0 0 1 1 1
11 29 0 1 0 0 1 0
11 30 0 0 0 1 1 1
11 31 0 1 1 1 0 1
11 32 1 0 1 1 0 1
11 33 1 0 0 1 1 0
12 8 0 0 0 1 1 0
12 9 1 1 0 1 0 0
12 10 1 1 0 0 1 0
12 11 0 1 0 0 0 1
12 13 0 0 0 0 1 1
12 14 0 0 1 0 0 0
12 15 0 0 0 1 0 1
12 16 1 1 1 1 0 0
12 17 1 1 1 0 1 0
12 18 1 0 0 0 1 0
12 19 0 0 0 0 0 1
12 20 0 1 1 0 0 0
12 22 1 1 0 1 1 0
12 23 1 1 0 1 0 0
12 24 0 0 0 1 1 1
12 25 1 0 1 1 0 1
12 27 1 0 0 1 0 0
12 28 0 1 0 1 0 0
12 30 0 0 0 1 0 1
12 31 0 1 0 0 1 0
12 32 1 0 1 1 1 0
12 33 0 1 1 0 1 0
13 30 0 0 0 0 1 1
13 31 0 1 0 0 0 0
13 32 1 1 0 1 0 0
13 33 1 0 0 1 1 0
14 6 0 0 0 1 1 1
14 7 1 0 0 1 0 0
14 9 0 1 1 1 0 1
14 10 1 0 0 1 1 0
14 11 1 0 0 1 1 1
14 12 1 1 0 1 1 0
14 14 1 1 1 0 0 1
14 15 1 0 0 0 1 0
14 16 0 1 0 1 0 1
14 17 1 0 1 0 0 1
14 19 0 1 0 0 0 1
14 20 0 0 0 1 1 1
14 21 0 1 1 1 0 1
14 22 0 1 0 1 1 1
14 23 1 0 0 1 1 0
14 24 1 0 0 1 0 0
14 26 0 0 1 1 0 0
14 27 0 1 0 0 0 1
14 28 0 0 1 1 0 1
14 29 1 0 0 0 1 0
14 30 0 0 0 1 1 0
14 31 0 1 0 0 0 1
15 8 0 1 0 0 0 1
15 9 0 0 0 1 1 1
15 10 0 0 0 1 0 0
15 11 0 1 0 1 0 0
15 12 0 1 0 1 0 1
15 13 0 0 1 1 0 0
15 15 0 1 1 1 1 0
15 16 0 1 0 1 0 1
15 17 1 0 0 1 0 1
15 18 0 0 0 1 0 0
15 19 0 0 1 1 1 0
15 20 0 0 1 1 1 1
15 22 0 1 0 0 0 1
15 23 1 0 0 1 0 0
15 24 0 0 1 1 1 1
15 25 0 1 1 1 1 1
15 27 1 0 0 1 0 0
15 28 0 1 0 0 1 0
15 30 0 1 0 0 0 0
15 31 1 0 0 1 0 0
15 32 0 0 0 1 1 0
15 33 0 0 1 0 0 1
16 7 1 1 0 1 1 1
16 8 0 0 0 1 0 1
16 10 1 1 1 1 1 0
16 11 0 0 0 1 1 0
16 13 0 1 0 0 0 0
16 14 1 0 0 0 1 0
16 15 0 1 1 1 1 1
16 16 1 1 1 1 0 1
16 17 0 1 0 1 0 1
16 19 1 1 0 0 1 1
16 20 1 0 0 1 1 0
16 21 0 1 0 1 1 1
16 22 1 0 0 1 1 0
16 24 1 0 0 1 1 1
16 25 1 0 0 0 0 1
16 26 0 0 0 1 1 0
16 27 1 0 0 0 1 0
16 29 0 1 0 0 0 0
16 30 0 1 1 1 0 0
16 31 0 1 1 0 1 1
16 32 1 1 1 0 0 1
16 33 1 0 0 0 1 0
17 7 1 0 1 0 1 1
17 8 0 1 0 0 1 0
17 10 0 0 1 1 0 0
17 11 0 1 0 0 0 1
17 12 0 0 1 1 1 1
17 13 1 1 1 1 1 1
17 15 0 1 0 0 0 0
17 16 1 0 0 1 0 1
17 17 1 0 0 1 0 1
17 19 0 0 1 1 0 0
17 20 0 1 0 0 0 1
17 21 1 0 1 1 1 0
17 22 1 0 0 1 1 1
17 23 0 0 0 0 1 1
17 24 0 1 0 0 0 0
17 25 0 0 0 0 1 1
17 26 1 1 0 1 0 0
17 27 1 1 1 1 0 0
17 28 0 1 0 0 1 1
17 30 1 0 0 1 1 0
17 31 1 1 1 0 1 0
17 32 1 1 1 1 1 0
17 33 1 0 0 0 1 0
18 6 0 0 1 1 1 0
18 7 0 0 1 0 1 0
18 9 1 0 0 0 1 1
18 10 0 1 0 1 1 0
18 11 1 1 0 0 1 0
18 12 1 0 0 1 1 1
18 14 1 1 0 1 0 0
18 15 0 1 0 0 0 1
18 17 0 1 1 1 0 0
18 18 1 0 0 1 1 1
18 20 0 1 0 0 0 1
18 21 1 0 0 1 1 0
18 22 1 1 1 0 1 0
18 23 1 1 1 1 1 0
18 24 1 0 0 0 1 0
18 26 0 1 0 1 1 1
18 27 1 0 0 0 1 0
18 28 0 0 0 1 1 1
18 29 0 1 0 0 1 0
18 31 0 1 0 0 0 0
18 32 1 0 0 1 0 1
18 33 1 0 0 1 0 1
19 6 0 0 0 1 1 0
19 7 1 0 0 1 1 0
19 8 0 0 0 0 1 1
19 9 0 1 0 0 0 0
19 10 0 1 1 1 0 0
19 11 0 1 0 1 1 0
19 13 1 0 0 1 0 1
19 14 1 0 0 0 0 1
19 16 0 1 0 0 0 1
19 17 1 0 1 0 1 0
19 18 0 0 1 1 0 0
19 19 1 0 0 1 1 0
19 21 1 0 0 1 1 0
19 22 0 0 0 1 0 0
19 24 1 0 0 0 1 0
19 25 0 0 0 1 0 1
19 26 0 0 1 1 0 1
19 27 0 1 0 0 1 0
19 29 1 0 0 0 0 1
19 31 1 0 1 1 1 0
19 32 0 1 0 1 0 1
19 33 0 0 1 0 0 1
20 7 0 1 0 0 0 0
20 8 1 1 0 1 0 1
20 9 0 1 0 0 1 0
20 10 1 1 0 0 1 0
20 11 1 0 0 0 0 1
20 13 0 1 0 0 0 1
20 14 0 0 0 1 1 1
20 15 0 1 0 1 1 1
20 16 1 1 0 1 0 0
20 18 0 0 0 0 1 0
20 19 1 0 1 0 1 0
20 20 0 1 0 1 0 0
20 21 0 1 0 1 1 0
20 22 1 1 1 1 1 1
20 23 1 0 0 0 1 0
20 25 0 1 0 0 0 0
20 26 1 0 0 1 1 0
20 27 1 1 1 0 1 1
20 28 1 1 0 0 0 1
20 29 0 0 0 1 1 0
20 31 0 1 0 1 1 0
20 32 1 0 0 0 0 1
20 33 0 0 1 0 0 1
21 6 0 0 0 1 1 1
21 7 0 1 0 0 1 0
21 9 1 0 0 1 1 0
21 10 1 1 1 0 1 0
21 11 1 0 1 0 1 0
21 12 0 0 0 1 1 0
21 13 1 1 1 0 1 0
21 14 1 1 0 1 0 0
21 16 0 1 0 0 0 0
21 17 1 1 1 1 0 1
21 18 1 0 0 1 0 0
21 19 1 1 0 0 0 1
21 20 0 1 0 0 1 1
21 22 1 1 0 0 1 0
21 23 0 1 0 1 0 0
21 24 0 0 0 1 1 0
21 25 0 0 1 0 1 0
21 27 1 0 0 0 1 0
21 28 1 0 0 1 0 0
21 30 1 0 0 1 1 0
21 32 1 0 0 1 1 1
21 33 0 1 0 1 1 0
22 6 1 1 0 0 1 0
22 7 1 0 0 1 1 1
22 9 0 1 0 0 0 0
22 10 0 1 0 1 0 1
22 11 0 1 0 1 1 0
22 12 0 0 0 1 1 0
22 13 1 0 0 0 1 0
22 15 1 0 0 0 1 0
22 16 0 1 0 0 1 0
22 17 1 1 1 1 1 1
22 18 1 0 0 0 1 0
22 19 0 0 0 0 1 1
22 20 0 1 0 0 0 0
22 21 0 0 0 1 1 0
22 22 1 0 0 1 1 0
22 23 1 1 1 1 0 0
22 24 0 0 0 1 1 0
22 26 1 0 0 0 1 0
22 27 0 0 0 1 0 0
22 28 0 0 1 1 1 1
22 29 0 1 0 1 0 0
22 31 1 0 0 1 1 1
22 32 1 1 0 0 1 1
22 33 0 0 1 0 0 1
23 7 0 1 0 0 0 1
23 8 1 0 0 1 0 0
23 9 0 1 0 1 1 1
23 10 1 1 0 0 1 1
23 12 0 1 0 0 0 0
23 13 1 1 0 1 1 0
23 14 0 0 1 0 1 0
23 15 0 0 0 1 1 0
23 16 0 1 0 1 1 1
23 17 0 0 0 1 1 0
23 18 1 0 0 0 1 0
23 20 1 0 1 0 1 1
23 21 0 1 0 0 1 0
23 23 1 0 1 1 1 0
23 24 0 1 0 0 0 1
23 25 0 0 0 1 1 0
23 26 1 1 0 1 0 0
23 28 1 0 0 0 0 1
23 30 1 0 1 1 0 0
23 31 1 0 0 0 1 1
23 32 0 0 0 1 1 0
23 33 1 1 0 0 1 1
24 7 0 1 0 1 0 0
24 8 1 0 0 1 0 0
24 10 1 0 0 1 1 1
24 11 1 1 0 0 1 1
24 12 0 0 0 1 1 1
24 13 0 1 0 0 1 0
24 15 1 0 0 1 0 1
24 16 0 1 0 0 1 0
24 17 1 0 0 1 1 0
24 18 1 0 1 1 0 0
24 20 1 1 0 1 0 0
24 21 1 0 0 1 1 0
24 22 1 0 0 0 1 1
24 23 0 1 0 1 0 0
24 25 1 1 0 1 1 0
24 26 1 1 0 1 0 0
24 28 0 1 1 1 0 0
24 29 1 0 0 1 1 0
24 30 0 0 1 1 1 1
24 31 0 0 1 1 0 0
24 32 1 1 0 1 1 1
24 33 1 0 0 0 1 0
25 5 0 0 0 0 1 1
25 6 1 1 0 1 0 0
25 7 0 0 1 1 1 0
25 8 0 0 1 1 1 1
25 10 1 0 0 0 0 1
25 11 0 0 1 0 1 0
25 13 1 0 0 1 1 0
25 14 1 0 0 0 1 1
25 15 1 1 1 1 1 1
25 16 1 0 1 0 1 0
25 18 1 0 0 1 0 0
25 19 0 0 0 1 0 0
25 20 0 0 0 1 1 0
25 21 1 0 0 0 1 0
25 23 1 1 1 1 1 0
25 24 0 0 0 1 1 0
25 26 0 1 0 0 0 1
25 27 1 0 1 1 1 0
25 28 0 1 0 1 0 1
25 29 1 1 1 0 1 1
25 30 0 1 0 1 1 1
25 32 1 1 0 0 1 0
25 33 1 0 0 1 1 1
26 5 1 0 1 1 1 0
26 6 0 0 0 1 1 1
26 8 0 1 0 0 0 1
26 9 0 0 0 1 1 1
26 10 0 1 1 1 0 0
26 11 1 0 0 1 0 1
26 12 1 1 1 1 1 1
26 13 0 0 0 1 0 0
26 15 0 1 1 1 0 0
26 16 1 0 0 1 1 0
26 17 0 0 1 1 1 1
26 18 0 0 1 1 0 0
26 19 1 1 0 0 1 1
26 20 1 0 0 0 1 0
26 22 0 1 0 0 0 0
26 23 1 1 1 0 1 1
26 24 0 1 0 0 1 1
26 25 1 0 0 1 1 0
26 26 1 0 0 0 1 0
26 28 1 0 1 0 0 1
26 29 1 0 1 0 1 0
26 30 0 0 0 0 1 1
26 31 0 1 0 0 0 0
26 32 0 1 0 0 0 1
26 33 1 0 0 1 1 1
