0.20
40 60 88 108 135 154 182 201 229 249 276 295 323 342 369 389 417 437 463 483 510 530 558 578 604 624 651 671 698 718 744 764 792 813 840 859 887 906 933 952 981 1000 1027 1046 1073 1093 1121 1141 1168 1187 1215 1235 1262 1281 1308 1328 1356 1375 1400 1420 1447 1467 1494 1514 1541 1561 1589 1609 1636 1656
18 38 58 96 116 136 177 197 217 253 274 294 332 353 373 414 432 452 490 512 532 574 592 612 652 673 693 735 754 774 814 833 854 892 912 932 970 990 1010 1048 1072 1092 1134 1153 1172 1211 1233 1253 1293 1312 1332 1372 1391 1411 1451 1470 1490 1531 1550 1570 1608 1632 1652 1689 1711 1732 1770 1792 1810 1848 1871 1891 1927 1951 1969 2010 2029 2049 2087 2107 2130 2168 2188 2208 2246 2266 2286
2 2 0 0 1 1 0 0
2 3 1 1 1 1 1 1
2 4 1 0 0 1 0 1
2 5 1 1 0 0 0 0
2 7 1 1 0 1 0 1
2 8 0 0 1 1 0 1
2 10 0 1 0 0 1 0
2 11 0 1 1 1 0 1
2 13 0 1 0 1 0 0
2 14 1 1 0 0 0 0
2 15 0 1 0 0 1 0
2 16 1 1 1 0 0 1
2 18 1 0 0 0 0 0
2 19 1 1 1 1 1 1
2 21 0 0 1 0 1 0
2 22 1 0 0 0 0 1
2 23 1 0 0 0 1 0
2 26 0 1 1 0 1 0
2 27 0 1 0 1 1 0
2 28 1 1 0 0 1 0
2 29 1 0 0 0 1 1
3 2 1 1 1 0 0 0
3 3 1 1 0 1 1 1
3 5 1 0 0 1 1 1
3 6 0 1 0 1 0 0
3 7 0 1 0 0 0 1
3 8 0 0 1 1 0 1
3 10 1 1 0 0 1 0
3 11 1 0 0 1 1 1
3 12 0 1 1 0 1 0
3 13 1 1 0 0 0 1
3 15 0 1 1 1 0 0
3 16 0 1 1 1 1 0
3 17 0 0 1 0 1 0
3 18 1 0 0 0 0 1
3 20 0 0 1 1 0 0
3 22 0 1 0 1 1 0
3 23 1 1 1 0 1 0
3 24 1 0 0 1 0 0
3 25 1 1 0 0 0 0
3 27 1 1 1 0 0 0
3 28 0 0 1 0 1 0
3 29 0 0 0 0 1 0
3 30 0 1 1 0 0 0
4 2 1 0 1 1 0 0
4 3 1 0 0 0 0 1
4 4 1 0 0 0 0 1
4 5 1 0 1 0 1 0
4 7 0 1 0 1 1 0
4 8 1 1 0 1 0 0
4 9 1 0 1 1 0 0
4 10 1 0 0 0 1 1
4 11 1 1 1 0 0 0
4 12 0 0 1 0 1 0
4 14 1 1 0 1 0 0
4 15 1 0 1 1 0 1
4 16 0 1 0 0 1 0
4 17 1 1 0 0 0 0
4 18 0 0 1 0 1 0
4 19 1 0 0 0 0 1
4 20 0 0 0 0 1 0
4 22 1 1 0 1 0 0
4 23 1 0 1 0 1 0
4 24 1 1 0 0 0 1
4 25 0 1 0 1 0 1
4 27 1 1 0 1 0 1
4 28 0 0 1 1 1 1
4 29 0 1 1 0 1 1
4 30 1 0 0 0 1 1
5 2 0 1 0 0 1 0
5 3 0 1 1 1 0 1
5 5 1 0 0 0 1 0
5 6 1 1 0 0 0 1
5 7 1 0 0 1 0 1
5 8 1 1 1 1 0 1
5 10 1 0 0 1 0 0
5 11 1 1 0 0 0 1
5 12 1 1 0 0 1 0
5 13 0 1 0 1 1 0
5 14 0 0 0 0 1 0
5 16 0 0 1 1 0 0
5 17 1 1 0 1 0 0
5 19 0 1 0 0 1 0
5 20 1 0 1 1 0 1
5 22 0 1 0 0 1 0
5 23 1 1 1 0 0 0
5 24 1 0 0 0 1 0
5 25 0 1 0 1 0 1
5 26 0 0 0 0 1 0
5 28 1 1 0 0 1 0
5 29 1 1 1 1 0 0
6 2 0 0 1 0 0 1
6 3 1 1 0 0 0 1
6 4 1 0 0 1 1 1
6 6 0 0 1 1 0 0
6 8 1 1 1 0 0 1
6 9 1 0 0 0 1 1
6 10 0 1 1 1 1 1
6 11 1 0 1 0 0 0
6 13 0 1 0 1 0 0
6 14 1 1 0 0 0 0
6 15 1 1 1 1 0 0
6 16 1 0 0 0 1 1
6 18 0 1 0 0 0 1
6 19 1 0 0 1 1 0
6 20 1 0 1 0 1 1
6 21 0 1 0 1 0 0
6 22 0 0 0 0 1 0
6 24 0 1 1 1 1 0
6 25 1 1 0 0 0 0
6 26 0 1 1 1 0 0
6 27 1 0 0 1 0 1
6 28 1 0 0 0 1 0
6 29 1 0 0 1 1 0
7 2 0 1 0 1 0 0
7 3 0 1 1 1 1 1
7 5 0 1 0 1 0 1
7 6 0 0 1 1 1 1
7 7 0 0 1 0 1 0
7 8 1 0 0 0 0 1
7 10 0 1 0 1 1 0
7 11 1 1 0 0 0 0
7 13 0 1 0 1 0 0
7 14 0 0 1 1 0 0
7 16 0 0 1 1 0 0
7 18 1 1 1 1 0 0
7 19 0 1 0 1 1 0
7 21 1 1 0 0 1 1
7 23 0 1 0 0 1 0
7 24 1 1 1 0 0 0
7 25 1 0 1 1 0 0
7 27 0 1 0 1 0 0
7 28 1 1 0 1 0 0
8 2 1 0 1 1 0 0
8 3 1 0 0 1 1 1
8 4 0 0 0 0 0 1
8 6 0 0 1 0 1 0
8 7 0 1 0 1 1 0
8 8 1 0 1 1 1 1
8 9 1 0 0 0 0 0
8 10 1 1 1 0 0 0
8 11 1 1 0 1 1 1
8 13 1 0 1 0 0 1
8 14 1 1 1 1 0 0
8 15 0 0 0 0 1 0
8 17 0 1 1 0 1 0
8 18 1 1 1 1 0 0
8 19 0 1 0 1 0 0
8 20 1 1 0 0 0 0
8 22 1 1 1 0 1 0
8 23 1 1 1 0 0 1
8 24 0 0 1 0 1 0
8 25 0 0 0 0 0 1
8 27 1 1 1 1 1 0
8 28 1 0 0 1 0 1
9 2 0 0 1 0 0 1
9 3 0 1 1 0 1 1
9 4 1 1 0 0 0 1
9 6 0 1 0 1 1 1
9 7 1 1 0 1 0 0
9 8 0 0 1 0 1 0
9 10 0 0 1 1 0 0
9 12 1 0 0 0 0 0
9 13 1 0 0 1 1 0
9 14 0 0 1 1 0 0
9 15 1 1 1 0 1 0
9 16 0 1 0 1 0 0
9 17 1 1 0 0 0 0
9 19 1 0 0 0 0 1
9 20 1 0 1 0 1 0
9 21 1 0 0 1 1 1
9 22 1 0 1 0 0 0
9 24 0 1 0 0 0 1
9 25 0 0 1 1 0 1
9 27 0 0 0 0 1 1
9 28 0 0 1 0 0 0
9 29 1 1 0 1 0 0
9 30 1 0 0 0 1 0
10 2 0 0 1 0 0 1
10 3 0 1 0 0 0 1
10 4 1 1 0 0 0 0
10 5 0 0 0 0 0 1
10 6 0 1 1 0 0 0
10 7 0 0 0 0 1 0
10 9 1 1 0 1 0 1
10 10 0 1 1 1 0 0
10 11 0 1 0 1 0 0
10 12 1 1 0 1 1 1
10 13 1 1 1 0 0 0
10 14 0 0 1 0 1 0
10 16 1 0 0 0 1 0
10 17 1 0 0 1 0 0
10 18 1 1 0 1 0 0
10 20 0 0 1 1 0 0
10 21 1 0 1 1 1 0
10 23 1 1 0 1 0 1
10 25 1 1 0 0 1 0
10 26 1 1 0 1 0 1
10 27 0 1 1 0 1 0
10 28 1 0 1 0 1 0
11 2 0 1 0 0 0 1
11 3 1 1 0 1 0 0
11 4 1 1 0 1 1 1
11 5 0 0 1 1 0 0
11 6 0 1 0 0 1 0
11 7 0 1 0 1 0 1
11 9 0 1 1 0 1 0
11 10 1 0 1 0 1 0
11 12 0 1 1 1 0 0
11 13 0 1 1 1 1 0
11 14 0 1 0 1 0 1
11 15 0 1 0 0 0 0
11 17 1 0 0 1 1 1
11 18 1 1 1 0 0 1
11 19 1 1 0 1 0 0
11 20 1 0 0 1 1 0
11 22 0 1 0 0 0 1
11 25 1 0 1 1 0 0
11 26 1 1 0 0 1 1
11 27 0 1 1 1 1 0
11 28 1 0 0 0 1 1
12 2 1 0 1 1 0 0
12 3 1 0 0 0 0 1
12 4 1 0 0 0 0 1
12 5 1 0 1 0 1 0
12 7 0 0 1 1 0 0
12 9 1 1 1 1 0 0
12 10 0 1 0 1 1 0
12 11 0 0 1 1 0 0
12 12 1 1 0 0 1 0
12 14 1 1 0 1 0 0
12 15 1 0 0 0 1 0
12 16 1 0 0 1 0 0
12 17 1 1 1 0 0 1
12 18 0 0 0 0 1 0
12 19 0 1 1 0 0 0
14 14 0 1 0 0 1 0
14 15 1 1 1 0 0 0
15 6 0 0 1 1 0 0
15 7 0 1 1 1 1 1
15 8 1 0 0 1 0 0
15 9 0 0 1 0 1 0
15 11 1 1 0 0 0 1
15 12 1 1 0 1 0 0
15 13 0 1 1 1 0 0
15 14 1 0 0 1 0 1
15 16 1 0 0 1 1 0
15 17 1 0 1 1 0 1
15 19 1 1 0 1 1 0
15 20 1 1 0 0 0 0
15 21 0 1 1 0 1 0
15 22 1 0 1 1 1 0
15 23 0 0 0 0 1 0
15 26 0 0 1 0 0 0
15 27 1 0 0 0 0 1
15 28 1 0 1 0 1 0
16 4 0 0 1 0 0 1
16 5 1 1 0 1 0 0
16 6 1 0 1 0 0 0
16 8 1 0 0 0 1 0
16 9 1 1 0 0 0 1
16 11 1 1 1 0 1 0
16 12 1 1 1 0 0 1
16 13 0 0 0 0 0 1
16 14 0 1 1 0 0 0
16 17 1 0 1 1 1 1
16 19 0 1 0 0 0 1
16 20 1 1 0 0 0 1
16 21 0 1 1 0 1 0
16 22 1 0 0 1 1 1
16 23 0 0 0 0 1 0
16 24 0 1 1 0 0 0
16 25 1 0 1 0 0 0
16 26 1 1 1 1 1 0
16 27 0 1 0 0 1 0
16 28 1 1 0 1 0 1
17 4 1 1 0 0 1 0
17 5 1 1 1 1 0 0
17 7 0 0 1 1 0 0
17 8 1 1 0 1 1 0
17 10 1 1 0 1 1 0
17 11 1 1 1 1 0 0
17 12 0 1 1 0 1 0
17 13 1 0 1 0 0 0
17 15 1 1 0 0 1 0
17 16 1 1 0 0 1 0
17 17 0 0 0 0 1 0
17 19 1 1 1 0 1 0
17 20 1 1 0 0 0 0
17 21 0 0 1 0 1 0
17 22 1 0 0 0 0 0
17 24 1 0 0 1 1 0
17 25 1 1 0 1 1 0
17 27 1 1 0 1 0 0
17 28 1 0 1 1 0 1
18 4 0 1 1 0 1 0
18 5 0 0 1 1 1 0
18 7 0 0 1 1 0 0
18 8 1 1 0 0 1 0
18 9 1 0 1 0 1 0
18 10 1 0 0 1 1 1
18 11 0 0 0 0 1 0
18 12 0 1 1 0 0 0
18 13 0 1 0 0 0 1
18 14 1 0 1 0 0 0
18 15 1 1 0 0 0 0
18 16 0 1 0 1 0 1
18 18 1 1 0 1 0 1
18 19 0 0 1 1 1 1
18 20 0 0 1 0 1 0
18 22 1 1 0 1 0 0
18 24 0 1 0 0 1 0
18 25 1 0 1 0 0 0
18 26 0 1 0 0 1 0
18 27 1 0 0 1 1 1
18 28 0 0 0 0 1 0
19 4 1 1 0 1 0 0
19 5 1 0 1 1 0 1
19 6 1 0 0 0 1 0
19 7 1 0 1 0 0 0
19 9 0 0 1 1 0 0
19 10 0 1 1 1 1 0
19 11 1 0 0 1 1 0
19 12 1 1 0 1 1 0
19 14 1 0 0 0 1 0
19 15 1 1 1 1 0 0
19 16 0 1 0 1 0 0
19 17 1 0 1 1 1 1
19 19 1 1 0 1 0 0
19 20 1 0 0 1 1 0
19 21 0 0 0 0 1 0
19 22 0 1 1 0 0 0
19 24 0 0 0 0 1 1
19 25 0 0 1 0 0 0
19 26 1 0 1 1 0 0
19 27 1 0 0 0 0 1
20 4 0 0 1 0 0 1
20 5 1 0 0 0 0 1
20 6 1 0 1 0 1 0
20 7 0 0 0 0 0 1
20 8 0 1 1 0 0 0
20 10 1 0 0 1 0 0
20 11 1 1 0 0 0 0
20 12 1 0 0 1 1 1
20 13 1 0 1 0 0 0
20 15 1 0 0 0 1 0
20 16 1 0 1 0 0 0
20 17 1 0 1 0 0 0
20 18 1 0 1 1 0 1
20 20 1 0 1 1 0 0
20 21 1 1 0 0 0 0
20 24 1 1 1 0 1 0
20 25 1 0 0 0 1 1
20 26 1 0 0 0 1 1
20 27 0 1 0 1 0 1
20 28 0 0 1 1 1 0
20 29 1 0 1 0 1 1
21 4 1 1 0 1 0 0
21 5 1 0 0 1 1 0
21 7 0 0 1 1 0 0
21 8 0 1 0 1 1 0
21 9 0 0 1 1 0 0
21 10 1 1 0 0 1 0
21 11 1 0 1 1 0 0
21 12 1 0 1 1 1 1
21 13 0 0 0 0 1 0
21 14 0 1 1 0 0 0
22 4 0 1 0 0 1 0
22 5 1 1 0 0 1 0
22 7 1 1 0 0 1 0
22 8 1 0 1 1 1 1
22 10 1 1 0 1 0 0
22 11 1 0 1 0 1 0
22 12 0 1 0 0 1 0
22 13 1 1 0 0 0 0
22 15 1 1 0 0 0 0
22 16 1 1 1 0 1 1
22 17 0 0 0 0 1 0
22 19 1 1 0 0 1 0
22 20 1 1 1 1 0 0
22 22 0 0 1 1 0 0
22 23 0 0 1 1 1 1
22 25 1 1 0 1 0 0
22 26 1 0 1 1 0 1
22 27 0 1 0 0 1 0
22 28 1 1 0 0 0 0
23 2 1 0 0 0 1 0
23 3 1 0 1 0 1 0
23 4 0 0 0 0 1 0
23 5 0 1 1 0 0 0
23 6 1 1 0 1 1 0
23 7 1 1 1 1 0 0
23 8 1 1 0 1 0 0
23 9 1 1 0 0 0 1
23 11 1 1 1 1 1 0
23 12 1 1 0 1 0 1
23 13 0 0 1 1 0 0
23 14 1 1 0 1 1 0
23 16 1 0 0 1 0 1
23 17 1 0 1 0 1 0
23 18 1 0 1 0 1 0
23 19 1 1 1 0 0 0
23 20 0 0 0 0 1 0
23 22 0 1 0 1 0 0
23 23 0 0 1 1 1 1
23 24 0 1 1 0 1 1
23 25 1 0 0 0 1 1
23 27 1 0 1 1 0 1
23 28 1 1 1 0 0 0
24 2 0 0 1 0 0 1
24 3 1 1 1 0 0 0
24 4 0 0 1 0 1 0
24 6 1 1 0 1 1 0
24 7 1 1 0 0 0 0
24 8 0 1 0 0 0 1
24 9 0 0 1 1 0 0
24 11 0 1 0 0 1 0
24 12 1 0 1 1 0 1
24 13 0 1 0 1 1 1
24 14 1 0 0 0 1 1
24 16 0 0 1 1 0 0
24 18 0 1 1 1 1 0
24 19 1 1 0 0 0 0
24 20 0 1 1 1 0 0
24 21 1 0 0 1 0 1
24 22 1 0 0 0 1 0
24 23 1 0 0 1 1 0
24 24 0 0 0 0 1 0
24 26 0 1 1 1 0 0
24 27 0 1 1 1 1 0
24 28 0 1 0 1 0 1
24 29 0 1 0 0 0 0
25 2 1 1 0 1 0 0
25 3 0 0 0 0 0 1
25 4 0 0 1 0 0 0
25 6 1 0 0 0 1 1
25 7 1 0 0 0 0 0
25 8 0 0 1 1 0 0
25 9 1 1 1 0 1 0
25 11 1 0 0 1 0 0
25 12 1 1 0 0 1 0
25 13 1 1 0 0 1 0
25 14 1 1 1 0 0 1
25 15 0 1 0 0 1 0
25 16 1 1 0 0 0 0
25 17 0 0 0 0 1 0
25 19 1 1 0 0 1 0
25 20 1 0 0 1 0 0
25 21 1 0 0 0 1 0
25 22 1 1 1 1 0 1
25 24 0 1 1 1 1 0
25 25 1 1 0 1 0 1
25 26 0 1 0 0 0 1
25 27 1 1 0 1 0 0
25 28 0 1 1 0 1 0
25 29 1 0 1 0 1 0
25 30 0 0 0 0 1 0
26 2 1 1 0 0 0 1
26 3 0 1 1 1 1 0
26 4 1 0 1 1 0 1
26 5 0 0 1 1 0 1
26 7 0 1 1 0 1 0
26 8 1 1 0 0 0 1
26 9 1 1 0 1 0 0
26 10 1 1 0 0 1 0
26 11 0 1 1 0 1 0
26 12 1 1 1 0 0 1
26 13 0 0 0 0 1 0
26 15 0 1 0 1 0 0
26 16 0 1 0 1 1 1
26 17 1 0 0 1 1 1
26 18 1 0 1 0 0 0
26 20 0 1 0 0 1 0
26 21 1 0 0 1 1 1
26 22 0 1 1 0 1 0
26 23 1 0 0 0 1 0
26 24 0 1 1 1 1 0
26 25 1 0 0 0 1 1
26 26 0 0 0 0 1 0
26 27 0 1 1 0 0 0
26 28 1 1 0 1 0 1
26 29 0 1 1 1 0 0
27 28 0 0 1 1 1 1
27 29 1 0 0 1 0 0
7 20 0 1 1 1 1 0
7 26 1 1 1 0 0 1
10 22 1 1 1 1 1 0
11 23 0 0 1 1 0 1
15 25 0 0 0 0 1 1
16 16 1 1 1 0 1 0
20 22 0 0 0 0 1 0
2 24 0 1 1 1 1 0
