-0.40
69 89 116 136 164 184 211 231 258 278 306 326 353 373 400 420 448 471 500 521 552 573 606 626 658 679 709 731 761 783 814 836 866 888 918 940 971 992 1023 1044 1075 1096 1127 1150 1179 1201 1231 1254 1281 1306 1335 1355 1388 1408 1427 1447 1475 1495 1522 1542 1569 1589 1617 1637 1664 1684
57 77 97 135 155 175 213 233 253 291 313 337 375 395 415 464 486 511 551 572 596 637 659 683 721 741 761 810 831 855 896 918 942 982 1004 1029 1067 1087 1107 1154 1176 1199 1241 1262 1286 1324 1344 1364 1402 1422 1442 1480 1500 1520 1558 1578 1598 1636 1656 1676 1714 1734 1754 1792 1812 1832 1931 1952 1976 2014 2034 2054 2092 2112 2132 2170 2190 2210 2248 2268 2288
4 9 1 1 0 1 1 0
4 10 0 1 1 0 1 0
4 11 1 0 0 1 1 0
4 12 0 0 1 1 1 1
4 14 0 1 0 1 0 0
4 15 1 0 0 0 0 0
4 16 0 0 1 1 1 0
4 17 0 1 1 0 0 0
4 19 1 1 1 1 0 1
4 20 0 1 1 0 0 0
4 21 1 1 0 0 1 0
4 22 0 0 1 1 1 0
4 24 1 1 0 1 1 0
4 25 0 0 1 1 1 0
4 26 1 0 0 1 0 0
4 27 0 1 0 1 0 1
6 14 0 1 1 1 1 0
6 15 0 1 0 1 1 1
6 16 1 0 1 1 1 0
6 17 0 0 1 0 1 0
6 18 1 1 0 0 1 0
6 19 0 1 1 1 1 1
7 9 0 0 0 0 1 1
7 10 0 0 1 0 0 0
7 11 1 1 0 1 1 0
7 12 0 1 0 0 1 1
7 14 0 0 1 1 0 0
7 15 0 1 0 0 1 1
7 16 0 1 0 1 0 0
7 17 0 0 0 1 0 0
7 19 1 1 1 0 0 1
7 20 1 0 1 1 0 0
7 21 0 1 0 0 0 1
8 11 0 0 1 1 0 0
8 12 1 1 0 1 1 1
8 13 1 0 0 0 1 0
8 15 1 0 0 1 1 1
8 16 0 1 1 0 0 0
8 17 0 0 0 0 0 1
8 18 0 1 1 0 0 0
10 9 0 0 1 1 0 0
10 10 1 0 1 0 0 1
10 11 1 1 0 0 0 0
10 12 1 0 0 1 0 1
10 13 1 0 0 0 0 0
10 16 0 0 1 1 0 1
10 17 0 1 0 0 0 0
10 18 1 0 0 1 1 0
10 19 0 0 1 0 1 0
10 20 0 1 1 0 0 0
10 21 1 1 0 1 0 0
10 22 0 1 1 0 0 1
10 23 1 0 0 0 0 0
11 9 1 1 0 0 1 0
11 10 1 1 1 1 0 1
11 11 1 1 0 0 0 0
11 12 1 0 0 1 0 1
11 13 1 0 0 0 0 0
11 16 0 0 1 1 0 0
11 17 0 1 0 0 1 1
11 18 1 1 0 0 1 0
11 19 1 1 1 1 1 1
11 21 1 0 1 1 0 0
11 22 0 1 1 0 0 1
11 23 0 1 0 1 1 0
11 24 0 0 1 0 1 1
12 12 0 0 0 0 0 0
12 16 1 1 1 0 0 1
12 17 1 0 1 1 0 0
12 18 0 1 0 0 0 1
12 19 0 0 0 0 0 0
12 20 0 0 1 1 0 0
12 21 0 1 0 0 1 1
12 22 1 1 0 0 1 0
12 23 1 1 0 0 0 1
14 14 1 0 0 1 1 0
14 15 0 1 0 1 0 1
14 16 1 1 1 0 1 0
14 18 1 1 0 1 0 0
14 19 0 0 1 0 1 1
14 20 1 0 0 1 0 0
14 21 0 1 0 0 0 1
15 13 0 0 0 0 1 1
15 14 0 0 1 0 0 0
15 15 1 1 0 1 1 0
15 16 0 1 0 0 1 1
15 18 1 1 1 0 0 0
15 19 1 1 0 0 1 1
15 20 1 0 0 1 0 0
15 21 0 1 0 0 0 1
15 22 0 0 0 0 0 1
15 23 0 1 1 0 0 0
23 10 0 0 1 1 0 0
23 11 0 1 0 0 1 1
23 12 1 1 0 1 1 0
23 13 1 0 1 0 1 0
23 15 1 0 1 1 0 0
23 16 0 1 1 0 0 1
23 17 0 1 0 0 1 0
23 19 1 1 1 1 1 0
23 20 1 0 1 0 0 1
23 21 1 1 0 0 0 0
23 22 1 1 1 0 0 1
23 23 1 0 0 0 1 1
23 24 0 1 0 0 0 1
