-0.60
27 47 74 94 122 145 172 196 223 246 273 299 327 350 378 402 430 453 481 504 532 555 584 606 634 657 686 708 736 759 787 810 838 861 889 913 941 964 991 1015 1043 1065 1094 1116 1145 1168 1196 1218 1245 1269 1299 1321 1349 1372 1400 1423 1451 1473 1501 1524 1551 1571 1598 1618 1645 1665
69 92 114 160 182 204 246 269 291 333 356 378 420 443 465 506 529 551 592 615 638 677 700 723 765 787 809 849 871 895 935 958 980 1023 1045 1067 1108 1131 1153 1194 1216 1239 1284 1307 1329 1370 1392 1414 1454 1474 1499 1542 1564 1587 1628 1651 1674 1715 1737 1759 1800 1823 1846 1887 1910 1932 1973 1995 2017 2059 2082 2104 2145 2167 2191 2229 2249 2269
1 3 0 0 1 0 0 1
1 4 1 1 0 1 0 0
1 5 0 0 1 0 1 0
1 6 0 0 0 0 1 0
1 7 0 1 1 0 0 0
1 8 1 1 0 0 0 0
1 9 0 0 1 0 1 1
1 10 1 1 1 0 0 0
1 11 0 1 1 1 0 1
1 13 1 0 0 0 1 1
1 14 1 1 1 0 1 1
1 15 1 1 0 1 0 0
1 16 0 0 1 0 1 0
1 18 1 1 0 0 0 0
1 19 0 1 1 0 1 0
1 20 1 0 1 0 0 0
1 21 1 0 1 0 1 0
1 23 0 1 0 1 0 0
1 24 0 0 1 1 0 0
1 25 0 0 1 0 0 0
1 26 1 1 1 1 1 0
1 27 1 1 1 0 0 1
2 3 0 1 1 1 1 0
2 4 0 1 0 1 1 1
2 5 1 1 0 1 0 0
2 6 0 0 1 0 1 0
2 7 0 0 0 1 0 0
2 9 1 1 1 1 1 0
2 10 1 1 1 0 0 1
2 11 0 1 0 0 0 0
2 12 1 1 0 1 0 0
2 13 0 0 1 0 1 0
2 14 0 0 0 1 0 0
2 16 1 1 0 1 1 0
2 17 0 1 0 0 1 0
2 18 1 1 0 1 0 0
2 19 0 0 1 0 1 0
2 21 1 1 0 0 1 0
2 22 0 1 0 0 0 1
2 24 0 1 0 1 1 0
2 25 1 1 1 0 1 1
2 26 1 1 0 1 0 0
2 27 0 0 1 0 1 0
2 29 1 0 0 1 1 0
2 30 0 0 1 1 1 1
2 31 0 0 0 0 1 0
2 32 0 1 1 0 0 0
3 5 0 0 1 1 1 1
3 6 1 0 0 0 1 0
3 7 0 0 1 1 1 1
3 8 1 0 0 0 0 0
3 9 0 0 1 1 1 1
3 10 1 0 0 0 0 0
3 13 0 0 0 0 0 1
3 14 0 1 0 1 0 0
3 15 0 0 1 1 0 0
3 16 0 0 1 0 0 0
3 17 1 1 1 1 1 0
3 18 1 1 1 0 0 1
3 20 0 0 0 0 0 1
3 21 0 1 1 1 1 0
3 22 0 1 0 1 1 1
3 23 1 1 0 1 0 0
3 24 0 0 1 0 1 0
4 5 0 0 0 0 1 1
4 6 0 1 1 0 0 0
4 7 1 0 0 1 1 0
4 8 0 1 0 0 1 1
4 9 1 0 1 0 1 1
4 10 1 0 1 0 1 0
4 12 0 0 1 1 1 0
4 13 1 1 1 0 0 0
4 14 1 0 0 0 0 1
4 15 0 0 0 0 1 1
4 16 0 1 1 0 0 0
5 5 1 0 0 1 1 1
5 7 1 0 0 1 1 0
5 8 0 0 1 0 1 0
5 9 1 0 1 1 0 0
5 10 1 0 1 0 0 1
5 11 0 0 1 1 0 0
5 13 0 0 1 1 0 0
5 14 0 0 1 0 0 0
5 15 1 0 0 1 1 0
5 16 1 1 0 1 1 1
5 17 0 0 0 1 0 0
5 19 1 1 1 0 0 0
5 20 1 0 1 0 1 0
5 21 0 1 0 0 1 0
5 22 1 0 1 1 0 0
5 23 1 0 0 1 0 1
5 25 1 1 0 0 1 0
5 26 1 0 1 0 1 0
5 28 1 1 1 1 0 0
5 29 1 0 0 1 0 1
5 30 1 0 0 0 0 0
6 3 0 0 1 0 0 1
6 4 1 1 0 1 0 0
6 5 0 0 1 1 1 1
6 7 0 0 1 1 0 0
6 8 1 0 1 0 1 0
6 9 1 1 1 0 0 0
6 10 0 1 0 1 0 0
6 11 0 0 1 1 0 1
6 13 0 1 0 1 0 0
6 14 1 0 0 1 1 0
6 15 1 0 0 0 0 1
6 16 1 0 0 1 1 0
6 17 0 1 0 0 0 1
6 19 1 1 0 0 0 0
6 20 1 0 1 0 0 1
6 21 0 1 0 1 1 1
6 23 1 1 0 0 1 0
6 24 1 0 1 0 1 0
6 26 1 1 0 0 1 0
6 27 0 1 1 1 1 1
6 28 0 1 0 1 1 1
7 3 1 0 0 0 1 1
7 4 0 1 1 0 0 1
7 5 0 0 0 0 1 0
7 7 1 1 0 1 1 1
7 8 0 1 1 0 0 0
7 9 1 1 0 0 0 0
7 10 1 0 1 0 0 1
7 12 1 1 0 1 0 0
7 13 0 1 1 0 0 1
7 14 0 1 1 1 0 0
7 15 0 1 0 0 1 1
7 16 0 0 0 0 1 0
7 18 1 1 1 1 1 0
7 19 0 0 1 0 1 1
7 20 1 1 0 1 1 0
7 21 1 0 0 1 0 1
7 22 1 0 0 0 0 0
7 23 0 0 0 1 0 0
7 25 1 1 1 1 1 0
7 26 0 1 0 1 1 1
7 27 0 0 1 1 0 0
7 28 1 1 1 0 1 1
7 29 0 0 0 1 0 0
8 3 1 1 0 0 1 0
8 4 1 1 1 1 0 1
8 5 1 1 0 1 1 1
8 6 0 1 1 0 0 0
8 7 0 0 0 0 1 0
8 9 0 0 1 1 0 0
8 10 1 1 1 0 1 1
8 11 1 1 0 1 1 0
8 12 1 1 0 1 1 1
8 13 1 1 0 1 1 0
8 14 1 0 0 0 1 0
8 16 1 1 1 0 0 0
8 17 0 1 1 1 1 1
8 19 1 0 0 1 1 0
8 20 0 1 0 1 0 0
8 21 1 0 0 0 0 0
8 22 0 0 1 1 0 1
8 24 1 0 0 0 1 1
8 25 1 1 1 0 1 1
8 26 1 1 0 1 1 1
8 27 0 0 0 0 1 0
9 3 0 1 0 1 0 0
9 4 0 0 1 0 0 0
9 6 0 0 1 1 0 0
9 7 1 1 1 0 1 1
9 8 1 1 0 0 0 0
9 9 1 0 1 0 0 1
9 11 0 1 0 1 1 1
9 13 0 0 1 1 0 0
9 14 1 0 0 0 0 0
9 15 1 0 0 1 1 0
9 16 1 0 0 1 0 1
9 17 0 0 0 0 1 0
9 19 1 0 1 0 0 0
9 20 1 0 0 1 0 1
9 21 1 1 0 0 0 0
9 22 0 1 0 1 0 0
9 24 1 0 1 0 1 1
9 25 1 0 1 0 1 0
9 27 0 0 1 1 0 0
9 28 1 0 1 0 0 1
9 29 1 0 0 1 1 0
9 30 0 1 0 0 1 1
10 3 1 1 0 0 0 0
10 4 0 1 0 1 0 1
10 5 1 0 0 1 1 0
10 6 0 1 0 0 1 1
10 7 0 0 0 0 1 0
10 9 1 0 0 1 1 0
10 10 0 1 0 1 0 1
10 11 1 0 0 1 1 0
10 12 0 1 0 0 1 1
10 14 1 1 0 1 1 1
10 15 0 1 1 0 0 0
10 16 1 1 0 0 0 0
10 17 1 0 1 0 0 1
10 19 1 1 0 0 0 0
10 20 0 1 0 1 0 1
10 21 1 0 0 1 1 0
10 22 0 1 0 0 1 1
10 24 1 1 0 0 1 0
10 25 0 1 0 0 0 1
10 27 1 0 1 1 0 0
10 28 1 0 1 0 0 1
10 29 0 0 1 1 0 0
11 3 1 1 0 1 1 0
11 4 1 1 0 1 1 1
11 5 1 1 0 1 1 0
11 6 1 0 0 0 1 0
11 8 1 0 1 0 1 1
11 9 1 0 1 0 1 0
11 11 1 0 1 0 0 0
11 12 0 0 1 1 0 1
11 13 1 0 0 0 1 1
11 14 0 0 1 0 1 1
11 16 1 1 0 0 1 0
11 17 1 0 1 0 1 0
11 18 1 0 0 1 1 0
11 19 0 1 0 0 1 1
11 20 0 0 0 0 1 0
11 21 0 1 1 0 0 0
11 22 1 1 0 1 1 1
11 23 0 1 1 0 0 0
11 24 1 1 0 0 0 0
11 25 1 0 1 0 0 1
11 27 1 1 0 0 0 0
11 28 0 1 0 1 0 1
11 29 1 0 0 1 1 0
11 30 0 1 0 0 1 1
12 3 1 0 0 0 1 1
12 4 0 1 0 0 0 0
12 5 0 0 0 0 1 0
12 7 1 1 1 1 1 0
12 8 0 0 1 0 0 0
12 9 1 0 0 1 0 0
12 10 0 1 0 0 0 1
12 12 0 0 1 1 1 0
12 14 1 0 0 1 1 0
12 15 0 1 0 1 0 0
12 16 1 0 0 0 0 0
12 17 0 0 1 1 0 1
12 19 0 1 0 1 1 0
12 20 0 1 1 0 1 0
12 21 1 0 0 1 0 0
12 22 0 1 0 0 0 1
12 23 0 0 0 0 1 0
12 25 1 0 0 0 1 1
12 26 0 0 1 0 0 0
12 28 1 1 1 1 1 0
12 29 1 1 1 0 0 1
13 3 0 0 1 0 0 1
13 4 1 0 0 0 1 1
13 5 0 0 1 1 1 1
13 7 1 0 0 1 1 0
13 8 0 1 0 0 0 1
13 10 0 0 0 1 1 0
13 11 1 1 1 0 0 0
13 12 0 1 0 1 0 0
13 13 0 1 1 0 0 0
13 14 0 0 0 1 1 0
13 16 1 1 1 1 1 0
13 17 1 1 0 0 1 0
13 18 0 0 1 1 0 1
13 19 1 0 0 1 1 0
13 20 0 1 0 1 0 0
13 22 1 0 1 0 1 1
13 23 1 0 1 0 1 0
13 24 0 0 0 1 1 1
13 25 0 0 1 1 0 1
13 27 0 0 1 1 0 0
13 28 0 1 1 0 0 0
13 29 1 1 1 0 0 0
13 30 0 0 1 1 1 0
14 3 1 1 0 0 0 0
14 4 0 0 1 0 0 1
14 5 0 1 0 1 1 1
14 7 1 0 0 0 1 1
14 8 0 1 1 0 0 1
14 9 0 0 0 0 1 0
14 10 0 1 1 0 0 0
14 11 1 1 0 1 0 1
14 12 1 1 1 0 0 0
14 13 0 1 0 1 0 0
14 14 0 0 0 1 0 0
14 16 1 1 1 1 0 0
14 17 1 1 0 0 0 1
14 18 1 1 1 0 0 0
14 19 0 0 1 1 0 1
14 20 0 0 0 1 0 0
14 22 1 1 0 0 0 0
14 23 0 1 0 1 0 1
14 24 1 0 0 1 1 0
14 25 0 1 0 0 1 1
14 27 1 1 0 1 0 0
14 28 1 0 1 0 0 1
15 3 0 0 1 0 0 1
15 4 1 0 0 1 1 0
15 5 1 0 1 0 0 1
15 7 0 0 1 1 1 0
15 9 1 1 0 1 1 0
15 10 0 0 0 1 1 1
15 11 0 0 0 1 1 1
15 12 0 0 0 0 1 0
15 14 1 0 0 1 1 0
15 15 0 1 0 0 1 1
15 16 1 0 1 0 1 1
15 17 1 0 1 0 1 0
15 19 0 0 1 1 1 0
15 21 1 1 1 0 0 0
15 22 1 0 0 0 0 1
15 23 1 1 0 0 1 0
15 24 1 0 1 0 1 0
15 25 0 0 0 0 1 0
15 26 0 1 1 0 0 0
16 3 1 0 0 0 1 1
16 4 1 1 1 0 1 1
16 5 1 1 0 1 0 0
16 6 0 0 1 0 1 0
16 8 1 1 1 1 0 0
16 9 1 1 0 0 0 1
16 10 1 1 1 0 0 0
16 11 0 0 1 1 0 1
16 13 1 0 1 1 0 0
16 14 0 1 1 1 0 1
16 15 1 1 0 1 0 0
16 16 0 0 1 0 1 1
16 18 0 0 1 1 0 0
16 19 0 1 0 0 1 1
16 21 0 0 1 1 1 1
16 22 1 0 0 0 0 0
16 23 1 1 0 0 0 0
16 24 0 1 0 1 1 0
16 25 0 0 1 0 0 1
16 26 0 0 1 1 1 1
16 27 1 0 0 0 0 0
16 28 1 1 0 1 0 0
16 29 0 1 0 1 1 0
17 3 0 0 1 0 0 1
17 4 1 0 0 1 0 0
17 5 0 0 0 0 1 0
17 6 0 1 1 0 0 0
18 5 1 1 1 0 0 0
18 6 1 0 0 1 0 1
18 7 1 1 0 0 1 0
18 8 0 1 0 1 0 0
18 10 1 0 0 0 1 1
18 11 0 1 0 0 0 0
18 12 0 0 0 0 1 0
18 14 1 0 0 0 1 1
18 15 1 1 1 0 1 1
18 17 1 0 1 0 1 0
18 18 0 1 1 0 0 0
18 20 1 0 1 0 0 0
18 21 0 1 0 0 1 1
18 22 1 0 1 0 0 0
18 23 1 1 1 1 0 1
18 24 0 0 0 0 1 0
18 26 1 0 0 0 1 1
18 27 0 1 1 0 0 1
18 28 0 0 1 1 0 0
18 29 1 0 0 0 0 0
19 3 1 1 0 1 1 0
19 4 0 1 0 1 0 0
19 5 0 1 0 1 1 0
19 6 1 1 1 0 1 1
19 8 1 1 0 1 0 0
19 9 0 1 1 0 0 1
19 10 0 1 1 1 0 0
19 11 0 1 0 0 1 1
19 12 0 0 0 0 1 0
19 14 1 0 1 1 0 0
19 15 1 0 1 0 0 1
19 16 0 0 1 1 0 0
19 17 1 0 0 1 1 0
19 18 1 1 0 1 1 1
19 20 1 0 1 0 1 1
19 21 0 1 0 1 1 0
19 22 1 1 1 0 0 1
19 24 0 0 1 1 0 0
19 25 1 0 1 0 1 0
19 26 1 1 1 0 0 0
19 27 0 1 0 1 0 0
19 28 0 0 0 0 1 0
20 3 1 1 0 0 0 0
20 4 1 0 1 0 0 1
20 5 1 0 1 0 0 0
20 6 0 1 0 0 0 1
20 8 1 0 0 1 1 1
20 10 1 0 1 1 0 0
20 11 1 1 1 0 0 1
20 12 1 1 1 0 0 0
20 13 0 1 0 1 0 0
20 15 1 1 0 0 1 0
20 16 1 1 0 1 0 1
20 17 1 1 0 1 0 1
20 18 0 0 0 0 1 0
20 20 1 0 1 1 0 0
20 21 1 0 1 0 0 1
20 22 0 0 1 1 0 0
20 24 0 0 1 1 1 0
20 26 1 1 0 1 1 0
20 27 0 1 0 1 0 1
20 28 0 0 1 1 0 0
20 29 1 0 1 0 0 1
21 3 1 0 1 0 0 0
21 4 1 1 1 1 0 1
21 5 1 0 0 1 0 1
21 6 0 0 1 0 0 0
21 7 0 0 0 0 1 0
21 8 0 1 1 0 0 0
21 9 1 0 1 0 1 1
21 10 0 1 0 1 0 1
21 12 1 0 1 1 0 0
21 13 1 0 1 0 0 1
21 14 0 0 1 1 0 0
21 15 1 0 0 1 1 0
21 16 1 1 0 1 1 1
21 18 1 1 0 0 1 0
21 19 1 0 1 0 1 0
21 21 1 0 1 1 0 0
21 22 1 0 1 0 0 1
21 23 0 0 1 1 0 0
21 25 1 1 1 0 0 0
21 26 1 0 1 0 1 0
21 27 0 1 0 0 1 0
22 3 0 0 1 0 0 1
22 4 1 0 1 1 0 0
22 5 1 0 0 1 0 1
22 7 1 0 1 1 1 0
22 8 0 0 1 1 1 1
22 10 1 1 0 0 1 0
22 11 0 1 0 1 0 0
22 12 1 0 0 1 1 0
22 13 1 0 0 0 0 1
22 15 1 0 0 1 1 0
22 16 0 1 0 0 0 1
22 18 1 1 0 1 1 0
22 19 0 1 0 1 0 0
22 20 1 1 1 1 1 0
22 21 1 0 1 0 0 1
22 23 1 0 0 0 1 1
22 24 0 1 1 0 0 1
22 25 0 0 0 0 1 0
22 27 1 0 1 0 1 1
22 28 0 1 0 1 0 1
22 29 0 1 1 0 0 0
23 3 1 1 1 0 0 0
23 4 1 0 0 1 0 1
23 5 1 1 0 0 1 0
23 6 0 1 0 1 0 0
23 8 1 0 1 0 1 1
23 9 0 1 0 1 0 1
23 11 1 1 0 1 1 1
23 12 0 1 1 0 0 0
23 13 1 1 0 0 0 0
23 14 1 0 1 0 0 1
23 16 1 1 0 0 0 0
23 17 0 1 0 1 0 1
23 18 1 0 0 1 1 0
23 19 0 1 0 0 1 1
23 21 1 0 0 0 1 1
23 22 0 1 0 0 0 0
23 23 0 0 0 0 1 0
23 25 1 0 1 1 0 0
23 26 1 0 1 0 0 1
23 27 0 0 1 1 0 0
23 28 1 0 0 1 1 0
23 29 1 1 0 1 1 1
24 3 1 0 1 0 1 1
24 4 1 0 1 0 1 0
24 6 1 1 0 0 1 0
24 7 1 1 0 1 1 1
24 8 1 0 1 1 0 0
24 9 1 1 1 0 0 1
24 11 0 0 1 1 0 0
24 12 0 1 0 0 0 0
24 13 1 1 0 0 1 0
24 14 1 0 0 1 0 1
24 16 0 1 1 0 1 1
24 17 0 0 1 0 0 0
24 18 1 1 0 1 0 0
24 19 1 1 1 0 0 1
24 21 0 1 0 1 0 0
24 22 0 1 0 0 0 0
24 23 1 0 0 1 1 0
24 24 0 1 0 0 1 1
24 25 0 0 0 0 1 0
24 27 1 1 0 1 1 0
24 28 0 1 0 1 0 0
24 29 0 1 0 0 0 0
25 3 0 1 1 1 0 0
25 4 1 0 1 0 1 0
25 5 0 1 0 1 1 1
25 7 1 1 0 1 1 0
25 8 1 1 0 0 0 1
25 10 0 1 1 1 1 0
25 11 0 1 0 1 1 1
25 13 1 0 1 1 0 0
25 14 1 1 1 0 0 1
25 16 0 1 0 1 0 0
25 17 0 1 0 0 0 0
25 18 0 0 0 0 1 0
25 19 0 1 1 0 0 0
