-0.40
55 78 106 129 157 180 207 230 258 281 309 332 360 384 411 435 462 486 514 537 565 588 616 639 667 690 718 741 769 792 821 844 872 894 922 946 973 997 1024 1047 1075 1098 1126 1149 1177 1200 1228 1252 1280 1303 1331 1354 1384 1407 1436 1458 1486 1508 1537 1560 1588 1612 1640 1663
55 78 100 144 166 189 231 253 276 318 341 362 403 426 448 488 512 533 574 596 619 662 684 706 746 768 791 833 856 878 918 941 963 1005 1027 1049 1090 1113 1135 1175 1198 1221 1268 1290 1312 1357 1379 1401 1441 1463 1485 1527 1550 1572 1614 1636 1659 1700 1722 1745 1786 1808 1831 1873 1895 1917 1958 1980 2003 2044 2066 2089 2131 2154 2176 2218 2240 2262
1 5 1 0 1 1 0 1
1 6 0 1 0 1 1 0
1 8 1 1 1 0 0 1
1 9 1 1 0 1 1 1
1 10 0 0 1 1 0 0
1 11 1 0 0 1 0 1
1 13 0 0 1 0 1 0
1 14 1 1 0 1 0 0
1 15 0 1 1 1 1 0
1 16 0 0 0 0 1 1
1 17 0 1 0 0 0 0
1 18 1 1 1 0 0 1
1 19 1 1 0 1 0 0
1 21 0 1 0 0 0 1
1 22 1 0 0 1 1 0
1 23 1 0 1 1 1 0
1 25 1 0 0 0 0 0
1 26 0 1 0 0 0 1
1 27 1 0 0 1 1 0
1 28 0 0 1 1 1 1
1 30 0 0 1 1 0 1
1 31 1 1 0 0 1 0
2 4 0 0 1 1 0 1
2 5 1 1 0 0 1 0
2 7 0 1 0 0 0 0
2 8 1 0 1 1 0 1
2 9 1 0 0 0 1 0
2 10 0 0 1 1 0 1
2 11 0 0 0 1 1 0
2 13 1 1 1 0 1 1
2 14 0 0 0 1 0 1
2 16 0 1 0 1 0 1
2 17 0 1 1 1 0 1
2 18 0 1 1 0 1 0
2 19 1 1 0 1 0 0
2 21 0 1 0 0 0 1
2 22 1 0 0 1 1 0
2 23 0 1 1 1 1 1
2 24 0 1 1 1 0 0
2 26 0 1 0 1 1 1
2 28 0 1 0 0 0 0
2 29 0 1 1 0 1 0
2 30 1 1 0 0 1 1
2 31 0 0 1 0 0 1
3 4 1 0 1 1 0 1
3 5 0 0 0 1 1 1
3 7 0 1 0 0 0 1
3 8 0 0 0 1 1 0
3 10 0 1 1 1 1 0
3 12 0 1 0 1 0 0
3 13 0 0 0 0 1 1
3 14 0 1 0 0 0 0
3 15 0 1 0 0 0 1
3 16 1 0 0 1 1 0
3 17 1 1 1 0 1 0
3 18 1 1 0 0 1 1
3 20 1 0 1 0 0 1
3 22 0 1 0 0 0 1
3 23 1 0 0 1 1 0
3 24 1 1 1 0 1 0
3 25 1 1 0 0 1 1
3 27 0 0 1 1 1 1
3 28 1 1 0 1 1 1
3 29 0 0 0 0 0 1
3 30 1 0 0 0 0 1
3 31 1 0 0 0 1 0
4 5 0 0 1 0 1 0
4 6 0 1 0 1 1 0
4 7 0 0 1 1 0 1
4 8 1 0 0 1 1 0
4 10 1 1 1 0 0 1
4 11 1 1 0 1 1 1
4 12 0 0 1 1 0 1
4 13 0 1 1 1 0 1
4 15 1 0 1 0 1 0
4 16 0 0 0 1 1 1
4 17 1 0 0 0 1 0
4 18 0 0 0 1 0 1
4 19 0 0 1 0 1 0
4 20 0 1 0 1 1 0
4 21 0 1 0 1 0 0
4 22 1 1 0 1 1 0
4 24 0 1 0 0 0 1
4 25 1 0 0 1 1 0
4 26 0 1 1 1 1 1
4 27 0 1 1 1 0 0
4 29 0 1 1 0 1 0
4 30 1 0 0 0 0 1
4 31 0 0 1 0 0 1
5 6 0 0 0 0 0 1
5 7 1 0 0 0 1 0
5 9 0 1 1 1 1 0
5 10 0 0 0 0 1 1
5 11 0 1 0 0 0 0
5 12 1 1 1 0 0 1
5 13 1 1 0 1 0 0
5 15 0 1 1 1 1 1
5 16 1 1 0 0 1 0
5 17 0 0 1 1 1 1
5 19 1 0 0 0 0 0
5 20 0 0 1 0 1 0
5 21 1 0 0 1 0 1
5 22 0 0 1 1 1 1
5 24 0 0 1 1 0 1
5 25 1 1 0 0 1 0
5 27 0 1 0 0 0 0
5 28 0 1 0 0 0 1
5 29 1 0 0 1 1 0
5 30 0 1 1 1 1 1
5 31 0 1 1 1 0 0
6 3 1 0 0 0 0 0
6 4 0 0 0 0 1 0
6 5 0 1 0 0 0 1
6 6 1 1 0 1 0 1
6 8 1 0 0 0 0 0
6 9 1 1 1 0 1 0
6 10 1 1 0 0 1 1
6 12 0 0 1 1 0 1
6 13 1 1 0 0 1 0
6 15 0 1 0 0 0 0
6 16 0 0 1 1 0 0
6 17 1 0 0 1 0 1
6 18 0 0 1 1 0 0
6 19 1 0 0 1 0 1
6 21 1 0 1 0 1 0
6 22 0 0 0 1 1 1
6 24 0 0 1 1 0 0
6 25 0 1 0 1 1 0
6 26 1 1 1 1 0 1
6 28 0 1 0 0 0 1
6 29 1 0 0 1 1 0
6 30 0 1 1 1 1 1
6 31 0 1 1 1 0 0
7 4 0 0 0 0 0 1
7 5 1 0 0 0 1 0
7 7 0 1 1 1 1 0
7 9 0 1 0 1 0 0
7 10 0 0 0 0 1 1
7 11 0 1 0 0 0 0
7 12 1 1 1 0 0 1
7 13 1 1 0 1 0 0
7 15 0 1 0 0 0 0
7 16 0 1 0 0 0 0
7 17 0 1 0 0 0 0
7 18 1 0 1 0 1 0
7 19 1 0 0 1 1 1
7 21 1 0 0 0 0 0
7 22 0 1 0 0 0 1
7 23 1 0 0 1 0 0
7 25 1 0 0 0 0 0
7 26 0 0 1 0 1 0
7 27 1 0 0 1 0 1
7 29 1 0 0 0 0 0
7 30 0 0 0 0 1 1
7 31 0 0 1 1 1 1
8 5 1 0 0 0 0 0
8 6 0 0 0 0 0 1
8 7 1 0 0 0 1 0
8 8 0 0 0 1 1 1
8 10 1 0 0 0 0 0
8 11 0 0 0 0 1 1
8 12 0 1 0 0 1 0
8 13 0 1 1 1 0 0
8 15 0 0 1 1 0 1
8 16 1 1 0 0 1 0
8 18 0 1 0 0 0 0
8 19 0 0 1 1 0 0
8 20 1 0 0 1 0 1
8 21 0 0 1 1 0 0
8 22 1 0 0 1 0 1
8 24 1 1 1 1 0 0
8 25 0 1 0 1 0 1
8 26 0 1 1 1 0 1
8 28 0 1 0 0 0 1
8 29 1 0 0 1 1 0
8 30 0 1 1 1 1 1
8 31 0 1 1 1 0 0
9 5 0 1 1 1 0 0
9 6 1 0 0 0 1 0
9 7 0 0 0 1 1 1
9 9 0 1 1 1 0 0
9 10 0 1 1 1 1 1
9 11 1 1 0 1 0 0
9 13 0 1 0 1 0 0
9 14 0 1 0 1 1 0
9 15 0 0 1 0 1 0
9 16 1 0 0 0 0 1
9 17 0 0 0 0 1 1
9 18 0 1 0 0 0 0
9 19 1 1 1 0 0 1
9 20 1 1 0 1 0 0
9 22 0 1 0 0 0 0
9 23 0 1 0 0 0 0
9 24 0 1 0 0 0 0
9 25 0 0 1 0 1 0
9 26 0 1 0 1 1 0
9 28 1 0 0 0 0 0
9 29 0 0 0 1 0 0
9 30 0 0 1 1 0 1
9 31 0 1 1 1 0 0
10 4 1 1 1 0 1 0
10 5 1 1 0 0 1 1
10 7 1 0 1 0 0 1
10 8 0 0 0 0 1 1
10 9 1 0 1 1 0 0
10 10 0 0 0 1 1 0
10 12 0 0 1 0 1 0
10 13 0 0 0 1 1 1
10 14 1 1 1 0 1 0
10 15 0 0 0 0 1 1
10 16 0 1 0 0 0 0
10 17 1 0 0 0 1 0
10 18 1 1 0 0 1 1
10 19 0 1 0 0 1 0
10 21 0 0 1 0 1 0
10 22 1 1 0 1 0 0
10 24 1 0 1 0 1 0
10 25 0 0 0 1 1 1
10 26 1 0 1 1 1 0
10 27 0 1 0 1 1 0
10 28 0 1 1 1 1 0
10 29 0 0 0 1 1 1
10 30 0 0 0 0 1 0
10 31 1 0 0 0 1 0
11 5 0 1 0 0 0 1
11 6 1 0 0 1 1 0
11 7 0 1 1 1 1 1
11 8 0 1 1 1 0 0
11 10 1 1 1 0 1 0
11 11 1 1 0 1 0 0
11 13 0 0 1 0 1 0
11 14 0 1 0 1 1 0
11 16 0 1 1 1 1 0
11 17 0 0 0 1 1 1
11 18 1 1 0 0 0 1
11 19 1 1 0 1 1 0
11 21 0 0 1 1 0 1
11 22 0 1 1 1 0 0
11 23 1 1 1 0 1 1
11 24 0 1 0 1 1 0
11 26 0 0 1 0 1 0
11 27 1 1 0 1 0 0
11 29 0 1 0 0 0 1
11 30 1 1 0 1 0 1
11 31 0 0 1 0 0 1
12 5 0 0 1 0 1 0
12 6 1 1 0 1 0 0
12 8 0 1 0 0 0 1
12 9 1 0 0 1 1 0
12 10 0 1 1 1 1 1
12 11 0 1 1 1 0 0
12 13 0 0 0 0 0 1
12 14 1 0 0 0 1 0
12 16 0 1 1 0 0 1
12 17 1 0 0 1 0 1
12 18 0 1 0 1 0 1
12 20 0 1 0 0 0 0
12 21 0 1 1 1 1 0
12 22 1 1 0 1 1 0
12 23 1 0 1 1 0 0
12 25 1 0 0 0 1 0
12 26 0 1 0 1 1 0
12 27 1 1 1 0 1 1
12 28 0 1 0 1 1 0
12 30 0 0 1 0 1 0
12 31 1 1 0 1 0 0
13 6 0 0 1 1 0 0
13 7 1 0 0 1 0 1
13 8 0 0 1 1 0 0
13 9 1 0 0 1 0 1
13 11 0 0 1 0 1 0
13 12 1 1 0 1 0 0
13 14 0 1 0 0 0 1
13 15 1 0 0 1 1 0
13 16 0 1 1 1 1 1
13 17 0 1 1 1 0 0
13 19 1 1 1 0 1 0
13 20 0 1 0 1 0 1
13 21 0 1 1 1 0 1
13 23 1 0 1 0 1 0
13 24 1 1 0 0 1 1
13 25 0 0 1 1 0 0
13 26 0 1 0 1 1 0
13 28 0 1 0 1 0 1
13 29 0 1 1 1 0 1
13 30 0 1 1 0 1 0
13 31 1 1 0 1 0 0
14 3 0 1 1 0 1 0
14 4 1 0 0 0 0 1
14 5 0 1 0 0 1 0
14 6 0 1 1 1 0 1
14 8 1 0 0 0 1 0
14 9 0 0 1 1 0 1
14 10 1 0 0 0 0 1
14 12 1 1 0 0 0 1
14 14 1 0 1 1 1 0
14 15 0 1 0 1 1 0
14 17 1 0 0 0 1 0
14 18 1 1 0 0 1 1
14 19 1 0 1 1 0 0
14 20 0 0 0 1 0 1
14 22 0 0 1 0 1 0
14 23 1 0 0 0 0 1
14 25 1 0 1 0 1 0
14 26 0 1 1 1 0 1
14 28 0 1 0 0 0 0
14 29 0 0 1 0 1 0
14 30 0 1 1 1 0 1
14 31 1 0 1 1 1 1
15 6 0 0 1 1 1 1
15 7 1 0 0 1 1 0
15 8 0 1 1 0 1 1
15 9 1 1 0 1 1 0
15 11 1 0 1 0 1 1
15 12 0 0 0 1 1 0
15 14 0 0 0 0 0 1
15 15 1 0 0 0 1 0
15 17 0 0 1 1 0 0
15 18 0 0 0 1 1 0
15 20 1 0 1 0 1 0
15 21 0 0 0 1 1 1
15 22 1 0 1 1 1 0
15 23 0 1 0 1 1 0
15 24 0 1 1 1 1 0
15 25 0 0 0 1 1 1
15 26 0 0 0 0 1 0
15 27 1 0 0 0 1 0
15 29 0 1 1 1 0 0
15 30 1 0 0 0 1 0
15 31 0 0 0 1 1 1
16 20 0 0 0 0 1 1
16 21 0 1 0 0 0 0
16 22 1 1 1 0 0 1
16 23 1 1 0 1 1 1
16 24 0 0 1 1 0 0
16 25 1 0 0 1 0 1
16 27 0 0 1 0 1 0
16 28 1 1 0 1 0 0
16 30 1 1 1 1 0 0
16 31 0 0 1 1 0 0
17 4 1 1 1 0 1 0
17 5 1 1 0 0 1 1
17 7 0 1 0 0 0 0
17 8 1 0 1 0 1 0
17 9 1 1 0 0 1 1
17 10 0 0 1 1 0 0
17 11 0 1 0 1 1 0
17 13 0 1 0 1 0 1
17 14 0 1 1 1 0 1
17 15 0 1 1 0 1 0
17 16 1 1 0 1 0 0
17 18 0 0 1 0 1 0
17 19 1 1 0 1 0 0
17 21 0 1 0 0 0 1
17 22 1 0 0 1 1 0
17 23 0 1 1 1 1 1
17 24 0 1 1 1 0 0
17 26 1 0 1 0 0 1
17 27 1 1 0 1 1 0
17 28 0 1 1 0 0 1
17 29 1 1 0 1 1 0
18 2 1 0 0 0 0 0
18 3 1 0 1 0 1 1
18 4 0 0 0 1 1 1
18 5 0 1 1 0 1 0
18 6 1 1 0 1 0 0
18 7 1 0 1 0 1 0
18 8 0 0 0 1 1 0
18 10 1 1 1 0 1 0
18 11 1 1 1 0 0 1
18 12 1 1 0 1 1 1
18 14 0 0 0 0 1 1
18 15 0 1 0 0 0 1
18 16 1 1 0 1 0 1
18 17 0 0 0 1 0 0
18 18 1 1 1 0 1 0
18 19 1 1 0 1 1 0
18 21 0 0 1 0 1 0
18 22 0 0 0 1 0 1
18 24 0 1 0 0 0 1
18 25 1 0 0 1 1 0
18 26 0 1 1 1 1 1
18 27 0 1 1 1 0 0
18 29 0 1 0 0 0 1
18 30 1 1 0 1 0 1
18 31 0 0 1 0 0 1
19 5 1 0 0 0 1 0
19 6 1 1 0 1 1 0
19 7 0 1 1 1 1 1
19 8 0 0 0 1 0 1
19 10 1 0 0 0 0 0
19 11 1 0 1 0 1 1
19 12 0 0 0 1 1 1
19 13 1 0 1 1 1 0
19 14 1 0 0 0 1 0
19 15 1 1 0 1 1 0
19 17 1 0 0 0 0 0
19 18 1 0 1 0 1 1
19 19 0 0 0 1 1 1
19 20 0 1 1 0 1 0
19 21 1 1 0 1 0 0
19 22 0 1 1 0 0 1
19 23 1 0 0 0 0 1
19 25 1 0 0 0 0 0
19 26 1 0 1 0 1 1
19 27 0 0 0 1 1 1
19 28 0 1 0 0 0 1
19 29 1 0 0 1 0 0
19 30 0 0 1 0 1 0
19 31 1 0 0 1 0 1
20 6 1 0 1 0 1 1
20 7 0 0 0 1 1 1
20 8 0 1 1 1 1 0
20 9 0 0 0 1 1 1
20 11 1 1 1 0 0 1
20 12 1 1 0 1 0 0
20 14 1 0 1 0 1 1
20 15 0 0 0 1 1 1
20 17 0 1 0 1 0 0
20 18 1 1 0 1 1 0
20 19 1 1 1 1 1 0
20 20 1 1 0 1 1 0
20 22 0 1 1 0 1 0
20 23 1 1 0 1 0 0
20 24 1 1 1 0 0 0
20 26 0 0 1 0 1 0
20 27 0 1 0 1 1 0
20 29 1 0 1 0 1 1
20 30 0 0 0 1 1 1
20 31 0 0 1 0 0 1
21 3 0 0 1 1 0 1
21 4 0 1 1 1 0 1
21 6 0 1 0 0 0 1
21 7 1 0 0 1 1 0
21 8 0 1 1 1 1 1
21 9 0 1 1 1 0 0
21 11 0 1 1 0 1 0
21 12 1 0 0 0 0 1
21 13 0 0 0 0 1 1
21 14 0 0 1 1 0 1
21 15 0 1 1 1 0 0
21 17 0 1 1 1 1 0
21 19 0 0 1 0 1 0
21 20 1 1 0 1 1 0
21 22 1 0 1 0 1 1
21 23 0 0 0 1 1 1
21 24 1 0 1 0 1 1
21 25 1 0 0 1 0 1
21 27 0 1 0 0 0 0
21 28 0 1 0 0 0 1
21 29 1 0 0 1 1 0
21 30 0 1 1 1 1 1
21 31 0 1 1 1 0 0
22 27 0 0 0 0 1 1
22 28 0 1 0 0 0 0
22 29 1 1 1 0 0 1
22 30 1 1 0 1 1 1
22 31 0 0 1 0 0 1
23 15 0 1 0 0 0 1
23 16 1 0 0 1 1 0
23 17 0 1 1 1 1 1
23 18 0 1 1 1 0 0
23 20 1 0 1 0 1 1
23 21 0 0 0 1 1 1
23 22 0 1 1 0 1 0
23 23 1 1 0 1 0 0
23 24 1 0 1 0 1 0
23 25 0 0 0 1 1 0
23 28 0 0 0 1 0 0
23 29 1 1 1 0 0 1
23 30 0 1 0 1 0 0
23 31 1 1 1 0 0 1
24 3 1 1 0 0 0 1
24 4 1 1 0 0 1 1
24 5 0 1 0 1 0 0
24 6 0 1 0 1 1 0
24 8 0 1 0 1 0 1
24 9 0 1 1 1 0 1
24 11 0 1 0 1 0 0
24 12 1 1 0 1 1 0
24 13 1 1 1 1 1 0
24 14 1 1 0 1 1 0
24 16 1 1 1 1 1 0
24 18 1 0 0 0 0 0
24 19 0 0 1 0 1 1
24 20 1 0 0 0 0 1
24 22 0 1 0 1 0 1
24 23 0 1 0 1 1 0
24 25 0 0 0 0 0 1
24 26 1 0 0 0 0 1
24 28 0 0 0 0 0 1
24 29 1 0 0 0 1 0
25 4 0 1 1 1 1 1
25 5 0 1 1 1 0 0
25 7 1 0 1 0 1 1
25 8 0 0 0 1 1 1
25 9 0 1 1 0 1 0
25 10 1 1 0 1 0 0
25 11 1 0 1 0 1 0
25 12 0 0 0 1 1 0
25 14 0 0 0 1 0 0
25 15 1 1 1 0 0 1
25 16 1 1 0 1 1 1
25 18 0 1 0 0 0 0
25 19 0 1 1 0 1 0
25 20 1 1 0 1 0 0
25 21 1 0 1 0 1 0
25 22 0 0 0 1 1 0
25 24 1 0 1 0 0 1
25 25 0 1 0 1 1 0
25 26 1 0 1 1 0 0
25 27 0 0 0 1 1 1
25 29 0 0 1 0 1 0
25 30 1 1 0 1 0 0
25 31 0 0 1 0 0 1
26 2 1 0 0 1 0 0
26 3 1 1 1 0 0 1
