0.20
17 40 68 91 119 145 173 195 224 247 276 298 326 349 376 400 429 451 480 503 530 554 582 605 632 655 683 706 734 757 785 809 836 859 889 912 939 962 990 1013 1041 1064 1091 1115 1143 1166 1194 1217 1245 1268 1296 1319 1347 1370 1398 1421 1451 1474 1502 1525 1553 1577 1605 1628 1656 1679
82 104 126 170 192 215 256 279 302 344 367 389 430 453 476 515 538 561 602 625 648 688 710 733 773 795 818 860 882 905 946 969 991 1032 1054 1077 1118 1140 1162 1204 1227 1249 1293 1316 1338 1380 1403 1425 1465 1487 1510 1552 1575 1596 1639 1662 1683 1725 1748 1770 1811 1833 1856 1897 1920 1942 1983 2006 2028 2069 2092 2114 2156 2178 2201 2242 2264 2286
1 6 1 0 1 0 0 1
1 7 0 0 0 1 0 1
1 8 0 1 1 0 0 1
1 9 0 1 1 1 0 0
1 11 0 0 1 0 1 0
1 12 1 1 0 1 0 0
1 14 0 1 0 1 0 0
1 15 1 1 0 1 1 0
1 16 1 1 1 1 1 0
1 17 1 1 0 1 1 0
1 18 0 0 0 0 1 1
1 19 1 1 1 1 1 0
1 21 0 0 0 0 1 0
1 22 0 1 1 1 1 0
1 24 0 1 1 1 0 0
1 26 0 1 0 0 0 1
1 27 1 0 0 1 1 0
1 28 0 1 0 0 1 0
1 29 1 1 0 1 1 0
2 4 0 0 1 0 1 0
2 5 0 1 0 1 1 0
2 6 0 0 1 1 0 1
2 7 1 0 0 1 1 0
2 9 0 1 1 0 1 0
2 10 1 1 0 1 0 0
2 11 1 1 1 0 0 0
2 13 1 1 1 1 1 0
2 14 1 0 0 0 0 1
2 15 1 0 1 1 1 1
2 16 0 1 0 1 1 0
2 18 0 0 1 0 1 0
2 19 1 1 0 1 0 0
2 21 1 0 0 0 1 0
2 22 0 0 0 1 1 0
2 23 1 0 1 1 0 0
2 24 0 0 0 1 0 1
2 26 0 0 1 0 1 0
2 27 0 1 0 1 1 0
2 29 0 1 1 0 1 0
2 30 1 1 0 1 0 0
2 31 1 1 1 0 0 0
3 6 0 1 0 1 1 1
3 7 1 0 0 0 1 0
3 8 1 1 0 1 0 0
3 10 0 0 0 0 0 1
3 11 1 0 0 0 1 0
3 13 0 1 1 1 0 0
3 15 0 1 0 1 0 0
3 16 1 1 0 1 1 0
3 17 1 1 1 1 1 0
3 18 1 1 0 1 1 0
3 19 0 0 0 0 1 1
3 20 1 1 1 1 1 0
3 22 1 0 1 0 0 1
3 23 0 0 0 1 0 1
3 24 0 1 1 0 0 1
3 25 0 1 1 1 0 0
3 26 0 0 0 0 1 1
3 27 0 1 0 0 0 0
3 28 1 1 1 0 0 1
3 29 1 1 0 1 1 1
3 31 0 1 0 1 1 1
4 5 0 0 0 0 1 0
4 6 0 1 1 1 1 1
4 7 1 0 0 0 0 1
4 9 1 1 1 0 1 0
4 11 0 0 1 0 1 0
4 12 1 0 0 1 0 0
4 13 1 0 1 0 1 1
4 14 0 0 0 1 1 0
4 16 0 1 0 1 0 0
4 17 1 1 0 1 1 0
4 18 1 1 1 1 1 0
4 19 1 1 0 1 1 0
4 21 0 0 0 0 0 1
4 22 1 0 0 0 0 1
4 23 0 0 1 0 1 1
4 24 1 0 0 0 0 1
4 26 1 0 0 0 1 1
4 27 1 0 0 0 1 0
4 28 1 1 0 1 0 0
4 30 0 1 0 0 1 1
4 31 1 1 0 1 0 0
5 5 0 1 1 0 1 0
5 6 1 1 0 1 0 0
5 7 1 1 1 0 0 0
5 9 1 1 1 1 1 0
5 10 1 0 0 0 0 1
5 11 1 0 1 1 1 1
5 12 0 1 0 1 1 0
5 14 0 0 1 0 1 0
5 15 1 1 0 1 0 0
5 17 1 0 0 0 1 0
5 18 0 0 0 1 1 0
5 19 1 0 1 1 0 0
5 20 0 0 0 1 0 1
5 22 0 1 1 0 0 0
5 23 0 0 1 0 1 0
5 24 1 1 0 1 0 0
5 26 1 1 1 0 0 1
5 27 1 1 0 1 1 1
5 28 1 1 1 1 1 0
5 30 1 0 1 0 1 0
5 31 0 0 0 1 1 1
6 6 1 0 1 0 1 0
6 7 0 0 0 1 1 1
6 9 0 0 0 0 1 0
6 10 0 1 1 1 1 1
6 11 1 0 0 0 0 1
6 13 1 1 1 0 1 0
6 15 0 0 1 0 1 0
6 16 1 0 0 1 0 0
6 17 0 0 0 0 0 1
6 18 1 1 0 1 1 1
6 20 0 0 1 0 1 0
6 21 1 1 0 1 0 0
6 23 1 0 1 0 1 1
6 24 0 0 0 1 1 0
6 25 0 1 1 1 1 1
6 26 0 1 1 1 0 0
6 28 0 0 0 0 0 1
6 29 1 0 0 0 1 0
6 31 0 1 1 1 0 0
7 3 0 0 1 1 0 1
7 4 0 1 1 1 0 0
7 5 0 0 1 0 1 1
7 6 0 1 1 1 0 0
7 8 0 1 1 1 0 0
7 10 1 0 1 1 0 0
7 11 1 1 0 1 0 0
7 12 0 0 1 1 0 0
7 13 1 1 0 1 0 0
7 14 1 0 0 0 1 0
7 15 0 1 0 1 1 0
7 17 0 0 1 0 1 0
7 18 1 1 0 1 0 0
7 20 0 1 0 0 0 1
7 21 1 0 0 1 1 0
7 22 0 1 0 0 1 0
7 23 1 1 0 1 1 0
7 25 1 0 0 1 0 0
7 26 0 0 1 1 1 0
7 27 0 0 0 0 1 1
7 28 0 1 0 0 0 0
7 29 1 1 1 0 0 1
7 30 1 1 0 1 1 1
7 31 1 1 1 1 1 0
8 5 1 0 0 0 0 1
8 6 0 0 1 0 1 1
8 7 1 0 0 0 0 1
8 9 0 0 0 0 0 1
8 10 1 0 0 0 0 1
8 11 1 1 0 0 0 1
8 12 0 1 0 1 1 0
8 14 0 0 0 0 1 0
8 15 1 0 0 0 1 0
8 16 1 1 0 1 1 0
8 18 0 1 0 0 0 0
8 19 1 0 1 1 0 0
8 20 1 1 0 1 0 0
8 21 1 1 0 0 0 1
8 22 1 1 0 1 1 0
8 24 0 0 1 0 1 0
8 25 1 1 0 1 0 0
8 27 0 0 0 0 1 0
8 28 0 1 1 1 1 1
8 29 1 0 0 0 0 1
8 30 1 0 1 1 0 1
8 31 0 0 0 1 1 1
9 5 0 0 1 1 0 0
9 6 1 1 0 1 0 0
9 7 1 0 0 0 1 0
9 9 1 0 1 0 1 0
9 10 0 1 1 1 0 1
9 12 0 1 0 1 0 1
9 13 1 0 0 0 0 1
9 14 0 0 1 1 0 1
9 15 1 0 0 1 1 0
9 17 1 0 1 1 0 0
9 18 1 1 0 1 0 0
9 19 0 0 1 0 1 0
9 20 1 0 0 0 0 1
9 22 0 1 0 0 0 0
9 23 0 0 1 0 1 0
9 24 1 0 0 1 0 0
9 25 1 0 1 0 1 1
9 26 0 0 0 1 1 0
9 28 0 1 0 1 0 0
9 29 1 1 0 1 1 0
9 30 1 1 1 1 1 0
9 31 1 1 0 1 1 0
10 7 1 0 0 0 1 0
10 8 0 0 0 1 1 0
10 9 1 0 1 1 0 0
10 10 0 0 0 1 0 1
10 12 0 1 0 0 0 0
10 13 1 0 1 1 0 0
10 14 1 1 0 1 0 0
10 15 0 0 0 1 0 0
10 16 1 0 0 0 0 1
10 18 1 1 1 0 1 0
10 20 0 0 1 1 0 1
10 21 0 0 0 1 1 0
10 22 0 1 1 1 1 1
10 23 1 0 0 0 0 1
10 25 0 0 0 0 0 1
10 26 1 0 0 0 1 0
10 28 0 1 0 0 0 0
10 29 1 1 1 0 1 0
10 30 0 0 1 1 0 1
10 31 0 0 0 1 1 0
11 6 0 1 0 1 0 1
11 7 0 1 1 1 0 1
11 9 0 0 1 1 0 1
11 10 0 0 0 1 1 0
11 11 0 0 0 0 1 1
11 12 1 1 1 1 1 0
11 14 0 1 1 0 1 0
11 15 1 1 0 1 0 0
11 16 1 0 1 0 1 0
11 17 1 1 0 1 0 0
11 19 0 1 0 0 0 0
11 20 0 1 1 0 1 0
11 21 1 1 0 1 0 0
11 22 1 0 1 0 1 0
11 23 0 0 0 1 1 0
11 25 0 1 1 0 1 0
11 26 1 1 0 1 0 0
11 27 0 0 1 1 0 1
11 28 1 0 0 0 0 1
11 30 0 1 0 1 0 1
11 31 0 1 1 1 0 1
12 7 0 0 1 0 1 0
12 8 0 1 0 1 1 0
12 9 0 0 1 1 0 1
12 10 1 0 0 1 1 0
12 12 0 0 1 0 1 0
12 13 1 1 0 1 0 0
12 15 1 1 1 1 1 0
12 16 1 0 0 0 0 1
12 17 1 0 1 1 1 1
12 18 0 1 0 1 1 0
12 20 1 0 0 0 1 0
12 21 0 0 0 1 1 0
12 22 1 0 1 1 0 0
12 23 0 0 0 1 0 1
12 25 0 0 1 0 1 0
12 26 0 1 0 1 1 0
12 28 1 0 1 0 0 1
12 29 0 0 0 1 0 1
12 30 0 1 1 0 0 1
12 31 0 1 1 1 0 0
13 4 0 1 0 1 0 0
13 5 1 1 0 0 1 1
13 6 0 0 1 1 1 0
13 7 1 1 0 1 1 0
13 9 1 1 0 0 0 1
13 11 1 1 1 0 1 0
13 12 0 0 1 1 0 1
13 13 0 0 0 1 1 0
13 15 0 0 1 0 1 0
13 16 1 1 0 1 0 0
13 18 0 0 1 1 0 0
13 19 1 1 0 1 0 0
13 20 1 0 0 0 1 0
13 21 0 1 0 1 1 0
13 23 0 1 0 0 0 1
13 24 1 0 0 1 1 0
13 25 0 1 1 0 1 1
13 26 0 1 1 1 0 0
13 27 0 0 0 0 1 1
13 28 0 1 0 0 0 0
13 29 0 1 1 0 1 0
13 30 1 1 0 1 0 0
13 31 1 1 1 0 0 0
14 5 1 1 0 0 0 1
14 6 1 1 0 0 1 1
14 8 0 1 0 1 0 1
14 9 0 1 0 1 1 0
14 11 0 1 1 0 1 0
14 12 1 1 0 1 0 0
14 13 0 0 1 1 1 1
14 14 1 0 0 0 0 1
14 16 1 0 0 0 0 0
14 17 0 1 1 0 1 0
14 18 1 1 0 1 0 0
14 19 0 1 0 1 0 1
14 20 1 1 0 0 1 1
14 22 1 1 1 0 0 1
14 23 1 1 0 1 0 1
14 24 0 0 1 1 0 1
14 25 0 0 0 1 1 0
14 27 0 1 0 0 0 0
14 28 1 1 0 0 0 1
14 29 0 0 0 1 1 0
14 30 1 0 0 0 1 0
14 31 1 1 0 0 1 1
15 5 1 1 0 0 0 1
15 7 0 0 1 1 0 1
15 8 1 1 0 1 0 0
15 9 0 0 1 1 0 1
15 10 1 0 0 1 1 0
15 12 0 1 1 0 1 0
15 13 1 1 0 1 0 0
15 14 1 0 1 0 1 0
15 15 0 0 0 1 1 0
15 17 1 0 0 0 0 0
15 18 1 0 1 0 0 1
15 19 0 0 0 1 1 1
15 20 0 0 1 1 1 0
15 21 1 0 0 1 1 1
15 23 1 0 0 0 0 0
15 24 1 0 0 0 1 0
15 25 0 0 0 1 1 1
15 26 1 0 1 1 1 0
15 27 0 0 0 0 1 1
15 28 0 1 0 0 0 0
15 29 0 1 1 0 1 0
15 30 1 1 0 1 0 0
15 31 0 0 1 0 0 1
16 5 0 0 0 0 1 1
16 6 0 1 0 0 0 0
16 7 1 0 1 0 0 1
16 8 0 0 0 1 1 1
16 9 0 1 0 1 0 0
16 10 1 1 0 1 1 0
16 12 0 1 1 1 1 0
16 14 0 1 0 1 1 1
16 16 1 1 0 0 0 1
16 17 1 1 0 0 1 1
16 18 0 1 0 1 0 0
16 19 0 1 0 1 1 0
16 21 1 1 0 0 0 1
16 23 0 1 0 1 0 1
16 24 0 1 1 1 0 1
16 25 0 1 1 0 1 0
16 26 1 1 0 1 0 0
16 28 0 1 0 0 0 0
16 29 1 1 1 0 0 0
16 30 1 1 1 0 0 0
16 31 1 1 0 1 1 0
17 5 0 0 1 0 1 0
17 6 0 0 0 1 0 1
17 7 0 0 1 1 1 0
17 8 1 1 0 1 1 0
17 10 1 0 0 0 1 0
17 11 0 0 0 1 1 0
17 13 1 0 0 0 0 0
17 14 1 0 1 1 0 0
17 15 1 1 0 1 1 0
17 17 1 0 0 0 1 0
17 18 0 0 1 1 0 1
17 19 1 0 0 0 0 1
17 21 1 1 0 0 0 1
17 23 0 0 0 0 1 0
17 24 0 1 1 1 0 0
17 26 0 1 0 1 0 1
17 27 0 1 1 1 0 1
17 28 0 1 0 0 1 1
17 29 1 0 0 1 0 0
18 10 1 0 1 0 0 1
18 11 0 0 0 1 0 1
18 13 0 0 0 1 0 0
18 14 1 1 1 0 1 0
18 16 0 1 0 1 0 0
18 17 1 1 0 1 1 0
18 18 1 1 1 1 1 0
18 19 1 1 0 1 1 0
18 20 0 1 1 1 1 1
18 21 1 0 0 0 0 1
18 23 0 1 0 0 0 0
18 24 0 1 1 0 1 0
18 25 1 0 0 0 1 1
18 26 0 0 1 0 1 1
18 27 1 0 0 1 1 0
18 29 1 1 1 0 0 1
18 30 1 1 0 1 0 1
18 31 0 0 1 0 0 1
19 18 0 0 0 0 1 1
19 19 0 1 0 0 0 0
19 20 0 0 0 0 1 1
19 21 0 0 1 0 0 0
19 22 0 1 1 0 0 1
19 23 0 1 0 0 0 0
19 24 1 1 0 0 1 0
19 25 0 0 0 1 1 0
19 26 0 0 0 1 0 0
19 27 1 1 1 0 0 1
19 29 1 1 1 0 1 1
19 30 0 0 0 0 0 1
19 31 0 1 1 0 0 0
20 19 0 0 0 0 1 1
20 20 0 1 1 0 0 0
20 21 1 1 1 1 0 0
20 22 0 0 1 1 0 0
20 24 0 1 1 0 1 1
20 25 1 1 0 1 1 1
20 26 0 0 1 1 1 0
20 27 0 0 0 1 1 1
20 28 0 0 0 0 1 1
20 29 0 1 1 0 0 0
21 6 1 1 0 0 0 1
21 7 1 1 0 1 1 0
21 9 0 1 0 1 0 0
21 11 1 0 1 1 0 0
21 12 1 0 0 1 0 1
21 13 0 0 1 1 0 1
21 14 1 1 0 1 1 1
21 15 0 1 0 1 0 0
21 16 1 1 0 1 1 0
21 18 0 1 0 0 0 0
21 19 0 1 0 0 0 1
21 20 1 1 0 1 0 0
21 22 1 0 0 0 1 0
21 23 0 0 0 1 1 1
21 24 1 0 1 1 1 0
21 26 0 1 0 0 0 1
21 27 1 0 0 1 1 0
21 28 0 1 0 0 1 0
21 29 1 1 0 1 1 0
22 5 0 0 0 1 0 0
22 6 1 0 0 0 0 1
22 7 1 0 0 0 1 1
22 9 1 0 0 0 1 0
22 10 1 1 0 1 1 0
22 12 0 1 0 0 1 0
22 13 1 1 0 0 1 1
22 14 0 0 0 1 0 0
22 15 1 1 0 0 0 1
22 17 1 0 0 0 0 0
22 18 1 0 1 0 1 1
22 19 0 0 0 1 1 0
22 20 1 0 1 1 0 0
22 21 1 1 0 1 1 0
22 23 1 0 1 0 0 1
22 24 1 1 1 1 0 0
22 25 0 0 0 0 1 1
22 26 0 1 1 1 0 0
22 28 0 1 0 0 0 0
22 29 0 1 0 0 0 1
22 30 1 1 0 1 0 0
22 31 0 0 1 0 0 1
23 6 1 1 1 0 1 0
23 7 1 1 0 1 0 0
23 8 0 0 0 0 1 1
23 9 0 1 0 0 0 0
23 10 1 1 1 0 1 0
23 11 0 0 1 1 0 1
23 12 0 0 0 1 1 0
23 14 0 0 1 0 1 0
23 15 1 1 0 1 0 0
23 17 0 1 1 1 1 1
23 18 0 1 0 1 1 0
23 19 1 1 1 0 0 1
23 20 1 0 0 1 1 0
23 22 1 1 0 0 0 1
23 23 1 1 0 1 1 0
23 25 0 1 1 1 1 1
23 26 1 1 0 0 1 0
23 27 1 0 0 0 1 0
23 28 1 1 0 1 1 0
23 30 1 1 1 0 0 1
23 31 1 1 0 1 0 0
24 6 1 0 0 0 1 0
24 7 1 1 0 0 0 1
24 8 0 0 0 1 0 0
24 9 1 0 0 1 0 1
24 11 1 0 0 0 0 0
24 12 0 1 1 0 0 1
24 13 1 1 0 0 1 0
24 14 0 0 1 1 0 1
24 15 0 0 0 1 1 0
24 17 0 0 1 1 0 1
24 18 1 0 0 1 0 1
24 19 0 1 0 0 0 1
24 20 1 0 0 1 0 1
24 22 1 0 0 0 0 0
24 23 0 1 1 0 1 0
24 24 1 1 0 0 1 1
24 25 1 1 1 1 1 0
24 26 1 0 0 0 1 1
24 28 0 0 0 1 0 0
24 29 0 1 1 1 0 0
24 30 1 1 1 0 0 1
24 31 1 0 0 1 1 0
25 5 0 0 0 0 1 1
25 6 1 1 1 1 1 0
25 7 0 1 0 1 1 0
25 8 1 0 0 0 1 0
25 9 1 1 0 1 1 0
25 11 1 1 1 0 0 1
25 12 1 1 0 1 0 0
25 14 1 0 1 0 1 0
25 15 0 0 1 0 1 1
25 16 1 0 0 0 0 1
25 18 1 1 1 0 0 1
25 19 1 1 0 1 0 1
25 20 0 1 1 0 1 0
25 21 1 1 0 1 1 0
25 23 0 1 1 0 1 0
25 24 1 1 0 1 0 0
25 25 1 1 1 0 0 0
25 27 1 0 0 0 0 0
25 28 1 1 1 1 1 0
25 29 0 1 0 1 1 0
25 30 0 0 1 1 1 1
25 31 1 1 0 0 1 1
