-0.10
32 52 80 104 132 155 183 206 234 257 285 307 337 360 388 411 440 462 490 511 542 565 593 616 644 667 695 718 744 768 796 819 847 870 898 921 950 973 1001 1024 1052 1075 1103 1126 1154 1176 1205 1227 1256 1279 1307 1330 1358 1382 1409 1432 1459 1483 1511 1534 1563 1586 1613 1633
68 90 112 155 178 200 242 265 287 330 352 375 414 437 459 501 523 545 587 609 632 673 695 718 757 779 801 844 865 888 929 952 974 1016 1038 1060 1101 1124 1146 1186 1208 1231 1277 1300 1322 1365 1387 1410 1451 1473 1495 1538 1560 1582 1624 1647 1669 1711 1733 1756 1796 1819 1842 1883 1905 1928 1969 1990 2012 2054 2077 2099 2142 2164 2186 2230 2253 2273
1 4 0 0 0 0 1 1
1 5 0 1 1 0 0 0
1 6 1 1 1 0 0 0
1 7 1 1 0 0 0 1
1 8 1 1 1 1 1 0
1 9 0 1 1 0 1 1
1 11 1 0 0 0 0 1
1 12 1 0 0 1 1 1
1 13 0 0 0 0 1 1
1 14 0 1 1 0 0 0
2 4 1 1 0 0 0 0
2 5 0 0 1 0 1 1
2 6 1 1 0 1 0 0
2 7 0 0 1 0 1 0
2 9 1 1 0 1 1 0
2 10 1 0 0 0 1 0
2 11 1 1 1 1 1 0
2 12 1 0 1 0 0 1
2 14 1 0 1 1 0 0
2 15 1 0 0 1 0 1
2 16 1 1 0 1 1 0
2 17 0 1 0 1 0 0
2 19 1 1 0 1 1 0
2 20 0 0 1 1 1 0
2 21 1 1 0 0 1 0
2 22 0 0 1 1 1 0
2 23 0 0 0 0 1 0
2 25 1 0 0 1 1 0
2 26 1 1 1 0 0 1
2 28 1 0 0 0 1 1
2 29 0 0 1 0 1 1
3 2 0 0 1 0 0 1
3 3 0 1 1 1 1 0
3 4 1 1 1 0 1 1
3 5 1 0 0 1 1 0
3 6 1 0 1 0 0 1
3 8 1 0 0 1 1 0
3 9 0 0 1 0 1 0
3 10 0 0 0 0 1 0
3 12 1 0 1 0 0 0
3 13 0 1 0 0 0 1
3 15 1 0 0 0 1 1
3 16 0 1 1 0 0 0
3 17 1 0 0 1 1 1
3 18 0 0 1 1 0 1
3 20 1 0 1 0 0 0
3 21 1 1 1 1 0 1
3 22 1 0 0 0 1 1
3 23 0 0 1 0 1 1
3 25 1 1 0 1 1 0
3 26 0 1 0 0 0 1
3 27 1 1 0 0 0 0
3 28 1 0 1 0 0 1
4 2 1 1 0 0 1 0
4 3 0 1 1 1 1 1
4 4 0 1 0 1 1 1
4 5 0 0 0 0 1 0
4 6 0 1 1 0 0 0
4 7 1 1 1 0 0 0
4 8 1 1 0 0 0 1
4 9 1 1 1 1 1 0
4 10 0 1 1 0 1 1
4 12 1 1 1 1 1 0
4 13 0 1 1 0 0 1
4 14 1 0 0 1 1 1
4 15 0 0 1 1 0 1
4 17 0 1 1 1 1 0
4 18 1 1 1 0 1 1
4 19 1 0 1 1 0 0
4 20 1 0 0 1 0 1
4 21 0 0 0 1 0 0
4 23 1 1 0 0 1 0
4 24 1 0 0 1 1 1
4 25 1 1 0 1 0 0
4 26 1 0 1 0 0 1
4 28 1 1 0 1 1 0
4 29 0 1 0 1 0 0
5 2 0 1 1 1 0 0
5 3 0 0 1 1 0 0
5 4 1 0 0 0 0 0
5 6 1 0 0 1 1 0
5 7 0 0 1 1 1 1
5 9 1 1 1 1 1 0
5 10 1 0 1 0 0 1
5 11 0 0 0 0 1 0
5 12 0 1 1 0 0 0
5 13 1 0 0 1 1 0
5 14 0 1 0 1 1 1
5 16 0 1 1 1 1 0
5 17 1 1 1 0 1 1
5 18 0 1 1 1 1 0
5 19 0 1 0 0 1 1
5 20 0 1 1 0 0 0
5 21 0 0 0 1 0 0
5 23 0 1 0 1 1 1
5 24 0 1 1 0 0 0
5 25 0 1 1 1 1 0
5 26 0 1 0 0 1 1
5 27 0 1 1 0 0 0
5 28 0 0 0 1 0 0
6 2 1 1 0 1 0 0
6 3 1 0 1 0 0 1
6 4 0 1 1 1 1 0
6 5 0 1 0 0 1 1
6 6 0 1 1 0 0 0
6 8 1 1 0 1 1 0
6 9 0 1 0 1 0 0
6 11 1 1 0 1 1 0
6 12 1 1 0 1 1 1
6 13 1 1 0 1 1 0
6 14 1 0 0 0 1 0
6 16 1 1 0 1 1 0
6 17 1 1 0 0 0 1
6 18 1 1 0 1 1 0
6 19 1 0 1 0 0 1
6 21 0 1 1 1 0 0
6 22 1 1 0 1 1 1
6 23 0 1 1 1 1 0
6 24 0 1 0 0 1 1
6 25 0 1 1 0 0 0
6 27 1 0 0 1 1 0
6 28 0 0 1 1 1 1
7 2 1 1 0 1 1 0
7 3 0 1 0 1 0 0
7 4 1 1 0 0 1 0
7 5 1 1 0 1 1 1
7 7 1 1 1 1 1 0
7 8 0 1 1 0 0 1
7 9 1 0 0 1 1 1
7 11 1 1 0 0 0 0
7 12 0 0 1 0 1 1
7 13 1 1 0 1 0 0
7 14 0 0 1 0 1 0
7 16 0 0 1 1 0 0
7 17 0 1 1 0 0 0
7 18 1 1 1 0 0 0
7 19 0 0 1 1 1 0
7 20 0 0 0 0 1 0
7 22 1 1 0 1 1 0
7 23 0 0 1 1 0 1
7 24 1 1 0 0 1 1
7 26 1 0 0 0 1 1
7 27 1 0 1 0 0 1
7 28 1 1 0 0 1 0
7 29 1 1 0 0 0 1
8 2 1 1 0 0 1 0
8 3 1 0 1 0 1 0
8 4 1 1 1 0 0 0
8 5 1 0 1 0 1 0
8 6 0 0 0 0 1 0
8 8 0 1 1 1 1 0
8 9 0 0 1 1 1 0
8 10 1 1 0 0 1 0
8 11 0 1 0 0 0 1
8 13 1 0 0 0 0 1
8 14 0 1 0 0 0 0
8 15 0 1 0 1 1 1
8 16 0 0 0 0 1 0
8 18 1 0 1 0 0 0
8 19 0 0 1 1 0 1
8 20 0 0 1 1 0 1
8 22 1 1 0 0 1 0
8 23 0 0 1 1 1 0
8 24 1 1 0 1 1 0
8 25 0 1 0 1 0 0
8 26 1 0 0 0 0 0
8 27 0 0 0 0 1 0
9 2 1 1 0 1 1 0
9 3 1 0 0 1 0 1
9 4 0 1 1 0 0 0
9 5 1 1 1 1 0 0
9 6 0 1 0 1 0 0
9 8 1 1 0 0 1 0
9 9 0 1 0 0 0 1
9 10 0 1 0 0 0 0
9 11 0 1 0 1 1 1
9 12 0 1 1 0 0 0
9 14 1 0 0 1 1 0
9 15 0 1 0 0 0 1
9 17 1 1 0 1 1 0
9 18 0 1 0 0 1 1
9 19 1 0 1 1 1 0
9 20 0 0 1 1 1 1
9 21 0 0 0 0 1 0
9 22 0 1 1 0 0 0
10 4 0 0 0 0 1 1
10 5 0 1 1 0 0 0
10 6 1 1 0 1 0 0
10 7 1 0 1 0 0 1
10 8 0 0 0 0 1 1
10 9 0 1 1 0 0 0
10 12 1 1 1 1 1 0
10 13 1 1 1 0 0 1
10 14 0 1 0 0 0 0
10 15 1 1 0 1 0 0
10 16 0 0 1 0 1 0
11 4 0 1 0 1 0 0
11 5 0 0 1 1 0 0
11 6 0 0 1 0 0 0
11 7 1 1 1 1 1 0
11 8 1 1 1 0 0 1
11 10 0 1 1 1 1 0
11 11 0 1 0 1 1 1
11 12 1 1 0 1 0 0
11 13 0 0 1 0 1 0
11 15 1 0 0 1 1 0
11 16 0 1 0 0 0 1
11 18 1 1 1 1 0 0
11 19 1 1 0 0 0 1
11 20 1 1 1 0 0 0
11 21 0 0 1 1 0 1
11 23 0 1 1 1 1 0
11 24 0 1 0 1 0 0
11 25 1 1 0 1 1 0
11 26 0 1 1 0 1 0
11 28 1 0 0 1 1 0
11 29 0 1 1 0 1 0
12 2 1 0 1 1 0 0
12 3 0 1 1 1 0 1
12 4 1 1 0 1 0 0
12 5 0 0 1 0 1 1
12 7 0 0 1 1 0 0
12 8 0 1 0 0 1 1
12 10 0 0 1 1 1 1
12 11 1 1 0 0 0 0
12 12 1 1 0 0 0 0
12 13 0 1 0 1 1 0
12 14 0 0 1 0 0 1
12 15 0 0 1 1 1 1
12 16 1 1 0 0 0 0
12 17 1 0 0 0 1 0
12 18 0 1 0 1 1 0
12 19 0 0 1 0 0 1
12 20 1 0 0 1 0 0
12 21 0 0 0 0 1 0
12 23 1 1 1 1 1 0
12 24 0 0 1 1 1 1
12 25 1 0 0 0 0 0
12 27 1 1 1 1 1 0
12 28 1 1 1 0 0 1
12 29 0 1 0 0 0 0
13 2 0 0 1 0 0 1
13 3 1 1 0 1 0 0
13 5 0 0 0 0 1 0
13 6 0 1 1 0 0 0
13 7 1 0 0 1 1 1
13 9 1 0 0 1 1 0
13 10 0 0 1 0 1 0
13 11 1 0 1 1 0 0
13 12 1 0 1 0 0 1
13 13 0 0 1 1 0 0
13 15 0 0 1 1 0 0
13 16 0 0 1 0 0 0
13 17 1 0 0 1 1 0
13 18 1 1 0 1 1 1
13 20 1 1 0 0 1 0
13 21 1 0 1 0 1 0
13 23 1 1 1 1 0 0
13 24 1 0 0 1 0 1
13 25 1 1 0 1 0 0
13 26 0 0 1 1 1 1
13 28 0 0 1 1 0 0
13 29 1 0 1 0 1 0
14 2 0 0 1 0 0 1
14 3 1 1 1 0 0 0
14 4 0 1 0 1 0 0
14 5 0 0 1 1 0 1
14 7 0 1 0 1 0 0
14 8 1 0 0 1 1 0
14 9 1 0 0 0 0 1
14 11 1 1 0 0 0 0
14 12 1 0 1 0 0 1
14 13 0 1 0 1 1 1
14 15 0 1 0 1 0 0
14 16 0 0 1 0 0 0
14 18 1 1 0 1 1 0
14 19 1 0 0 1 0 1
14 20 1 1 0 0 1 0
14 21 0 0 1 1 1 0
14 23 1 1 0 1 1 0
14 24 1 0 0 0 1 0
14 25 1 1 1 1 1 0
14 26 1 0 1 0 0 1
14 28 1 0 0 1 0 1
14 29 0 0 0 0 1 0
15 2 0 1 1 1 1 0
15 3 0 1 0 0 1 1
15 4 1 0 0 0 1 1
15 6 1 1 0 1 1 0
15 7 1 0 0 1 0 1
15 8 1 1 0 0 1 0
15 9 0 0 1 1 1 0
15 11 1 1 0 0 0 0
15 12 0 1 0 1 0 1
15 13 1 0 0 1 1 0
15 14 0 1 0 0 1 1
15 16 1 1 0 1 0 0
15 17 1 0 1 0 0 1
15 18 1 0 0 1 1 0
15 19 1 0 1 0 0 1
15 20 0 0 0 0 1 0
15 22 1 1 0 1 1 0
15 23 1 0 1 1 0 1
15 24 1 0 0 1 1 0
15 25 0 1 0 1 0 0
15 26 1 0 0 0 0 0
15 28 1 0 0 1 1 0
15 29 0 1 0 1 1 1
16 2 0 1 1 1 1 0
16 3 0 1 0 1 0 0
16 4 1 1 0 0 0 0
16 5 0 0 1 1 1 0
16 7 1 0 0 1 1 0
16 8 0 1 0 0 0 1
16 10 1 1 0 1 0 1
16 11 1 1 1 0 0 0
16 12 0 1 0 1 0 0
16 13 0 0 0 0 1 0
16 15 0 1 0 1 0 0
16 16 0 0 1 0 0 0
16 18 0 0 1 1 1 0
16 19 0 1 0 1 0 0
16 20 1 1 0 1 1 0
16 21 0 1 1 0 1 0
16 23 0 1 0 1 0 0
16 24 0 0 1 1 0 0
16 25 0 0 1 0 0 0
16 26 1 1 1 1 1 0
16 27 1 1 1 0 0 1
16 29 0 1 1 1 1 0
16 30 0 1 0 1 1 1
17 2 0 0 1 0 0 1
17 3 1 1 0 1 0 0
17 4 0 0 1 0 1 0
17 6 1 0 0 1 1 0
17 7 0 1 0 0 0 1
17 9 1 1 1 1 0 0
17 10 1 1 0 0 0 1
17 11 1 1 1 0 0 0
17 12 0 0 1 1 0 1
17 13 0 0 0 0 1 0
17 15 1 0 0 0 1 1
17 16 0 0 1 0 0 0
17 18 1 1 1 1 0 0
17 19 1 1 0 0 0 1
17 20 1 1 1 0 0 0
17 21 0 0 1 1 0 1
17 23 1 0 0 1 1 0
17 24 0 0 1 0 1 0
17 25 0 1 0 0 0 0
17 26 1 0 0 1 1 0
17 27 0 1 1 0 1 0
17 29 1 0 1 1 0 0
17 30 0 1 1 1 0 1
18 2 0 0 1 0 0 1
18 3 1 1 0 1 0 0
18 4 0 0 1 0 1 1
18 6 0 0 1 1 0 0
18 7 0 1 0 0 1 1
18 9 1 1 0 1 1 0
18 10 0 1 0 1 1 1
18 11 1 0 0 1 1 0
18 12 1 0 0 0 0 1
18 14 1 0 0 1 1 0
18 15 0 1 0 0 0 1
18 17 1 0 0 1 0 0
18 18 0 1 1 0 0 0
18 19 1 0 0 0 1 1
18 20 1 0 1 0 0 1
18 21 0 0 0 0 1 0
18 22 0 1 1 0 0 0
18 23 1 1 0 0 0 0
18 24 0 0 1 0 1 1
18 25 1 1 0 1 0 0
18 26 0 0 1 0 1 0
18 28 0 0 1 1 0 0
18 29 0 0 1 0 0 0
18 30 1 1 0 0 1 1
19 2 1 0 1 0 1 1
19 3 0 1 0 1 0 1
19 5 1 0 0 0 1 1
19 6 1 0 1 0 0 1
19 7 1 1 1 0 0 0
19 8 1 0 0 1 0 1
19 10 0 0 1 1 0 0
19 11 0 1 1 0 0 1
19 12 1 0 1 0 1 0
19 14 0 1 0 1 0 0
19 15 0 0 1 1 0 0
19 16 0 0 1 0 0 0
19 17 1 1 1 1 1 0
19 18 1 1 1 0 0 1
19 20 0 1 1 1 1 0
19 21 0 1 0 1 1 1
19 22 1 1 0 1 0 0
19 23 0 0 1 0 1 0
19 25 1 0 0 1 1 0
19 26 0 1 0 0 0 1
19 28 1 1 0 1 1 0
19 29 0 1 0 1 0 0
19 30 1 1 1 1 1 0
19 31 1 0 1 0 0 1
20 2 1 0 0 0 1 1
20 3 0 1 1 0 0 1
20 4 0 0 0 0 1 0
20 6 1 0 0 1 0 0
20 7 0 1 0 1 0 1
20 9 1 0 1 1 1 0
20 10 0 0 1 1 1 1
20 12 0 0 1 1 0 0
20 13 1 0 1 0 0 1
20 14 1 1 0 0 0 0
20 15 1 0 1 0 0 1
20 17 0 0 1 1 0 0
20 18 0 1 1 0 0 1
20 19 1 0 1 0 1 0
20 20 0 0 0 0 1 0
20 21 0 1 1 0 0 0
20 22 1 1 1 1 1 0
20 23 1 1 1 0 0 1
20 24 0 1 0 0 0 0
20 25 1 1 0 1 0 0
20 26 0 0 1 0 1 0
20 28 1 1 0 0 1 1
21 2 1 1 0 1 1 0
21 3 0 0 1 1 1 0
21 4 1 0 1 0 0 0
21 5 1 0 1 1 0 1
21 6 1 0 0 1 1 0
21 7 0 1 0 0 0 1
21 9 1 1 0 0 1 0
21 10 0 0 1 1 1 0
21 11 0 1 1 1 0 0
21 12 1 1 1 0 0 1
21 14 1 0 1 0 1 1
21 15 1 0 1 0 1 0
21 16 1 0 0 1 1 1
21 17 0 0 0 0 1 0
21 19 1 1 1 0 0 0
21 20 1 1 0 0 0 1
21 21 1 1 1 1 1 0
21 22 0 1 1 0 1 1
21 24 1 1 1 1 1 0
21 25 0 1 1 0 0 1
21 26 1 0 0 1 1 1
21 27 0 0 1 1 0 1
21 29 1 0 0 0 1 1
21 30 0 1 0 0 0 0
22 2 0 0 1 0 0 1
22 3 0 1 0 1 1 0
22 4 0 1 0 0 0 1
22 5 0 0 1 1 0 0
22 6 0 0 1 1 1 1
22 8 1 1 0 1 1 0
22 9 0 1 0 1 0 0
22 11 1 0 0 1 1 1
22 12 1 0 0 0 0 0
22 13 1 1 0 1 1 0
22 14 1 0 0 0 1 0
22 16 1 0 0 1 1 0
22 17 0 0 1 1 1 1
22 19 1 0 1 1 1 1
22 20 1 0 1 0 0 0
22 21 0 1 0 0 0 1
22 23 1 1 0 0 0 0
22 24 1 0 0 0 0 1
22 25 0 0 1 1 0 0
22 26 0 0 1 1 1 1
22 28 1 0 0 1 1 0
22 29 0 1 0 0 0 1
23 2 0 0 1 1 0 0
23 3 1 1 1 0 0 0
23 4 0 0 1 1 1 0
23 5 0 0 0 0 1 0
24 4 0 0 1 1 1 1
24 5 1 0 0 0 1 0
24 6 0 0 1 1 1 1
24 7 1 0 0 0 0 0
24 8 0 0 1 1 1 1
24 9 1 1 0 0 0 0
24 12 0 0 0 0 0 1
24 13 1 1 0 1 1 0
24 14 0 1 0 0 1 0
24 15 1 1 0 1 0 0
24 16 0 0 1 0 1 0
25 4 0 0 0 0 1 1
25 5 0 1 1 0 0 0
25 6 1 0 0 1 1 0
25 7 0 1 0 0 1 1
25 8 1 0 1 0 1 1
25 9 1 0 1 0 1 0
25 11 0 0 1 1 1 0
25 12 0 1 1 0 0 0
25 13 1 1 1 0 0 0
25 14 1 0 0 0 0 1
25 15 0 0 0 0 1 1
25 16 0 1 1 0 0 0
26 30 0 0 1 1 1 1
26 31 1 0 0 0 1 0
13 4 0 0 1 0 1 0
14 27 1 0 1 1 0 0
23 6 0 1 1 0 0 0
