0.90
56 79 107 131 160 183 210 234 261 285 312 335 364 387 414 438 466 489 517 540 568 591 618 642 670 693 721 744 772 795 824 847 875 898 925 948 976 999 1027 1050 1077 1101 1129 1152 1179 1203 1231 1254 1283 1306 1333 1357 1387 1409 1437 1460 1488 1511 1538 1562 1591 1614 1642 1665
65 87 110 152 175 196 239 262 284 326 349 371 411 433 456 498 520 542 584 606 628 670 693 715 754 777 799 841 863 886 926 948 970 1013 1035 1057 1098 1120 1143 1183 1205 1228 1274 1296 1319 1362 1384 1406 1447 1469 1492 1535 1557 1579 1621 1643 1666 1708 1730 1752 1793 1816 1838 1880 1902 1925 1967 1989 2011 2052 2074 2096 2139 2162 2184 2224 2247 2268
1 19 0 0 0 0 1 1
1 20 0 1 1 0 0 0
1 21 1 1 1 1 0 0
1 22 0 0 1 1 0 0
1 24 0 1 1 0 1 1
1 25 1 1 0 1 1 1
1 26 0 0 1 1 1 0
1 27 0 0 0 1 1 1
1 28 0 0 0 0 1 1
1 29 0 1 1 0 0 0
2 4 0 1 1 0 0 1
2 5 0 1 1 1 0 0
2 7 0 0 1 1 1 1
2 8 1 1 0 1 0 0
2 10 0 1 0 0 0 0
2 11 1 1 0 0 0 1
2 12 0 1 0 1 1 0
2 13 1 1 0 0 0 1
2 14 1 1 0 1 1 0
2 16 1 0 0 0 1 0
2 17 1 1 0 1 1 0
2 18 1 0 1 1 0 0
2 19 1 0 0 1 0 1
2 21 0 0 1 1 0 1
2 22 1 1 0 1 1 1
2 23 0 1 0 1 0 0
2 24 1 1 0 1 1 0
2 26 0 1 0 0 0 1
2 27 1 0 0 1 1 0
2 28 0 1 1 0 0 1
2 29 0 0 0 1 1 0
3 5 0 0 1 1 0 1
3 6 0 0 0 1 1 0
3 7 0 0 1 0 1 0
3 8 1 1 0 1 1 0
3 10 0 1 1 0 0 1
3 11 0 1 1 1 0 0
3 12 1 0 1 1 1 1
3 13 0 0 0 1 0 1
3 15 1 0 1 0 0 1
3 16 1 1 1 1 0 0
3 17 0 0 0 0 1 1
3 18 0 1 1 1 0 0
3 20 0 0 1 0 1 0
3 21 0 0 0 1 0 1
3 23 0 1 0 0 0 0
3 24 0 1 0 0 0 1
3 25 1 1 0 1 0 0
3 27 0 0 1 1 0 1
3 28 1 1 0 1 0 0
3 29 0 1 1 1 1 1
3 30 1 1 0 0 1 1
3 31 0 0 1 0 0 1
4 4 1 0 0 0 1 0
4 5 1 1 0 1 1 0
4 7 0 0 1 1 0 1
4 8 1 0 0 1 1 0
4 9 1 1 1 1 0 0
4 10 0 1 0 1 1 0
4 12 1 0 0 0 0 0
4 13 1 0 1 1 0 0
4 14 1 0 0 1 0 1
4 15 0 1 1 1 1 1
4 16 1 1 0 0 1 1
4 18 1 0 1 0 0 1
4 19 1 1 1 1 0 0
4 20 0 0 1 0 1 1
4 21 1 1 0 1 1 1
4 23 0 1 1 0 1 1
4 24 1 1 0 1 1 1
4 25 0 0 1 1 1 0
4 26 0 0 0 1 1 1
4 27 0 0 0 0 1 1
4 28 0 1 0 0 0 0
4 29 1 1 1 0 1 0
4 30 1 1 1 0 1 1
4 31 0 1 0 1 1 0
5 5 1 0 0 0 0 0
5 6 0 0 0 0 1 1
5 7 0 1 1 0 1 0
5 8 1 1 0 0 1 1
5 9 0 0 0 0 1 1
5 10 1 1 1 0 1 0
5 12 1 0 0 0 0 0
5 13 0 0 0 0 1 1
5 14 0 1 1 0 1 0
5 15 1 1 0 0 1 1
5 16 0 1 1 1 1 1
5 17 1 1 0 0 1 1
5 19 1 1 1 0 1 0
5 20 1 1 0 1 0 0
5 21 0 0 0 0 1 1
5 22 0 1 0 0 0 0
5 23 0 0 1 1 0 1
5 24 1 1 0 1 1 1
5 26 1 1 1 0 0 1
5 27 1 1 0 1 0 0
5 29 0 0 0 1 0 0
5 30 1 0 0 0 0 1
5 31 1 0 0 0 1 1
6 5 1 1 1 0 0 1
6 6 1 1 0 1 0 0
6 8 0 0 0 0 1 1
6 9 0 1 1 0 1 0
6 10 1 1 0 0 1 1
6 11 1 1 1 1 1 0
6 12 1 0 0 0 1 1
6 14 0 0 1 1 0 1
6 15 1 1 0 1 1 0
6 16 0 0 1 1 1 0
6 17 1 1 0 1 1 0
6 19 0 1 0 1 0 0
6 20 1 1 0 1 1 0
6 21 1 1 1 1 1 0
6 22 1 1 0 1 1 0
6 24 1 0 0 0 1 0
6 25 1 1 0 1 1 0
6 27 0 0 0 0 1 1
6 28 0 1 1 0 1 0
6 29 1 1 0 0 1 1
6 30 0 0 1 1 0 1
6 31 1 0 0 1 1 0
7 4 0 0 1 1 1 0
7 5 0 1 0 1 1 0
7 6 0 0 1 1 0 1
7 7 0 1 1 1 0 0
7 9 0 1 1 1 1 0
7 10 1 0 1 0 0 1
7 11 1 1 0 1 1 0
7 13 0 1 0 0 0 0
7 14 1 1 0 0 0 1
7 15 0 0 0 1 1 1
7 16 0 0 0 0 1 1
7 17 1 0 0 0 0 1
7 19 0 1 0 0 0 1
7 20 1 0 0 1 1 0
7 21 0 1 1 0 0 1
7 22 0 0 0 1 1 0
7 24 1 1 1 1 0 0
7 25 0 0 1 0 1 1
7 26 1 1 0 1 1 1
7 28 1 1 1 1 1 0
7 29 0 1 0 1 1 0
7 30 1 0 0 0 1 0
7 31 1 1 0 1 1 0
8 6 0 1 0 0 0 0
8 7 0 0 0 1 0 0
8 8 1 0 0 0 1 0
8 9 1 1 0 1 1 0
8 10 1 1 0 0 0 1
8 11 0 1 0 1 1 0
8 13 1 0 1 0 0 1
8 14 1 0 1 0 0 1
8 15 0 0 0 1 0 1
8 17 0 1 0 0 0 0
8 18 1 1 1 0 1 0
8 19 0 0 0 0 1 0
8 20 0 0 1 1 0 0
8 22 0 0 1 0 1 0
8 23 0 1 0 1 1 0
8 24 1 1 0 0 0 1
8 25 1 1 0 0 1 1
8 27 0 1 0 0 0 0
8 28 0 1 0 1 0 1
8 29 0 0 0 1 1 1
8 30 0 1 0 1 0 1
8 31 0 1 0 1 1 0
9 11 0 0 0 0 1 1
9 12 0 1 0 0 0 0
9 13 1 1 1 0 0 1
9 14 1 1 0 1 0 1
9 15 0 1 1 0 1 0
9 16 1 1 0 1 1 0
9 18 0 0 1 0 1 0
9 19 1 1 0 1 0 0
9 21 0 0 0 0 1 1
9 22 1 1 1 0 1 0
9 23 0 0 0 0 1 0
9 24 0 0 1 0 1 0
9 25 0 1 0 1 1 0
9 27 1 0 0 0 1 0
9 28 1 0 0 1 1 1
9 29 0 0 0 0 1 1
9 30 1 0 1 1 0 0
9 31 1 1 0 1 1 0
10 17 0 1 0 0 0 1
10 18 1 0 0 1 1 0
10 19 0 0 0 0 1 0
10 20 0 0 1 1 1 1
10 21 1 1 0 1 1 1
10 24 0 0 0 0 1 1
10 25 0 1 1 0 0 0
10 26 0 0 1 1 0 1
10 27 1 0 0 1 1 0
10 28 0 0 0 0 1 1
10 29 0 1 1 0 0 0
11 4 0 1 0 0 1 1
11 5 1 1 0 1 0 0
11 7 0 1 0 0 1 1
11 8 1 1 0 1 1 0
11 9 1 0 0 0 1 0
11 10 1 1 0 0 1 1
11 12 1 0 1 0 0 1
11 13 0 0 0 1 1 1
11 14 0 0 1 1 1 0
11 15 1 0 0 1 1 1
11 17 0 0 1 0 1 0
11 18 1 1 0 1 0 0
11 20 0 1 0 0 0 1
11 21 1 0 0 1 1 0
11 22 1 1 1 0 1 0
11 23 1 1 0 0 1 1
11 25 0 0 1 1 1 1
11 26 1 1 0 1 1 1
11 27 0 0 0 0 0 1
11 28 1 0 0 0 0 1
11 29 1 0 0 0 1 0
12 4 0 0 0 0 1 0
12 5 0 0 1 1 1 1
12 6 1 1 0 1 1 1
12 8 0 0 0 1 0 0
12 9 1 1 1 0 0 1
12 10 1 1 0 1 1 1
12 12 0 1 0 0 0 0
12 13 1 0 0 1 0 0
12 14 0 0 1 0 0 1
12 15 1 1 0 0 1 0
12 16 0 1 0 1 0 0
12 17 0 0 0 1 1 0
12 18 1 1 1 0 0 1
12 19 0 0 1 0 0 1
12 20 1 1 0 0 1 0
12 21 0 0 0 1 1 0
12 22 0 0 0 1 1 0
12 23 1 1 1 0 0 1
12 25 0 1 1 0 1 0
12 26 1 0 0 0 0 1
12 28 0 1 1 0 0 1
12 29 1 0 0 1 1 0
12 30 1 0 1 0 1 1
12 31 1 0 0 1 0 1
13 4 0 1 0 1 0 1
13 5 1 0 0 0 0 1
13 7 1 1 1 0 0 1
13 8 1 0 0 1 1 0
13 9 1 0 1 1 0 0
13 10 1 0 0 1 1 1
13 12 0 1 0 1 0 1
13 13 0 1 0 1 1 0
13 15 1 1 1 1 1 0
13 16 1 1 0 1 0 0
13 17 0 0 0 0 0 1
13 18 1 0 0 0 0 1
13 20 1 0 0 0 0 1
13 21 0 0 1 1 0 1
13 22 1 0 0 1 0 1
13 23 0 1 0 0 0 1
13 24 1 1 0 1 0 0
13 26 1 1 1 1 0 0
13 27 0 0 0 0 1 1
13 28 0 1 0 0 0 0
13 29 0 1 0 0 0 1
13 30 1 0 0 1 1 0
13 31 0 0 1 0 0 1
14 4 0 1 0 0 0 0
14 5 1 0 1 1 0 0
14 6 1 0 0 1 0 1
14 7 0 0 1 1 0 1
14 8 1 1 0 1 1 1
14 9 0 1 0 1 0 0
14 10 1 1 0 1 1 0
14 12 1 1 0 0 0 1
14 13 0 1 0 1 1 0
14 14 1 0 1 1 0 0
14 15 1 1 0 1 1 0
14 17 0 0 0 0 0 1
14 18 1 0 0 0 1 0
14 20 1 1 1 0 1 0
14 21 0 0 1 1 0 1
14 22 0 0 0 1 1 0
14 24 0 0 1 1 0 0
14 25 1 1 0 1 0 0
14 26 1 0 0 0 1 0
14 28 1 0 1 0 0 1
14 29 1 0 0 0 1 0
14 30 0 0 0 1 1 1
14 31 0 0 1 0 0 1
15 4 1 1 1 0 1 0
15 5 1 1 0 1 0 0
15 7 0 0 0 1 0 0
15 8 1 0 0 0 1 0
15 9 1 1 0 1 0 0
15 10 1 0 1 1 0 1
15 11 1 1 0 1 1 0
15 13 0 1 0 0 0 0
15 14 0 0 1 1 0 1
15 15 1 1 0 1 0 0
15 16 0 0 1 1 0 1
15 17 1 0 0 1 1 0
15 19 0 1 1 0 1 0
15 20 1 1 0 1 0 0
15 21 1 0 1 0 1 0
15 22 0 0 0 1 1 0
15 24 1 1 0 0 0 1
15 25 0 1 0 1 1 0
15 26 1 0 1 1 0 0
15 27 1 1 0 1 1 0
15 29 0 1 1 1 0 0
15 30 0 1 1 0 1 0
15 31 1 1 0 0 1 1
16 3 1 1 1 0 1 0
16 4 1 1 0 0 1 1
16 6 0 0 1 1 1 1
16 7 1 1 0 1 1 1
16 8 0 0 0 0 0 1
16 9 1 0 0 0 0 1
16 10 1 0 0 0 1 0
16 12 0 1 0 0 1 1
16 13 1 1 0 1 1 0
16 14 1 0 0 0 1 0
16 15 1 1 0 0 0 1
16 17 0 0 0 0 0 1
16 18 1 0 0 0 1 0
16 20 0 1 0 0 0 0
16 21 1 0 0 0 1 0
16 22 0 0 0 1 1 1
16 23 1 0 1 1 1 0
16 25 0 0 1 0 1 0
16 26 1 1 0 1 0 0
16 28 1 1 0 0 0 1
16 29 0 0 0 1 1 0
16 30 1 0 0 0 1 0
16 31 1 1 0 0 1 1
17 3 1 0 1 0 1 1
17 4 1 0 0 1 0 1
17 6 0 1 0 0 1 1
17 7 1 1 0 1 0 0
17 8 0 0 0 0 1 0
17 9 0 1 0 0 0 1
17 10 1 1 0 1 0 0
17 12 1 0 1 0 0 1
17 13 0 0 0 1 1 1
17 14 0 0 1 1 1 0
17 15 1 0 0 1 1 1
17 17 0 0 0 0 0 1
17 18 0 1 1 1 0 0
17 20 0 1 0 0 0 0
17 21 1 0 1 0 0 1
17 22 0 0 0 1 1 1
17 23 0 0 1 1 1 0
17 24 1 0 0 1 1 1
17 26 0 0 1 0 1 0
17 27 1 1 0 1 0 0
17 29 0 1 0 0 0 1
17 30 1 0 0 1 1 0
17 31 0 0 1 0 0 1
18 3 0 1 1 1 1 0
18 4 0 0 0 0 0 1
18 5 1 0 0 0 0 1
18 7 0 1 0 0 0 1
18 8 1 0 0 1 1 0
18 9 0 1 1 0 0 1
18 10 0 0 0 1 1 0
18 11 0 0 0 0 1 1
18 12 0 1 0 0 0 0
18 13 0 0 1 1 0 1
18 14 0 1 1 1 0 0
18 15 0 0 0 0 1 1
18 16 1 0 0 1 0 0
18 18 0 0 1 0 1 0
18 19 1 1 0 1 0 0
18 21 0 0 1 1 0 0
18 22 1 1 0 1 0 0
18 23 1 1 1 0 1 0
18 24 1 1 0 1 1 0
18 26 0 1 1 0 1 0
18 27 1 0 0 0 0 1
18 29 0 1 1 0 0 1
18 30 1 0 0 1 1 0
18 31 0 0 1 0 0 1
19 2 0 0 1 1 0 1
19 3 1 1 0 1 1 1
19 4 1 0 0 0 1 0
19 5 1 1 0 1 1 0
19 7 0 0 1 0 1 0
19 8 1 1 0 1 0 0
19 10 0 1 0 0 0 1
19 11 1 0 0 1 1 0
19 12 1 1 1 0 1 0
19 13 1 1 0 0 1 1
19 15 0 0 1 1 1 1
19 16 1 1 0 1 1 1
19 17 0 0 0 0 0 1
19 18 1 0 0 0 0 1
19 19 1 0 0 0 1 0
19 21 0 1 0 1 0 1
19 22 0 0 1 0 1 1
19 23 1 0 0 0 0 1
19 25 1 0 1 1 0 0
19 26 0 0 0 1 1 1
19 27 0 0 1 1 0 1
19 28 0 1 1 1 0 0
19 30 1 0 1 0 1 0
19 31 0 1 1 1 0 1
20 5 0 1 1 1 1 0
20 7 0 1 0 0 0 1
20 8 1 0 0 1 1 0
20 9 0 0 0 0 1 0
20 10 0 0 1 1 1 1
20 11 1 1 0 1 1 1
20 12 0 0 0 0 1 1
20 13 0 1 0 0 0 0
20 14 0 1 0 1 0 1
20 15 0 0 1 0 1 1
20 16 1 0 0 0 0 1
20 18 0 0 1 1 0 1
20 19 0 0 0 1 1 0
20 20 0 0 1 1 0 1
20 21 1 0 0 0 0 1
20 23 1 1 1 0 0 1
20 24 1 1 0 1 0 1
20 26 1 0 1 0 1 0
20 27 1 0 0 1 0 0
20 29 0 1 0 0 0 0
20 30 0 0 1 0 1 1
20 31 0 1 1 1 0 0
21 3 0 0 0 0 1 0
21 4 0 1 1 1 0 0
21 6 1 0 1 0 0 1
21 7 1 1 1 1 0 0
21 8 0 0 1 0 1 1
21 9 1 1 0 1 1 1
21 11 0 1 1 0 1 1
21 12 1 1 0 1 1 1
21 13 0 0 1 1 1 0
21 14 0 0 0 1 1 1
21 16 0 1 0 0 0 0
21 17 1 1 1 1 0 0
21 18 0 1 0 1 0 1
21 19 0 1 1 1 0 1
21 21 0 0 1 1 1 1
21 22 1 0 0 0 1 1
21 23 1 1 0 0 0 1
21 24 0 1 0 1 1 0
21 26 0 0 1 0 1 0
21 27 1 1 0 1 0 0
21 28 1 0 1 1 0 1
21 29 0 0 0 1 0 1
21 30 1 1 0 0 0 1
21 31 1 1 0 1 1 0
22 4 0 0 1 0 1 0
22 5 1 1 0 1 0 0
22 7 1 1 1 0 0 1
22 8 1 0 0 0 0 1
22 9 0 0 1 1 0 0
22 10 0 0 0 1 1 0
22 12 0 0 1 0 1 0
22 13 0 0 0 1 0 1
22 14 1 1 1 1 0 1
22 16 1 1 1 0 0 1
22 17 1 1 0 1 0 0
22 19 0 1 0 1 0 0
22 20 1 1 0 1 1 0
22 21 0 0 0 1 0 0
22 22 1 1 1 1 0 0
22 24 1 0 0 0 1 0
22 25 1 1 0 1 1 0
22 27 1 1 1 0 0 1
22 28 1 0 0 0 0 1
22 29 0 0 1 0 1 0
22 30 1 1 0 0 1 0
22 31 0 0 1 0 0 1
23 27 0 0 0 0 1 1
23 28 0 1 0 0 0 0
23 29 1 1 0 0 0 1
23 30 0 0 0 1 1 1
23 31 1 0 0 0 0 1
24 17 0 1 0 0 0 1
24 18 1 0 0 1 1 0
24 19 0 1 0 0 1 0
24 20 1 1 0 1 1 0
24 21 0 0 1 0 0 0
24 24 0 0 0 1 1 0
24 25 1 1 1 0 0 1
24 26 0 0 0 1 0 0
24 27 1 1 1 0 0 1
24 28 0 1 0 1 0 0
24 29 1 1 1 0 0 1
25 17 0 0 0 0 1 1
25 18 0 1 1 0 0 0
25 19 0 0 1 1 0 0
25 20 0 0 0 1 1 1
25 21 0 0 0 0 1 1
25 22 1 1 0 0 0 1
25 24 0 1 0 1 0 1
25 25 0 1 1 1 0 1
25 26 0 1 1 0 1 0
25 27 1 1 0 1 0 0
25 28 0 0 0 0 1 1
25 29 0 1 1 0 0 0
26 2 0 1 0 1 0 0
26 3 1 1 1 0 0 1
