0.60
64 84 112 136 164 187 215 238 268 291 319 342 370 393 422 444 472 495 523 546 575 597 626 648 676 699 727 750 778 800 830 853 881 903 932 955 982 1006 1033 1057 1085 1108 1136 1159 1187 1210 1238 1261 1290 1312 1340 1363 1391 1413 1442 1464 1494 1515 1544 1564 1591 1611 1638 1658
72 94 117 161 182 206 247 269 292 335 357 380 421 444 466 506 528 551 593 615 638 678 701 724 763 785 809 850 872 894 937 959 981 1022 1044 1064 1108 1130 1153 1194 1217 1240 1284 1306 1328 1370 1393 1415 1456 1478 1501 1542 1564 1586 1628 1651 1673 1715 1737 1760 1800 1824 1846 1887 1910 1932 1973 1996 2018 2059 2082 2104 2146 2168 2191 2229 2249 2269
1 4 1 1 0 1 1 0
1 5 0 1 0 0 1 0
1 6 1 1 0 1 0 0
1 7 0 0 1 0 1 0
1 9 1 0 0 0 1 1
1 11 1 1 0 0 1 1
1 12 0 1 0 0 0 0
1 14 1 1 0 1 1 1
1 15 0 1 1 0 0 0
1 16 1 1 0 1 1 0
1 17 1 1 0 1 1 1
1 18 1 1 0 1 1 0
1 19 1 0 0 0 1 0
1 21 1 0 0 1 1 0
1 22 0 1 0 0 0 1
1 24 1 0 0 0 1 1
1 25 0 0 1 0 1 1
1 26 1 0 1 0 0 0
1 27 0 0 1 1 0 1
2 2 0 0 0 1 1 1
2 3 1 0 0 1 1 0
2 4 0 1 0 0 1 1
2 6 1 1 0 0 1 0
2 7 0 1 0 0 0 1
2 9 1 0 1 0 0 0
2 10 1 0 0 1 0 1
2 11 1 1 0 0 0 0
2 12 0 1 0 1 0 0
2 14 1 0 0 1 1 0
2 15 0 1 0 0 0 1
2 17 1 1 0 0 1 0
2 18 1 1 1 1 0 1
2 19 0 0 1 1 0 0
2 20 1 1 0 1 1 1
2 22 0 0 0 1 1 1
2 23 1 0 0 1 1 0
2 24 0 1 0 0 1 1
2 26 1 1 0 1 0 0
2 27 1 0 1 0 0 1
2 28 1 1 0 0 1 0
2 29 0 1 0 0 0 1
3 2 1 1 1 0 1 0
3 4 1 1 1 1 1 0
3 5 0 0 1 1 1 1
3 6 0 0 0 0 1 0
3 7 0 1 1 0 0 0
3 8 1 0 0 0 1 1
3 9 0 0 1 0 1 1
3 10 1 0 1 0 0 0
3 11 0 0 1 1 0 1
3 13 1 1 0 1 1 1
3 14 0 1 1 0 0 0
3 15 1 1 0 1 1 0
3 16 1 1 0 1 1 1
3 17 1 1 0 1 1 0
3 18 1 0 0 0 1 0
3 20 1 0 0 0 1 1
3 22 0 1 0 1 0 0
3 23 0 0 1 0 0 0
3 25 1 0 0 1 1 0
3 26 0 1 0 1 0 0
3 27 1 1 1 0 1 0
4 2 1 0 0 1 1 0
4 3 0 1 1 0 1 0
4 5 1 0 0 1 1 0
4 6 0 1 0 1 0 0
4 7 0 1 1 1 0 0
4 9 0 0 1 1 0 0
4 10 0 1 1 0 0 1
4 11 0 0 1 1 0 0
4 12 0 0 1 0 0 0
4 14 1 1 0 1 1 0
4 15 1 1 0 1 1 1
4 16 1 1 0 1 1 0
4 17 1 0 0 0 1 0
4 19 1 1 0 0 0 0
4 20 0 1 1 1 0 1
4 21 1 0 0 1 0 0
4 22 0 1 0 0 0 1
4 24 0 1 0 1 1 1
4 26 0 0 1 1 0 0
4 27 1 1 1 0 1 1
4 28 0 1 0 0 0 0
5 2 1 1 1 0 0 0
5 3 0 1 0 1 0 1
5 5 1 1 0 1 1 1
5 6 1 1 1 1 1 0
5 7 0 0 1 1 1 1
5 9 1 0 0 1 1 0
5 10 0 1 0 0 0 1
5 11 0 0 0 0 1 1
5 13 1 0 1 0 0 0
5 14 1 0 0 1 0 1
5 15 1 1 0 0 0 0
5 16 0 1 0 1 0 0
5 18 1 0 0 1 1 0
5 19 0 1 0 0 0 1
5 21 1 1 0 0 1 0
5 22 1 1 1 1 0 1
5 23 0 0 1 1 0 0
5 24 1 1 0 1 1 1
5 26 0 0 0 1 1 1
5 27 1 0 0 1 1 0
5 28 0 1 0 0 1 1
6 2 1 0 0 0 1 1
6 4 0 1 0 1 0 0
6 5 0 0 1 0 0 0
6 7 1 0 0 0 1 1
6 8 1 1 1 0 1 1
6 9 1 1 0 0 0 0
6 10 0 1 1 1 0 1
6 12 1 0 0 1 1 0
6 13 0 1 0 0 0 1
6 15 1 1 1 1 1 0
6 16 0 0 1 0 0 0
6 17 1 0 0 1 0 0
6 18 0 1 0 0 0 1
6 22 0 0 1 1 0 0
6 23 1 1 1 0 1 1
6 24 0 1 0 0 0 0
6 26 1 1 1 0 0 0
6 27 0 1 0 1 0 1
7 2 1 1 0 1 1 1
7 3 1 1 1 1 1 0
7 4 0 0 1 1 1 1
7 5 0 0 0 0 1 0
7 6 0 1 1 0 0 0
7 7 1 1 0 0 0 1
7 8 1 0 0 1 0 0
7 10 1 1 0 1 1 0
7 11 0 1 0 0 1 0
7 12 1 1 0 1 0 0
7 13 0 0 1 0 1 0
7 15 1 0 0 1 1 0
7 16 0 1 0 0 0 1
7 18 1 1 0 0 1 0
7 19 0 1 0 1 0 0
7 20 1 0 0 1 1 0
7 21 1 0 0 0 0 1
7 22 1 0 0 1 1 0
7 23 1 0 0 1 0 1
7 25 1 0 0 0 1 1
7 27 1 0 0 0 1 1
7 28 0 1 1 0 0 1
7 29 1 0 0 0 1 1
7 30 1 0 1 0 0 1
8 2 1 1 1 0 0 0
8 3 1 0 1 1 0 1
8 4 0 0 1 1 0 0
8 5 1 1 1 0 1 1
8 6 0 1 0 0 0 0
8 8 1 0 0 1 1 0
8 9 0 1 0 0 0 1
8 11 1 1 0 1 1 0
8 12 0 0 1 1 1 0
8 13 1 0 0 1 1 0
8 14 1 0 0 1 0 1
8 15 0 0 0 0 1 0
8 17 1 1 0 1 1 0
8 18 0 1 0 1 0 0
8 19 0 1 0 0 0 0
8 21 1 1 0 0 1 0
8 22 0 0 1 1 1 0
8 23 0 0 1 1 0 0
8 24 0 0 1 0 0 0
8 26 0 0 1 1 0 0
8 27 0 1 1 0 0 1
8 28 0 0 1 1 0 0
9 2 1 1 0 1 1 0
9 3 1 1 0 1 1 1
9 4 1 1 0 1 1 0
9 5 1 0 0 0 1 0
9 7 1 1 0 0 0 0
9 8 0 1 1 1 0 1
9 9 1 0 0 1 0 0
9 10 0 1 0 0 0 1
9 11 0 0 0 0 1 0
9 13 0 0 1 1 0 0
9 14 0 1 0 0 0 1
9 15 1 0 0 1 1 0
9 16 1 0 0 1 0 1
9 18 1 1 0 1 0 0
9 19 1 0 1 0 0 1
9 20 0 0 1 1 0 0
9 21 1 0 1 0 1 0
9 23 1 0 1 0 1 1
9 24 0 1 0 1 0 1
9 26 0 1 0 1 0 0
9 27 1 0 0 1 1 0
9 28 1 0 0 0 0 1
10 2 1 1 0 0 0 0
10 3 1 0 1 0 0 1
10 4 0 1 0 1 1 1
10 5 0 0 0 0 1 0
10 7 0 1 0 1 0 0
10 8 0 0 1 0 0 0
10 10 0 0 1 1 0 0
10 11 1 1 1 0 1 1
10 12 1 1 0 0 0 0
10 13 1 0 1 0 0 1
10 15 0 1 0 1 1 1
10 17 0 0 1 1 0 0
10 18 1 0 0 0 0 0
10 19 1 0 0 1 1 0
10 20 1 0 0 1 0 1
10 21 0 0 0 0 1 0
10 23 1 0 1 0 0 0
10 24 1 0 0 1 0 1
10 25 1 1 0 0 0 0
10 26 0 1 0 1 0 0
11 2 1 0 1 0 1 1
11 3 1 0 1 0 1 0
11 5 0 0 1 1 0 0
11 6 1 0 1 0 0 1
11 7 1 0 0 1 1 0
11 8 0 1 0 0 1 1
11 10 1 1 0 0 0 0
11 11 0 1 0 1 0 1
11 12 1 0 0 1 1 0
11 13 0 1 0 0 1 1
11 14 0 0 0 0 1 0
11 16 1 0 0 1 1 0
11 17 0 1 0 1 0 1
11 18 1 0 0 1 1 0
11 19 0 1 0 0 1 1
11 21 1 1 0 1 1 1
11 22 0 1 1 0 0 0
11 23 1 1 0 0 0 0
11 24 1 0 1 0 0 1
11 26 1 0 1 0 1 1
11 27 1 0 1 0 1 0
12 2 1 0 0 0 1 1
12 3 0 0 1 0 1 1
12 4 1 0 1 0 0 0
12 5 0 0 1 1 0 1
12 7 1 1 0 0 1 0
12 8 0 1 0 0 0 1
12 10 1 0 1 0 0 0
12 11 1 0 0 1 0 1
12 12 1 1 0 0 0 0
12 13 0 1 0 1 0 0
12 15 1 1 0 0 1 0
12 16 1 1 1 1 0 1
12 17 0 0 1 1 0 0
12 18 1 1 0 1 1 1
12 20 1 0 0 1 1 0
12 21 0 1 0 0 0 1
12 23 1 1 0 1 0 0
12 24 1 0 1 0 0 1
12 25 1 1 0 0 1 0
12 26 0 1 0 0 0 1
13 2 0 0 0 1 1 1
13 3 1 0 0 1 1 0
13 4 0 1 0 0 1 1
13 5 0 0 0 0 1 0
13 6 0 1 1 0 0 0
13 7 1 0 0 0 1 1
13 8 0 1 1 0 1 1
13 9 1 1 0 1 0 0
13 10 0 0 1 0 1 0
13 12 1 1 0 0 1 0
13 13 0 1 0 1 0 0
13 14 1 0 0 1 1 0
13 15 1 0 0 0 0 1
13 17 1 0 0 1 1 0
13 18 0 1 0 0 0 1
13 20 1 1 0 0 0 0
13 21 1 0 1 0 0 1
13 22 0 1 0 1 1 1
13 24 0 0 1 1 1 0
13 26 1 1 0 1 1 0
13 27 1 1 0 0 0 1
13 28 0 1 1 1 1 0
13 29 1 0 0 0 1 0
14 2 0 1 1 1 1 0
14 3 0 1 0 1 0 0
14 4 1 1 0 0 0 0
14 5 0 0 1 1 1 0
14 6 0 0 0 0 1 0
14 8 1 1 0 0 0 0
14 9 1 0 1 0 0 1
14 10 1 0 1 1 1 0
14 11 0 0 1 1 1 1
14 13 0 1 1 1 1 0
14 14 1 0 1 0 1 0
14 15 1 0 0 1 1 0
14 16 0 1 0 0 1 1
14 17 0 0 0 1 0 0
14 19 0 0 1 1 0 0
14 20 1 1 1 0 0 1
14 21 1 0 0 1 1 0
14 22 0 1 0 0 1 1
14 24 1 1 0 0 1 0
14 25 1 0 1 0 1 0
14 27 0 1 1 1 1 0
14 28 0 0 1 1 1 0
15 2 0 0 1 0 0 1
15 3 1 0 0 1 1 0
15 4 0 1 0 0 1 1
15 5 0 0 0 0 1 0
15 6 0 1 1 0 0 0
15 7 1 1 0 1 0 1
15 8 1 1 1 0 0 0
15 9 0 1 0 1 0 0
15 10 0 0 0 1 0 0
15 12 1 1 1 1 0 0
15 13 1 1 0 0 0 1
15 14 1 1 1 0 0 0
15 15 0 0 1 1 0 1
15 16 0 0 0 1 0 0
15 18 1 1 0 0 0 0
15 19 0 1 0 1 0 1
15 20 1 0 0 1 1 0
15 21 0 1 0 0 1 1
15 23 1 1 0 1 0 0
15 24 1 0 1 0 0 1
15 25 1 0 0 1 1 0
15 26 1 0 1 0 0 1
15 28 0 0 1 1 1 0
16 2 1 1 0 1 1 0
16 3 0 0 0 1 1 1
16 4 0 0 0 1 1 1
16 5 0 0 0 0 1 0
16 7 1 0 0 1 1 0
16 8 0 1 0 0 1 1
16 9 1 0 1 0 1 1
16 10 1 0 1 0 1 0
16 12 0 0 1 1 1 0
16 14 1 1 0 0 1 0
16 15 1 0 0 0 1 0
16 16 0 1 1 1 1 0
16 17 0 0 1 1 1 0
16 19 1 1 1 0 1 0
16 23 1 1 0 1 1 0
16 24 1 0 0 0 1 0
16 25 1 1 1 0 0 0
16 26 0 0 1 1 0 1
16 27 0 0 0 0 1 0
16 28 0 1 1 0 0 0
17 4 1 0 0 1 0 0
17 5 0 1 1 0 1 0
17 6 1 0 1 0 1 1
17 7 1 0 1 0 1 0
17 9 1 0 0 0 1 1
17 10 0 1 0 0 0 0
17 12 0 0 1 1 1 0
17 14 0 0 1 1 0 0
17 15 1 0 1 0 0 1
17 16 0 1 0 1 0 0
17 18 1 1 0 1 1 0
17 19 1 0 0 1 0 1
17 20 0 0 0 1 0 0
17 22 1 1 0 0 0 0
17 23 0 1 0 1 0 0
17 25 1 1 0 1 1 0
17 26 1 1 0 0 0 1
17 27 1 0 1 0 0 0
17 28 0 1 0 0 0 1
18 2 0 0 1 0 0 1
18 3 1 0 1 1 1 0
18 4 0 0 1 1 1 1
18 6 1 1 0 1 0 0
18 7 0 1 1 0 0 1
18 8 0 1 1 1 0 0
18 9 0 1 0 0 1 1
18 10 0 0 0 0 1 0
18 12 0 0 1 1 0 0
18 13 1 1 1 0 1 1
18 14 1 1 0 1 1 0
18 15 1 1 0 1 1 1
18 16 1 1 0 1 1 0
18 17 1 0 0 0 1 0
18 19 0 1 0 1 1 1
18 20 1 0 0 0 0 0
18 22 1 0 1 0 0 0
18 23 0 0 1 1 0 1
19 2 0 0 0 0 1 1
19 3 0 0 1 0 0 0
19 4 0 1 1 1 1 1
19 6 0 0 1 1 1 1
19 7 1 0 0 0 0 0
19 8 1 1 0 0 0 0
19 9 0 1 0 1 1 0
19 10 0 0 0 0 1 0
19 11 0 0 1 0 1 1
19 12 0 0 0 0 0 1
19 13 0 1 1 0 0 0
19 14 0 0 0 0 1 0
19 15 0 1 1 0 0 0
20 4 0 0 0 0 1 1
20 5 0 1 1 0 0 0
20 6 1 1 1 0 0 0
20 7 1 1 0 0 0 1
20 8 1 1 1 1 1 0
20 9 0 1 1 0 1 1
20 11 1 0 0 0 0 1
20 12 1 0 0 1 1 1
20 13 0 0 0 0 1 1
20 14 0 1 1 0 0 0
21 4 1 1 0 1 1 0
21 5 0 1 0 0 1 0
21 6 1 1 0 1 0 0
21 7 0 0 1 0 1 0
21 9 1 1 0 1 0 1
21 10 1 1 1 0 0 0
21 11 0 1 0 1 0 0
21 13 1 0 0 1 1 0
21 14 0 0 1 0 1 0
21 15 0 0 0 0 1 0
21 17 1 1 0 1 1 0
21 18 1 0 0 0 1 0
21 19 1 1 1 1 1 0
21 20 1 0 1 0 0 1
21 21 1 0 1 1 0 0
21 22 1 0 0 1 0 1
21 24 1 0 0 0 1 0
21 26 1 1 0 1 1 0
22 2 0 0 1 0 0 1
22 3 1 0 0 1 1 0
22 4 0 0 1 0 1 0
22 5 0 0 0 0 1 0
22 7 1 0 0 0 1 1
22 8 0 1 1 0 0 0
22 9 1 0 0 1 1 1
22 10 0 0 1 1 0 1
22 12 1 1 0 1 1 0
22 13 1 0 0 1 0 1
22 14 1 1 0 0 0 0
22 15 0 1 1 1 0 1
22 16 0 0 0 1 0 0
22 18 0 0 1 1 1 0
22 19 1 0 0 0 0 0
22 20 0 1 1 1 1 0
22 21 0 1 0 0 1 0
22 23 1 1 0 1 1 0
22 24 0 1 0 1 0 0
22 26 0 1 1 1 0 0
22 27 0 0 1 1 0 0
22 28 1 0 0 0 0 0
23 2 1 0 0 1 1 0
23 3 0 0 1 1 1 1
23 5 1 1 0 1 1 0
23 6 0 1 0 1 0 0
23 7 0 1 0 1 1 0
23 8 1 1 1 0 1 1
23 10 1 1 0 1 1 0
23 11 0 0 1 1 1 0
23 13 1 1 0 1 0 0
23 14 0 0 1 1 1 1
23 15 1 1 0 0 1 0
23 16 1 1 1 0 1 1
23 18 1 0 0 1 1 0
23 19 0 1 0 0 0 1
23 21 1 1 0 0 0 0
23 22 1 0 1 0 0 1
23 23 0 1 0 1 1 1
23 24 0 0 0 0 1 0
23 25 0 1 1 0 0 0
23 26 1 0 0 1 1 0
24 2 1 1 0 1 0 0
24 3 0 0 1 1 1 1
24 4 1 0 0 0 1 1
24 5 1 0 0 0 0 0
24 7 0 1 1 1 0 0
24 8 1 1 0 1 1 1
24 9 0 1 1 1 1 0
24 10 0 1 0 0 1 1
24 11 0 0 0 1 0 0
24 13 1 0 1 1 0 0
24 14 0 0 1 0 1 0
24 15 1 0 1 1 0 0
24 16 1 0 1 0 0 1
24 18 1 1 0 0 0 0
24 19 1 0 1 0 0 1
24 20 0 1 0 1 1 0
24 21 0 0 1 0 1 1
24 22 0 0 0 1 0 0
24 24 1 0 1 1 0 0
24 25 1 0 0 0 0 0
24 26 0 0 1 1 1 0
24 27 0 1 0 1 0 0
25 2 0 1 1 1 1 0
25 3 1 1 1 0 0 1
25 4 1 1 0 0 1 0
25 5 1 1 0 1 1 1
25 6 0 0 0 1 0 0
25 8 0 0 0 1 1 1
25 9 1 0 0 1 1 0
25 10 0 1 0 0 1 1
25 12 1 1 0 1 1 0
25 13 0 1 0 0 1 1
25 14 1 0 1 1 1 0
25 15 0 0 1 1 1 1
25 17 0 0 1 1 0 0
25 18 0 1 1 0 0 1
25 19 0 1 0 1 0 1
25 21 1 0 0 1 1 0
25 22 0 0 1 1 1 1
25 24 1 1 0 1 1 0
25 25 0 1 0 1 0 0
25 26 1 1 0 0 1 0
25 27 1 1 0 1 1 1
25 28 0 1 1 0 0 0
6 20 0 1 0 1 1 1
16 21 1 1 0 0 1 1
21 27 0 0 1 1 1 0
23 27 0 1 0 1 1 1
