-0.10
66 89 118 142 169 192 220 243 271 293 323 346 375 398 427 449 478 500 528 551 580 602 630 654 682 704 732 755 783 806 833 856 885 908 936 959 987 1010 1038 1061 1089 1112 1140 1163 1192 1215 1243 1265 1293 1316 1345 1368 1396 1419 1446 1469 1497 1520 1547 1573 1602 1624 1651 1671
86 108 131 174 196 218 261 283 305 347 370 392 434 456 479 521 542 565 605 627 650 693 715 737 776 798 820 863 886 908 949 971 993 1035 1057 1080 1120 1143 1165 1206 1227 1250 1296 1319 1341 1386 1408 1430 1471 1493 1515 1558 1580 1602 1644 1666 1689 1731 1752 1775 1816 1839 1861 1903 1924 1947 1989 2010 2032 2075 2098 2120 2162 2184 2206 2249 2271 2291
1 1 1 1 1 1 1 0
1 2 0 1 1 0 0 1
1 3 1 0 0 1 1 1
1 5 1 1 0 0 0 0
1 6 0 0 1 0 1 1
1 7 1 1 0 1 0 0
1 8 0 0 1 0 1 0
1 10 0 0 1 1 0 0
1 11 0 1 1 0 0 0
1 12 1 1 1 0 0 0
1 13 0 0 1 1 1 0
1 14 0 0 0 0 1 0
1 15 0 1 1 0 0 0
1 16 1 1 0 1 1 0
1 17 0 0 1 1 0 1
1 18 1 1 0 0 1 1
1 20 1 0 0 0 1 1
1 21 1 0 1 0 0 1
1 22 1 1 0 1 1 0
1 23 1 1 0 0 0 1
1 25 1 1 0 0 1 0
1 26 1 0 1 0 1 0
1 27 1 1 0 0 1 0
1 28 0 1 1 1 1 1
1 29 0 0 0 0 1 0
2 1 1 1 0 0 1 0
2 2 1 1 1 1 1 1
2 3 1 1 1 0 0 0
2 4 0 1 0 1 0 0
2 6 1 1 0 1 1 0
2 7 1 1 0 1 1 1
2 8 1 1 0 1 1 0
2 9 1 0 0 0 1 0
2 10 0 0 0 0 1 0
2 12 1 1 0 0 1 0
2 13 1 1 0 1 1 1
2 14 1 1 0 1 1 0
2 15 1 0 0 0 1 0
2 17 1 1 0 1 1 0
2 18 0 1 0 1 0 0
2 19 0 1 0 1 1 0
2 20 1 1 1 0 1 1
2 21 0 0 0 1 0 0
2 23 0 1 0 1 1 0
2 24 0 0 1 0 1 1
2 25 1 0 0 1 1 0
2 26 0 1 0 1 0 1
2 28 1 1 0 1 1 0
2 29 1 0 0 0 0 1
3 1 0 0 1 0 0 1
3 2 1 1 1 0 0 0
3 3 1 1 0 1 1 1
3 4 0 0 0 0 1 0
3 6 1 0 1 0 1 1
3 7 0 0 1 1 1 1
3 8 1 0 1 0 0 0
3 9 1 0 1 1 0 1
3 11 1 1 0 1 1 0
3 12 0 1 0 1 0 0
3 13 0 1 0 1 1 0
3 14 1 1 1 0 1 1
3 15 0 0 0 1 0 0
3 17 0 1 0 1 1 0
3 18 0 0 1 0 1 1
3 19 1 0 0 1 1 0
3 20 0 1 0 1 0 1
3 22 1 1 0 0 1 0
3 23 1 0 1 0 1 0
3 24 1 0 0 1 1 0
3 25 0 1 0 0 1 1
4 1 1 0 1 1 1 0
4 2 0 0 1 1 1 1
4 3 1 1 1 0 0 0
4 4 0 1 0 1 0 0
4 5 0 0 0 0 1 0
4 7 1 0 0 1 0 0
4 8 1 0 1 0 0 1
4 9 1 1 0 1 1 0
4 10 1 1 0 0 0 1
4 12 1 1 0 0 1 0
4 13 0 1 1 1 1 1
4 14 1 0 0 0 1 0
4 16 1 1 0 0 1 0
4 17 0 0 0 1 1 1
4 18 1 1 0 0 1 0
4 19 1 1 0 1 1 1
4 21 1 1 0 1 1 0
4 22 0 1 0 1 0 0
4 24 1 1 0 0 1 0
4 25 0 0 1 1 1 0
4 26 1 1 1 1 1 0
5 1 1 1 0 1 1 0
5 2 0 1 0 1 0 0
5 3 0 1 0 1 1 0
5 4 1 1 1 0 1 1
5 6 1 1 1 1 0 0
5 7 0 1 0 1 0 0
5 8 1 1 1 0 0 0
5 9 0 1 1 0 1 0
5 11 1 0 0 1 1 0
5 12 0 0 1 1 1 1
5 14 1 0 1 0 1 1
5 15 1 0 1 0 1 0
5 16 1 0 0 1 1 1
5 17 0 0 0 0 1 0
5 18 0 1 1 0 0 0
6 3 0 0 1 1 1 1
6 4 1 0 0 0 1 0
6 5 0 0 1 1 1 1
6 6 1 0 0 0 0 0
6 7 0 0 1 1 1 1
6 8 1 0 0 1 0 0
6 11 0 0 0 0 0 1
6 12 0 1 0 1 1 0
6 13 1 1 1 0 1 1
6 14 1 1 0 1 0 0
6 15 0 0 1 0 1 0
7 3 0 1 0 1 1 0
7 4 1 1 1 0 1 1
7 5 1 1 0 1 0 0
7 6 0 0 0 0 1 0
7 8 1 1 0 1 0 0
7 9 0 0 1 0 1 1
7 11 0 0 1 1 0 0
7 12 0 1 1 0 0 1
7 13 0 1 0 1 1 0
7 14 1 1 1 0 1 1
7 16 1 1 0 0 1 0
7 17 0 1 0 0 0 1
7 19 0 0 1 1 0 0
7 20 0 0 1 0 0 0
7 21 0 1 0 1 1 0
7 22 1 1 1 0 1 1
7 24 1 1 1 0 0 0
7 25 1 0 1 1 0 1
7 26 0 0 1 1 0 0
7 27 0 1 0 0 1 1
7 28 0 0 0 0 1 0
7 29 0 1 1 0 0 0
8 3 0 0 0 0 1 1
8 4 0 1 1 0 0 0
8 5 1 0 0 1 1 0
8 6 0 1 0 0 1 1
8 7 1 0 1 0 1 1
8 8 1 0 1 0 1 0
8 10 0 0 1 1 1 0
8 11 1 1 1 0 0 0
8 12 1 0 0 0 0 1
8 13 0 0 0 0 1 1
8 14 0 1 1 0 0 0
9 3 0 0 1 1 0 0
9 4 0 1 1 0 0 1
9 5 0 1 0 1 1 0
9 6 1 1 1 0 1 1
9 7 1 1 0 1 0 0
9 8 0 0 1 0 1 0
9 10 1 0 0 0 1 1
9 12 1 0 0 1 1 1
9 14 1 0 0 0 1 1
9 15 1 1 1 0 1 1
9 16 0 0 1 1 0 0
9 17 0 1 1 0 0 1
9 19 1 0 0 1 1 0
9 20 0 0 1 0 1 0
9 21 0 0 1 1 0 1
9 22 0 1 0 0 0 0
9 23 1 1 0 1 1 0
9 24 0 1 0 1 0 0
9 26 1 1 0 0 1 0
9 27 1 0 1 0 1 0
10 1 0 0 1 1 0 0
10 2 0 1 1 0 0 1
10 3 1 1 0 1 1 0
10 4 0 0 1 0 1 1
10 6 1 1 0 0 1 0
10 7 0 1 0 1 0 0
10 8 1 0 0 1 1 0
10 9 1 0 0 0 0 1
10 10 0 0 1 1 0 1
10 12 0 1 0 1 0 0
10 13 1 0 0 1 1 0
10 14 1 0 0 0 0 1
10 16 1 1 0 0 0 0
10 17 1 0 1 0 0 1
10 18 0 1 0 1 1 1
10 20 1 1 0 0 1 0
10 21 1 0 1 0 1 0
10 23 1 1 0 0 1 0
10 24 0 1 1 1 1 1
10 25 0 1 0 1 1 1
10 27 1 0 0 0 1 1
10 28 0 1 1 0 0 1
10 29 0 0 0 0 1 0
11 1 1 1 0 1 1 1
11 2 0 1 1 0 0 0
11 3 1 1 0 0 0 0
11 4 1 0 1 0 0 1
11 6 1 1 0 1 0 0
11 7 0 1 1 0 0 1
11 8 0 1 1 1 0 0
11 9 0 1 0 0 1 1
11 10 0 0 0 0 1 0
11 12 0 1 0 1 0 0
11 13 0 0 1 0 0 0
11 15 0 0 1 1 0 0
11 16 1 1 1 0 1 1
11 17 1 1 0 0 0 0
11 18 1 0 1 0 0 1
11 20 0 1 0 1 1 1
11 22 0 0 1 1 0 0
11 23 1 0 0 0 0 0
11 24 1 0 0 1 1 0
11 25 1 0 0 1 0 1
11 26 0 0 0 0 1 0
11 28 1 0 1 0 0 0
11 29 1 0 0 1 0 1
12 1 0 0 1 0 0 1
12 2 1 1 0 0 0 0
12 3 0 1 0 1 0 0
12 5 1 0 1 0 1 1
12 6 1 0 1 0 1 0
12 8 0 0 1 1 0 0
12 9 1 0 1 0 0 1
12 10 1 0 0 1 1 0
12 11 0 1 0 0 1 1
12 13 1 1 0 0 0 0
12 14 0 1 0 1 0 1
12 15 1 0 0 1 1 0
12 16 0 1 0 0 1 1
12 17 0 0 0 0 1 0
12 19 1 0 0 1 1 0
12 20 0 1 0 1 0 1
12 21 1 0 0 1 1 0
12 22 0 1 0 0 1 1
12 24 1 1 0 1 1 1
12 25 0 1 1 0 0 0
12 26 1 1 0 0 0 0
12 27 1 0 1 0 0 1
13 1 1 0 1 0 1 1
13 2 1 0 1 0 1 0
13 4 1 0 1 0 0 0
13 5 1 0 0 0 0 1
13 6 0 1 0 1 1 0
13 7 1 1 1 0 1 1
13 9 1 1 0 0 1 0
13 10 1 1 0 1 1 1
13 11 1 1 0 0 1 0
13 12 0 1 0 0 0 1
13 14 1 0 0 1 1 0
13 15 0 1 0 0 0 1
13 17 1 1 0 0 0 0
13 18 0 1 0 1 0 1
13 19 1 0 0 1 1 0
13 20 0 1 0 0 1 1
13 21 0 0 0 0 1 0
13 22 0 1 1 0 0 0
14 3 0 0 1 1 0 0
14 4 0 0 1 0 0 0
14 5 0 1 0 1 1 0
14 6 1 1 1 0 1 1
14 7 1 1 0 1 0 0
14 8 0 0 1 0 1 0
14 10 1 0 0 0 1 1
14 12 1 0 0 1 1 1
14 14 1 0 0 0 1 1
14 15 1 1 1 0 1 1
14 16 0 0 1 1 0 0
14 18 1 1 1 0 0 0
14 19 1 0 1 0 1 0
14 20 0 1 0 0 1 0
14 21 1 0 1 1 0 0
14 22 1 0 0 1 0 1
14 24 1 1 0 0 1 0
14 25 0 1 0 1 0 0
14 26 1 0 0 1 1 0
14 27 1 0 0 0 0 1
14 28 0 0 1 1 0 1
15 1 0 1 0 1 0 0
15 2 1 0 0 1 1 0
15 3 1 0 0 0 0 1
15 4 1 0 0 1 1 0
15 5 0 1 0 0 0 1
15 7 1 1 0 0 0 0
15 8 1 0 1 0 0 1
15 9 0 1 0 1 1 1
15 11 1 1 0 0 1 0
15 12 1 0 1 0 1 0
15 14 1 1 0 0 1 0
15 15 0 1 1 1 1 1
15 16 0 1 0 1 1 1
15 18 1 0 0 0 1 1
15 19 0 1 1 0 0 1
15 20 0 0 0 0 1 0
15 22 1 1 0 1 1 1
15 23 0 1 1 0 0 0
15 24 1 1 0 0 0 0
15 25 1 0 1 0 0 1
15 27 1 1 0 1 0 0
15 28 0 1 1 0 0 1
16 1 0 0 1 0 0 1
16 2 0 1 1 1 0 0
16 3 0 1 0 0 1 1
16 4 0 0 0 0 1 0
16 6 0 1 0 1 0 0
16 7 0 0 1 0 0 0
16 9 0 0 1 1 0 0
16 10 1 1 1 0 1 1
16 11 1 1 0 0 0 0
16 12 1 0 1 0 0 1
16 16 0 0 1 1 0 0
16 17 1 0 0 0 0 0
16 18 1 0 0 1 1 0
16 19 1 0 0 1 0 1
16 20 0 0 0 0 1 0
16 22 1 0 1 0 0 0
16 23 1 0 0 1 0 1
16 24 1 1 0 0 0 0
16 25 0 1 0 1 0 0
16 27 1 0 1 0 1 1
16 28 1 0 1 0 1 0
17 1 0 0 1 1 0 0
17 2 1 0 1 0 0 1
17 3 1 0 0 1 1 0
17 4 0 1 0 0 1 1
17 6 1 1 0 0 0 0
17 7 0 1 0 1 0 1
17 8 1 0 0 1 1 0
17 9 0 1 0 0 1 1
17 10 0 0 0 0 1 0
17 12 1 0 0 1 1 0
17 13 0 1 0 1 0 1
17 14 1 0 0 1 1 0
17 15 0 1 0 0 1 1
17 17 1 1 0 1 1 1
17 18 0 1 1 0 0 0
17 20 1 1 0 0 1 0
17 21 0 1 0 0 0 1
17 23 0 0 1 1 0 0
17 24 0 1 1 0 0 1
17 25 0 0 1 1 0 0
17 26 0 0 1 0 0 0
18 1 1 0 1 0 1 1
18 2 1 0 1 0 1 0
18 4 1 0 1 0 0 0
18 5 1 0 0 0 0 1
18 6 0 1 0 1 1 0
18 7 1 1 1 0 1 1
18 9 1 1 0 0 1 0
18 10 1 1 0 1 1 1
18 11 1 1 0 0 1 0
18 12 0 1 0 0 0 1
18 14 1 0 0 1 1 0
18 15 0 1 0 0 0 1
18 17 1 1 0 0 0 0
18 18 0 1 0 1 0 1
18 19 1 0 0 1 1 0
18 20 0 1 0 0 1 1
18 21 0 0 0 0 1 0
18 22 0 1 1 0 0 0
19 3 1 1 0 0 0 0
19 4 0 0 1 0 1 1
19 5 1 1 0 1 0 0
19 6 0 0 1 0 1 0
19 8 1 0 0 1 0 0
19 9 0 1 1 0 1 0
19 10 1 0 1 0 1 1
19 11 1 0 1 0 1 0
19 13 1 0 0 0 1 1
19 14 0 1 0 0 0 0
19 16 1 1 0 1 0 1
19 17 1 1 1 0 0 0
19 18 0 1 0 1 0 0
19 20 0 0 1 1 1 0
19 22 1 0 1 0 0 0
19 23 1 0 0 0 0 1
19 24 0 1 0 1 1 0
19 25 1 1 1 0 1 1
19 26 0 0 0 0 1 0
19 28 1 0 0 1 1 0
19 29 0 1 0 0 1 1
20 1 0 0 1 0 0 1
20 2 1 0 1 0 1 1
20 3 1 0 1 0 1 0
20 5 0 0 1 1 1 0
20 7 1 1 0 0 1 0
20 8 1 0 0 0 1 0
20 9 0 1 1 1 1 0
20 10 0 0 1 1 1 0
20 12 1 1 1 0 1 0
20 14 1 1 0 0 1 1
20 16 1 1 0 1 1 0
20 17 1 0 0 0 1 0
20 18 1 1 1 0 0 0
20 19 0 0 1 1 0 1
20 20 0 0 0 0 1 0
20 21 0 1 1 0 0 0
20 22 0 1 0 1 0 0
20 23 1 1 0 0 0 0
20 24 1 1 1 0 0 1
20 26 0 1 1 1 0 0
20 27 1 0 1 0 0 1
20 28 1 0 0 1 1 0
20 29 1 0 1 0 0 1
21 1 1 0 1 1 0 0
21 2 0 1 1 1 0 1
21 3 1 1 0 1 0 0
21 4 0 0 1 0 1 1
21 6 0 0 1 1 0 0
21 7 0 1 0 0 1 1
21 9 0 0 1 1 1 1
21 10 1 0 0 0 0 0
21 11 1 1 0 0 0 0
21 12 0 1 0 1 1 0
21 13 0 0 1 0 0 1
21 14 0 0 1 1 1 1
21 15 1 0 0 0 0 0
21 16 1 1 0 1 0 0
21 17 0 1 0 1 1 0
21 18 0 0 1 0 0 1
21 19 1 0 0 1 0 0
21 20 0 0 0 0 1 0
21 21 0 1 1 0 0 0
22 3 0 0 0 0 1 1
22 4 0 1 1 0 0 0
22 5 1 1 1 0 0 0
22 6 1 1 0 0 0 1
22 7 1 1 1 1 1 0
22 8 0 1 1 0 1 1
22 10 1 0 0 0 0 1
22 11 1 0 0 1 1 1
22 12 0 0 0 0 1 1
22 13 0 1 1 0 0 0
23 3 1 1 0 0 0 0
23 4 0 0 1 0 1 1
23 5 1 1 0 1 0 0
23 6 0 0 1 0 1 0
23 8 1 0 1 0 0 0
23 9 1 0 0 0 0 1
23 10 0 1 0 1 1 0
23 11 1 1 1 0 1 1
23 13 1 1 0 0 1 0
23 14 1 1 0 1 1 1
23 15 1 1 0 0 1 0
23 16 0 1 0 0 0 1
23 17 0 0 0 0 1 0
23 19 1 0 0 1 0 0
23 20 1 1 0 1 1 0
23 21 0 1 0 1 0 0
23 22 1 1 1 0 0 0
23 23 1 0 1 1 0 1
23 25 1 1 0 0 1 0
23 26 0 0 1 1 1 0
23 27 0 0 0 0 1 0
24 1 1 0 0 0 1 1
24 2 0 1 1 0 0 0
24 3 1 0 0 1 1 1
24 4 0 0 1 1 0 1
24 6 1 0 1 0 0 0
24 7 1 1 1 1 0 1
24 8 1 0 0 0 1 1
24 9 0 0 1 0 1 1
24 11 1 1 0 1 1 0
24 12 0 1 0 0 0 1
24 13 1 1 0 0 0 0
24 14 1 0 1 0 0 1
24 15 0 0 0 0 1 0
24 16 0 1 1 0 0 0
24 17 1 1 1 1 1 0
24 18 0 1 1 0 0 1
24 19 1 0 0 1 1 1
24 20 0 0 1 1 0 1
24 22 1 1 0 1 1 1
24 23 1 1 0 1 0 0
24 24 1 0 1 0 0 1
24 26 0 1 1 1 1 0
24 27 0 1 0 0 1 1
24 28 0 1 1 0 0 0
24 29 0 0 0 0 1 0
25 1 1 1 0 0 1 0
25 2 1 0 0 1 1 1
25 3 1 0 1 1 0 0
25 4 0 0 1 0 1 1
25 6 1 1 0 0 1 0
25 7 1 0 0 0 1 0
25 8 0 1 1 1 1 0
25 9 0 1 0 0 1 1
25 10 0 1 1 0 0 0
25 11 0 0 0 0 1 0
25 13 1 1 0 0 0 0
25 14 1 0 0 1 0 1
25 15 0 1 1 0 0 0
25 16 1 1 0 0 0 0
25 17 0 1 0 1 0 0
25 18 0 0 0 0 1 0
25 20 1 1 0 0 1 0
25 21 1 0 0 0 1 0
25 22 0 1 1 0 0 0
25 23 1 1 0 0 1 0
25 24 1 0 0 0 1 0
25 26 1 0 0 1 1 0
25 27 0 0 1 1 1 1
26 30 0 0 1 1 1 1
26 31 1 1 0 1 1 0
4 27 1 0 1 0 0 1
16 14 0 1 0 1 1 1
