0.10
54 77 105 130 157 181 209 232 260 283 311 334 362 384 413 436 463 487 514 537 565 589 618 640 668 690 718 741 770 794 821 844 872 896 924 947 974 998 1026 1048 1076 1100 1127 1150 1179 1201 1229 1253 1281 1304 1332 1355 1383 1406 1436 1458 1486 1510 1537 1561 1589 1612 1640 1663
11 33 55 97 120 142 187 210 232 274 297 318 361 384 406 447 470 492 533 555 578 620 642 665 705 728 750 792 814 836 879 900 924 963 986 1008 1049 1072 1095 1136 1160 1181 1222 1244 1267 1311 1333 1356 1397 1420 1443 1483 1506 1528 1570 1592 1614 1657 1680 1702 1743 1765 1788 1830 1852 1874 1916 1938 1961 2001 2024 2047 2088 2111 2133 2174 2197 2219 2261 2283 2305
2 5 1 0 0 0 1 0
2 6 0 0 0 1 0 1
2 7 0 0 1 1 1 0
2 9 0 0 1 0 1 1
2 10 0 1 1 1 0 0
2 11 1 1 1 1 0 1
2 13 0 0 0 1 0 0
2 14 0 0 1 1 1 0
2 16 1 0 0 0 1 0
2 17 1 1 0 1 1 0
2 18 0 0 0 0 0 1
2 19 1 0 0 0 1 0
2 21 0 1 0 0 0 0
2 22 1 1 1 1 1 0
2 23 0 1 0 1 1 0
2 24 1 0 0 0 1 0
2 25 1 1 0 1 1 0
2 27 0 0 0 0 1 1
2 28 1 1 1 0 1 0
2 29 0 0 1 0 1 1
2 30 1 1 0 1 1 1
3 3 1 1 1 1 0 0
3 4 0 1 0 1 1 0
3 5 1 1 1 1 1 0
3 6 0 0 0 1 0 1
3 8 0 1 1 1 1 0
3 9 1 0 1 0 0 1
3 10 1 1 0 1 1 0
3 11 0 0 0 0 1 1
3 12 0 1 0 0 0 0
3 13 1 1 1 0 0 1
3 14 1 0 0 0 0 1
3 16 1 1 1 0 0 1
3 17 1 1 0 1 0 0
3 19 0 1 1 0 1 0
3 20 1 1 0 0 1 1
3 21 1 1 1 0 0 1
3 22 1 1 0 0 1 1
3 24 0 1 1 0 1 0
3 25 1 0 0 0 0 1
3 26 0 1 1 0 1 0
3 27 0 1 0 1 1 0
3 29 0 0 1 0 1 0
3 30 1 1 0 1 0 0
4 5 0 1 0 0 0 0
4 6 1 0 1 0 0 1
4 7 1 0 1 0 0 1
4 8 0 0 0 1 0 1
4 10 1 1 1 0 1 1
4 11 0 1 0 1 1 0
4 12 0 1 0 1 0 1
4 13 0 1 0 1 1 0
4 15 0 1 0 0 0 0
4 16 0 0 0 0 1 1
4 17 1 0 0 0 0 1
4 18 0 1 0 0 1 1
4 19 1 1 0 1 0 0
4 21 1 0 0 0 1 0
4 22 1 1 0 1 1 0
4 23 1 1 0 0 0 1
4 24 0 1 0 1 1 0
4 26 0 1 0 0 0 0
4 27 1 0 0 0 1 0
4 28 0 0 0 1 0 1
4 29 1 0 0 0 1 0
4 30 0 0 0 1 1 1
5 13 0 0 0 0 1 1
5 14 0 1 0 0 0 0
5 15 1 1 1 1 0 0
5 16 0 1 0 1 0 1
5 17 0 1 1 1 0 1
5 19 1 1 1 0 0 1
5 20 1 1 0 1 0 0
5 22 0 1 1 0 1 0
5 23 1 1 0 0 1 1
5 24 0 0 0 0 0 1
5 25 1 0 0 0 0 1
5 27 0 1 1 0 1 0
5 28 1 0 0 0 0 1
5 29 1 1 0 0 0 1
5 30 0 1 0 1 1 0
6 14 0 1 0 0 0 1
6 15 1 0 0 1 1 0
6 16 0 1 1 1 1 1
6 17 0 1 1 1 0 0
6 19 1 0 1 0 1 1
6 20 0 0 0 1 1 1
6 21 0 1 0 0 0 1
6 22 1 0 0 1 0 0
6 23 0 0 1 0 1 0
6 24 1 0 0 1 0 1
6 27 0 0 0 1 1 0
6 28 1 1 1 0 0 1
6 29 0 1 0 1 0 0
6 30 1 1 1 0 0 1
7 4 1 0 1 0 1 0
7 5 0 1 1 1 0 1
7 7 0 0 1 1 0 1
7 8 1 0 0 1 1 0
7 9 0 1 0 1 0 0
7 10 1 1 0 0 1 1
7 12 0 0 0 0 0 1
7 13 0 1 1 1 1 1
7 14 1 0 0 0 0 1
7 16 0 1 0 1 0 1
7 17 0 1 0 1 1 0
7 19 0 0 0 0 0 1
7 20 1 0 0 0 0 1
7 22 1 0 0 0 0 0
7 23 0 0 0 0 0 1
7 24 0 0 1 0 1 1
7 25 1 0 0 0 0 1
7 27 0 0 0 0 0 1
7 28 1 0 0 0 1 0
8 6 0 1 1 0 1 0
8 7 1 1 0 1 0 0
8 8 0 0 0 0 1 0
8 9 1 0 0 0 1 0
8 11 1 0 1 1 1 1
8 12 0 1 0 1 1 0
8 13 1 1 1 1 1 0
8 14 0 1 0 1 1 0
8 16 0 1 0 1 0 1
8 17 0 1 0 1 1 0
8 19 1 0 1 1 0 0
8 20 0 1 0 1 1 0
8 21 0 0 0 0 1 0
8 22 1 0 0 0 0 1
8 24 0 1 0 1 0 1
8 25 0 1 1 1 0 1
8 27 1 1 0 0 0 1
8 28 0 0 0 1 1 0
8 29 1 0 0 0 1 0
8 30 1 1 0 0 1 1
9 5 0 1 0 0 0 1
9 6 1 0 0 1 1 0
9 7 0 1 1 1 1 0
9 8 0 1 1 1 0 0
9 10 1 0 1 0 1 1
9 11 0 0 0 1 1 1
9 12 0 1 1 0 0 1
9 13 0 0 0 1 1 0
9 14 0 0 0 0 1 1
9 15 0 1 0 0 0 0
9 16 0 1 0 0 0 1
9 17 1 0 0 1 1 0
9 18 0 1 1 1 1 1
9 19 0 1 1 1 0 0
9 21 1 0 1 0 1 1
9 22 0 0 0 1 1 1
9 23 0 1 0 0 0 1
9 24 1 0 0 1 0 0
9 25 0 0 1 0 1 0
9 26 1 0 0 1 0 1
9 28 0 0 0 1 0 0
9 29 1 1 1 0 0 1
9 30 1 1 0 1 1 1
10 5 0 0 0 1 0 0
10 6 0 1 0 1 0 1
10 7 1 0 0 1 0 0
10 9 1 0 0 0 0 0
10 10 0 1 0 0 0 1
10 11 1 0 0 1 1 0
10 12 1 1 1 0 1 0
10 13 1 1 0 0 1 1
10 15 1 0 0 0 0 0
10 16 0 1 0 0 0 1
10 17 1 0 0 1 1 0
10 18 0 1 0 0 0 1
10 19 1 0 0 1 0 0
10 21 1 0 0 0 0 0
10 22 0 1 0 0 0 1
10 23 1 0 0 1 1 0
10 24 0 0 1 0 1 0
10 25 1 0 0 1 0 1
10 27 0 1 0 1 0 1
10 28 0 0 0 1 0 1
10 29 0 1 0 0 1 1
10 30 0 0 0 1 1 0
11 16 0 0 0 0 1 1
11 17 0 1 0 0 0 0
11 18 1 1 1 0 0 1
11 19 1 1 0 1 0 0
11 21 0 1 0 0 0 1
11 22 1 0 0 1 1 0
11 23 0 0 0 0 0 1
11 24 0 0 1 0 1 0
11 25 1 0 0 1 0 1
11 27 1 0 0 0 0 0
11 28 0 1 0 0 0 1
11 29 1 0 0 1 1 0
11 30 0 0 1 0 0 1
12 15 0 1 0 0 0 1
12 16 0 0 0 1 1 0
12 17 0 0 0 0 1 0
12 18 0 0 1 0 1 0
12 19 1 0 0 1 0 1
12 20 0 0 1 0 0 0
12 23 0 0 0 1 0 0
12 24 1 1 1 0 0 1
12 25 0 0 0 1 1 0
12 26 1 1 1 0 0 1
12 27 0 1 0 1 0 0
12 28 1 1 1 0 0 1
13 6 1 0 1 1 0 1
13 7 0 0 0 1 1 1
13 9 0 0 1 0 1 0
13 10 1 0 0 1 0 1
13 11 0 0 0 0 0 1
13 12 1 0 0 0 0 1
13 14 0 0 1 0 1 0
13 15 0 1 0 1 1 0
13 17 0 0 1 0 1 0
13 18 1 0 0 1 0 1
13 19 0 0 1 0 1 1
13 20 1 0 0 0 0 1
13 22 0 1 1 0 0 1
13 23 1 0 0 1 1 0
13 25 0 1 0 0 0 1
13 26 1 0 0 1 1 0
13 27 0 1 1 0 0 1
13 28 0 0 0 1 1 0
14 26 0 0 0 0 1 1
14 27 0 1 0 0 0 0
14 28 0 1 1 0 1 0
14 29 1 0 0 0 0 1
14 30 0 0 1 0 0 1
15 17 0 0 0 0 1 1
15 18 0 1 1 0 0 0
15 19 0 0 1 1 0 0
15 20 0 0 0 1 1 1
15 21 1 1 0 0 0 1
15 23 0 1 0 1 0 1
15 24 0 1 1 1 0 1
15 25 0 1 1 0 1 0
15 26 1 1 0 1 0 0
15 27 0 0 0 0 1 1
15 28 0 1 1 0 0 0
16 4 0 0 1 1 0 0
16 5 1 1 0 1 0 0
16 6 1 0 0 0 1 0
16 8 1 0 1 0 0 1
16 9 0 1 0 1 0 1
16 10 1 0 0 0 0 1
16 11 0 0 1 1 0 1
16 12 1 0 0 1 1 0
16 14 1 0 1 1 0 0
16 15 1 0 0 1 0 1
16 16 0 0 1 0 1 1
16 17 1 0 0 0 0 1
16 19 1 1 1 1 0 0
16 21 0 1 1 1 0 0
16 23 0 1 0 0 0 1
16 24 1 0 0 1 1 0
16 25 0 0 1 0 1 0
16 26 1 0 0 1 0 1
16 27 0 0 1 0 1 1
16 28 1 0 0 0 0 1
17 6 0 1 0 0 0 0
17 7 0 0 1 1 1 0
17 8 0 1 0 1 1 0
17 9 0 1 1 0 1 0
17 10 1 0 0 0 0 1
17 12 1 1 1 0 1 0
17 14 0 1 0 1 0 0
17 15 1 1 0 0 1 0
17 16 1 1 1 1 1 0
17 17 1 1 0 1 1 0
17 18 0 0 0 0 1 1
17 19 1 1 1 1 1 0
17 21 0 0 0 0 0 1
17 22 1 0 0 0 1 0
17 24 0 1 0 0 0 0
17 25 0 0 1 0 1 1
17 26 0 1 1 1 0 0
17 28 1 1 1 0 1 0
17 29 0 0 1 1 0 1
17 30 0 0 0 1 1 0
18 5 1 0 1 1 1 1
18 6 0 1 0 1 1 0
18 7 1 1 1 1 1 0
18 8 0 1 0 1 1 0
18 10 0 0 1 0 1 0
18 11 1 1 0 1 0 0
18 12 0 0 1 1 0 0
18 13 0 1 0 1 1 0
18 14 1 0 1 0 0 1
18 15 0 0 0 1 1 1
18 16 0 1 0 1 0 0
18 17 1 1 0 1 1 0
18 19 0 1 0 1 0 1
18 20 0 1 1 1 0 1
18 22 1 0 0 0 1 0
18 23 0 0 0 1 1 0
18 24 1 0 1 1 0 0
18 25 0 0 0 1 0 1
18 27 0 1 1 0 1 0
18 28 1 1 0 0 1 1
18 29 1 0 1 1 0 0
18 30 0 0 0 1 1 1
19 26 0 0 0 0 1 1
19 27 0 1 0 0 0 0
19 28 0 1 1 0 1 0
19 29 1 1 0 1 0 0
19 30 1 1 1 0 0 0
20 5 1 0 0 0 0 1
20 6 0 0 1 1 0 0
20 7 1 0 0 1 0 1
20 8 0 0 0 0 1 0
20 9 0 0 1 1 0 1
20 11 1 0 0 0 0 0
20 12 0 1 1 0 1 0
20 13 1 0 0 0 0 1
20 15 1 0 0 0 0 0
20 16 0 0 0 0 1 0
20 17 0 1 1 1 0 0
20 19 1 1 1 1 0 0
20 21 0 1 1 1 0 0
20 23 0 1 0 0 0 1
20 24 1 0 0 1 1 0
20 25 0 0 1 0 1 0
20 26 1 0 0 1 0 1
20 27 0 0 0 0 0 1
20 28 1 0 0 0 0 1
21 5 0 0 0 0 0 1
21 6 1 0 0 0 1 0
21 8 0 1 0 0 0 0
21 9 0 0 1 0 1 1
21 10 0 1 1 1 0 0
21 12 1 1 1 0 1 0
21 13 0 0 1 1 0 1
21 14 0 0 0 1 1 0
21 16 0 0 1 0 1 0
21 17 1 1 0 1 0 0
21 18 0 0 1 1 0 0
21 19 1 1 0 1 0 0
21 20 1 0 0 0 1 0
21 22 1 0 1 0 0 1
21 23 0 1 0 1 0 1
21 24 1 0 0 0 0 1
21 25 0 0 1 1 0 1
21 26 1 0 0 1 1 0
21 28 1 0 1 1 0 0
21 29 1 0 0 1 0 1
21 30 0 0 1 0 0 1
22 5 0 0 0 0 0 1
22 6 1 0 0 0 0 1
22 8 1 0 0 0 0 0
22 9 0 0 1 0 1 1
22 10 1 0 0 0 0 1
22 12 0 1 1 0 1 0
22 13 1 1 0 0 1 1
22 14 1 0 1 1 0 0
22 15 0 0 0 1 1 1
22 17 0 1 0 0 0 0
22 18 0 0 1 1 1 0
22 19 0 1 0 1 1 0
22 20 0 1 1 0 1 0
22 21 1 0 0 0 0 1
22 23 1 1 1 0 1 0
22 25 0 1 0 1 0 0
22 26 1 1 0 1 1 0
22 27 1 1 1 1 1 0
22 28 1 1 0 1 1 0
22 29 0 0 0 0 1 1
22 30 1 1 1 1 1 0
23 9 0 0 0 0 1 1
23 10 0 1 0 0 0 0
23 11 0 1 1 0 1 0
23 12 1 1 0 1 0 0
23 13 1 1 1 0 0 0
23 15 1 0 1 1 1 1
23 16 0 1 0 1 1 0
23 17 1 1 1 1 1 0
23 18 0 1 0 1 1 0
23 20 0 0 1 0 1 0
23 21 1 1 0 1 0 0
23 22 0 0 1 1 0 0
23 23 0 1 0 1 1 0
23 24 1 0 1 0 0 1
23 25 0 0 0 1 1 1
23 26 0 1 0 1 0 0
23 27 1 1 0 1 1 0
23 29 0 1 0 1 0 1
23 30 0 1 1 1 0 1
24 6 0 0 1 1 1 1
24 7 1 1 0 0 1 0
24 8 0 1 1 1 0 1
24 10 0 1 0 1 0 0
24 11 1 1 0 1 1 0
24 12 1 1 1 1 1 0
24 13 1 1 0 1 1 0
24 14 0 1 1 1 1 1
24 15 1 0 0 0 0 1
24 17 0 0 0 0 1 0
24 18 0 1 1 1 0 0
24 20 0 1 0 1 0 1
24 21 0 1 1 1 0 1
24 22 0 1 0 0 1 1
24 23 1 0 0 1 0 0
24 25 0 1 0 0 0 1
24 26 1 0 0 1 1 0
24 27 0 1 1 0 0 1
24 28 0 0 0 1 1 0
25 3 0 1 1 0 0 1
25 4 0 1 1 1 0 0
25 6 0 0 1 1 1 1
25 7 1 1 0 0 1 0
25 8 0 1 1 1 0 1
25 10 0 0 1 0 1 1
25 11 1 0 0 0 0 1
25 12 0 0 0 0 0 1
25 13 1 0 0 0 0 1
25 15 0 1 0 0 0 0
25 16 0 1 1 0 1 0
25 17 1 0 0 0 1 1
25 18 0 0 1 0 1 1
25 19 1 0 0 1 1 0
25 21 0 0 1 1 0 1
25 22 0 0 0 1 1 0
25 23 0 0 0 0 1 1
25 24 1 1 1 1 1 0
25 26 0 1 0 0 0 0
25 27 1 0 1 0 0 1
25 28 0 0 0 1 0 1
25 29 1 0 1 0 0 1
25 30 0 0 0 1 0 1
26 2 1 0 1 0 0 1
26 3 0 0 0 1 1 1
26 4 0 0 1 1 1 0
26 5 1 0 0 1 1 1
26 6 0 0 0 0 1 1
26 7 0 1 0 0 0 0
26 8 1 1 0 0 0 1
26 9 1 1 0 0 1 1
26 10 0 1 0 1 0 0
26 11 0 1 0 1 1 0
26 13 0 1 0 1 1 1
26 15 0 0 1 0 1 0
26 16 0 1 0 1 1 0
26 17 1 1 1 1 1 0
26 18 0 1 0 1 1 0
26 20 1 1 0 0 0 1
26 22 0 1 0 1 0 1
26 23 0 1 1 1 0 1
26 24 0 1 1 0 1 0
26 25 1 1 0 1 0 0
26 27 0 1 0 0 0 0
26 28 0 0 0 0 1 0
26 29 1 0 0 0 0 1
26 30 0 0 1 0 0 1
