0.60
19 42 70 93 122 146 172 195 223 247 275 298 325 349 376 400 428 451 478 502 530 553 581 604 632 655 683 706 734 757 784 808 837 860 888 910 938 961 988 1012 1040 1063 1091 1114 1143 1166 1193 1216 1244 1267 1295 1319 1346 1370 1399 1423 1450 1473 1500 1524 1552 1575 1603 1627 1655 1678
71 94 116 159 182 204 246 269 291 333 355 377 419 442 464 506 529 551 590 613 635 678 701 723 762 784 806 849 871 893 934 956 979 1021 1043 1065 1106 1128 1150 1191 1213 1235 1282 1304 1326 1371 1393 1416 1456 1479 1501 1543 1565 1588 1630 1652 1675 1716 1738 1761 1802 1824 1846 1888 1911 1933 1974 1996 2019 2061 2083 2105 2147 2170 2192 2234 2256 2279
1 4 0 1 0 0 0 0
1 5 1 1 1 0 1 1
1 6 0 1 0 1 1 0
1 7 0 1 0 1 0 1
1 8 0 1 0 1 1 0
1 10 0 0 1 1 1 0
1 11 1 1 0 1 1 0
1 12 0 0 1 1 0 1
1 13 0 1 1 1 0 0
1 15 0 1 1 1 1 0
1 16 1 0 1 0 0 1
1 17 1 1 0 1 1 0
1 18 0 0 0 0 1 1
1 19 0 1 0 0 0 0
1 20 1 1 0 0 0 1
1 21 0 0 0 1 1 1
1 22 0 0 0 0 1 1
1 23 1 0 0 0 0 1
1 25 0 1 0 0 0 1
1 26 1 0 0 1 1 0
1 27 0 1 1 0 0 1
1 28 0 0 0 1 1 0
1 30 1 1 1 1 0 0
1 31 0 0 1 0 1 1
1 32 1 1 0 1 1 1
2 4 0 0 1 1 0 0
2 5 1 1 0 1 1 0
2 7 1 0 1 0 1 0
2 8 1 1 0 1 0 0
2 9 0 1 1 0 0 1
2 10 1 1 0 0 1 0
2 12 1 0 0 0 0 0
2 13 0 1 1 1 1 1
2 14 1 1 0 0 1 0
2 15 1 0 0 0 1 0
2 16 1 1 0 1 1 0
2 18 0 1 0 1 0 0
2 19 1 1 0 1 1 0
2 20 1 1 1 1 1 0
2 21 0 1 0 1 1 0
2 23 0 1 0 0 0 0
2 24 0 1 0 1 0 0
2 25 1 1 0 1 1 0
2 26 1 1 1 1 1 0
2 27 1 1 0 1 1 0
2 29 1 0 0 0 1 0
2 30 0 0 0 1 1 1
2 31 1 1 1 1 1 1
2 32 0 1 0 1 1 0
3 8 0 1 1 0 1 0
3 9 1 1 0 1 0 0
3 10 0 1 0 1 0 1
3 11 0 1 0 1 1 0
3 13 1 0 1 0 1 0
3 14 1 1 0 1 0 0
3 15 0 1 1 0 0 1
3 16 1 1 0 0 1 0
3 18 1 0 0 0 0 0
3 19 0 1 1 1 1 1
3 20 1 1 0 0 1 0
3 21 1 0 0 0 1 0
3 22 1 1 0 1 1 0
3 24 1 0 1 1 0 1
3 25 0 0 0 1 0 1
3 26 1 1 1 0 0 1
3 27 0 1 1 1 0 1
3 29 0 1 0 0 0 0
3 30 1 1 1 1 1 0
3 31 0 0 0 1 1 1
3 32 0 0 1 0 0 1
4 6 0 0 1 1 0 1
4 7 1 1 0 1 1 1
4 8 1 1 0 0 0 1
4 9 0 1 0 1 1 0
4 11 1 0 0 0 1 0
4 12 1 1 0 1 1 0
4 14 1 1 1 1 1 0
4 15 0 1 0 1 1 0
4 16 1 1 1 0 0 0
4 17 0 1 0 1 1 0
4 19 0 1 0 1 0 0
4 20 1 1 1 0 1 1
4 21 0 1 0 1 1 0
4 23 0 0 1 1 1 0
4 24 1 1 0 1 1 0
4 25 0 0 1 1 0 1
4 26 1 0 0 1 0 0
4 28 0 1 0 0 0 0
4 29 1 0 0 0 1 0
4 30 0 0 0 1 1 1
4 31 1 1 1 0 0 1
4 32 1 1 0 1 0 1
5 15 0 0 0 0 1 1
5 16 0 1 0 0 0 0
5 17 1 1 1 1 0 0
5 18 0 1 0 1 0 1
5 19 0 1 1 1 0 1
5 21 1 1 1 0 0 1
5 22 1 1 0 1 0 0
5 24 0 1 0 0 1 1
5 25 0 0 0 1 1 1
5 26 1 0 0 0 1 0
5 27 1 0 0 1 1 1
5 29 0 1 1 1 1 1
5 30 1 1 0 0 1 0
5 31 1 0 0 0 1 0
5 32 1 1 0 1 1 0
6 18 0 1 0 0 0 1
6 19 1 0 0 1 1 0
6 20 0 1 1 1 1 1
6 21 1 1 0 0 1 0
6 22 0 0 1 0 0 0
6 25 1 0 0 1 0 0
6 26 1 1 1 0 0 1
6 27 0 0 0 1 0 0
6 28 1 1 1 0 0 1
6 29 0 1 0 1 0 0
6 30 1 1 1 0 0 1
7 4 0 0 0 0 1 1
7 5 0 1 0 0 0 0
7 6 0 1 1 0 1 0
7 7 1 0 0 0 0 1
7 8 1 0 1 1 0 1
7 9 0 0 0 1 1 1
7 11 0 1 1 1 1 1
7 12 1 1 0 0 1 0
7 13 0 0 0 0 0 1
7 14 1 0 0 0 0 1
7 16 0 0 1 0 1 0
7 17 0 1 0 1 1 0
7 19 0 1 1 1 1 1
7 20 1 1 0 0 1 0
7 21 0 0 1 0 1 1
7 22 1 0 0 0 0 1
7 24 0 1 1 0 0 1
7 25 1 0 0 1 1 0
7 27 0 1 0 0 0 0
7 28 1 0 0 1 1 0
7 29 0 1 1 1 1 1
7 30 1 1 0 0 1 0
8 19 0 0 0 0 1 1
8 20 0 1 1 0 0 0
8 21 0 0 1 1 0 0
8 22 0 0 0 1 1 1
8 23 1 1 0 0 0 1
8 25 0 1 0 1 0 1
8 26 0 1 1 1 0 1
8 27 0 1 1 0 1 0
8 28 1 1 0 1 0 0
8 29 0 0 0 0 1 1
8 30 0 1 1 0 0 0
9 6 0 1 0 1 0 1
9 7 0 1 0 1 1 0
9 9 1 0 0 0 1 0
9 10 1 1 0 1 1 0
9 11 0 0 0 0 1 0
9 12 1 0 1 0 0 1
9 13 0 1 0 0 0 1
9 14 1 1 0 1 0 0
9 16 0 0 1 0 1 1
9 17 1 0 0 0 0 1
9 18 0 1 1 1 1 1
9 19 0 1 1 1 0 0
9 21 1 1 1 1 0 0
9 23 0 1 1 1 0 0
9 25 0 1 0 0 0 1
9 26 1 0 0 1 1 0
9 27 0 1 1 1 1 1
9 28 1 1 0 0 1 0
9 29 0 0 1 0 1 1
9 30 1 0 0 0 0 1
10 4 0 1 0 0 0 0
10 5 0 0 1 0 1 1
10 6 0 1 1 1 0 0
10 8 1 1 1 0 1 0
10 9 1 1 1 0 1 1
10 10 0 1 0 1 1 0
10 12 0 1 0 1 0 1
10 13 0 1 0 1 1 0
10 15 1 1 1 0 1 0
10 16 0 0 1 1 0 1
10 17 0 0 0 1 1 0
10 19 0 0 1 1 0 0
10 20 1 1 0 1 0 0
10 21 1 0 0 0 1 0
10 23 1 0 1 0 0 1
10 24 0 0 1 1 0 0
10 25 1 1 0 1 0 0
10 26 1 0 0 0 1 0
10 27 0 1 0 1 1 0
10 29 0 1 1 0 0 1
10 30 1 1 0 1 1 0
10 31 0 0 1 0 1 1
10 32 1 0 0 0 0 1
11 4 1 0 1 1 0 0
11 5 0 0 0 1 0 1
11 7 0 1 0 0 0 0
11 8 1 0 1 1 0 0
11 9 1 1 0 1 0 0
11 10 0 0 0 1 0 0
11 11 1 0 0 0 0 1
11 13 1 1 1 0 1 0
11 15 0 0 1 1 0 1
11 16 0 0 0 1 1 0
11 17 0 1 1 1 1 1
11 18 1 0 0 0 0 1
11 20 0 0 0 0 0 1
11 21 1 0 0 0 1 0
11 23 0 1 0 0 0 0
11 24 0 1 1 0 1 0
11 25 1 0 0 0 1 1
11 26 0 0 1 0 1 1
11 27 1 0 0 1 1 0
11 29 0 0 1 1 0 1
11 30 0 0 0 1 1 0
11 31 0 0 0 0 1 1
11 32 1 1 1 1 1 0
12 6 0 0 1 1 0 1
12 7 0 0 0 1 1 0
12 8 0 0 0 0 1 1
12 9 1 1 1 1 1 0
12 11 0 1 1 0 1 0
12 12 1 1 0 1 0 0
12 13 1 0 1 0 1 0
12 14 1 1 0 1 0 0
12 16 0 1 0 0 0 0
12 17 0 1 1 0 1 0
12 18 1 1 0 1 0 0
12 19 1 0 1 0 1 0
12 20 0 0 0 1 1 0
12 22 0 1 1 0 1 0
12 23 1 1 0 1 0 0
12 24 0 0 1 1 0 1
12 25 1 0 0 0 0 1
12 27 0 1 0 1 0 1
12 28 0 1 1 1 0 1
12 30 1 0 0 0 1 0
12 31 0 0 0 1 1 0
12 32 0 0 1 0 0 1
13 11 0 0 0 0 1 1
13 12 0 1 0 0 0 0
13 13 0 1 1 0 1 0
13 14 1 1 0 1 0 0
13 15 1 0 1 0 1 0
13 16 0 0 0 1 1 0
13 18 0 0 1 0 1 0
13 19 1 1 0 1 0 0
13 21 0 0 1 0 1 0
13 22 0 1 0 1 1 0
13 23 1 1 1 1 1 0
13 24 0 1 0 1 1 0
13 26 0 1 1 1 1 1
13 27 1 1 0 0 1 0
13 28 0 0 1 1 0 0
13 29 0 0 0 1 0 1
13 31 0 1 0 1 0 1
13 32 0 1 1 1 0 1
14 5 1 0 1 0 0 1
14 6 0 0 1 1 0 0
14 7 1 1 0 1 0 0
14 8 1 0 0 0 1 0
14 9 0 1 0 1 1 0
14 11 1 0 1 1 0 0
14 12 1 0 0 1 0 1
14 13 0 1 0 0 1 0
14 14 0 1 0 1 0 1
14 15 0 0 0 1 1 1
14 17 1 0 0 0 0 1
14 18 0 1 1 1 1 1
14 19 0 1 1 1 0 0
14 21 1 1 1 1 0 0
14 23 0 1 1 1 0 0
14 25 0 1 0 0 0 1
14 26 1 0 0 1 1 0
14 27 0 1 1 1 1 1
14 28 1 1 0 0 1 0
14 29 0 0 0 0 0 1
14 30 1 0 0 0 0 1
15 5 0 0 1 0 1 1
15 6 1 0 0 1 1 0
15 8 0 0 1 1 0 1
15 9 0 0 0 1 1 0
15 10 0 0 0 0 1 1
15 11 1 1 1 1 1 0
15 13 0 1 0 0 0 0
15 14 0 0 1 0 1 1
15 15 0 1 1 1 0 0
15 17 1 1 1 0 1 0
15 18 1 1 1 0 1 1
15 19 0 1 0 1 1 0
15 21 0 1 0 1 0 1
15 22 0 1 0 1 1 0
15 24 1 1 1 0 1 0
15 25 0 0 1 1 0 1
15 26 0 0 0 1 1 0
15 28 0 0 1 0 1 0
15 29 1 1 0 1 0 0
15 30 0 0 1 1 0 0
15 31 1 1 0 1 0 0
15 32 1 0 0 0 1 0
16 5 0 1 0 1 0 1
16 6 0 1 1 1 0 1
16 8 1 0 0 0 1 0
16 9 0 0 0 1 1 0
16 10 1 0 1 1 0 0
16 11 0 0 0 1 0 1
16 13 0 1 0 0 0 0
16 14 1 0 1 1 0 0
16 15 1 1 0 1 0 0
16 16 0 0 0 1 0 0
16 17 1 0 0 0 0 1
16 19 1 1 1 0 1 0
16 21 0 0 1 1 0 1
16 22 0 0 0 1 1 0
16 23 0 1 1 1 1 1
16 24 1 0 0 0 0 1
16 26 0 0 0 0 0 1
16 27 1 0 0 0 1 0
16 29 0 1 0 0 0 0
16 30 0 1 1 0 1 0
16 31 1 0 0 0 1 1
16 32 0 0 1 0 0 1
17 7 0 0 0 0 0 1
17 8 1 0 0 0 0 1
17 9 0 0 1 0 1 1
17 10 1 0 0 0 0 1
17 12 0 0 1 0 1 0
17 13 0 1 0 1 1 0
17 15 0 0 0 0 1 1
17 16 1 1 1 1 1 0
17 18 0 1 1 0 1 0
17 19 1 1 0 1 0 0
17 20 1 0 1 0 1 0
17 21 1 1 0 1 0 0
17 23 0 1 0 0 0 0
17 24 0 1 1 0 1 0
17 25 1 1 0 1 0 0
17 26 1 0 1 0 1 0
17 27 0 0 0 1 1 0
17 29 0 1 1 0 1 0
17 30 1 1 0 1 0 0
17 31 0 0 1 1 0 1
17 32 1 0 0 0 0 1
18 11 0 0 0 0 1 1
18 12 0 1 0 0 0 0
18 13 0 1 1 0 1 0
18 14 1 1 0 1 0 0
18 15 1 0 1 0 1 0
18 16 0 0 0 1 1 0
18 18 0 0 1 0 1 0
18 19 1 1 0 1 0 0
18 21 0 0 1 0 1 0
18 22 0 1 0 1 1 0
18 23 1 1 1 1 1 0
18 24 0 1 0 1 1 0
18 26 0 1 1 1 1 1
18 27 1 1 0 0 1 0
18 28 0 0 1 1 0 0
18 29 0 0 0 1 0 1
18 31 0 1 0 1 0 1
18 32 0 1 1 1 0 1
19 4 0 1 1 0 1 0
19 5 1 1 0 1 0 0
19 7 0 1 0 0 0 0
19 8 0 1 1 1 1 1
19 9 1 1 0 0 1 0
19 10 0 0 1 1 0 0
19 11 0 0 0 1 0 1
19 13 1 1 0 0 0 1
19 15 1 0 0 0 1 0
19 16 0 0 0 1 1 1
19 17 1 0 1 1 1 0
19 19 0 0 0 0 1 0
19 20 0 1 1 1 0 0
19 22 0 1 0 1 0 1
19 23 0 1 1 1 0 1
19 24 0 1 0 0 1 1
19 25 1 0 0 1 0 0
19 27 0 1 0 0 0 1
19 28 1 0 0 1 1 0
19 29 0 1 1 0 0 1
19 30 0 0 0 1 1 0
20 4 0 0 1 1 0 1
20 5 1 1 0 1 0 0
20 6 0 0 1 1 0 1
20 7 1 0 0 0 1 1
20 9 0 0 1 1 1 1
20 10 0 0 0 1 1 0
20 11 1 0 0 0 1 0
20 12 0 0 0 0 1 1
20 13 0 1 0 0 0 0
20 14 1 0 1 0 0 1
20 15 0 0 0 1 1 1
20 16 0 1 0 1 0 0
20 17 1 1 0 1 1 0
20 19 0 1 1 1 1 0
20 21 0 1 0 1 1 1
20 23 1 1 0 0 0 1
20 24 1 1 0 0 1 1
20 25 0 1 0 1 0 0
20 26 0 1 0 1 1 0
20 28 1 1 0 0 0 1
20 30 0 1 0 1 0 1
20 31 0 1 1 1 0 1
20 32 0 0 1 0 0 1
21 12 0 0 0 0 1 1
21 13 0 1 0 0 0 0
21 14 1 0 0 1 0 0
21 15 0 0 1 0 0 1
21 16 1 1 0 0 1 0
21 17 1 0 0 1 1 0
21 18 0 0 0 1 0 0
21 19 1 1 1 0 0 1
21 20 0 0 1 0 0 1
21 21 1 1 0 0 1 0
21 22 0 0 0 1 1 0
21 23 0 0 0 1 0 0
21 24 1 1 1 0 0 1
21 26 0 1 1 0 1 0
21 27 1 0 0 0 0 1
21 29 0 1 1 0 0 1
21 30 1 0 0 1 1 0
21 31 1 0 1 0 1 1
21 32 1 0 0 1 0 1
22 20 0 0 0 0 1 1
22 21 0 1 1 0 0 0
22 22 1 1 1 1 0 0
22 23 0 0 1 1 0 0
22 25 0 1 1 0 1 1
22 26 1 1 0 1 1 1
22 27 0 0 1 1 1 0
22 28 0 0 0 1 1 1
22 29 0 0 0 0 1 1
22 30 0 1 1 0 0 0
23 6 0 1 0 0 0 0
23 7 1 1 0 0 0 1
23 8 0 1 0 1 1 0
23 10 1 0 1 1 0 1
23 11 0 0 0 1 1 1
23 12 1 0 0 0 1 0
23 13 1 1 0 1 1 0
23 14 1 0 0 1 0 0
23 16 0 1 0 0 0 0
23 17 0 0 1 0 1 0
23 18 0 1 0 1 1 0
23 19 1 1 1 1 1 0
23 20 0 1 0 1 1 0
23 22 0 1 1 1 1 1
23 23 1 1 0 0 1 0
23 24 0 0 1 1 0 0
23 25 0 0 0 1 0 1
23 27 0 1 0 0 0 1
23 28 1 0 0 1 1 0
23 29 0 1 1 0 0 1
23 30 0 0 0 1 1 0
24 4 0 1 0 0 0 0
24 5 0 0 0 0 1 1
24 6 0 1 1 0 1 0
24 7 1 1 0 0 1 1
24 9 0 0 1 1 0 1
24 10 1 0 0 1 1 0
24 11 1 1 1 1 1 0
24 13 1 0 1 0 0 1
24 14 1 1 1 1 0 0
24 15 0 0 1 0 1 1
24 16 1 1 0 1 1 1
24 17 0 0 0 0 1 1
24 18 0 1 0 0 0 0
24 19 0 0 1 1 0 1
24 20 0 0 0 1 1 0
24 21 0 0 1 0 1 0
24 22 1 1 0 1 1 0
24 24 0 1 1 0 0 1
24 25 0 1 1 1 0 0
24 26 1 0 1 1 1 1
24 27 0 0 0 1 0 1
24 29 1 0 1 0 0 1
24 30 1 1 1 1 0 0
24 31 0 0 0 0 1 1
24 32 0 1 1 1 0 0
25 6 1 1 1 0 0 1
25 7 1 1 0 1 0 0
25 9 0 1 0 1 0 0
25 10 0 1 0 1 1 0
25 11 0 0 0 0 1 1
25 12 0 1 0 1 0 0
25 13 0 1 0 1 1 0
25 15 0 1 0 0 0 0
25 16 1 0 0 0 1 0
25 17 0 0 0 1 1 0
25 18 0 0 0 0 1 1
25 19 1 0 1 1 0 0
25 20 0 0 0 1 1 0
25 22 0 1 0 0 0 0
25 23 0 0 0 0 1 1
25 24 0 1 1 0 1 0
25 25 1 1 0 0 1 1
25 26 0 1 0 1 0 0
25 27 0 1 0 1 1 0
25 29 0 1 1 0 0 1
25 30 1 0 0 1 0 1
25 31 1 1 1 1 0 0
25 32 0 1 0 1 1 0
26 2 1 1 0 1 1 0
26 3 1 1 1 0 0 1
