0.10
35 55 83 106 135 158 186 209 236 259 287 310 339 363 391 413 442 466 495 517 545 568 596 619 647 669 698 721 748 771 799 822 850 873 902 922 953 976 1004 1024 1055 1078 1106 1129 1157 1180 1208 1231 1259 1282 1310 1330 1362 1385 1412 1435 1463 1486 1513 1538 1568 1590 1617 1637
48 71 93 136 159 182 224 246 270 311 333 356 396 418 442 482 505 527 568 590 613 655 677 700 739 762 784 827 848 871 911 933 955 998 1020 1043 1083 1106 1128 1168 1190 1213 1259 1281 1304 1348 1370 1393 1434 1456 1478 1521 1543 1565 1606 1629 1652 1693 1715 1737 1778 1801 1824 1865 1888 1911 1950 1973 1995 2037 2059 2082 2123 2146 2168 2210 2231 2254
1 2 1 0 1 1 0 0
1 3 0 1 1 1 0 1
1 4 1 1 0 1 0 0
1 5 0 0 1 0 1 1
1 7 0 0 1 1 0 0
1 8 0 1 0 0 1 1
1 10 0 0 1 1 1 1
1 11 1 0 0 0 0 0
1 12 1 1 0 0 0 0
1 13 0 1 0 1 1 0
1 14 0 0 1 0 0 1
1 15 1 0 0 1 0 0
1 17 1 0 1 0 1 1
1 18 1 0 1 0 1 0
1 19 1 1 0 0 1 1
1 20 0 0 0 0 1 0
1 21 0 1 1 0 0 0
2 4 0 0 0 0 1 1
2 5 0 1 1 0 0 0
2 6 1 1 1 0 0 0
2 7 1 1 0 0 0 1
2 8 1 1 1 1 1 0
2 9 0 1 1 0 1 1
2 11 1 0 0 0 0 1
2 12 1 0 0 1 1 1
2 13 0 0 0 0 1 1
2 14 0 1 1 0 0 0
3 4 1 1 0 0 0 0
3 5 0 0 1 0 1 1
3 6 1 1 0 1 0 0
3 7 0 0 1 0 1 0
3 9 1 0 0 1 0 0
3 10 1 1 0 1 1 0
3 11 0 1 0 1 0 0
3 13 1 0 1 0 0 0
3 14 1 0 0 0 0 1
3 15 0 1 0 1 1 0
3 16 1 1 1 0 1 1
3 18 1 1 0 0 1 0
3 19 1 1 0 1 1 1
3 20 1 1 0 0 1 0
3 21 0 1 0 0 0 1
3 22 0 0 0 0 1 0
3 24 1 0 0 0 1 1
3 26 1 1 0 0 1 0
3 27 1 0 0 1 1 1
3 28 1 1 0 1 0 0
3 29 1 0 1 0 0 1
3 30 0 0 0 1 0 0
4 2 1 1 0 0 1 0
4 3 1 0 0 0 1 0
4 4 1 1 1 0 0 0
4 5 0 1 1 1 0 1
4 6 1 1 0 0 0 0
4 7 1 0 1 0 0 1
4 9 1 1 1 1 1 0
4 10 0 1 1 0 0 1
4 11 1 0 0 1 1 1
4 13 1 0 0 0 1 1
4 14 1 1 1 0 1 1
4 15 1 1 0 1 0 0
4 16 0 0 1 0 1 0
4 17 0 0 0 0 1 0
4 18 0 1 1 0 0 0
4 19 1 0 0 1 1 0
4 20 0 1 0 1 1 1
4 22 1 1 0 1 1 1
4 23 0 0 1 0 0 0
4 24 1 1 0 1 0 0
4 25 1 0 1 0 0 1
4 27 0 1 1 1 1 0
4 28 0 0 1 1 1 1
4 29 0 1 0 1 1 0
4 30 0 1 0 0 1 1
4 31 0 0 0 0 1 0
5 2 1 0 0 0 1 1
5 3 0 1 0 0 0 0
5 4 1 1 0 1 1 0
5 5 0 1 0 1 0 0
5 7 0 0 1 1 0 0
5 8 0 1 1 0 0 1
5 9 1 0 1 1 0 0
5 10 1 1 1 0 0 1
5 11 0 0 0 0 1 0
5 13 1 0 1 0 0 0
5 14 0 1 0 1 0 0
5 15 0 0 1 1 0 0
5 16 0 1 1 0 0 0
5 18 1 1 0 1 1 0
5 19 0 1 0 1 0 0
5 21 1 1 0 0 1 0
5 22 1 0 0 1 1 1
5 23 1 1 0 0 1 0
5 24 1 0 0 0 1 0
5 26 1 1 0 0 0 0
5 27 0 0 1 1 1 1
5 28 0 1 1 0 0 0
6 2 0 0 1 0 0 1
6 3 1 0 0 0 1 1
6 4 0 1 1 0 0 1
6 6 1 0 0 1 1 0
6 7 0 0 1 1 1 1
6 9 1 1 0 0 0 0
6 10 1 0 0 0 0 1
6 11 0 0 1 1 0 0
6 12 0 0 1 1 1 1
6 14 1 1 1 1 1 0
6 15 0 1 1 0 0 1
6 16 1 0 0 1 1 1
6 18 1 1 0 0 0 0
6 19 0 0 1 0 1 1
6 20 1 1 0 1 0 0
6 21 0 0 1 0 1 0
6 23 0 0 1 1 0 0
6 24 1 1 1 0 0 0
6 25 0 0 1 1 1 0
6 26 0 0 0 0 1 0
6 27 0 1 1 0 0 0
6 28 1 1 0 1 1 0
6 29 0 0 1 1 0 1
6 30 1 1 0 0 1 1
7 2 1 1 0 0 1 0
7 3 0 1 0 0 0 1
7 4 0 0 1 1 0 0
7 5 0 1 0 0 1 1
7 7 1 1 1 0 0 0
7 8 0 1 0 1 0 0
7 9 1 0 1 0 0 0
7 10 0 1 0 1 0 0
7 11 0 0 0 0 1 0
7 13 1 1 0 0 1 0
7 14 0 0 1 1 1 0
7 15 1 1 0 1 1 0
7 16 0 1 0 1 0 0
7 18 1 0 0 1 1 0
7 19 0 1 1 0 1 0
7 20 0 0 1 1 0 0
7 21 0 1 1 0 0 0
7 22 0 0 0 0 1 0
7 24 0 1 1 1 1 0
7 25 0 0 1 1 1 0
7 26 1 1 0 1 1 0
7 27 1 0 0 0 1 0
8 2 1 1 1 1 1 0
8 3 0 1 1 0 0 1
8 4 0 1 0 1 1 1
8 6 0 1 0 1 1 0
8 7 1 0 1 0 0 1
8 8 1 0 0 1 1 0
8 9 0 1 0 0 1 1
8 11 1 0 0 1 1 0
8 12 0 0 1 1 1 1
8 14 1 0 1 0 1 1
8 15 1 0 1 0 1 0
8 16 1 0 0 1 1 1
8 17 0 0 0 0 1 0
8 18 0 1 1 0 0 0
9 4 0 0 1 1 1 1
9 5 1 0 0 0 1 0
9 6 0 0 1 1 1 1
9 7 1 1 0 0 0 0
9 8 0 0 1 1 1 1
9 9 1 1 0 0 0 0
9 12 0 0 0 0 0 1
9 13 0 0 0 0 0 1
9 14 1 0 0 1 0 0
9 15 0 0 1 0 1 0
9 16 1 1 0 1 0 0
9 17 0 0 1 0 1 0
9 19 0 0 0 0 1 1
9 20 0 0 1 0 0 0
9 21 1 1 0 0 1 1
9 22 0 1 1 0 0 0
9 24 1 1 1 1 1 0
9 25 0 0 1 1 1 1
9 26 1 0 0 0 0 0
10 2 0 0 0 0 0 1
10 3 1 1 1 1 0 0
10 4 1 0 0 0 0 1
10 5 0 1 1 1 1 0
10 6 0 1 0 1 1 1
10 7 1 1 0 1 0 0
10 8 0 0 1 0 1 0
10 9 0 0 0 0 0 1
10 10 0 1 1 0 0 0
11 4 0 0 0 0 1 1
11 5 0 1 1 0 0 0
11 6 1 0 0 1 1 0
11 7 0 1 0 0 1 1
11 8 1 0 1 0 1 1
11 9 1 0 1 0 1 0
11 11 0 0 1 1 1 0
11 12 1 1 1 0 0 0
11 13 1 0 0 0 0 1
11 14 0 0 0 0 1 1
11 15 0 1 1 0 0 0
12 4 1 0 0 1 1 1
12 6 1 0 0 0 1 1
12 7 1 1 1 0 1 1
12 8 0 0 1 1 0 0
12 9 0 1 1 0 0 1
12 11 1 0 0 1 1 0
12 12 0 1 0 0 0 1
12 14 1 0 0 1 1 0
12 15 0 0 1 0 1 0
12 16 0 0 1 1 0 1
12 17 1 1 0 1 1 0
12 18 0 1 0 1 0 0
12 19 0 0 0 1 0 0
12 21 0 0 1 1 0 0
12 22 0 1 1 0 0 1
12 23 1 1 0 1 1 0
12 24 0 0 1 0 1 1
12 26 1 1 0 0 1 0
12 27 1 0 1 0 1 0
13 2 1 1 0 0 1 0
13 3 0 0 1 1 1 0
13 4 0 0 1 1 0 1
13 5 1 1 0 1 1 0
13 6 0 1 0 1 0 0
13 8 1 1 0 1 0 0
13 9 1 0 1 0 0 1
13 10 0 0 1 1 0 0
13 11 1 0 1 0 1 0
13 13 1 0 1 0 1 1
13 14 0 1 0 1 0 1
13 16 0 1 0 1 0 0
13 17 1 0 0 1 1 0
13 18 1 0 0 0 0 1
13 20 1 1 0 0 0 0
13 21 1 0 1 0 0 1
13 22 0 1 0 1 1 1
13 23 0 0 0 0 1 0
13 25 1 1 0 1 1 0
13 26 1 1 0 0 0 1
13 27 1 1 0 0 1 0
13 28 1 0 0 0 0 1
14 2 0 0 1 1 0 0
14 3 0 1 0 0 0 0
14 4 1 1 0 0 1 0
14 5 1 0 0 1 0 1
14 7 1 1 1 0 0 0
14 8 0 1 0 1 0 1
14 9 1 1 0 0 1 0
14 10 0 1 0 1 1 1
14 12 1 0 1 1 0 0
14 13 0 1 0 0 0 1
14 14 1 0 0 1 0 0
14 15 0 0 1 0 1 0
14 16 0 0 0 0 1 0
14 17 0 1 1 0 0 0
14 18 1 0 0 1 0 0
14 19 0 0 1 0 1 0
14 20 1 1 0 1 0 0
14 21 0 0 1 0 1 0
14 23 1 0 0 1 0 0
14 24 0 1 1 0 1 0
14 25 1 0 1 0 1 1
14 26 1 0 1 0 1 0
14 28 1 0 0 0 1 1
14 29 0 1 0 0 0 0
15 2 1 1 0 1 1 1
15 3 0 1 1 0 0 0
15 4 1 1 0 1 1 0
15 5 1 1 0 1 1 1
15 6 1 1 0 1 1 0
15 7 1 0 0 0 1 0
15 9 1 0 0 0 1 1
15 10 0 0 1 0 1 1
15 11 0 0 1 1 0 0
15 12 0 1 0 0 0 0
15 13 0 0 0 0 1 0
15 15 1 0 0 0 1 1
15 16 0 0 1 0 0 0
15 18 1 0 1 0 0 0
15 19 1 0 0 1 0 1
15 20 1 1 0 0 0 0
15 21 0 1 0 1 0 0
15 23 0 0 1 1 0 1
15 25 1 0 0 0 1 1
15 26 1 0 1 0 1 1
15 28 1 1 0 1 1 0
15 29 1 0 0 0 1 0
16 2 0 0 1 0 0 1
16 3 1 1 0 1 1 0
16 4 1 1 0 0 0 1
16 6 1 1 0 0 1 0
16 7 1 0 1 1 0 1
16 8 1 0 0 0 0 0
16 9 1 1 1 1 0 0
16 10 1 0 0 0 0 1
16 11 0 0 0 0 1 0
16 12 0 1 1 0 0 0
16 13 1 0 0 0 1 1
16 14 1 1 1 0 1 1
16 15 0 0 1 1 0 0
16 17 1 0 1 0 1 1
16 18 0 1 0 1 1 0
16 19 1 1 1 0 0 1
16 21 1 0 0 0 1 1
16 22 0 0 1 0 1 1
16 23 1 0 1 0 0 0
16 24 0 1 0 1 0 1
16 25 0 0 0 0 1 0
16 27 0 0 1 1 0 0
16 28 0 0 1 1 1 1
16 29 1 1 0 1 1 0
16 30 0 1 0 0 0 1
17 2 0 0 1 1 0 0
17 3 0 0 1 0 0 0
17 4 0 0 1 1 0 0
17 5 0 1 1 0 0 1
17 7 0 0 1 1 1 0
17 9 0 1 1 1 1 0
17 10 1 0 0 0 1 0
17 11 1 0 1 0 1 1
17 12 0 1 0 1 0 1
17 14 1 1 0 0 1 0
17 15 1 1 0 1 1 1
17 16 0 0 1 1 0 0
17 17 0 1 0 0 0 1
17 18 0 0 1 0 0 0
17 20 0 1 1 1 1 0
17 21 0 1 0 1 0 0
17 22 1 1 0 0 0 0
17 23 0 0 1 1 1 0
17 25 1 0 0 1 1 0
17 26 0 1 0 0 0 1
17 28 0 0 1 1 0 0
17 29 1 1 1 0 0 0
17 30 0 0 1 1 1 0
18 2 1 1 0 0 0 0
18 3 1 0 1 0 0 1
18 4 0 1 0 1 1 1
18 5 0 0 0 0 1 0
18 7 0 1 0 1 0 0
18 8 0 0 1 0 0 0
18 10 1 1 0 1 1 0
18 11 1 0 0 1 0 1
18 12 1 1 0 1 1 0
18 13 1 1 0 1 1 1
18 14 1 1 0 1 1 0
18 15 1 0 0 0 1 0
18 17 0 1 0 1 1 1
18 19 0 0 1 1 0 0
18 20 1 0 0 0 0 0
18 21 1 0 0 1 1 0
18 22 1 0 0 1 0 1
18 23 0 0 0 0 1 0
18 25 1 0 0 0 1 1
18 26 0 1 1 0 0 1
18 27 1 1 0 0 0 0
18 28 0 1 0 1 0 0
19 2 0 0 1 1 0 0
19 3 1 0 1 0 0 1
19 4 1 0 0 1 1 0
19 5 0 1 0 0 1 1
19 6 0 0 0 0 1 0
19 8 1 0 0 1 1 0
19 9 0 1 0 1 0 1
19 10 1 0 0 1 1 0
19 11 0 1 0 0 1 1
19 13 1 0 0 0 1 1
19 14 1 1 1 0 1 1
19 15 0 0 1 1 0 0
19 16 0 1 1 0 0 1
19 18 1 0 1 0 1 1
19 19 1 0 1 0 1 0
19 21 1 0 1 0 0 0
19 22 1 0 0 1 0 1
19 23 1 1 0 0 1 0
19 24 1 1 1 0 1 1
19 26 1 1 0 0 1 0
19 27 1 0 1 0 1 0
20 2 1 0 0 0 1 1
20 3 0 1 1 0 0 1
20 4 1 1 0 0 1 0
20 5 1 1 0 1 0 1
20 7 0 1 1 0 1 1
20 8 0 0 1 0 0 0
20 9 1 1 0 1 0 0
20 10 1 1 1 0 0 1
20 12 0 1 0 1 0 0
20 13 0 1 0 0 0 0
20 14 1 0 0 1 1 0
20 15 0 1 0 0 1 1
20 16 0 0 0 0 1 0
20 18 1 1 0 0 1 0
20 19 1 0 1 1 0 1
20 21 0 0 1 1 0 0
20 22 0 1 1 0 0 1
20 23 1 1 0 0 1 0
20 24 1 1 0 1 0 1
20 26 1 0 0 1 1 0
20 27 0 1 0 0 0 1
20 29 1 1 0 1 0 1
20 30 1 1 1 0 0 0
20 31 0 1 0 1 0 0
21 2 1 1 0 0 0 0
21 3 1 0 1 0 0 1
21 4 0 1 0 1 0 0
21 5 0 1 0 0 0 0
21 7 0 1 1 1 1 0
21 8 0 1 0 1 0 1
21 9 1 0 0 1 1 0
21 10 0 0 1 0 1 0
21 11 0 0 0 0 1 0
21 13 1 0 0 1 1 0
21 14 1 1 1 0 0 1
21 16 0 1 1 1 1 0
21 17 0 1 0 1 1 1
21 18 1 0 0 1 1 0
21 19 0 1 0 0 1 1
21 21 1 0 0 1 1 0
21 22 0 1 0 0 0 1
21 24 1 1 0 1 0 0
21 25 1 0 1 0 0 1
21 26 1 0 0 1 1 0
21 27 1 0 1 0 0 1
21 29 0 0 1 1 1 0
22 2 1 0 0 1 1 0
22 3 0 0 1 0 1 0
22 4 0 0 0 0 1 0
22 5 0 1 1 0 0 0
23 4 1 1 0 0 0 0
23 5 0 0 1 0 1 1
23 6 1 1 0 1 0 0
23 7 0 0 1 0 1 0
23 9 1 0 0 1 0 0
23 10 0 1 1 0 1 0
23 11 1 0 1 0 1 1
23 12 1 0 1 0 1 0
23 14 1 0 0 0 1 1
23 15 0 1 0 0 0 0
23 17 1 0 0 1 1 1
23 18 1 1 1 0 0 0
23 19 0 1 0 1 0 0
23 21 0 0 1 1 1 0
23 23 0 1 0 0 1 0
23 24 0 0 1 0 0 0
23 25 0 0 0 0 1 0
23 27 1 0 0 1 1 0
23 28 0 1 0 0 1 1
23 29 1 0 1 0 1 1
23 30 1 0 1 0 1 0
24 2 0 0 1 1 1 0
24 4 1 1 0 1 1 0
24 5 0 0 0 1 1 1
24 6 0 0 0 1 1 1
24 8 1 1 1 0 0 0
24 9 1 0 0 1 0 1
24 10 1 1 0 0 1 0
24 11 0 0 1 1 0 1
24 12 0 0 0 0 1 1
24 14 1 1 0 0 1 0
24 15 1 0 1 0 0 1
24 16 1 1 0 0 1 0
24 17 0 1 0 1 0 0
24 19 1 0 1 0 1 1
24 20 0 1 0 1 1 0
24 21 1 0 1 0 0 0
24 22 0 0 0 0 1 0
24 24 1 1 0 0 0 0
24 25 1 0 1 0 0 1
24 26 1 0 1 0 0 0
24 27 0 1 0 0 0 1
25 2 1 1 0 0 0 0
25 3 0 0 1 1 1 1
25 4 0 1 1 0 0 0
25 5 1 0 1 0 0 0
25 6 0 1 0 1 0 0
25 7 0 0 0 0 1 0
25 8 0 1 1 0 0 0
25 9 1 1 1 1 0 0
25 10 1 1 0 0 0 1
25 11 1 1 1 0 0 0
25 12 0 0 1 1 0 1
25 14 1 0 1 1 0 0
25 15 0 1 1 1 0 1
25 16 1 1 0 1 0 0
25 17 0 0 1 0 1 1
25 19 0 0 1 1 0 0
25 20 0 1 0 0 1 1
25 22 0 0 1 1 1 1
25 23 1 0 0 0 0 0
25 24 0 1 0 1 1 0
25 25 0 1 0 1 1 0
25 26 0 0 1 0 0 1
25 27 0 0 1 1 1 1
25 28 1 0 0 0 0 0
25 29 1 1 0 0 0 0
25 30 0 1 0 1 1 0
26 30 0 0 1 1 1 1
26 31 0 1 0 1 0 0
