0.30
21 49 77 100 128 154 179 203 230 254 283 305 333 356 384 407 435 458 486 510 537 560 588 611 639 662 690 714 741 765 792 815 844 867 895 918 946 969 997 1020 1047 1070 1098 1121 1150 1173 1200 1224 1251 1274 1303 1327 1354 1378 1406 1428 1458 1481 1508 1532 1560 1583 1611 1634 1662 1685
63 85 107 152 175 197 239 262 285 327 349 371 412 435 458 498 521 543 585 607 629 670 693 714 756 778 801 842 864 887 927 949 971 1015 1037 1059 1100 1122 1144 1185 1208 1230 1275 1297 1320 1363 1385 1407 1448 1470 1493 1535 1557 1580 1622 1645 1667 1708 1730 1752 1794 1816 1839 1880 1903 1925 1966 1989 2010 2052 2075 2097 2138 2161 2183 2226 2249 2271
1 28 0 0 0 0 1 1
1 29 0 1 0 0 0 0
1 30 1 0 0 1 0 0
1 31 0 0 1 0 0 1
2 19 0 0 0 0 1 1
2 20 0 1 1 0 0 0
2 21 1 1 1 1 0 0
2 22 0 0 1 1 0 0
2 24 0 1 1 0 1 1
2 25 1 1 0 1 1 1
2 26 0 0 1 1 1 0
2 27 0 0 0 1 1 1
2 28 0 0 0 0 1 1
2 29 0 1 1 0 0 0
3 7 0 0 1 0 1 0
3 8 1 1 0 1 0 0
3 10 0 0 1 0 1 0
3 11 1 1 0 0 1 0
3 12 0 0 0 1 0 0
3 13 0 1 0 0 1 0
3 15 0 0 1 0 1 0
3 16 0 1 0 1 1 0
3 17 0 1 1 1 1 1
3 18 1 1 0 0 1 0
3 20 0 1 1 0 1 0
3 21 1 0 0 0 0 1
3 22 1 0 0 0 1 0
3 24 0 1 1 1 0 0
3 26 0 1 0 0 0 1
3 27 1 0 0 1 1 0
3 28 0 1 1 0 0 1
3 29 0 0 0 1 1 0
4 4 0 1 0 1 0 1
4 5 0 1 0 1 1 0
4 7 1 0 0 0 1 0
4 8 0 0 0 1 0 1
4 9 0 0 1 1 0 0
4 10 0 1 0 1 1 0
4 12 0 1 0 0 0 0
4 13 0 1 0 1 0 1
4 14 0 0 0 1 1 1
4 15 0 0 0 1 0 0
4 16 0 1 1 0 1 0
4 17 1 1 0 0 1 1
4 19 0 0 1 1 0 0
4 20 1 1 0 1 1 0
4 21 0 0 0 1 0 0
4 22 0 1 0 0 1 0
4 24 0 1 1 1 1 0
4 25 1 0 1 0 0 1
4 26 1 1 0 1 1 0
4 28 0 1 0 0 0 0
4 29 1 0 0 0 1 0
4 30 1 1 0 1 1 0
4 31 1 0 0 1 0 0
5 6 0 0 0 0 1 1
5 7 1 1 1 0 1 0
5 8 0 0 1 0 1 0
5 9 0 1 0 1 1 0
5 11 1 0 0 0 1 0
5 12 1 0 0 1 1 1
5 13 1 0 1 1 0 0
5 14 1 1 0 1 1 0
5 16 0 1 0 0 0 0
5 17 0 0 0 0 1 1
5 18 0 1 1 0 1 0
5 19 1 1 0 0 1 1
5 20 0 0 0 0 0 1
5 21 1 0 0 0 0 1
5 23 0 1 1 0 1 0
5 24 1 0 0 0 0 1
5 25 1 1 0 0 0 1
5 26 0 1 0 1 1 0
5 28 0 1 0 0 0 0
5 29 1 1 1 0 1 1
5 30 0 1 0 1 1 0
5 31 0 0 1 0 0 1
6 6 0 1 0 0 1 0
6 7 1 0 0 0 1 1
6 8 1 0 1 0 0 1
6 9 0 1 0 1 1 0
6 11 0 0 1 0 1 1
6 12 0 1 1 1 0 1
6 13 1 0 1 0 1 1
6 14 1 1 0 1 0 1
6 16 1 1 0 0 0 1
6 17 0 0 0 1 1 1
6 18 1 0 0 0 0 1
6 20 1 0 1 0 0 1
6 21 1 1 1 1 0 0
6 22 0 0 1 0 1 1
6 23 1 1 0 1 1 1
6 24 0 0 0 0 1 1
6 25 0 1 0 0 0 0
6 26 1 1 1 1 0 0
6 27 0 1 0 1 0 1
6 28 0 1 1 1 0 1
6 30 1 1 1 0 0 1
6 31 1 1 0 1 0 0
7 5 0 0 0 0 1 1
7 6 0 1 0 0 0 0
7 7 1 1 1 0 0 1
7 8 1 0 0 0 0 1
7 9 0 0 1 1 0 0
7 10 0 0 0 1 1 0
7 12 0 0 1 0 1 0
7 13 1 1 0 1 0 0
7 15 0 0 1 0 1 1
7 16 1 1 0 1 1 1
7 17 0 0 0 1 0 0
7 18 0 1 1 1 0 0
7 20 1 1 1 0 0 1
7 21 1 1 0 1 0 1
7 22 0 1 1 0 1 0
7 23 1 1 0 1 1 0
7 25 1 1 1 0 1 1
7 26 0 1 0 1 1 0
7 27 1 0 0 0 1 0
7 28 0 0 0 1 0 1
7 30 1 0 0 0 1 0
7 31 1 1 0 1 1 0
8 6 1 1 1 0 0 1
8 7 1 1 0 1 1 0
8 9 1 1 1 0 1 0
8 11 1 1 1 1 0 0
8 12 0 1 0 1 0 1
8 13 0 1 1 1 0 1
8 15 0 0 1 0 1 0
8 16 1 1 0 1 0 0
8 18 1 0 1 0 0 1
8 19 1 0 1 0 0 1
8 20 0 0 0 1 0 1
8 22 1 1 1 0 1 1
8 23 0 1 0 1 1 0
8 24 0 1 0 1 0 1
8 25 0 1 0 1 1 0
8 27 0 0 0 0 0 1
8 28 1 0 0 0 1 0
8 30 0 0 0 0 1 0
8 31 0 1 1 1 1 0
9 7 1 0 0 0 1 0
9 8 1 1 0 1 1 0
9 10 0 1 0 1 0 0
9 11 0 1 0 1 1 0
9 12 1 1 1 1 0 0
9 13 0 1 0 1 1 0
9 15 1 0 1 0 0 1
9 16 1 1 1 1 0 0
9 18 0 1 0 1 0 1
9 19 1 1 0 1 0 0
9 21 0 1 0 0 0 1
9 22 1 0 0 1 1 0
9 23 0 1 0 0 0 1
9 24 1 0 0 1 0 0
9 25 0 0 1 0 1 1
9 26 1 0 0 0 0 1
9 27 0 0 0 0 1 1
9 28 0 1 0 0 0 0
9 29 1 0 1 1 0 1
9 30 0 0 0 1 0 1
9 31 0 0 1 0 0 1
10 5 1 0 1 0 1 1
10 6 0 0 0 1 1 0
10 7 1 0 1 1 0 0
10 8 1 1 0 1 1 0
10 10 1 0 1 0 0 1
10 11 1 1 1 1 0 0
10 13 0 1 0 1 0 1
10 14 1 1 0 1 0 0
10 16 0 1 0 0 0 1
10 17 1 0 0 1 1 0
10 18 0 1 0 0 0 1
10 19 1 0 0 1 0 0
10 21 1 0 0 0 1 0
10 22 1 1 0 1 1 0
10 23 1 0 1 0 0 1
10 24 1 1 0 0 0 1
10 25 0 1 0 1 1 0
10 27 0 1 1 0 0 0
10 28 0 0 1 1 0 1
10 29 0 0 0 1 1 0
10 30 0 0 1 1 0 1
10 31 1 0 0 1 1 0
11 6 0 1 0 0 0 1
11 7 1 0 0 1 1 0
11 8 0 1 0 0 0 1
11 9 1 0 0 1 0 0
11 11 1 0 0 0 1 0
11 12 1 1 0 1 1 0
11 13 1 0 1 0 0 1
11 14 0 1 0 0 0 1
11 15 1 1 0 1 0 0
11 17 0 1 1 0 0 0
11 18 0 0 1 1 0 1
11 19 0 0 0 1 1 0
11 20 0 0 0 1 0 0
11 21 1 0 0 0 0 1
11 22 1 0 1 1 1 0
11 23 0 1 0 1 1 0
11 25 1 0 0 0 1 0
11 26 1 1 0 1 1 0
11 28 0 1 0 0 1 0
11 29 1 1 0 0 1 1
11 30 0 0 0 1 0 0
11 31 1 1 0 0 0 1
12 4 1 1 1 0 0 0
12 5 1 1 0 1 1 0
12 7 0 0 0 0 1 1
12 8 0 0 1 1 0 1
12 9 0 0 0 1 1 0
12 11 1 1 1 0 0 1
12 12 1 1 0 1 0 0
12 14 0 0 0 1 0 0
12 15 1 0 0 0 0 1
12 16 1 0 0 0 1 1
12 18 1 0 0 0 0 0
12 19 1 0 1 0 1 1
12 20 0 0 0 1 1 0
12 21 0 0 0 1 0 0
12 22 1 1 0 0 0 1
12 24 1 0 0 0 0 0
12 25 0 0 1 1 0 1
12 26 1 0 0 1 1 0
12 27 1 1 1 1 0 0
12 28 0 1 0 1 1 0
12 30 1 0 1 0 1 0
12 31 0 1 1 1 0 1
13 25 0 0 0 0 1 1
13 26 0 1 0 0 0 0
13 27 1 1 1 1 0 0
13 28 1 1 1 0 0 0
13 30 0 0 1 0 1 0
13 31 0 0 0 1 0 1
14 4 1 1 1 0 1 0
14 5 0 0 1 1 0 1
14 6 0 0 0 1 1 0
14 8 1 1 0 0 0 1
14 9 0 0 0 1 1 1
14 10 1 0 0 0 0 1
14 12 0 0 1 0 0 1
14 13 1 0 0 0 1 0
14 14 0 0 1 1 0 1
14 15 1 0 0 0 0 1
14 17 1 1 0 0 0 1
14 19 0 0 0 0 1 0
14 20 0 1 1 1 0 0
14 22 1 1 1 1 0 0
14 23 0 0 0 0 0 1
14 24 0 1 1 1 0 0
14 26 0 1 0 0 0 1
14 27 1 0 0 1 1 0
14 28 0 1 0 0 0 1
14 29 1 0 0 1 0 0
15 5 0 0 0 0 1 0
15 6 0 1 1 1 1 0
15 7 1 1 1 1 1 1
15 8 0 1 0 1 1 0
15 9 0 1 0 0 1 0
15 10 1 1 0 0 1 0
15 12 0 0 1 0 1 0
15 13 1 1 0 1 0 0
15 14 1 0 1 1 0 1
15 15 0 0 0 1 1 1
15 16 0 0 0 0 1 1
15 17 0 1 1 1 0 0
15 19 0 0 1 1 0 1
15 20 1 1 0 0 1 1
15 22 0 0 1 1 0 0
15 23 0 0 0 1 1 0
15 25 0 1 0 0 0 0
15 26 0 0 1 1 0 1
15 27 0 0 0 1 1 1
15 28 0 1 0 0 1 1
15 29 0 0 0 1 1 0
15 31 1 1 0 0 0 1
16 3 0 0 1 0 1 0
16 4 1 0 0 1 1 1
16 5 0 1 0 0 0 1
16 6 1 0 0 1 0 0
16 8 1 0 0 0 0 1
16 9 0 0 1 0 1 1
16 10 1 0 0 1 1 0
16 12 0 0 1 0 1 0
16 13 0 0 0 1 0 1
16 15 0 0 0 0 1 1
16 16 1 0 0 0 1 0
16 17 1 1 0 1 1 0
16 19 0 1 0 0 0 0
16 20 0 1 0 0 1 1
16 21 1 1 0 1 1 0
16 22 0 0 0 0 1 1
16 23 1 1 0 0 0 1
16 25 0 0 0 0 1 1
16 26 1 0 0 0 0 1
16 27 1 0 1 0 1 1
16 28 1 0 0 1 1 1
16 30 0 1 0 1 0 1
16 31 0 1 0 1 1 0
17 3 0 1 1 1 1 1
17 4 1 1 0 0 1 1
17 5 0 0 0 0 1 1
17 6 0 1 1 0 0 1
17 7 0 1 1 1 0 0
17 9 0 0 1 0 1 0
17 10 1 1 0 1 0 0
17 12 0 0 1 1 0 1
17 13 0 0 0 0 1 1
17 14 1 1 0 0 0 1
17 16 0 1 0 1 0 1
17 17 1 1 0 1 1 0
17 18 0 1 1 0 1 0
17 19 1 1 0 0 1 1
17 21 0 0 1 0 1 0
17 22 0 0 0 1 0 1
17 24 0 0 0 0 1 1
17 25 0 1 1 1 1 0
17 27 0 1 0 0 0 0
17 28 0 0 1 1 0 1
17 29 1 0 0 1 1 0
17 30 1 0 0 0 1 0
17 31 1 0 0 1 1 1
18 18 0 0 0 0 1 1
18 19 0 1 0 0 0 0
18 20 1 1 0 0 0 1
18 21 0 1 0 1 1 0
18 22 1 1 0 0 0 1
18 23 0 0 0 1 1 1
18 25 1 0 1 1 0 1
18 26 0 0 0 1 0 1
18 27 1 0 1 1 1 0
18 28 1 1 0 1 1 0
18 30 0 0 0 0 0 1
18 31 1 0 0 0 1 0
19 16 0 1 0 0 0 1
19 17 1 0 0 1 1 0
19 18 0 0 0 1 0 0
19 19 1 1 1 0 1 0
19 20 1 1 0 0 1 1
19 21 0 0 1 0 0 0
19 24 1 0 0 1 0 0
19 25 1 1 1 0 0 1
19 26 0 0 0 1 1 0
19 27 1 1 1 0 0 1
19 28 0 1 0 1 0 0
19 29 1 1 1 0 0 1
20 6 0 0 1 0 1 0
20 7 0 1 0 1 1 0
20 9 0 1 0 0 0 1
20 10 1 0 0 1 1 0
20 11 1 1 1 0 1 0
20 12 1 1 0 0 1 1
20 13 0 0 1 0 1 1
20 14 1 0 0 0 0 1
20 16 1 0 0 0 0 0
20 17 0 1 0 0 0 1
20 18 1 0 0 1 1 0
20 19 1 1 1 0 1 0
20 20 1 1 0 0 1 1
20 21 0 0 0 0 0 1
20 22 1 0 0 0 0 1
20 24 0 1 1 1 1 0
20 26 0 1 0 0 0 1
20 27 1 0 0 1 1 0
20 28 1 1 1 0 1 0
20 29 1 1 0 0 1 1
21 19 0 0 0 0 1 1
21 20 0 1 0 0 0 0
21 21 0 1 1 0 1 0
21 22 1 0 0 0 0 1
21 23 0 0 1 1 1 1
21 24 1 0 0 0 1 1
21 26 0 1 0 0 0 1
21 27 1 0 0 1 1 0
21 28 1 1 1 0 1 0
21 29 1 1 0 0 1 1
21 30 0 1 1 1 1 1
21 31 1 0 0 0 0 1
22 18 0 0 0 0 1 1
22 19 0 1 1 0 0 0
22 20 0 0 1 1 0 0
22 21 0 0 0 1 1 1
22 22 1 1 0 0 0 1
22 24 0 1 0 1 0 1
22 25 0 1 1 1 0 1
22 26 0 1 1 0 1 0
22 27 1 1 0 1 0 0
22 28 0 0 0 0 1 1
22 29 0 1 1 0 0 0
23 4 0 0 1 1 0 0
23 5 1 1 0 1 0 0
23 6 1 0 0 0 1 0
23 8 1 0 1 0 0 1
23 9 1 0 0 0 1 0
23 10 0 0 0 1 1 1
23 11 0 1 0 1 0 1
23 12 1 0 0 0 0 1
23 14 0 0 1 1 0 1
23 15 0 0 0 1 1 0
23 16 0 1 1 1 1 1
23 17 1 0 0 0 0 1
23 19 0 1 0 1 0 1
23 20 0 1 0 1 1 0
23 22 0 0 1 0 1 1
23 23 1 0 0 0 0 1
23 25 1 0 0 0 0 0
23 26 0 0 0 0 0 1
23 27 1 0 0 0 0 1
23 29 1 1 1 1 0 0
24 7 0 0 1 0 1 0
24 8 1 1 0 1 0 0
24 9 1 0 1 1 0 1
24 10 0 1 0 1 1 0
24 11 0 0 1 0 1 1
24 12 1 0 0 1 1 0
24 13 0 0 0 1 0 0
24 14 0 0 1 1 1 1
24 15 1 1 0 1 0 0
24 17 0 0 1 1 0 0
24 18 0 1 0 1 1 0
24 19 0 0 1 1 1 0
24 20 1 1 0 1 1 0
24 22 0 0 1 0 1 1
24 23 0 1 1 1 0 0
24 25 1 1 1 0 1 0
24 26 0 0 1 1 0 1
24 27 0 0 0 1 1 0
24 29 0 0 1 0 1 0
24 30 1 1 0 1 0 0
24 31 0 0 1 0 0 1
25 5 1 0 0 0 0 0
25 6 0 1 0 0 0 1
25 7 1 0 0 1 1 0
25 8 1 1 1 0 1 0
25 9 1 1 0 0 1 1
25 10 0 0 0 0 0 1
25 11 1 0 0 0 0 1
25 13 0 0 0 1 0 0
25 14 1 1 1 0 0 1
25 15 1 1 0 1 1 1
25 17 0 0 0 0 0 1
25 18 1 0 0 0 0 1
25 20 1 1 1 1 0 0
25 21 0 0 0 0 1 1
25 22 0 1 0 0 0 0
25 23 0 1 1 0 1 0
25 24 1 1 0 1 0 0
25 25 0 0 0 0 1 0
25 26 1 0 0 0 1 0
25 28 1 0 1 1 0 0
25 29 0 1 0 1 1 0
25 30 0 0 0 0 1 0
25 31 1 0 0 0 0 1
26 5 0 0 0 1 0 0
26 6 1 1 1 0 0 1
26 7 1 1 0 1 1 1
26 9 0 0 0 0 0 1
26 10 0 1 1 1 1 1
26 11 1 0 0 0 0 1
26 13 1 1 1 1 0 0
26 15 0 1 0 0 0 0
26 16 0 1 0 0 0 1
26 17 1 0 0 1 1 0
26 18 1 1 1 0 1 0
26 19 1 1 0 0 1 1
26 20 0 0 1 0 1 1
26 21 1 0 0 0 0 1
26 23 0 0 0 1 0 0
26 24 1 1 1 0 0 1
26 25 1 1 0 1 1 1
26 27 0 0 0 0 0 1
26 28 0 0 1 0 1 1
26 29 1 0 0 0 0 1
26 31 1 1 1 1 0 0
