0.50
54 74 102 125 154 176 204 227 257 280 308 331 359 382 411 434 462 485 513 536 564 587 614 638 666 688 717 739 767 790 819 842 870 892 922 944 971 995 1023 1046 1074 1097 1126 1148 1177 1199 1227 1250 1277 1301 1329 1352 1379 1403 1432 1455 1483 1504 1536 1556 1583 1603 1630 1650
58 80 102 149 171 194 236 259 282 324 346 369 409 432 455 495 518 540 582 604 627 667 690 712 753 775 797 839 861 884 924 946 969 1011 1034 1056 1094 1118 1138 1183 1206 1228 1272 1294 1317 1359 1382 1405 1443 1467 1490 1531 1554 1577 1619 1641 1663 1704 1727 1749 1789 1812 1835 1876 1899 1921 1963 1985 2008 2049 2071 2094 2136 2158 2180 2223 2246 2268
1 2 0 0 1 0 0 1
1 3 1 0 0 1 0 0
1 4 0 0 0 0 1 0
1 5 0 1 1 0 0 0
2 4 0 0 0 0 1 1
2 5 0 1 1 0 0 0
2 6 1 1 1 0 0 0
2 7 1 1 0 0 0 1
2 8 1 1 1 1 1 0
2 9 0 1 1 0 1 1
2 11 1 0 0 0 0 1
2 12 1 0 0 1 1 1
2 13 0 0 0 0 1 1
2 14 0 1 1 0 0 0
3 4 1 1 0 0 0 0
3 5 0 0 1 0 1 1
3 6 1 1 0 1 0 0
3 7 0 0 1 0 1 0
3 9 1 0 0 0 1 1
3 11 0 1 0 1 0 0
3 12 0 0 1 1 0 0
3 13 0 1 0 0 1 1
3 15 0 1 0 1 1 0
3 16 1 1 1 0 1 1
3 17 1 1 0 0 1 0
3 18 0 1 0 0 0 1
3 20 0 1 0 0 1 0
3 21 1 0 0 0 0 0
3 22 0 1 0 1 1 0
3 23 0 1 0 0 0 1
3 25 1 0 0 1 1 0
3 26 0 1 0 0 0 1
4 2 1 0 0 1 0 0
4 3 1 1 0 1 1 0
4 4 0 1 0 1 0 0
4 5 0 0 0 0 1 0
4 7 1 1 0 1 1 0
4 8 0 0 1 1 0 1
4 9 1 1 0 0 1 1
4 11 0 1 0 0 1 0
4 12 1 0 0 0 0 0
4 13 1 1 0 1 1 0
4 14 1 0 0 0 0 1
4 16 0 1 1 1 1 0
4 17 0 1 0 0 1 1
4 18 1 0 0 0 0 0
4 19 1 1 1 0 0 0
4 20 1 0 1 0 1 0
4 21 0 0 0 0 1 0
4 23 1 1 0 0 1 0
4 24 1 0 0 0 0 1
4 25 1 0 1 0 0 0
4 26 0 1 0 1 0 0
4 28 1 1 0 0 1 0
4 29 1 0 1 0 1 0
5 2 0 0 1 0 0 1
5 3 1 1 0 0 1 0
5 4 0 1 1 1 1 1
5 5 0 0 0 0 1 0
5 7 1 1 0 0 1 0
5 8 0 0 1 1 1 0
5 9 0 0 1 1 0 0
5 10 0 1 0 0 1 1
5 12 0 0 1 1 0 0
5 13 0 0 1 0 0 0
5 14 0 1 1 1 1 0
5 15 0 1 0 0 1 1
5 16 0 1 1 0 0 0
5 17 0 0 0 0 1 0
5 19 1 1 0 1 1 0
5 20 1 0 0 1 0 1
5 21 1 1 1 1 0 0
5 22 0 1 0 1 0 0
5 24 1 1 0 0 1 0
5 25 0 1 0 0 0 1
5 26 0 1 0 1 1 1
5 27 0 1 1 0 0 0
6 2 1 0 0 1 1 0
6 3 0 0 1 1 1 1
6 5 1 0 1 0 1 1
6 6 1 0 1 0 1 0
6 7 1 0 0 1 1 1
6 8 0 0 0 0 1 0
6 9 0 1 1 0 0 0
6 10 1 1 1 1 1 0
6 11 0 1 1 0 0 1
6 12 1 0 0 1 1 1
6 13 0 0 1 1 0 1
6 15 0 0 1 1 0 0
6 16 1 1 1 0 0 0
6 17 0 0 1 1 1 0
6 19 1 0 1 1 1 0
6 20 0 1 1 1 0 1
6 21 1 0 1 0 1 1
6 22 0 1 1 0 0 1
6 24 1 1 0 0 1 0
6 25 0 0 1 1 0 1
6 26 0 1 1 1 0 0
6 27 0 1 0 0 1 0
7 2 1 1 0 1 1 0
7 3 0 1 0 1 0 0
7 5 1 0 1 0 0 0
7 6 0 1 0 1 0 0
7 7 1 1 0 0 1 0
7 8 0 1 1 1 1 1
7 10 1 1 0 1 1 0
7 11 0 1 0 0 1 1
7 12 1 0 1 1 1 0
7 13 0 0 1 1 1 1
7 15 1 0 0 0 1 1
7 16 1 0 0 0 0 0
7 17 1 1 1 1 1 0
7 18 0 1 1 0 0 1
7 20 1 0 0 1 1 0
7 21 0 1 0 0 0 1
7 23 1 1 0 0 0 0
7 24 1 0 0 0 0 1
7 25 0 0 1 1 0 0
7 26 0 0 1 1 1 1
7 27 0 0 0 0 1 0
7 28 0 1 1 0 0 0
8 2 1 1 0 0 1 1
8 3 0 1 0 0 0 0
8 5 0 1 0 1 0 0
8 6 0 0 1 0 0 0
8 8 1 1 0 0 1 0
8 9 1 0 1 0 1 0
8 10 1 1 0 0 1 0
8 11 0 1 1 1 1 1
8 13 1 0 1 0 0 0
8 14 0 0 1 1 0 1
8 15 0 0 1 1 0 1
8 17 1 0 0 1 1 0
8 18 0 1 0 0 0 1
8 20 1 0 1 0 1 1
8 21 1 0 1 0 1 0
8 22 1 0 0 1 1 1
8 24 0 1 0 1 1 1
8 26 1 1 0 1 1 0
8 27 0 0 1 1 1 1
9 2 0 0 1 0 0 1
9 3 1 0 1 0 0 0
9 4 1 0 1 1 0 1
9 5 0 0 0 0 1 0
9 6 0 1 1 0 0 0
9 7 0 0 1 1 0 0
9 8 0 1 1 0 0 1
9 9 1 0 0 1 0 0
9 10 0 0 1 0 1 0
9 11 1 1 0 1 0 0
9 12 0 0 1 0 1 0
9 14 1 0 0 1 1 0
9 15 1 0 1 0 1 0
9 17 1 0 0 1 1 1
9 18 0 0 1 1 0 1
9 20 1 1 0 0 1 0
9 21 1 0 0 1 1 1
9 22 1 1 0 0 1 0
9 23 1 0 0 0 1 0
9 25 1 1 0 1 1 0
9 26 0 1 0 1 0 0
10 2 1 1 0 1 0 0
10 3 1 0 1 0 0 1
10 4 1 1 0 0 0 0
10 5 1 0 1 0 0 1
10 6 0 0 0 0 1 1
10 8 1 1 0 0 1 0
10 9 0 0 1 1 1 0
10 10 0 0 1 1 0 1
10 11 1 1 0 1 1 0
10 12 0 1 0 1 0 0
10 14 1 0 0 1 0 0
10 15 0 0 1 0 1 0
10 16 1 1 0 1 0 0
10 17 0 0 1 0 1 0
10 19 1 0 0 1 1 0
10 20 1 0 1 0 1 0
10 22 1 0 0 1 1 1
10 23 0 0 1 1 0 1
10 25 1 1 0 1 1 0
10 26 1 0 0 1 0 1
10 27 1 1 0 0 0 0
10 28 0 1 1 1 0 1
11 2 0 0 1 1 1 0
11 3 1 0 0 0 0 0
11 4 0 1 1 1 1 0
11 5 0 1 0 0 1 0
11 7 1 1 0 1 1 0
11 8 0 1 0 1 0 0
11 10 1 1 0 0 1 0
11 11 1 1 0 1 0 1
11 12 0 0 1 1 0 0
11 13 1 0 0 0 0 0
11 14 1 1 0 0 0 0
11 15 1 0 1 0 0 1
11 16 0 0 0 0 1 1
11 18 1 0 0 1 1 0
11 19 0 0 1 0 1 0
11 20 0 0 1 1 0 1
11 21 1 1 0 1 1 0
11 22 0 1 0 1 0 0
11 24 1 0 0 1 0 0
11 25 0 0 1 0 1 0
11 26 1 1 0 1 0 0
11 27 0 0 1 0 1 0
12 2 1 0 1 0 1 1
12 3 0 1 0 1 0 1
12 5 1 1 0 0 1 0
12 6 1 0 0 1 1 1
12 7 1 1 0 1 0 0
12 8 1 0 1 0 0 1
12 9 0 0 0 1 0 0
12 11 0 0 1 1 1 0
12 12 1 0 0 0 0 0
12 13 1 1 0 0 0 0
12 14 0 1 1 1 0 1
12 15 0 0 0 1 0 0
12 17 0 1 1 1 0 0
12 18 0 0 1 1 0 0
12 19 1 0 0 0 0 0
12 21 1 0 0 1 1 0
12 22 0 0 1 1 1 1
12 24 1 1 0 0 0 0
12 25 1 0 1 0 0 1
12 26 0 1 1 0 0 0
12 28 1 1 0 1 1 0
12 29 0 0 0 1 1 1
13 2 1 0 1 0 0 0
13 3 0 1 0 0 0 1
13 5 0 0 0 1 1 1
13 6 1 0 0 1 1 1
13 7 0 0 0 0 1 0
13 8 0 1 1 0 0 0
14 4 1 0 0 1 0 0
14 5 0 0 1 0 1 0
14 6 1 1 0 1 0 0
14 7 0 0 1 0 1 0
14 9 1 0 0 0 1 1
14 10 0 0 1 0 0 0
14 11 1 0 0 1 1 1
14 13 1 0 0 0 1 1
14 14 0 1 0 0 0 0
14 16 0 0 1 1 1 0
14 18 0 0 1 1 0 0
14 19 1 0 1 0 0 1
14 20 0 1 0 1 0 0
14 21 0 0 1 0 0 1
14 23 0 0 1 1 0 0
14 24 1 1 1 0 0 0
14 25 0 0 1 1 1 0
14 27 1 1 0 0 0 0
14 28 1 0 1 0 0 1
14 29 0 1 0 1 1 1
15 2 0 0 1 1 1 0
15 4 1 1 0 0 0 0
15 5 0 1 1 0 1 0
15 6 1 1 1 0 0 0
15 7 1 0 1 0 0 1
15 8 0 0 0 0 1 0
15 10 1 1 0 0 0 0
15 11 1 0 0 0 0 1
15 13 0 1 1 1 1 0
15 14 1 0 1 0 0 1
15 16 1 0 0 0 1 1
15 17 0 1 1 0 0 0
15 18 1 1 1 0 0 0
15 19 1 0 1 1 0 1
15 20 1 0 0 1 1 0
15 21 0 1 0 0 0 1
15 23 0 1 0 1 1 0
15 24 0 1 0 0 1 0
15 25 1 1 0 0 1 0
15 26 1 1 1 1 1 1
15 27 1 1 0 0 1 1
15 28 0 1 0 0 0 0
16 2 1 1 0 0 1 0
16 3 1 0 1 0 1 0
16 5 1 1 1 1 0 0
16 6 0 1 1 1 0 1
16 7 0 0 1 1 0 0
16 8 0 1 1 0 0 0
16 10 0 0 1 1 1 0
16 11 0 1 1 0 0 0
16 12 1 1 0 1 1 0
16 13 0 1 1 0 1 0
16 14 0 0 0 0 1 0
16 16 1 1 0 1 1 0
16 17 0 1 0 1 0 0
16 18 0 1 1 0 0 0
16 20 1 0 1 0 0 0
16 21 0 1 0 0 0 1
16 23 1 1 0 1 0 0
16 24 0 1 1 0 0 1
16 25 0 0 1 1 0 0
16 27 1 0 0 1 0 0
16 28 0 0 1 0 1 0
16 29 1 1 1 1 0 0
16 30 0 1 0 0 0 1
17 2 1 1 1 1 0 0
17 3 0 1 0 1 0 0
17 4 1 1 0 1 0 0
17 5 1 0 1 0 0 1
17 6 0 0 0 0 1 0
17 8 1 1 0 0 1 1
17 9 0 1 1 0 0 0
17 11 1 0 1 0 0 0
17 12 0 1 0 0 0 1
17 14 0 1 1 1 1 0
17 15 0 1 0 0 1 1
17 16 1 1 0 1 1 0
17 17 1 0 1 0 1 0
17 19 0 0 1 1 1 0
17 20 0 1 1 0 0 0
17 21 1 0 1 0 0 1
17 23 1 0 0 1 1 0
17 24 0 1 0 0 0 1
17 26 1 0 0 0 1 1
17 27 0 0 1 0 1 1
17 28 0 1 1 0 0 0
17 29 0 1 1 1 1 0
17 30 1 1 1 0 1 1
18 2 0 1 0 1 0 0
18 3 0 0 1 0 0 0
18 5 1 1 0 1 1 0
18 6 1 1 0 1 0 1
18 7 1 0 1 0 0 0
18 8 1 0 1 1 0 1
18 10 1 1 1 0 0 0
18 11 0 0 1 1 1 0
18 12 1 1 0 0 1 0
18 13 0 0 1 1 1 0
18 14 0 0 0 0 1 0
18 15 0 1 1 0 0 0
19 4 0 0 1 1 1 1
19 5 1 0 0 0 1 0
19 6 0 0 1 1 1 1
19 7 1 1 0 0 0 0
19 8 0 0 1 1 1 1
19 9 1 0 0 1 0 0
19 12 0 0 0 0 0 1
19 13 0 1 1 1 1 0
19 14 0 1 0 1 1 1
19 15 1 0 0 0 0 0
19 16 1 1 0 1 0 0
19 17 0 0 1 0 1 0
20 4 0 1 1 1 1 0
20 5 0 1 0 1 1 1
20 6 1 1 0 1 0 0
20 7 0 0 1 0 1 0
20 9 1 1 0 0 1 1
20 11 0 0 1 1 0 0
20 12 0 0 1 0 0 0
20 13 0 1 1 1 1 0
20 14 0 1 0 1 1 1
20 15 1 1 0 1 0 0
20 16 0 0 1 0 1 0
20 17 0 0 0 1 0 0
20 19 0 0 1 1 0 0
20 20 0 1 1 0 0 1
20 21 0 1 1 1 1 0
20 22 0 1 0 1 1 1
20 23 1 1 0 1 0 0
20 24 0 0 1 0 1 0
20 26 1 1 0 0 1 0
20 27 0 1 0 0 0 1
21 2 0 0 1 1 0 0
21 3 1 1 1 0 1 1
21 4 0 1 1 1 1 0
21 5 0 1 0 1 1 1
21 6 1 1 0 1 0 0
21 7 0 0 1 0 1 0
21 9 0 1 1 1 0 0
21 10 1 1 1 0 0 1
21 11 0 0 1 1 0 0
21 12 0 1 0 0 1 1
21 13 0 0 0 0 1 0
21 14 0 1 1 0 0 0
22 4 0 0 0 0 1 1
22 5 0 1 1 0 0 0
22 6 1 0 0 1 1 0
22 7 0 1 0 0 1 1
22 8 1 0 1 0 1 1
22 9 1 0 1 0 1 0
22 11 0 0 1 1 1 0
22 12 1 1 1 0 0 0
22 13 1 0 0 0 0 1
22 14 0 0 0 0 1 1
22 15 0 1 1 0 0 0
23 4 1 0 0 1 1 1
23 6 0 0 1 1 0 0
23 7 0 0 1 0 0 0
23 8 0 0 0 1 0 0
23 10 0 0 1 1 0 0
23 11 0 1 1 0 0 1
23 13 1 1 0 0 1 0
23 14 1 0 1 0 1 0
23 16 0 0 1 1 0 0
23 17 1 1 1 0 1 1
23 18 1 1 0 0 0 0
23 19 1 0 1 0 0 1
23 21 0 0 1 1 0 0
23 22 1 0 1 0 1 0
23 23 1 1 1 0 0 0
23 24 0 1 0 1 0 0
23 25 0 0 1 1 0 1
23 27 0 1 0 1 0 0
23 28 1 0 0 1 1 0
23 29 1 0 0 0 0 1
24 2 0 0 1 0 0 1
24 3 1 0 0 1 1 0
24 4 0 1 0 0 0 1
24 6 1 1 0 0 0 0
24 7 1 0 1 0 0 1
24 8 0 1 0 1 1 1
24 10 1 0 0 0 1 1
24 11 0 1 1 0 0 1
24 13 1 1 0 1 1 0
24 14 1 1 0 0 0 1
24 15 1 1 0 0 1 0
24 16 1 0 0 0 0 1
24 18 1 0 0 1 1 0
24 19 1 1 1 0 0 1
24 20 1 0 0 0 0 0
24 21 1 1 0 1 0 0
24 22 0 1 1 0 0 1
24 23 1 1 0 0 1 0
24 24 1 0 1 1 0 1
24 25 1 0 0 1 1 0
24 26 0 1 0 0 0 1
25 2 0 0 1 1 0 0
25 3 0 1 0 0 0 0
25 4 1 1 0 0 1 0
25 5 1 0 0 1 0 1
25 7 0 1 0 1 0 0
25 8 0 1 0 0 0 0
25 9 1 0 0 1 1 0
25 10 0 1 0 0 1 1
25 11 0 0 0 0 1 0
25 12 0 1 1 0 0 0
25 13 1 0 0 1 1 1
25 15 0 0 1 1 0 0
25 16 0 0 1 0 0 0
25 18 1 1 1 1 1 0
25 19 0 0 1 1 1 1
25 20 1 0 0 0 0 0
25 22 0 0 1 1 0 0
25 23 0 0 1 0 0 0
25 24 0 1 1 1 1 0
25 25 0 1 0 1 1 1
25 26 1 1 0 1 0 0
25 27 0 0 1 0 1 0
25 28 0 0 0 1 0 0
26 2 1 0 0 1 1 1
26 4 0 0 1 1 0 0
26 5 0 1 1 0 0 1
26 6 0 0 1 0 0 0
26 9 0 0 1 1 1 1
26 10 1 0 0 0 0 0
26 12 0 0 1 1 0 0
26 14 0 1 1 1 1 0
26 15 0 1 0 1 1 1
26 17 0 0 1 0 1 0
26 18 0 0 0 0 1 0
26 22 0 0 1 1 0 0
26 23 1 1 1 0 1 1
26 24 0 0 1 0 0 0
26 26 1 1 1 1 1 0
26 27 0 0 1 1 1 1
26 28 1 0 0 0 0 0
26 20 1 0 0 1 1 1
26 8 1 1 1 1 1 0
26 13 0 1 1 0 0 1
26 16 1 1 0 1 0 0
