0.80
46 69 97 121 150 172 201 224 252 275 303 326 354 377 405 428 456 479 507 530 558 581 609 632 659 683 711 735 762 785 814 838 865 888 915 938 966 989 1017 1040 1067 1091 1119 1142 1169 1192 1221 1244 1273 1296 1323 1347 1377 1399 1428 1451 1478 1501 1529 1552 1581 1604 1632 1655
54 77 98 143 165 187 229 251 274 316 338 361 400 423 447 487 509 531 572 595 618 660 683 705 744 767 789 832 854 877 916 939 961 1003 1025 1048 1088 1111 1133 1173 1195 1218 1264 1286 1308 1352 1375 1397 1438 1461 1483 1526 1548 1570 1611 1634 1656 1698 1720 1742 1783 1806 1828 1870 1894 1915 1955 1978 2000 2042 2065 2087 2128 2151 2173 2215 2238 2259
1 12 0 0 0 0 1 1
1 13 0 1 0 0 0 0
1 14 0 1 1 1 1 0
1 15 0 1 0 1 0 1
1 16 0 1 1 1 0 1
1 18 1 0 0 1 0 0
1 19 0 0 1 0 0 1
1 20 1 1 0 0 1 0
1 21 0 0 0 1 1 0
1 22 0 0 0 1 0 0
1 23 1 1 1 0 0 1
1 25 0 1 1 0 1 0
1 26 1 0 0 0 0 1
1 28 0 1 1 0 0 1
1 29 1 0 0 1 1 0
1 30 1 0 1 0 1 1
1 31 1 0 0 1 0 1
2 19 0 0 0 0 1 1
2 20 0 1 1 0 0 0
2 21 1 1 1 1 0 0
2 22 0 0 1 1 0 0
2 24 0 1 1 0 1 1
2 25 1 1 0 1 1 1
2 26 0 0 1 1 1 0
2 27 0 0 0 1 1 1
2 28 0 0 0 0 1 1
2 29 0 1 1 0 0 0
3 3 1 0 0 0 0 0
3 4 0 0 1 1 0 1
3 5 1 0 0 1 1 0
3 6 1 1 1 1 0 0
3 7 0 1 0 1 1 0
3 9 0 1 1 1 0 0
3 11 0 1 0 0 0 0
3 12 0 0 1 0 1 0
3 13 0 1 0 1 1 0
3 14 1 1 1 1 1 0
3 15 0 1 0 1 1 0
3 17 0 1 1 1 1 1
3 18 1 1 0 0 1 0
3 19 0 0 1 1 0 0
3 20 0 0 0 1 0 1
3 22 1 0 0 0 1 0
3 23 1 1 0 1 1 0
3 24 1 0 0 1 0 0
3 26 0 1 0 0 0 1
3 27 1 0 0 1 1 0
3 28 0 1 1 0 0 1
3 29 0 0 0 1 1 0
4 2 0 1 0 0 0 0
4 3 0 1 1 0 1 0
4 4 1 1 0 0 1 0
4 5 1 1 1 0 0 1
4 6 1 1 0 0 1 1
4 8 0 0 1 1 0 1
4 9 1 0 0 1 1 0
4 10 0 0 0 0 0 1
4 11 1 1 1 1 1 0
4 13 1 1 1 0 1 0
4 14 1 1 0 1 0 0
4 15 0 0 0 0 1 1
4 16 0 1 0 0 0 0
4 17 0 1 0 0 0 1
4 18 1 0 0 1 1 0
4 19 0 1 1 1 1 1
4 20 0 1 1 1 0 0
4 22 1 1 1 1 0 0
4 23 0 0 1 0 1 1
4 24 1 1 0 1 1 1
4 26 0 0 1 1 0 1
4 27 0 0 0 1 1 0
4 28 1 0 1 0 1 1
4 29 0 0 0 1 1 1
4 30 0 1 0 1 0 0
4 31 0 1 0 1 1 0
5 5 0 0 0 0 1 1
5 6 1 1 1 0 0 1
5 7 0 0 0 1 1 0
5 9 0 1 0 1 0 0
5 10 0 1 0 1 1 0
5 11 1 1 1 1 0 0
5 12 0 1 0 1 1 0
5 14 1 0 0 0 1 0
5 15 1 1 0 1 1 0
5 17 0 0 0 0 1 1
5 18 1 0 0 0 0 1
5 19 1 0 0 0 1 0
5 20 0 0 0 1 0 1
5 22 0 1 0 0 0 0
5 23 0 0 1 1 1 1
5 24 1 0 0 1 0 1
5 25 0 0 1 0 1 1
5 26 1 0 0 0 0 1
5 28 1 0 0 0 1 0
5 29 1 1 0 1 1 0
5 30 0 0 0 0 1 0
5 31 0 1 1 1 0 0
6 3 0 1 1 1 1 0
6 4 1 0 1 0 0 1
6 5 1 1 0 1 1 0
6 6 0 0 0 0 1 1
6 7 0 1 0 0 0 0
6 8 1 1 0 0 0 1
6 9 0 0 0 1 1 1
6 10 1 0 0 0 0 1
6 12 0 1 0 0 0 1
6 13 1 0 0 1 1 0
6 14 0 1 1 0 0 1
6 15 0 0 0 1 1 0
6 17 1 1 1 1 0 0
6 18 0 0 1 0 1 1
6 19 1 1 0 1 1 1
6 21 1 1 1 0 0 1
6 22 1 0 0 0 0 1
6 23 0 0 1 1 0 0
6 24 0 0 0 1 1 0
6 26 1 1 1 0 0 1
6 27 1 1 0 1 0 0
6 29 0 0 1 0 1 1
6 30 0 1 1 1 0 0
6 31 0 0 1 0 0 1
7 6 0 1 0 1 0 0
7 7 1 1 0 1 1 0
7 8 1 1 0 0 0 1
7 9 1 1 0 0 1 1
7 11 0 1 0 0 0 0
7 12 0 0 0 0 1 1
7 13 1 0 0 0 0 1
7 14 0 1 0 0 1 1
7 15 1 1 0 1 0 0
7 17 1 0 0 0 1 0
7 18 1 1 0 1 1 0
7 19 1 1 0 0 0 1
7 20 0 1 0 1 1 0
7 22 0 1 0 0 0 0
7 23 1 0 0 0 1 0
7 24 0 0 0 1 0 1
7 25 1 0 0 0 1 0
7 26 0 0 0 1 1 1
7 28 0 1 1 0 1 0
7 29 1 0 0 0 0 1
7 30 0 0 1 0 1 0
7 31 0 1 0 1 1 0
8 15 0 0 0 0 1 1
8 16 0 1 0 0 0 0
8 17 1 1 1 1 0 0
8 18 0 1 0 1 0 1
8 19 0 1 1 1 0 1
8 21 1 1 1 0 0 1
8 22 1 1 0 1 0 0
8 24 0 1 1 0 1 0
8 25 1 1 0 1 0 0
8 26 0 0 1 1 0 1
8 27 1 1 0 0 1 0
8 29 1 1 1 0 1 0
8 30 0 0 1 0 1 1
8 31 1 1 0 1 1 1
9 7 0 0 0 1 0 0
9 8 1 1 1 0 0 1
9 9 1 1 0 1 1 1
9 11 0 0 0 0 1 1
9 12 0 1 1 1 1 0
9 13 0 0 0 0 0 1
9 14 0 1 1 0 0 0
9 16 0 1 0 0 0 1
9 17 1 0 0 1 1 0
9 18 0 1 0 0 0 1
9 19 1 0 0 1 0 0
9 20 0 0 1 0 0 0
9 21 0 0 1 0 0 0
9 24 0 0 0 1 1 0
9 25 1 1 1 0 0 1
9 26 0 0 0 1 1 0
9 27 1 1 1 0 0 1
9 28 0 1 0 1 0 0
9 29 1 1 1 0 0 1
10 23 0 0 0 0 1 1
10 24 0 0 1 0 0 0
10 25 0 1 0 0 0 1
10 26 1 0 0 1 1 0
10 27 1 1 1 0 1 0
10 28 1 1 0 0 1 1
10 29 0 0 1 1 0 0
10 30 1 0 0 1 1 1
10 31 0 0 1 0 0 0
11 18 0 0 0 0 1 1
11 19 0 1 1 0 0 0
11 20 0 0 1 1 0 0
11 21 0 0 0 1 1 1
11 22 1 1 0 0 0 1
11 24 0 1 0 1 0 1
11 25 0 1 1 1 0 1
11 26 0 1 1 0 1 0
11 27 1 1 0 1 0 0
11 28 0 0 0 0 1 1
11 29 0 1 1 0 0 0
12 6 0 1 0 1 0 1
12 7 0 1 0 1 1 0
12 9 0 1 1 0 0 1
12 10 1 1 0 1 1 0
12 11 0 0 1 0 1 1
12 12 1 0 0 0 0 1
12 14 1 0 0 0 0 0
12 15 1 0 0 0 1 0
12 16 1 1 0 1 1 0
12 17 1 0 1 0 0 1
12 18 0 1 0 0 0 1
12 19 1 1 0 1 0 0
12 21 0 0 1 0 1 0
12 22 1 1 0 1 0 0
12 24 0 0 1 0 1 1
12 25 1 0 0 0 0 1
12 26 0 1 1 1 1 1
12 27 0 1 1 1 0 0
12 29 1 1 1 1 0 0
13 5 0 0 1 1 0 0
13 6 0 1 0 1 1 0
13 7 0 0 1 1 1 0
13 8 1 1 0 1 1 0
13 10 0 1 0 0 0 0
13 11 1 1 1 0 1 0
13 12 0 0 1 1 0 1
13 13 0 0 0 1 1 0
13 15 0 0 1 1 0 0
13 16 1 1 0 1 0 0
13 17 1 0 0 0 1 0
13 19 1 0 1 0 1 0
13 20 0 1 1 1 0 1
13 22 0 1 0 1 0 1
13 23 1 0 0 0 0 1
13 24 0 0 1 1 0 1
13 25 1 0 0 1 1 0
13 27 1 0 0 0 1 0
13 28 1 1 0 1 1 0
13 29 1 0 1 0 0 1
13 30 1 1 0 0 0 1
13 31 0 1 0 1 1 0
14 4 0 0 0 0 1 0
14 5 0 1 1 1 0 0
14 7 0 1 0 1 0 1
14 8 0 1 1 1 0 1
14 9 0 1 0 0 1 1
14 10 1 0 0 1 0 0
14 12 0 1 0 0 0 1
14 13 1 0 0 1 1 0
14 14 0 1 0 0 0 1
14 15 1 0 0 1 0 0
14 16 0 0 0 0 1 1
14 17 0 1 0 0 0 0
14 18 0 1 0 0 0 1
14 19 1 0 0 1 0 0
14 20 0 0 1 0 1 0
14 21 1 0 0 1 0 1
14 23 1 1 1 0 1 0
14 24 0 1 0 1 1 0
14 25 1 0 1 0 1 0
14 26 0 0 0 1 1 1
14 28 1 0 1 1 0 0
14 29 0 1 0 1 1 0
14 30 0 0 0 0 1 0
14 31 1 0 0 0 0 1
15 4 0 1 0 1 0 0
15 5 1 1 0 1 1 0
15 7 0 1 1 1 0 1
15 8 0 1 1 1 0 0
15 10 1 0 1 0 0 1
15 12 1 0 0 0 1 0
15 13 0 0 0 1 1 0
15 14 1 0 1 1 0 0
15 15 0 0 0 1 0 1
15 17 0 0 0 0 0 1
15 18 0 1 1 1 0 0
15 20 0 1 0 0 0 0
15 21 0 0 0 0 1 0
15 22 1 0 0 0 0 1
15 23 0 1 1 0 0 1
15 24 0 1 1 1 0 0
15 26 0 1 0 1 0 0
15 27 1 1 0 1 1 0
15 28 1 1 1 1 1 0
15 29 1 1 0 1 1 0
15 30 0 0 0 0 1 1
15 31 1 1 1 1 1 0
16 3 0 0 1 0 1 0
16 4 1 1 0 1 1 0
16 5 1 1 1 0 0 1
16 6 1 0 0 0 0 1
16 8 0 1 0 0 0 0
16 9 1 0 1 0 1 0
16 10 0 0 0 1 0 1
16 11 0 1 1 0 0 1
16 12 0 1 1 1 0 0
16 14 0 0 1 1 1 1
16 15 1 1 0 0 1 0
16 16 0 1 1 1 0 1
16 18 1 0 0 0 0 1
16 19 0 1 1 1 1 1
16 20 0 1 1 1 0 0
16 21 0 0 0 0 1 1
16 22 0 1 0 0 0 0
16 23 0 0 1 1 0 0
16 24 1 0 0 1 1 1
16 25 0 0 0 1 0 0
16 26 1 0 1 1 0 1
16 27 0 1 0 1 1 0
16 29 0 0 1 1 1 0
16 30 1 1 0 1 1 0
16 31 0 0 1 0 0 1
17 3 1 1 0 0 0 1
17 4 0 0 0 1 1 1
17 5 1 0 0 0 0 1
17 7 0 0 1 0 1 0
17 8 1 1 0 1 0 0
17 10 1 1 0 0 0 1
17 11 0 0 0 1 1 0
17 12 1 0 0 0 1 0
17 13 1 1 0 0 1 1
17 15 0 0 0 0 0 1
17 16 0 0 1 0 1 0
17 17 1 0 0 0 0 1
17 18 1 1 1 1 1 0
17 19 0 1 0 1 1 0
17 21 1 0 1 0 1 0
17 22 0 1 1 1 0 1
17 23 0 1 0 1 0 0
17 24 1 1 0 0 1 1
17 26 1 1 0 0 0 1
17 28 0 0 1 0 1 1
17 29 1 0 0 0 0 1
17 30 0 0 0 0 0 1
17 31 1 0 0 0 0 1
18 5 1 0 0 0 1 0
18 6 0 0 0 1 1 0
18 7 0 0 1 0 1 1
18 8 0 1 1 1 0 0
18 10 0 1 0 0 0 0
18 11 1 0 1 1 0 0
18 12 1 1 0 1 0 0
18 13 0 0 0 1 0 0
18 14 1 0 0 0 0 1
18 16 1 1 1 0 1 0
18 18 0 1 0 1 0 0
18 19 1 1 0 1 1 0
18 20 1 1 1 1 1 0
18 21 1 1 0 1 1 0
18 22 1 0 1 1 0 0
18 23 1 1 0 1 1 0
18 25 0 0 0 0 0 1
18 26 1 0 0 0 1 0
18 28 0 1 0 0 0 0
18 29 1 1 1 0 1 0
18 30 0 0 1 1 0 1
18 31 0 0 0 1 1 0
19 6 0 1 0 1 0 1
19 7 0 1 0 1 1 0
19 9 0 1 1 1 1 1
19 10 0 1 0 1 1 0
19 11 1 0 1 1 0 0
19 12 0 0 0 1 0 1
19 14 0 1 0 1 0 1
19 15 0 1 1 1 0 1
19 17 0 0 1 0 1 1
19 18 1 0 0 0 0 1
19 19 0 1 1 1 1 1
19 20 0 1 1 1 0 0
19 22 0 1 1 0 1 0
19 23 1 1 0 1 0 0
19 24 1 0 1 0 1 0
19 25 1 1 0 1 0 0
19 27 0 1 0 0 0 0
19 28 0 1 1 0 1 0
19 29 1 1 0 1 0 0
19 30 0 0 1 1 0 1
19 31 1 0 0 0 0 1
20 2 1 0 0 0 1 0
20 3 0 0 0 1 1 1
20 4 1 0 1 1 1 0
20 6 0 0 1 0 1 0
20 7 1 1 0 1 0 0
20 9 1 0 1 1 1 0
20 10 0 1 0 1 1 0
20 11 0 0 1 0 1 1
20 12 1 0 0 0 0 1
20 14 1 0 1 1 0 1
20 15 0 1 0 1 1 0
20 17 0 1 0 0 0 0
20 18 0 1 1 0 1 0
20 19 1 1 0 1 0 0
20 20 0 0 0 0 1 0
20 21 1 0 0 0 1 0
20 23 0 0 1 1 1 1
20 24 1 0 0 1 1 0
20 25 0 0 0 0 0 1
20 26 0 1 1 0 1 1
20 28 1 0 1 1 1 0
20 29 0 1 0 1 1 0
20 30 0 0 1 0 1 1
20 31 0 1 1 1 0 0
21 4 1 1 0 0 0 1
21 6 0 0 1 1 0 1
21 7 1 1 0 1 0 0
21 8 0 0 1 1 0 1
21 9 1 0 0 1 1 0
21 11 0 0 1 0 1 0
21 12 1 1 0 1 0 0
21 14 0 1 1 0 1 0
21 15 1 1 0 1 0 0
21 16 1 1 1 0 1 0
21 17 1 1 0 0 1 1
21 19 0 0 1 1 1 1
21 20 1 1 0 1 0 0
21 22 0 1 0 0 0 0
21 23 0 1 0 0 0 1
21 24 1 1 0 1 0 0
21 25 1 0 1 0 1 0
21 26 1 1 0 0 1 1
21 28 0 0 0 0 1 0
21 29 1 0 0 0 1 0
21 30 0 0 1 1 0 1
21 31 0 0 0 1 1 0
22 28 0 0 0 0 1 1
22 29 0 1 0 0 0 0
22 30 0 1 0 0 0 1
22 31 1 1 0 1 0 0
23 3 0 1 0 1 0 1
23 4 0 1 1 1 0 1
23 5 0 1 1 0 1 0
23 6 1 1 0 1 0 0
23 8 0 1 0 0 0 0
23 9 0 0 0 0 0 1
23 10 0 1 0 0 1 0
23 12 1 1 0 0 0 1
23 14 1 0 0 0 1 0
23 15 0 0 0 1 1 1
23 16 1 1 1 1 0 0
23 18 0 0 0 0 1 0
23 19 0 1 1 1 0 0
23 21 0 1 0 1 0 1
23 22 0 1 1 1 0 1
23 23 0 1 0 0 1 1
23 24 1 0 0 1 0 0
23 26 0 1 0 0 0 1
23 27 1 0 0 1 1 0
23 28 0 1 1 0 0 1
23 29 0 0 0 1 1 0
24 6 0 0 1 0 1 0
24 7 0 0 0 1 0 1
24 8 0 0 1 1 0 1
24 9 0 0 0 1 1 0
24 11 0 1 0 0 0 0
24 12 0 0 0 1 0 1
24 13 1 1 0 0 1 0
24 14 0 1 1 1 0 1
24 16 1 0 0 0 1 0
24 17 0 1 0 1 1 0
24 18 0 0 1 1 0 1
24 19 0 1 0 1 1 0
24 21 0 1 1 0 0 0
24 22 1 0 1 0 0 1
24 23 0 1 0 1 1 0
24 24 1 0 1 1 0 0
24 25 0 0 0 1 1 1
24 27 1 1 1 0 0 0
24 28 1 1 1 0 0 0
24 29 1 1 0 1 1 0
24 31 1 1 0 0 0 1
25 3 1 1 0 0 1 0
25 4 0 0 0 1 1 0
25 5 0 0 0 1 0 0
25 6 1 1 1 0 0 1
25 7 0 0 1 0 0 1
25 8 1 1 0 0 1 0
25 9 1 1 0 0 1 0
25 10 0 0 0 1 0 0
25 11 1 1 1 0 0 1
25 13 0 1 1 0 1 0
25 14 1 0 0 0 0 1
25 16 0 1 1 0 0 1
25 17 1 0 0 1 1 0
25 18 1 0 1 0 1 1
25 19 1 0 0 1 0 1
25 21 1 0 1 0 0 1
25 22 0 0 0 1 1 1
25 23 0 0 1 1 1 0
25 24 1 0 0 1 1 1
25 25 0 0 0 0 1 1
25 26 0 1 0 0 0 0
25 27 1 0 0 0 1 0
25 28 0 0 0 1 0 1
25 29 0 0 0 0 1 1
25 30 1 1 1 0 0 1
25 31 0 0 0 1 1 0
26 2 1 0 0 0 1 0
26 3 1 1 1 0 0 1
