1.30
43 65 89 111 140 163 193 215 243 266 294 316 345 367 397 421 448 471 499 523 551 574 602 624 653 676 705 727 755 778 805 828 856 879 907 930 959 981 1010 1032 1061 1084 1112 1134 1163 1185 1215 1237 1265 1287 1316 1338 1368 1390 1418 1440 1469 1492 1520 1543 1572 1592 1626 1648 1677 1699
21 43 65 107 130 152 196 219 241 283 306 328 371 393 416 456 479 501 542 564 586 628 651 673 716 738 760 799 821 844 886 908 931 971 994 1017 1059 1081 1103 1144 1167 1189 1229 1252 1274 1319 1341 1364 1409 1431 1454 1495 1517 1539 1581 1604 1627 1668 1691 1714 1754 1776 1799 1840 1862 1884 1926 1948 1971 2012 2035 2057 2099 2121 2144 2186 2208 2230 2273 2297 2318
2 3 0 0 1 1 0 0
2 4 1 1 1 0 1 1
2 5 0 1 1 1 1 0
2 6 0 1 0 1 1 1
2 7 1 1 0 1 0 0
2 8 0 0 1 0 1 0
2 9 0 0 0 0 1 0
2 10 0 1 1 0 0 0
2 11 1 0 0 1 0 0
2 12 0 1 1 0 1 0
2 13 1 0 1 0 1 1
2 14 1 0 1 0 1 0
2 16 1 0 0 0 1 1
2 17 0 1 0 0 0 0
2 19 0 0 1 1 0 0
2 20 0 0 1 0 0 0
2 21 0 0 0 1 0 0
2 23 0 0 1 1 0 0
2 24 0 1 1 0 0 1
2 26 1 1 0 0 1 0
2 27 1 0 1 0 1 0
3 3 0 0 1 1 0 0
3 4 1 1 1 0 1 1
3 6 0 0 1 1 1 0
3 8 1 1 0 1 1 0
3 9 1 1 0 0 0 1
3 10 0 1 1 1 1 0
3 11 1 0 0 0 1 0
3 13 0 1 1 1 1 0
3 14 0 1 0 1 0 0
3 15 1 1 0 0 0 0
3 16 0 0 1 1 1 0
3 17 0 0 0 0 1 0
3 19 1 0 0 1 1 1
3 20 1 1 1 0 0 0
3 21 0 1 0 1 0 0
3 23 0 0 1 1 1 0
3 25 0 1 0 0 1 0
3 26 0 0 1 0 0 0
3 27 0 0 0 0 1 0
4 3 0 1 1 1 0 0
4 4 1 0 1 0 0 1
4 5 1 0 0 1 1 0
4 6 1 0 1 0 0 1
4 8 0 0 1 1 1 0
4 10 1 1 0 0 1 0
4 11 1 1 0 1 1 1
4 12 1 0 1 1 0 0
4 13 1 1 1 0 0 1
4 15 1 1 1 0 1 0
4 17 1 1 0 1 1 0
4 18 0 0 0 1 1 1
4 19 0 0 0 1 1 1
4 20 0 0 0 0 1 0
4 21 0 1 1 0 0 0
5 5 0 0 0 0 1 1
5 6 0 1 1 0 0 0
5 7 1 1 1 0 0 0
5 8 1 1 0 0 0 1
5 9 1 1 1 1 1 0
5 10 0 1 1 0 1 1
5 12 1 0 0 0 0 1
5 13 1 0 0 1 1 1
5 14 0 0 0 0 1 1
5 15 0 1 1 0 0 0
6 5 1 0 1 0 0 0
6 6 0 1 0 0 0 1
6 8 1 0 1 0 1 1
6 9 0 1 0 1 0 1
6 11 0 1 0 1 1 0
6 12 0 0 1 0 1 1
6 13 0 1 1 1 1 0
6 14 0 1 0 1 0 0
6 16 1 1 0 1 1 0
6 17 0 1 0 0 0 1
6 19 1 1 0 0 0 0
6 20 1 0 1 0 0 1
6 21 0 1 0 1 1 1
6 23 1 0 0 0 1 1
6 24 0 0 1 0 0 0
6 25 1 0 0 1 1 1
6 26 0 0 0 0 1 0
6 27 0 1 1 0 0 0
6 28 1 0 1 1 1 0
6 29 0 0 1 1 1 1
7 3 1 0 1 0 1 1
7 4 0 0 1 1 1 1
7 5 1 1 0 1 1 0
7 6 0 1 1 0 1 0
7 8 1 1 0 1 1 0
7 9 0 1 0 1 0 0
7 10 0 1 0 1 1 0
7 11 1 1 1 0 1 1
7 13 1 0 0 1 1 0
7 14 0 1 0 0 0 1
7 16 1 1 0 0 1 0
7 17 1 0 0 0 0 1
7 18 1 1 0 1 0 0
7 19 0 0 1 0 1 1
7 20 1 1 0 0 1 0
7 21 1 0 0 0 0 1
7 22 0 0 0 0 1 0
7 24 1 0 0 1 0 0
7 25 1 0 1 0 0 1
7 26 1 1 0 1 1 0
7 27 1 1 0 0 0 1
7 29 1 1 0 0 1 0
7 30 0 1 1 1 1 1
7 31 1 0 0 0 1 0
8 3 1 1 0 0 1 0
8 4 0 0 0 1 1 1
8 5 1 1 0 0 1 0
8 6 1 1 0 1 1 1
8 7 0 0 0 0 1 0
8 9 1 1 0 0 0 0
8 10 1 0 0 0 0 1
8 12 1 1 0 0 1 1
8 14 1 0 0 0 1 1
8 15 1 0 1 0 0 1
8 16 1 1 0 1 1 0
8 17 1 1 0 0 0 1
8 19 1 1 0 0 1 0
8 20 1 0 1 0 1 0
8 21 1 1 1 0 0 0
8 22 1 0 1 0 1 0
8 24 1 0 0 1 1 0
8 25 0 1 0 0 0 1
8 27 1 0 1 0 1 1
8 28 1 0 1 0 1 0
8 29 1 0 0 1 1 1
8 30 0 0 0 0 1 0
8 31 0 1 1 0 0 0
9 5 0 0 1 1 1 1
9 6 1 0 0 0 1 0
9 7 0 0 1 1 1 1
9 8 1 1 0 0 0 0
9 9 0 0 1 1 1 1
9 10 1 0 0 1 1 0
9 13 0 0 0 0 0 1
9 14 1 0 0 1 0 0
9 15 1 0 1 0 1 0
9 16 1 0 0 0 0 0
9 17 1 1 0 1 0 0
9 18 0 0 1 0 1 0
10 5 0 0 0 0 1 1
10 6 0 1 1 0 0 0
10 7 1 0 0 1 1 0
10 8 0 1 0 0 1 1
10 9 1 0 1 0 1 1
10 10 1 0 1 0 1 0
10 12 0 0 1 1 1 0
10 13 1 1 1 0 0 0
10 14 1 0 0 0 0 1
10 15 0 0 0 0 1 1
10 16 0 1 1 0 0 0
11 5 1 0 0 1 1 1
11 7 1 0 0 0 1 1
11 8 0 1 1 0 1 1
11 9 1 0 0 0 1 1
11 10 1 1 1 0 1 1
11 12 0 0 1 1 0 0
11 13 0 1 1 0 0 1
11 14 1 0 1 1 0 0
11 15 1 0 0 1 0 1
11 17 1 1 0 1 1 0
11 18 1 1 0 1 0 1
11 19 0 0 1 1 0 0
11 20 1 0 1 0 0 1
11 22 0 1 0 1 0 0
11 23 1 0 0 1 1 0
11 24 1 0 0 0 0 1
11 25 1 0 0 1 1 0
11 26 0 1 0 0 0 1
11 28 1 1 0 0 0 0
11 29 1 0 1 0 0 1
12 3 0 0 1 0 0 1
12 4 0 1 0 1 1 1
12 5 0 0 0 0 1 0
12 7 1 1 0 0 1 0
12 8 1 0 1 1 0 1
12 9 1 0 0 1 1 0
12 10 0 1 0 1 1 1
12 12 1 0 0 1 1 1
12 13 1 1 1 0 0 0
12 14 0 1 0 1 0 0
12 16 1 0 1 0 1 1
12 17 1 0 1 0 1 0
12 19 1 0 1 0 0 0
12 20 1 0 1 1 1 1
12 21 0 1 1 1 0 0
12 22 1 0 1 0 0 1
12 24 1 0 0 1 0 0
12 25 1 0 0 0 1 0
12 26 0 1 0 1 1 0
12 27 1 1 1 0 1 1
12 28 0 0 0 0 1 0
13 3 0 1 1 1 1 0
13 4 0 1 0 0 1 1
13 5 1 0 0 0 1 1
13 7 1 0 1 0 1 1
13 8 1 0 1 0 1 0
13 10 1 0 0 0 1 1
13 11 0 1 1 0 0 1
13 12 1 1 0 0 1 0
13 13 1 1 0 1 0 1
13 15 0 1 1 0 1 1
13 16 1 1 0 1 0 0
13 17 1 1 1 0 0 1
13 19 0 1 0 1 0 0
13 20 0 1 0 0 0 0
13 21 1 0 0 1 1 0
13 22 0 1 0 0 1 1
13 23 0 0 0 0 1 0
13 25 1 1 1 1 1 0
13 26 0 0 1 1 1 1
13 27 1 0 0 0 0 0
13 29 1 0 0 1 0 0
13 30 1 0 1 0 1 0
14 3 0 0 1 0 0 1
14 4 1 1 0 1 0 0
14 5 0 0 1 0 1 0
14 6 0 0 0 0 1 0
14 7 0 1 1 0 0 0
14 8 1 0 0 1 0 0
14 9 0 1 1 0 1 0
14 10 1 0 1 0 1 1
14 11 1 0 1 0 1 0
14 13 1 0 0 0 1 1
14 14 0 1 0 0 0 0
14 16 1 0 0 0 1 1
14 17 0 1 1 0 1 1
14 18 1 0 0 0 1 1
14 19 1 1 1 0 1 1
14 21 1 0 0 1 1 1
14 22 1 1 1 0 0 0
14 23 0 1 0 1 0 0
14 25 0 0 1 1 1 0
14 27 1 0 0 1 1 0
14 28 0 1 0 1 1 1
14 29 1 1 1 1 1 0
14 30 0 0 1 0 1 1
14 31 0 0 0 0 1 0
15 3 1 0 0 1 0 0
15 4 1 0 1 0 1 0
15 5 1 0 0 1 1 0
15 6 0 1 0 0 1 1
15 8 0 0 1 1 1 0
15 10 1 0 1 0 0 0
15 11 1 0 1 1 1 1
15 12 0 0 0 0 1 0
15 14 0 1 0 1 0 0
15 15 0 1 0 0 0 0
15 16 1 0 0 1 1 0
15 17 0 1 0 0 1 1
15 19 0 0 1 1 1 0
15 21 1 0 1 1 0 0
15 22 1 1 1 0 0 1
15 23 0 0 0 0 1 0
15 24 0 1 1 0 0 0
16 5 0 0 0 0 1 1
16 6 0 1 1 0 0 0
16 7 1 1 1 0 0 0
16 8 1 1 0 0 0 1
16 9 1 1 1 1 1 0
16 10 0 1 1 0 1 1
16 12 1 0 0 0 0 1
16 13 1 0 0 1 1 1
16 14 0 0 0 0 1 1
16 15 0 1 1 0 0 0
17 5 1 0 0 1 0 0
17 6 1 0 1 0 1 0
17 7 1 1 0 1 0 0
17 8 0 0 1 0 1 0
17 10 1 0 0 0 1 1
17 11 0 1 1 0 0 0
17 12 1 0 0 1 1 1
17 13 0 0 1 1 0 1
17 15 0 0 1 1 1 0
17 16 1 0 0 0 0 0
17 17 1 1 0 0 0 0
17 18 0 1 1 1 0 1
17 19 0 0 0 1 0 0
17 21 1 1 0 0 1 0
17 22 1 0 0 0 1 0
17 23 1 1 1 0 0 0
17 24 0 1 1 1 0 1
17 26 1 1 0 1 1 0
17 27 0 1 0 1 0 0
17 29 0 1 1 1 0 0
17 30 0 0 1 1 0 0
17 31 1 0 0 0 0 0
18 3 0 0 1 0 0 1
18 4 1 1 0 0 0 0
18 5 1 0 1 0 0 1
18 6 0 0 0 0 1 0
18 8 0 1 0 1 0 0
18 9 0 0 1 0 0 0
18 11 1 0 0 0 1 1
18 12 0 1 1 0 0 1
18 13 0 0 1 1 0 0
18 14 1 0 0 0 0 0
18 15 1 1 0 0 0 0
18 16 1 0 1 0 0 1
18 18 1 0 1 0 1 1
18 19 0 1 0 1 1 1
18 20 0 1 0 1 1 1
18 22 1 1 1 1 1 0
18 23 0 1 1 0 0 1
18 24 1 0 0 1 1 1
18 25 0 0 0 0 1 0
18 27 0 1 0 1 0 0
18 28 1 1 0 0 0 0
18 29 1 1 1 0 0 1
19 3 1 0 1 0 1 1
19 4 1 0 1 0 1 0
19 5 0 1 0 1 1 1
19 7 0 1 1 1 1 0
19 8 0 1 0 1 1 1
19 9 1 0 1 1 1 0
19 10 0 0 1 0 1 0
19 12 0 0 1 1 0 0
19 13 0 1 1 0 0 0
19 14 1 1 1 0 0 0
19 15 0 0 1 1 1 0
19 17 1 0 0 1 1 0
19 18 0 1 0 0 0 1
19 20 1 1 0 1 1 0
19 21 1 0 0 0 1 0
19 22 1 0 0 0 1 1
19 23 1 0 1 0 0 1
19 25 1 0 0 0 1 1
19 26 1 1 1 0 1 1
19 27 1 1 0 1 0 0
19 28 0 0 1 0 1 0
19 29 0 0 0 0 1 0
19 30 0 1 1 0 0 0
20 3 1 1 0 1 1 0
20 4 0 0 1 1 0 1
20 5 1 1 0 0 1 1
20 7 0 1 1 1 1 0
20 8 0 0 1 1 1 0
20 9 1 1 0 0 1 0
20 10 0 1 0 0 0 1
20 12 1 0 1 0 0 0
20 13 0 1 0 1 0 0
20 14 1 1 0 0 1 0
20 15 0 1 1 1 1 1
20 16 0 0 0 0 1 0
20 18 1 0 0 0 1 1
20 19 1 0 1 0 0 1
20 20 1 1 0 1 1 0
20 21 1 1 0 0 0 1
20 23 0 1 1 1 1 0
20 24 0 1 0 0 1 1
20 25 1 0 0 0 0 0
20 26 1 1 1 0 0 0
20 27 1 0 1 0 1 0
20 29 1 0 0 1 1 0
20 30 0 1 0 0 0 1
21 3 1 0 1 0 1 1
21 4 1 0 1 0 1 0
21 5 1 0 0 1 1 1
21 6 0 0 0 0 1 0
21 7 0 1 1 0 0 0
22 5 0 0 1 1 1 1
22 6 1 0 0 0 1 0
22 7 0 0 1 1 1 1
22 8 1 1 0 0 0 0
22 9 0 0 1 1 1 1
22 10 1 0 0 0 1 0
22 13 0 0 0 0 0 1
22 14 1 0 1 1 0 0
22 15 0 1 0 0 0 1
22 16 0 0 1 0 0 0
22 17 1 1 0 1 0 0
22 18 0 0 1 0 1 0
23 5 0 0 0 0 1 1
23 6 0 1 1 0 0 0
23 7 1 0 0 1 1 0
23 8 0 1 0 0 1 1
23 9 1 0 1 0 1 1
23 10 1 0 1 0 1 0
23 12 0 0 1 1 1 0
23 13 1 1 1 0 0 0
23 14 1 0 0 0 0 1
23 15 0 0 0 0 1 1
23 16 0 1 1 0 0 0
24 5 1 0 0 1 1 1
24 7 1 0 0 1 1 0
24 8 1 1 1 0 0 1
24 9 1 0 0 0 0 0
24 10 1 0 0 0 1 1
24 11 1 1 1 0 1 1
24 13 1 1 0 0 1 0
24 14 1 0 1 0 1 0
24 16 1 0 0 0 1 1
24 17 0 1 1 0 1 1
24 18 1 0 0 0 1 1
24 19 1 1 1 0 1 1
24 21 1 0 1 1 0 0
24 22 1 0 1 0 0 1
24 23 0 0 1 1 0 0
24 25 1 1 1 0 0 0
24 26 1 0 1 0 1 0
24 27 0 1 0 0 1 0
24 28 1 0 1 1 0 0
24 29 1 0 0 1 0 1
25 3 1 1 0 1 1 0
25 4 1 1 0 0 0 1
25 5 0 1 1 1 1 0
25 6 1 0 0 0 1 0
25 8 1 1 1 1 0 0
25 9 0 1 0 1 0 0
25 10 1 1 0 1 0 0
25 11 1 0 1 0 0 1
25 12 0 0 0 0 1 0
25 14 1 0 1 0 1 1
25 15 1 0 1 0 1 0
25 17 1 0 0 0 1 1
25 18 0 1 1 0 0 1
25 19 1 1 0 0 1 0
25 20 1 1 0 1 0 1
25 22 1 1 0 0 1 0
25 23 1 0 1 0 1 0
25 25 1 1 1 0 1 1
25 26 1 0 1 0 1 0
25 27 1 1 0 0 1 1
25 29 0 1 1 0 1 1
25 30 0 0 1 0 0 0
26 3 0 0 1 0 0 1
26 4 1 1 0 1 0 0
26 5 1 1 1 0 0 1
26 7 0 1 0 1 0 0
26 8 0 1 0 0 0 0
26 9 1 0 0 1 1 0
26 10 0 1 0 0 1 1
26 11 0 0 0 0 1 0
26 13 1 0 0 1 1 0
26 14 0 0 1 1 1 1
26 15 1 0 0 0 0 0
26 16 0 1 0 1 1 1
26 18 1 0 1 1 0 0
26 19 0 1 0 0 0 1
26 20 0 0 1 0 0 0
26 21 1 1 0 1 0 0
26 22 0 0 1 0 1 0
26 23 0 0 0 0 1 0
26 24 0 1 1 0 0 0
26 25 1 0 0 1 0 0
26 26 0 1 1 0 1 0
26 27 1 0 1 0 1 1
26 28 1 0 1 0 1 0
26 30 1 0 0 0 1 1
26 31 0 1 0 0 0 0
27 30 0 0 1 1 1 1
27 31 1 0 0 0 0 0
27 32 1 0 0 0 0 0
