1.50
31 54 82 105 133 156 184 207 236 258 287 309 337 360 388 411 439 462 490 514 541 564 592 615 643 667 694 718 745 768 796 819 848 871 899 921 950 973 1001 1024 1052 1075 1103 1126 1154 1177 1204 1228 1256 1279 1307 1330 1358 1381 1410 1433 1461 1484 1514 1537 1564 1587 1615 1639 1667 1690
38 60 82 124 146 168 213 235 258 300 323 345 388 410 433 474 496 519 560 583 605 647 670 692 732 755 777 819 841 863 904 927 949 991 1014 1036 1077 1099 1122 1163 1186 1208 1250 1272 1294 1339 1362 1384 1424 1447 1469 1510 1532 1554 1597 1620 1642 1685 1708 1729 1770 1792 1814 1856 1879 1901 1942 1964 1987 2029 2051 2073 2116 2139 2160 2201 2224 2246 2288 2310 2332
2 4 0 0 0 0 1 1
2 5 0 1 0 0 0 0
2 6 0 0 0 0 1 1
2 7 1 0 0 0 0 1
2 8 0 0 1 1 0 1
2 9 0 0 0 1 1 0
2 11 0 1 0 1 1 1
2 13 0 0 0 0 1 1
2 14 0 1 1 0 1 0
2 15 1 0 0 0 0 1
2 17 0 1 0 0 0 0
2 18 0 0 1 1 0 1
2 19 1 0 0 1 1 0
2 20 0 0 1 1 0 1
2 21 0 0 0 1 1 0
2 23 0 1 0 1 1 1
2 25 0 0 1 1 0 0
2 26 0 0 0 1 0 1
2 28 1 1 0 0 0 1
2 30 1 0 0 0 1 0
2 31 0 0 0 1 1 1
2 32 1 1 1 1 0 0
3 20 0 0 0 0 1 1
3 21 0 1 1 0 0 0
3 22 1 1 1 1 0 0
3 23 0 0 1 1 0 0
3 25 0 1 1 0 1 1
3 26 1 1 0 1 1 1
3 27 0 0 1 1 1 0
3 28 0 0 0 1 1 1
3 29 0 0 0 0 1 1
3 30 0 1 1 0 0 0
4 5 0 0 0 0 1 1
4 6 0 1 0 0 0 0
4 7 0 0 1 1 0 1
4 8 0 0 0 1 1 0
4 9 1 0 1 1 0 1
4 10 0 1 0 1 1 0
4 11 0 0 1 1 0 0
4 12 1 1 0 1 1 0
4 14 1 0 0 0 1 0
4 15 1 1 0 1 1 0
4 17 1 0 1 1 0 0
4 18 1 0 0 1 0 1
4 19 0 1 1 1 1 1
4 20 1 1 0 0 1 1
4 22 1 0 1 0 0 1
4 23 1 1 1 1 0 0
4 24 0 0 1 0 1 1
4 25 1 1 0 1 1 1
4 27 0 1 0 0 0 1
4 28 1 0 0 1 1 0
4 29 0 1 1 0 0 1
4 30 0 0 0 1 1 0
5 6 0 0 0 0 1 1
5 7 0 1 1 0 1 0
5 8 1 1 0 0 1 1
5 9 1 0 1 1 0 1
5 10 1 1 0 1 1 0
5 12 1 0 1 1 0 1
5 13 0 1 0 1 1 0
5 14 0 0 1 1 0 0
5 15 1 1 0 1 1 0
5 17 1 0 0 0 1 0
5 18 1 1 0 1 1 0
5 20 0 0 0 0 1 1
5 21 0 1 1 0 1 0
5 22 1 1 0 0 1 1
5 23 0 1 1 1 1 1
5 24 1 1 0 0 1 1
5 26 1 0 0 0 0 0
5 27 1 1 1 0 0 0
5 28 0 1 1 1 1 1
5 29 1 1 0 0 1 1
5 31 1 1 1 0 1 0
5 32 1 1 0 1 0 0
6 4 0 0 0 0 1 1
6 5 0 1 0 0 0 0
6 6 1 1 0 0 0 1
6 7 0 0 0 1 1 1
6 8 0 0 0 0 1 1
6 9 1 0 0 0 0 1
6 11 0 0 1 0 1 0
6 12 0 1 0 1 1 0
6 13 1 0 1 0 1 1
6 14 1 0 0 1 1 1
6 16 0 1 0 1 0 1
6 17 0 1 1 1 0 1
6 19 0 1 0 0 0 1
6 20 1 0 0 1 1 0
6 21 0 1 1 0 0 1
6 22 0 0 0 1 1 0
6 24 1 1 1 1 0 0
6 25 0 0 1 0 1 1
6 26 1 1 0 1 1 1
6 28 1 1 1 0 0 1
6 29 1 0 0 0 0 1
6 31 1 1 1 0 0 1
6 32 1 1 0 1 0 0
7 5 0 0 0 0 1 0
7 6 0 0 1 1 0 0
7 7 1 0 0 1 0 1
7 9 0 0 0 0 0 1
7 10 0 1 0 0 1 1
7 11 1 1 0 1 0 1
7 12 0 0 1 1 0 0
7 13 0 1 0 1 1 0
7 15 0 1 0 0 0 0
7 16 0 0 1 1 0 0
7 17 1 1 0 1 1 0
7 18 0 1 1 0 0 1
7 19 1 0 0 0 0 1
7 21 1 1 0 0 0 1
7 22 0 0 0 1 0 1
7 23 1 0 1 0 1 0
7 24 0 0 0 1 0 1
7 26 0 1 1 1 1 0
7 28 0 1 0 0 0 1
7 29 1 0 0 1 1 0
7 30 0 0 0 0 0 1
7 31 0 0 1 0 1 0
7 32 1 0 0 1 0 1
8 21 0 0 0 0 1 1
8 22 0 1 0 0 0 0
8 23 1 1 1 1 0 0
8 24 0 1 0 1 0 1
8 25 0 1 1 1 0 1
8 27 1 1 1 0 0 1
8 28 1 1 0 1 0 0
8 30 0 0 1 1 0 1
8 31 1 0 0 1 0 1
8 32 0 0 1 0 0 1
9 16 0 1 0 0 0 1
9 17 1 0 0 1 1 0
9 18 0 1 1 1 1 1
9 19 0 1 1 1 0 0
9 21 1 0 1 0 1 1
9 22 0 0 0 1 1 1
9 23 0 1 1 0 1 0
9 24 1 1 0 1 0 0
9 25 0 1 1 0 0 1
9 26 1 0 0 0 0 1
9 29 1 0 0 1 0 0
9 30 1 1 1 0 0 1
9 31 0 1 0 1 0 0
9 32 1 1 1 0 0 1
10 6 0 0 1 1 0 0
10 7 0 0 0 1 0 1
10 9 0 0 1 1 0 0
10 10 0 1 0 1 1 0
10 11 1 0 1 0 0 1
10 12 0 0 0 1 1 1
10 13 0 1 0 1 0 0
10 14 1 1 0 1 1 0
10 16 0 0 1 0 1 0
10 17 1 1 0 1 0 0
10 19 1 0 1 0 0 1
10 20 0 0 0 1 1 1
10 21 0 0 1 1 1 0
10 22 1 0 0 1 1 1
10 24 0 1 0 0 1 1
10 25 1 1 0 1 1 0
10 26 1 1 0 0 0 1
10 27 1 1 0 1 1 0
10 29 0 0 0 0 0 1
10 30 1 0 0 0 1 0
11 5 0 1 0 0 0 0
11 6 1 0 0 0 1 0
11 7 1 1 0 0 1 1
11 8 0 1 1 0 0 1
11 9 1 1 0 0 1 0
11 11 1 0 1 0 0 1
11 12 1 1 1 1 0 0
11 13 0 1 0 1 0 1
11 14 0 1 1 1 0 1
11 16 1 0 1 0 0 1
11 17 0 1 0 1 1 0
11 18 1 1 0 1 1 1
11 20 0 1 0 0 0 0
11 21 1 0 0 0 1 0
11 22 1 1 0 1 1 0
11 23 1 0 0 1 0 0
11 25 1 0 0 0 1 0
11 26 1 1 0 0 1 1
11 27 1 1 0 0 0 1
11 28 1 1 0 1 1 0
11 30 0 1 1 0 1 0
11 31 1 0 0 0 0 1
11 32 0 0 1 0 0 1
12 7 0 1 0 0 0 1
12 8 1 0 0 1 1 0
12 9 0 1 1 1 1 1
12 10 0 1 1 1 0 0
12 12 1 0 1 0 1 1
12 13 0 0 0 1 1 1
12 14 0 1 1 0 0 1
12 15 0 0 0 1 1 0
12 16 0 0 0 0 1 1
12 17 0 1 0 0 0 0
12 18 0 1 0 0 0 1
12 19 1 0 0 1 1 0
12 20 0 1 1 1 1 1
12 21 0 1 1 1 0 0
12 23 1 0 1 0 1 1
12 24 0 0 0 1 1 1
12 25 0 1 1 0 1 0
12 26 1 1 0 1 0 0
12 27 0 1 1 0 0 1
12 28 1 0 0 0 0 1
12 30 0 0 0 1 0 0
12 31 1 1 1 0 0 1
12 32 1 1 0 1 1 1
13 11 0 0 0 0 1 1
13 12 0 1 0 0 0 0
13 13 1 1 1 0 0 1
13 14 1 1 0 1 0 0
13 16 0 1 0 0 0 1
13 17 1 0 0 1 1 0
13 18 0 0 0 0 1 1
13 19 0 1 1 0 0 1
13 20 1 0 0 0 0 1
13 22 1 0 0 0 0 0
13 23 0 1 0 0 0 1
13 24 1 0 0 1 1 0
13 25 0 0 0 0 0 1
13 26 0 1 1 1 1 1
13 27 1 1 0 1 0 0
13 29 0 1 0 1 0 1
13 30 0 0 0 1 0 1
13 31 0 1 0 0 1 1
13 32 0 0 0 1 1 0
14 17 0 1 0 0 0 1
14 18 1 0 0 1 1 0
14 19 0 0 0 0 0 1
14 20 0 1 1 1 1 1
14 21 1 1 0 1 0 0
14 22 0 0 1 0 0 0
14 25 0 0 0 1 0 0
14 26 1 1 1 0 0 1
14 27 1 0 0 1 0 0
14 28 1 1 1 0 0 1
14 29 0 1 0 1 0 0
14 30 1 1 1 0 0 1
15 19 0 0 0 0 1 1
15 20 0 1 1 0 0 0
15 21 0 0 1 1 0 0
15 22 0 0 0 1 1 1
15 23 1 1 0 0 0 1
15 25 0 1 0 1 0 1
15 26 0 1 1 1 0 1
15 27 0 1 1 0 1 0
15 28 1 1 0 1 0 0
15 29 0 0 0 0 1 1
15 30 0 1 1 0 0 0
16 6 0 0 0 1 0 0
16 7 1 0 0 0 0 1
16 8 0 0 1 0 1 1
16 9 0 1 1 1 0 0
16 11 0 0 1 0 1 0
16 12 1 1 0 1 0 0
16 14 0 0 0 0 0 1
16 15 0 0 1 0 1 0
16 16 1 0 0 0 0 1
16 17 1 1 1 1 1 0
16 18 0 1 0 1 1 0
16 20 0 0 1 1 0 1
16 21 1 0 0 0 0 1
16 22 0 0 0 0 1 1
16 23 0 1 0 1 0 1
16 25 0 1 1 1 1 1
16 26 0 1 1 1 0 0
16 27 0 1 1 0 1 1
16 28 0 1 1 1 0 0
16 30 1 1 1 1 0 0
17 6 0 0 1 0 1 0
17 7 1 1 0 1 0 0
17 8 0 0 0 0 1 1
17 9 1 0 1 0 0 1
17 10 0 1 0 1 1 0
17 11 1 0 1 1 0 0
17 12 0 0 0 1 1 1
17 14 0 1 0 1 0 1
17 15 0 1 1 1 0 1
17 17 1 0 0 0 1 0
17 18 0 0 0 1 1 1
17 19 1 1 1 1 0 0
17 21 0 1 0 0 0 0
17 22 1 1 1 1 1 0
17 23 1 1 0 1 0 0
17 24 1 0 1 1 1 1
17 26 0 0 0 1 0 0
17 27 1 0 0 0 0 1
17 28 1 0 1 1 1 0
17 29 0 1 0 1 1 0
17 31 0 1 0 1 0 1
17 32 0 1 0 1 1 0
18 6 0 0 0 0 1 0
18 7 0 1 1 1 0 0
18 9 0 1 0 1 0 1
18 10 0 1 1 1 0 1
18 11 0 1 0 0 1 1
18 12 1 0 0 1 0 0
18 13 0 0 0 0 1 1
18 14 0 1 0 0 0 0
18 15 0 1 1 0 1 0
18 16 1 1 0 1 0 0
18 17 0 0 1 1 1 1
18 18 1 1 0 1 1 1
18 20 1 0 1 1 1 0
18 21 0 1 0 1 1 0
18 22 0 0 1 0 1 1
18 23 0 1 1 1 0 0
18 25 0 0 1 0 1 0
18 26 1 1 0 1 0 0
18 27 0 0 1 1 0 1
18 28 1 1 0 1 0 0
18 29 0 0 1 1 0 1
18 30 1 0 0 1 1 0
18 31 1 1 0 0 0 1
18 32 0 1 0 1 1 0
19 6 0 0 0 0 1 1
19 7 0 1 0 0 0 0
19 8 1 1 1 1 0 1
19 9 0 0 0 1 0 1
19 11 1 1 0 0 0 1
19 13 1 0 1 0 0 1
19 14 0 0 0 1 1 1
19 15 0 0 1 1 1 0
19 16 1 0 0 1 1 1
19 18 0 1 0 0 0 0
19 19 1 1 0 0 0 1
19 20 0 1 0 1 1 0
19 22 1 1 0 0 0 1
19 24 0 0 1 1 0 1
19 25 1 1 0 1 0 0
19 26 0 0 1 1 0 1
19 27 1 0 0 1 1 0
19 29 0 1 1 0 1 0
19 30 1 1 0 1 0 0
19 31 0 0 1 1 1 1
19 32 1 1 0 1 1 1
20 20 0 0 0 0 1 1
20 21 0 1 1 0 0 0
20 22 1 1 1 1 0 0
20 23 0 0 1 1 0 0
20 25 0 1 1 0 1 1
20 26 1 1 0 1 1 1
20 27 0 0 1 1 1 0
20 28 0 0 0 1 1 1
20 29 0 0 0 0 1 1
20 30 0 1 1 0 0 0
21 6 0 0 0 1 0 0
21 7 1 0 0 0 0 1
21 8 0 0 1 0 1 1
21 9 0 1 1 1 0 0
21 11 0 0 0 0 0 1
21 12 1 0 0 0 1 0
21 14 0 1 0 0 0 0
21 15 0 0 1 1 0 1
21 16 0 0 0 1 1 0
21 17 0 0 0 1 0 0
21 18 1 0 0 0 0 1
21 19 1 0 0 0 1 1
21 21 1 0 1 0 0 1
21 22 1 1 1 1 0 0
21 24 0 0 1 0 1 0
21 25 0 0 0 1 0 1
21 27 0 1 0 0 0 1
21 28 1 0 0 1 1 0
21 29 0 1 1 0 0 1
21 30 0 0 0 1 1 0
22 5 1 0 1 0 1 1
22 6 1 0 0 1 1 1
22 8 0 1 0 0 0 1
22 9 1 0 0 1 1 0
22 10 0 0 0 1 0 0
22 11 0 1 0 1 0 1
22 12 1 0 0 1 0 0
22 14 1 0 1 0 0 1
22 16 0 0 1 0 1 1
22 17 1 1 0 1 1 1
22 19 0 0 1 0 1 1
22 20 0 1 1 1 0 0
22 22 0 1 1 0 1 1
22 23 1 1 0 1 1 1
22 24 0 0 1 1 1 0
22 25 0 0 0 1 1 1
22 26 0 0 0 0 1 1
22 27 0 1 0 0 0 0
22 28 1 1 1 1 0 0
22 29 0 0 1 0 1 1
22 30 1 1 0 1 1 1
22 32 1 1 1 0 1 0
23 5 0 0 0 0 1 1
23 6 0 1 0 0 0 0
23 7 0 1 0 0 0 1
23 8 1 0 0 1 1 0
23 9 0 1 1 1 1 1
23 10 0 1 1 1 0 0
23 12 0 0 1 1 0 1
23 13 0 1 1 1 0 0
23 14 0 1 0 1 0 0
23 15 1 1 0 1 1 0
23 17 0 0 1 0 1 0
23 18 1 1 0 1 0 0
23 20 1 1 0 0 0 1
23 21 0 0 0 1 1 1
23 22 0 0 0 0 1 1
23 23 1 0 0 0 0 1
23 25 1 1 1 0 1 0
23 26 0 1 0 1 0 1
23 27 0 1 1 1 0 1
23 29 0 1 0 0 0 0
23 30 0 0 1 0 1 0
23 31 0 1 0 1 1 0
23 32 0 0 1 0 0 1
24 12 0 0 0 0 1 1
24 13 0 1 0 0 0 0
24 14 0 1 1 0 1 0
24 15 1 1 0 0 1 1
24 16 1 0 1 1 0 1
24 17 0 1 0 1 1 0
24 19 0 1 0 0 0 1
24 20 1 0 0 1 1 0
24 21 0 1 0 1 0 1
24 22 1 0 0 1 0 0
24 24 1 0 1 0 0 1
24 26 1 1 1 1 0 0
24 27 0 1 0 1 0 1
24 28 0 1 1 1 0 1
24 30 1 1 0 0 0 1
24 31 0 0 0 1 1 1
24 32 1 0 0 0 0 1
25 17 0 1 0 0 0 1
25 18 1 0 0 1 1 0
25 19 0 0 0 0 1 1
25 20 0 1 1 0 0 1
25 21 1 0 0 0 0 1
25 22 0 0 1 0 0 0
25 25 0 0 0 1 1 0
25 26 1 1 1 0 0 1
25 27 1 0 0 1 0 0
25 28 1 1 1 0 0 1
25 29 0 1 0 1 0 0
25 30 1 1 1 0 0 1
26 6 0 0 0 0 1 1
26 7 0 1 0 0 0 0
26 8 0 1 1 0 1 0
26 9 1 0 0 0 0 1
26 10 1 0 1 1 0 1
26 11 0 0 0 1 1 1
26 13 0 1 0 0 0 1
26 14 1 0 0 1 1 0
26 15 0 1 1 0 0 1
26 16 1 0 0 0 0 1
26 17 0 0 0 0 0 1
26 18 1 0 0 0 0 1
26 20 0 0 1 0 1 0
26 21 0 1 0 1 1 0
26 23 0 1 0 0 0 1
26 24 1 0 0 1 1 0
26 25 0 1 1 0 0 1
26 26 1 0 0 0 0 1
26 27 0 0 1 0 1 1
26 28 1 0 0 0 0 1
26 30 0 1 1 1 1 0
