-0.10
40 60 88 111 139 162 189 212 242 266 293 316 345 367 396 419 447 470 498 522 549 572 600 623 651 674 702 722 753 775 804 828 856 879 907 930 958 981 1008 1031 1060 1082 1111 1134 1161 1185 1213 1235 1263 1287 1314 1338 1366 1389 1416 1440 1468 1489 1516 1536 1563 1583 1610 1630
88 111 133 176 198 221 265 288 310 352 374 398 438 461 483 524 547 569 610 633 655 695 718 740 783 805 828 869 892 913 955 978 1001 1041 1063 1086 1126 1149 1171 1213 1235 1257 1303 1326 1349 1389 1411 1434 1474 1496 1519 1561 1583 1606 1648 1670 1690 1734 1756 1779 1821 1842 1865 1907 1929 1951 1992 2015 2037 2078 2101 2123 2166 2188 2210 2248 2268 2288
1 2 1 0 0 1 1 1
1 3 1 1 1 0 0 0
1 4 0 1 0 1 0 0
1 6 0 0 1 1 1 0
1 8 1 0 1 0 0 0
1 9 1 0 0 0 0 1
1 11 1 1 1 0 1 0
1 13 1 1 0 0 0 0
1 14 1 0 1 0 0 1
1 15 1 1 0 1 0 0
1 16 1 0 1 0 0 1
1 17 0 0 0 0 1 0
1 19 0 0 1 1 0 0
1 20 0 1 0 0 1 1
1 21 0 1 1 0 0 0
1 23 1 1 1 0 1 0
1 25 1 1 0 0 0 0
1 26 1 0 1 0 0 1
1 27 0 0 1 1 0 0
1 28 0 1 1 0 0 0
1 29 0 0 0 0 1 0
1 30 0 1 1 0 0 0
2 4 0 0 0 0 1 1
2 5 0 1 1 0 0 0
2 6 1 1 1 0 0 0
2 7 1 1 0 0 0 1
2 8 1 1 1 1 1 0
2 9 0 1 1 0 1 1
2 11 1 0 0 0 0 1
2 12 1 0 0 1 1 1
2 13 0 0 0 0 1 1
2 14 0 1 1 0 0 0
3 4 1 1 0 0 0 0
3 5 0 0 1 0 1 1
3 6 1 1 0 1 0 0
3 7 0 0 1 0 1 0
3 9 1 1 1 1 1 0
3 10 0 1 1 0 0 1
3 11 1 0 0 1 1 1
3 12 0 0 1 1 0 1
3 14 0 1 1 1 1 0
3 15 1 1 1 0 1 1
3 16 1 0 1 1 0 0
3 17 1 0 0 1 0 1
3 19 1 1 0 1 1 0
3 20 0 1 0 1 0 0
3 22 1 1 0 1 1 0
3 23 1 0 0 0 0 1
3 24 1 1 0 0 1 0
3 25 1 0 1 1 0 1
3 26 1 1 0 0 0 0
3 27 1 0 1 0 0 1
3 28 0 0 0 0 1 0
3 29 0 1 1 0 0 0
4 2 1 0 0 1 1 0
4 3 0 1 0 1 1 1
4 5 0 1 1 1 1 0
4 6 1 1 1 0 1 1
4 7 0 0 0 1 1 1
4 8 0 0 0 1 0 0
4 10 0 1 1 1 1 0
4 11 1 1 1 0 1 1
4 12 0 1 1 1 1 0
4 13 0 1 0 0 1 1
4 14 0 1 1 0 0 0
4 16 1 1 0 1 1 0
4 17 0 1 0 1 0 0
4 19 1 1 0 1 1 0
4 20 1 0 0 0 0 1
4 21 1 1 0 0 1 0
4 22 1 0 1 1 0 1
4 24 1 1 0 1 1 0
4 25 1 0 1 1 0 1
4 26 0 1 1 1 1 0
4 27 0 1 0 0 1 1
4 28 0 1 1 0 0 0
5 2 1 0 0 1 1 0
5 3 0 0 1 1 1 1
5 5 0 0 1 1 0 0
5 6 0 0 1 1 1 1
5 8 1 1 1 1 1 0
5 9 0 1 1 0 0 1
5 10 1 0 0 1 1 1
5 12 1 1 0 0 0 0
5 13 0 0 1 0 1 1
5 14 1 1 0 1 0 0
5 15 0 0 1 0 1 0
5 17 1 0 1 0 1 1
5 18 1 0 1 0 1 0
5 20 1 1 1 1 0 0
5 21 0 1 1 1 0 1
5 22 1 1 0 0 1 0
5 23 0 1 0 0 0 1
5 25 0 0 1 1 0 0
5 26 0 1 1 0 0 0
5 27 1 1 1 0 0 0
5 28 0 0 1 1 1 0
5 29 0 0 0 0 1 0
5 30 0 1 1 0 0 0
6 2 1 0 1 1 0 0
6 3 0 1 0 0 0 1
6 4 0 0 1 0 0 0
6 5 1 1 0 1 0 0
6 6 0 0 1 0 1 0
6 8 1 1 0 0 1 1
6 10 1 0 1 0 0 0
6 11 0 1 0 1 0 1
6 12 1 0 1 0 0 0
6 13 0 0 1 1 1 0
6 15 0 0 1 1 0 0
6 16 0 0 1 0 1 1
6 17 1 1 0 1 1 0
6 18 1 0 0 0 0 1
6 19 0 0 0 0 1 0
6 21 1 1 0 0 1 0
6 22 1 0 0 0 0 1
6 23 1 0 1 1 1 0
6 24 0 1 1 0 1 0
6 25 0 0 1 0 0 0
6 27 1 0 1 1 0 0
6 28 1 0 0 0 0 1
6 29 0 1 0 0 0 0
7 2 0 0 1 0 0 1
7 3 1 0 1 1 0 0
7 4 1 0 1 0 0 1
7 6 1 0 0 1 1 0
7 7 0 0 1 1 1 1
7 9 1 0 1 0 1 1
7 10 1 0 1 0 1 0
7 11 1 0 0 1 1 1
7 12 0 0 0 0 1 0
7 13 0 1 1 0 0 0
8 2 0 0 1 1 1 1
8 3 1 0 0 0 1 0
8 4 0 0 1 1 1 1
8 5 1 0 0 1 0 0
8 8 0 0 1 1 0 0
8 9 0 0 1 0 1 1
8 10 1 0 0 1 1 0
8 11 0 1 0 0 1 1
8 12 1 1 1 0 0 0
8 13 0 1 1 1 0 1
8 15 1 0 0 0 1 1
8 16 1 1 1 0 1 1
8 17 1 1 0 1 0 0
8 18 0 0 1 0 1 0
9 4 0 1 0 1 0 0
9 5 0 0 1 0 0 0
9 7 1 1 0 1 1 0
9 8 0 0 1 1 1 0
9 9 1 1 0 1 1 0
9 10 0 1 1 0 1 0
9 12 1 1 1 1 0 0
9 13 1 1 0 0 0 1
9 14 1 1 1 0 0 0
9 15 0 0 1 1 0 1
9 17 1 0 0 1 1 0
9 18 0 1 0 0 0 1
9 20 1 1 0 1 1 0
9 21 1 0 0 0 1 0
9 22 1 1 1 0 0 0
9 23 0 0 1 1 0 1
9 24 1 1 0 0 1 0
9 25 1 0 0 0 0 1
9 27 1 0 1 0 0 0
9 28 1 0 0 0 0 1
10 2 0 0 1 0 0 1
10 3 0 0 1 1 0 0
10 4 0 1 0 0 1 1
10 6 1 1 0 1 1 0
10 7 0 0 1 1 1 0
10 8 0 1 1 1 1 0
10 9 0 1 0 1 0 0
10 11 1 0 0 1 0 0
10 12 1 1 0 1 1 0
10 13 0 1 0 1 0 0
10 14 0 0 0 0 1 0
10 16 1 1 1 1 1 0
10 17 1 1 0 0 1 0
10 18 0 0 1 1 0 1
10 20 1 0 1 0 1 1
10 21 1 0 1 0 1 0
10 22 1 0 0 1 1 1
10 23 0 0 1 1 0 1
10 25 0 1 0 1 1 0
10 26 0 0 1 0 1 1
10 27 0 1 1 1 1 0
10 28 0 1 0 1 0 0
10 29 0 0 0 0 1 0
11 2 1 1 1 1 1 0
11 3 0 0 1 1 1 1
11 4 1 0 0 0 0 0
11 6 0 0 1 1 0 0
11 7 0 0 1 0 1 1
11 8 1 0 0 1 1 0
11 9 0 1 0 0 1 1
11 10 1 1 1 0 0 0
11 11 0 1 1 1 0 1
11 13 1 0 0 0 1 1
11 14 1 1 1 0 1 1
11 15 1 1 0 1 0 0
11 16 0 0 1 0 1 0
11 17 0 0 0 0 1 0
11 18 0 1 1 0 0 0
11 19 1 1 0 0 0 0
11 20 0 0 1 0 1 1
11 21 1 1 1 0 0 0
11 22 0 1 1 1 0 1
11 24 1 0 0 0 1 1
11 25 1 1 1 0 1 1
11 26 1 1 0 1 0 0
11 27 0 0 1 0 1 0
12 2 1 1 0 0 0 0
12 3 0 1 1 0 1 0
12 4 1 0 1 0 0 0
12 5 1 0 1 0 1 0
12 7 1 0 0 1 1 0
12 8 1 1 1 0 1 1
12 9 0 0 1 0 0 0
12 10 1 1 0 1 0 0
12 11 0 0 1 0 1 0
12 12 0 0 0 1 0 0
12 14 0 0 1 1 0 0
12 15 0 0 1 0 1 1
12 16 0 1 1 0 0 0
12 17 1 1 0 1 0 0
12 18 0 0 1 0 1 0
12 20 1 0 0 1 1 0
12 21 0 0 1 1 1 1
12 22 0 0 0 0 1 0
12 23 0 1 1 0 0 0
13 4 0 0 1 1 1 1
13 5 1 0 0 0 1 0
13 6 0 0 1 1 1 1
13 7 1 0 0 1 0 0
13 8 0 0 1 1 1 1
13 9 1 0 0 0 0 0
13 12 0 0 0 0 0 1
13 13 1 0 0 1 1 0
13 14 1 1 1 0 1 1
13 15 0 0 1 0 0 0
13 16 1 1 0 1 0 0
13 17 0 0 1 0 1 0
14 4 0 0 0 0 1 1
14 5 0 1 1 0 0 0
14 6 1 0 0 1 1 0
14 7 0 1 0 0 1 1
14 8 1 0 1 0 1 1
14 9 1 0 1 0 1 0
14 11 0 0 1 1 1 0
14 12 1 1 1 0 0 0
14 13 1 0 0 0 0 1
14 14 0 0 0 0 1 1
14 15 0 1 1 0 0 0
15 4 1 0 0 1 1 1
15 6 1 0 0 0 1 1
15 7 0 1 1 0 1 1
15 8 1 0 0 0 1 1
15 9 1 1 1 0 1 1
15 11 1 0 1 0 1 0
15 12 0 1 1 0 0 0
15 13 0 0 1 1 0 0
15 14 1 0 1 0 0 1
15 16 1 1 0 0 1 0
15 17 1 1 0 1 1 1
15 18 0 0 1 1 0 0
15 19 0 1 0 0 0 1
15 20 0 0 1 0 0 0
15 22 1 0 0 1 1 0
15 23 0 1 0 0 0 1
15 25 1 0 0 0 1 1
15 26 0 1 1 0 0 1
15 27 0 0 1 1 0 0
15 28 1 0 0 0 0 0
16 2 1 1 0 0 1 0
16 3 1 0 1 0 1 0
16 5 1 1 0 0 1 0
16 6 1 1 0 1 0 1
16 7 0 0 1 1 0 0
16 8 1 0 0 0 0 0
16 10 1 1 1 1 0 1
16 11 1 0 0 1 1 0
16 12 1 1 0 1 1 1
16 13 0 0 0 0 1 0
16 15 1 0 0 1 1 1
16 16 1 1 1 0 0 0
16 17 0 1 0 1 0 0
16 19 1 0 1 0 1 1
16 20 1 0 1 0 1 0
16 22 1 1 1 0 0 0
16 23 1 0 0 1 0 1
16 24 1 1 0 0 1 0
16 25 0 0 1 1 0 1
16 26 0 1 1 0 0 0
16 27 1 0 0 1 1 0
16 28 0 1 0 0 0 1
17 2 1 1 0 0 1 0
17 3 0 0 1 1 1 0
17 4 1 1 0 1 0 0
17 5 1 0 1 0 0 1
17 6 1 0 0 1 1 0
17 7 1 0 1 0 0 1
17 8 1 0 0 1 1 0
17 9 0 1 0 0 0 1
17 11 1 0 0 0 1 1
17 12 0 1 1 0 0 1
17 13 1 1 0 0 1 0
17 14 1 1 0 1 0 1
17 16 1 1 1 1 1 0
17 17 1 1 1 0 0 1
17 18 1 0 0 1 1 0
17 19 0 1 0 0 1 1
17 20 0 0 0 0 1 0
17 21 0 1 1 0 0 0
17 22 1 0 0 1 0 0
17 23 0 1 1 0 1 0
17 24 1 0 1 0 1 1
17 25 1 0 1 0 1 0
17 27 1 0 0 0 1 1
17 28 0 1 0 0 0 0
18 2 1 1 1 1 1 0
18 3 1 1 1 0 0 1
18 4 1 0 0 1 1 0
18 5 0 1 0 0 1 1
18 7 1 1 0 1 0 0
18 8 1 0 1 0 0 1
18 9 1 0 0 1 1 0
18 10 1 0 1 0 0 1
18 12 0 0 1 1 1 0
18 14 1 1 0 0 1 0
18 15 0 0 1 1 1 0
18 16 0 0 0 0 1 0
18 18 1 1 1 1 0 0
18 19 1 1 0 0 0 1
18 20 1 1 1 0 0 0
18 21 0 0 1 1 0 1
18 23 0 0 1 1 1 0
18 25 1 0 1 0 0 0
18 26 1 0 1 1 1 1
18 27 0 0 0 0 1 0
18 28 0 1 1 0 0 0
19 4 0 0 0 0 1 1
19 5 0 1 1 0 0 0
19 6 1 1 1 0 0 0
19 7 1 1 0 0 0 1
19 8 1 1 1 1 1 0
19 9 0 1 1 0 1 1
19 11 1 0 0 0 0 1
19 12 1 0 0 1 1 1
19 13 0 0 0 0 1 1
19 14 0 1 1 0 0 0
20 4 1 1 0 0 0 0
20 5 0 0 1 0 1 1
20 6 1 1 0 1 0 0
20 7 0 0 1 0 1 0
20 9 1 0 1 0 0 0
20 10 0 1 0 0 0 1
20 12 1 0 0 1 1 1
20 13 0 0 1 1 0 1
20 15 0 1 1 1 0 0
20 16 0 0 1 1 0 0
20 17 1 0 0 0 0 0
20 18 1 1 0 0 0 0
20 19 1 0 1 0 0 1
20 20 0 0 0 0 1 0
20 22 0 1 0 1 0 0
20 23 0 0 1 0 0 0
20 25 1 0 0 0 1 1
20 26 0 1 1 0 0 1
20 27 0 0 1 1 0 0
20 28 1 0 0 0 0 0
21 2 0 1 0 1 1 1
21 4 1 1 1 1 1 0
21 5 0 1 1 0 0 1
21 6 1 0 0 1 1 1
21 7 0 0 0 0 1 0
21 8 0 1 1 0 0 0
21 9 1 1 1 0 0 0
21 10 1 1 0 0 0 1
21 11 1 1 1 1 1 0
21 12 0 1 1 0 1 1
21 14 1 0 0 0 1 1
21 15 0 1 1 0 0 1
21 17 1 1 1 1 1 0
21 18 0 1 1 0 0 1
21 20 0 0 1 1 0 1
21 22 1 0 0 1 0 0
21 23 1 0 1 0 1 0
21 24 1 0 0 0 0 0
21 25 1 1 0 1 0 0
21 26 0 0 1 0 1 0
21 28 1 1 1 1 0 0
21 29 0 1 1 1 0 1
22 2 0 0 1 0 0 1
22 3 1 1 0 0 1 0
22 4 0 1 0 0 0 1
22 5 0 0 0 0 1 0
22 7 1 0 1 0 1 1
22 8 1 0 1 0 1 0
22 9 0 1 0 1 1 1
22 11 0 0 1 1 0 0
22 12 0 1 1 0 0 0
22 13 1 1 1 0 0 0
22 14 0 0 1 1 1 0
22 16 1 0 0 1 1 0
22 17 0 1 0 0 0 1
22 19 1 1 0 1 1 0
22 20 1 0 0 0 1 0
22 21 1 0 0 0 1 1
22 22 1 0 1 0 0 1
22 24 1 0 0 0 1 1
22 25 1 1 1 0 1 1
22 26 1 1 0 1 0 0
22 27 0 0 1 0 1 0
22 28 0 0 0 0 1 0
22 29 0 1 1 0 0 0
23 2 0 0 1 1 0 0
23 3 1 1 1 0 0 0
23 4 0 0 1 1 1 0
23 6 1 0 1 0 1 1
23 7 1 0 1 0 1 0
23 8 1 0 0 1 1 1
23 10 0 0 1 1 0 1
23 12 1 0 0 1 0 0
23 13 1 0 1 0 1 0
23 14 1 1 0 1 0 0
23 15 0 0 1 0 1 0
23 17 1 1 0 0 1 0
23 18 1 0 1 1 0 1
23 19 0 1 1 1 1 0
23 20 0 1 0 0 1 1
23 21 0 0 0 0 1 0
23 22 0 1 1 0 0 0
24 4 0 0 1 1 1 1
24 5 1 0 0 0 1 0
24 6 0 0 1 1 1 1
24 7 1 0 0 1 0 0
24 8 0 0 1 1 1 1
24 9 1 1 0 0 0 0
24 12 0 0 0 0 0 1
24 13 0 0 1 1 0 0
24 14 0 0 1 0 1 1
24 15 0 1 1 0 0 0
24 16 1 1 0 1 0 0
24 17 0 0 1 0 1 0
25 4 1 1 0 0 1 1
25 6 0 0 1 1 0 0
25 7 0 1 1 0 0 1
25 8 0 0 1 1 0 0
25 9 0 0 1 0 1 1
25 10 1 1 0 1 0 0
25 11 0 0 1 0 1 0
25 13 1 1 0 0 1 0
25 14 0 1 0 0 0 1
25 16 0 0 1 1 0 0
25 17 0 0 1 0 0 0
25 18 0 0 1 1 0 0
25 19 0 0 1 0 1 1
25 20 1 1 0 1 0 0
25 21 0 0 1 0 1 0
25 23 1 1 1 0 0 0
25 24 1 0 1 1 0 1
25 25 0 0 1 1 0 0
25 26 0 1 0 0 1 1
25 27 0 0 0 0 1 0
25 28 0 1 1 0 0 0
