0.20
28 51 79 102 131 152 181 204 231 255 283 306 334 357 385 408 436 459 487 510 539 562 589 612 639 663 691 714 742 765 795 818 844 868 896 918 946 969 997 1019 1047 1071 1099 1122 1150 1173 1201 1224 1252 1276 1303 1327 1357 1379 1407 1430 1458 1481 1509 1532 1561 1584 1612 1635 1663 1686
77 100 122 165 188 211 253 276 298 341 363 386 425 448 470 511 534 556 597 620 642 685 708 730 769 792 814 855 879 901 941 964 987 1028 1051 1073 1114 1136 1158 1199 1221 1243 1290 1312 1334 1379 1401 1424 1465 1487 1509 1551 1574 1596 1638 1660 1683 1725 1748 1769 1810 1833 1855 1896 1919 1942 1982 2005 2027 2069 2091 2113 2155 2178 2200 2241 2265 2286
1 7 0 1 0 1 0 1
1 8 0 1 0 1 1 0
1 10 0 0 1 0 1 1
1 11 1 0 0 0 0 1
1 13 1 0 0 0 0 0
1 14 0 0 0 0 0 1
1 15 1 0 0 0 0 1
1 17 0 0 0 0 1 0
1 18 0 1 1 1 0 0
1 20 0 1 0 1 0 1
1 21 0 1 1 1 0 1
1 22 0 1 0 0 1 1
1 23 1 0 0 1 0 0
1 24 0 0 0 0 1 1
1 25 0 1 0 0 0 0
1 26 0 1 0 0 0 1
1 27 1 0 0 1 1 0
1 28 1 1 1 0 1 0
1 29 1 1 0 0 1 1
1 30 0 1 1 1 1 1
1 31 1 0 0 0 0 1
2 7 0 1 0 0 0 0
2 8 0 0 0 0 0 1
2 9 0 1 0 0 1 0
2 11 1 1 0 0 0 1
2 13 1 0 0 0 1 0
2 14 0 0 0 1 1 1
2 15 1 1 1 1 0 0
2 17 0 1 0 0 0 0
2 18 1 1 0 0 0 1
2 19 0 0 0 1 1 0
2 20 1 0 0 0 1 0
2 21 1 1 0 0 1 1
2 23 0 1 0 1 0 0
2 24 1 1 0 0 1 1
2 25 0 0 1 1 1 0
2 26 1 1 0 1 1 0
2 28 1 1 0 0 0 1
2 30 0 1 1 1 1 1
2 31 1 0 0 0 0 1
3 13 0 0 0 0 1 1
3 14 0 1 0 0 0 0
3 15 1 1 1 0 0 0
3 16 1 1 1 0 0 0
3 17 1 1 0 1 1 0
3 19 0 1 0 1 1 1
3 21 0 0 1 1 1 1
3 22 1 0 0 1 0 1
3 23 1 1 1 1 1 0
3 24 0 1 0 1 1 0
3 26 1 1 0 0 0 1
3 28 0 0 1 1 0 1
3 29 1 1 0 1 0 0
3 30 0 0 1 1 0 1
3 31 1 0 0 0 1 1
4 19 0 0 0 0 1 1
4 20 0 1 1 0 0 0
4 21 1 1 1 1 0 0
4 22 0 0 1 1 0 0
4 24 0 1 1 0 1 1
4 25 1 1 0 1 1 1
4 26 0 0 1 1 1 0
4 27 0 0 0 1 1 1
4 28 0 0 0 0 1 1
4 29 0 1 1 0 0 0
5 5 1 1 1 0 0 1
5 6 1 1 0 1 0 1
5 7 0 0 0 0 1 1
5 8 0 1 0 0 0 0
5 9 1 1 1 1 0 0
5 10 0 0 0 0 0 1
5 11 0 1 1 1 0 0
5 13 1 1 1 0 1 0
5 14 0 0 1 1 0 1
5 15 0 0 0 1 1 0
5 17 0 0 1 0 1 0
5 18 1 1 0 1 1 0
5 20 1 0 0 0 1 0
5 21 1 1 0 0 1 1
5 22 0 1 1 0 0 1
5 23 1 1 0 0 1 0
5 25 1 0 1 0 1 0
5 26 0 1 1 1 0 1
5 28 0 0 1 0 1 0
5 29 0 0 0 1 0 1
6 3 0 1 0 1 0 0
6 4 1 1 1 0 1 1
6 5 0 1 0 1 1 0
6 7 0 0 1 1 1 0
6 8 1 1 0 1 1 0
6 9 0 0 1 1 0 1
6 10 1 0 0 1 0 0
6 12 0 1 0 0 0 0
6 13 0 0 1 1 0 0
6 14 0 1 0 1 1 0
6 15 0 1 1 0 0 1
6 16 1 0 0 1 1 0
6 17 0 0 1 1 0 0
6 18 0 1 0 1 1 0
6 20 0 0 1 0 1 0
6 21 1 1 0 1 0 0
6 23 0 1 1 1 1 1
6 24 1 1 0 0 1 0
6 25 1 0 0 0 1 0
6 26 1 1 0 1 1 0
6 28 0 1 0 0 1 1
6 29 1 1 0 1 1 0
6 30 1 1 1 0 0 1
6 31 0 1 1 1 0 1
7 3 0 0 0 0 1 1
7 4 0 1 0 0 0 0
7 5 1 1 1 1 0 0
7 6 0 1 0 1 0 1
7 7 0 1 1 1 0 1
7 9 0 0 1 0 1 0
7 10 1 1 0 1 0 0
7 12 0 1 0 1 0 1
7 13 0 0 0 1 1 1
7 14 0 1 0 1 0 1
7 15 0 1 0 1 1 0
7 17 0 0 1 1 1 0
7 18 1 1 0 1 1 0
7 19 0 0 1 1 0 1
7 20 0 1 1 1 0 0
7 22 0 1 1 1 1 0
7 24 0 0 1 1 0 0
7 25 0 0 0 1 1 0
7 27 0 1 0 0 0 0
7 28 1 1 1 1 1 0
7 29 0 1 0 1 1 0
7 30 1 1 1 0 0 0
7 31 0 1 0 1 1 0
8 16 0 1 0 0 0 1
8 17 1 0 0 1 1 0
8 18 0 0 0 1 0 0
8 19 0 1 0 1 0 1
8 20 1 0 0 1 0 0
8 21 0 0 1 0 0 0
8 24 1 1 0 1 0 0
8 25 1 1 1 0 0 1
8 26 0 0 0 1 1 0
8 27 1 1 1 0 0 1
8 28 0 1 0 1 0 0
8 29 1 1 1 0 0 1
9 18 0 0 0 0 1 1
9 19 0 1 1 0 0 0
9 20 0 0 1 1 0 0
9 21 0 0 0 1 1 1
9 22 1 1 0 0 0 1
9 24 0 1 0 1 0 1
9 25 0 1 1 1 0 1
9 26 0 1 1 0 1 0
9 27 1 1 0 1 0 0
9 28 0 0 0 0 1 1
9 29 0 1 1 0 0 0
10 5 0 0 1 1 0 1
10 6 0 0 0 1 1 0
10 8 0 0 1 0 1 0
10 9 1 1 0 1 0 0
10 10 0 0 1 1 0 0
10 11 1 1 0 1 0 0
10 12 1 0 0 0 1 0
10 14 0 0 1 1 0 1
10 15 1 0 0 0 0 1
10 16 1 0 1 1 1 0
10 17 1 1 0 1 1 0
10 19 1 0 1 1 0 0
10 20 1 0 0 1 0 1
10 21 0 0 1 0 1 1
10 22 1 0 0 0 0 1
10 24 0 1 1 1 1 1
10 25 0 1 1 1 0 0
10 26 0 1 1 0 1 1
10 27 0 1 1 1 0 0
10 29 1 1 1 1 0 0
11 6 0 1 0 0 0 0
11 7 0 1 1 1 1 1
11 8 1 1 0 0 1 0
11 9 0 1 0 1 0 0
11 10 1 0 0 1 0 0
11 12 0 0 1 1 0 1
11 13 1 0 0 0 1 1
11 14 1 1 1 1 0 1
11 15 0 0 0 1 0 1
11 17 0 1 0 1 0 1
11 18 0 1 1 1 0 1
11 20 1 0 0 0 1 0
11 21 0 0 0 1 1 1
11 22 1 1 1 1 0 0
11 24 1 1 1 0 1 0
11 25 1 1 0 1 0 0
11 26 1 0 1 1 0 1
11 27 0 1 0 1 1 0
11 29 0 1 0 0 0 0
11 30 1 1 1 0 1 0
11 31 0 0 1 0 0 1
12 4 0 1 0 1 0 1
12 5 1 0 0 1 0 0
12 7 0 0 0 1 0 0
12 8 1 1 1 0 0 1
12 9 1 1 0 1 1 1
12 11 0 1 0 0 0 0
12 12 0 1 1 0 1 0
12 13 1 1 0 1 0 0
12 14 0 0 0 0 1 0
12 15 1 0 0 0 1 0
12 17 0 0 1 1 1 1
12 18 1 0 0 1 1 0
12 19 0 1 1 0 1 1
12 21 1 0 1 1 1 0
12 22 0 1 0 1 1 0
12 23 0 0 1 0 1 1
12 24 0 1 1 1 0 0
12 26 0 1 0 1 0 1
12 27 0 1 1 1 0 1
12 29 0 1 1 1 0 0
12 30 0 1 1 0 1 0
12 31 1 1 0 0 1 1
13 3 0 1 0 0 0 0
13 4 0 1 1 0 0 1
13 5 1 1 0 1 1 1
13 6 1 1 1 0 1 0
13 7 1 1 0 1 0 0
13 9 1 1 0 0 0 1
13 11 1 0 0 0 1 0
13 12 0 0 0 1 1 1
13 13 1 1 1 1 0 0
13 15 0 1 1 1 1 1
13 16 0 1 1 1 0 0
13 17 0 1 1 0 1 1
13 18 0 1 1 1 0 0
13 20 0 0 0 0 1 0
13 21 0 1 1 1 0 0
13 23 0 1 0 1 0 1
13 24 0 1 1 1 0 1
13 25 0 1 0 0 1 1
13 26 1 0 0 1 0 0
13 27 0 0 0 0 1 1
13 28 0 1 0 0 0 0
13 29 0 1 0 0 0 1
13 30 1 0 0 1 1 0
13 31 0 0 1 0 0 1
14 10 0 0 0 0 1 1
14 11 0 1 0 0 0 0
14 12 0 0 1 1 1 1
14 13 1 0 0 1 0 1
14 15 1 1 0 0 0 1
14 17 0 1 1 0 1 0
14 18 1 1 0 1 0 0
14 19 0 0 0 0 1 0
14 20 1 0 0 0 1 0
14 22 0 1 0 0 0 0
14 23 1 1 1 1 0 1
14 24 0 0 0 1 0 1
14 26 1 1 0 0 0 1
14 28 0 1 1 0 1 0
14 29 1 1 0 1 0 0
14 30 0 1 0 1 0 1
14 31 1 0 0 1 0 0
15 19 0 0 0 0 1 1
15 20 0 1 1 0 0 0
15 21 1 1 1 1 0 0
15 22 0 0 1 1 0 0
15 24 0 1 1 0 1 1
15 25 1 1 0 1 1 1
15 26 0 0 1 1 1 0
15 27 0 0 0 1 1 1
15 28 0 0 0 0 1 1
15 29 0 1 1 0 0 0
16 3 0 0 0 1 0 0
16 4 1 0 0 0 0 1
16 5 1 0 0 0 1 1
16 7 1 0 0 0 1 0
16 8 1 1 0 1 1 0
16 10 1 0 1 0 1 1
16 11 0 0 0 1 1 1
16 12 0 1 0 1 0 0
16 13 0 1 0 1 1 0
16 15 1 0 0 0 0 0
16 16 1 0 1 0 1 1
16 17 0 0 0 1 1 0
16 18 0 0 0 1 0 0
16 19 1 1 0 0 0 1
16 21 1 0 1 0 0 1
16 22 1 1 1 1 0 0
16 23 0 0 0 0 1 1
16 24 0 1 1 1 0 0
16 26 0 1 0 0 0 1
16 27 1 0 0 1 1 0
16 28 0 1 0 1 0 1
16 29 1 0 0 1 0 0
17 5 0 0 1 1 1 1
17 6 0 0 0 1 1 0
17 7 1 0 0 0 1 0
17 9 0 1 0 0 0 0
17 10 1 1 1 1 0 0
17 11 0 0 1 0 1 1
17 12 1 1 0 1 1 1
17 14 1 1 1 0 1 0
17 15 1 1 1 0 1 0
17 16 0 1 1 1 0 1
17 18 0 0 1 1 0 1
17 19 0 0 0 1 1 0
17 20 0 0 0 1 0 0
17 21 1 0 0 0 0 1
17 22 0 0 1 0 1 1
17 23 0 1 1 1 0 0
17 25 0 0 0 0 0 1
17 26 1 0 0 0 1 0
17 28 0 1 0 0 0 0
17 29 0 0 1 1 0 1
17 30 0 0 0 1 1 0
17 31 0 0 1 0 0 1
18 4 0 0 0 0 1 1
18 5 0 1 0 0 0 0
18 6 0 1 0 0 0 1
18 7 1 0 0 1 1 0
18 8 0 1 1 1 1 1
18 9 0 1 1 1 0 0
18 11 0 0 1 1 0 1
18 12 0 1 1 1 0 0
18 13 0 1 0 1 0 0
18 14 1 1 0 1 1 0
18 16 0 0 1 0 1 0
18 17 1 1 0 1 0 0
18 19 1 1 0 0 0 1
18 20 0 0 0 1 1 1
18 21 0 0 0 0 1 1
18 22 1 0 0 0 0 1
18 24 0 1 0 0 0 1
18 25 1 1 0 1 0 1
18 26 1 1 1 0 1 0
18 27 1 1 0 0 1 1
18 29 1 1 1 0 1 0
18 30 0 1 0 1 0 1
18 31 0 1 1 1 0 1
19 4 0 0 1 0 1 0
19 5 1 1 0 1 0 0
19 7 0 1 0 1 0 1
19 8 0 0 0 1 1 1
19 9 0 0 0 1 0 0
19 10 0 1 1 0 1 0
19 11 1 1 0 0 1 1
19 13 0 0 1 1 1 0
19 14 1 1 0 1 1 0
19 15 0 0 1 1 0 1
19 16 0 1 1 1 0 0
19 18 0 1 0 0 0 0
19 19 1 1 1 0 1 1
19 20 0 1 0 1 1 0
19 21 1 0 0 0 1 0
19 22 0 0 0 1 0 1
19 24 0 0 1 0 1 0
19 25 0 1 0 1 1 0
19 26 1 1 0 0 0 1
19 27 1 1 0 0 1 1
19 29 0 1 1 1 1 0
19 30 1 0 1 0 0 1
19 31 1 1 0 1 1 0
20 27 0 0 0 0 1 1
20 28 0 1 0 0 0 0
20 29 1 1 1 1 0 0
20 30 0 1 0 1 0 1
20 31 0 1 1 1 0 1
21 16 0 1 0 0 0 1
21 17 1 0 0 1 1 0
21 18 0 0 0 0 0 1
21 19 0 0 1 0 1 0
21 20 1 0 0 1 0 1
21 21 0 0 1 0 0 0
21 24 0 1 0 1 0 0
21 25 1 1 1 0 0 1
21 26 0 0 0 1 1 0
21 27 1 1 1 0 0 1
21 28 0 1 0 1 0 0
21 29 1 1 1 0 0 1
22 18 0 0 0 0 1 1
22 19 0 1 1 0 0 0
22 20 0 0 1 1 0 0
22 21 0 0 0 1 1 1
22 22 1 1 0 0 0 1
22 24 0 1 0 1 0 1
22 25 0 1 1 1 0 1
22 26 0 1 1 0 1 0
22 27 1 1 0 1 0 0
22 28 0 0 0 0 1 1
22 29 0 1 1 0 0 0
23 5 1 0 1 1 0 0
23 6 1 0 0 1 0 1
23 7 0 1 0 0 1 0
23 8 0 1 0 1 0 1
23 9 0 0 0 1 1 1
23 11 1 0 0 0 0 1
23 12 0 0 1 1 0 1
23 13 1 0 0 1 0 1
23 15 0 1 1 1 1 1
23 16 0 1 1 1 0 0
23 17 0 1 1 0 1 1
23 18 0 1 1 1 0 0
23 20 0 1 0 1 0 1
23 21 0 1 0 1 1 0
23 23 0 1 1 1 1 1
23 24 0 1 1 1 0 0
23 25 0 0 0 1 0 0
23 26 0 0 1 1 1 1
23 27 1 1 0 1 0 0
23 29 1 1 1 1 0 0
24 4 0 0 0 0 0 1
24 5 0 1 1 0 1 1
24 7 0 1 1 1 1 0
24 8 0 1 0 1 0 1
24 9 0 1 1 1 1 1
24 11 0 1 0 1 0 1
24 12 0 1 0 1 1 0
24 14 1 0 1 1 1 0
24 15 0 1 0 1 1 0
24 16 0 0 1 0 1 1
24 17 0 1 1 1 0 0
24 19 0 1 0 1 0 1
24 20 0 1 1 1 0 1
24 22 0 1 0 0 0 0
24 23 0 0 1 1 0 1
24 24 1 0 0 1 1 0
24 25 1 0 0 0 1 0
24 26 1 0 0 1 1 1
24 28 0 1 0 1 0 0
24 29 1 1 0 0 1 1
24 30 0 0 1 1 1 0
24 31 1 1 0 1 1 0
25 3 0 0 0 0 1 0
25 4 0 1 1 1 0 0
25 6 0 1 0 1 0 1
25 7 0 1 1 1 0 1
25 8 0 1 0 0 1 1
25 9 1 0 0 1 0 0
25 10 0 0 0 0 1 1
25 11 0 1 0 0 0 0
25 12 0 1 0 0 0 1
25 13 1 0 0 1 1 0
25 14 0 0 0 0 0 1
25 15 0 0 1 0 1 0
25 16 1 0 0 1 0 1
25 18 1 1 1 0 1 0
25 19 0 0 0 1 0 0
25 20 1 1 1 0 0 1
25 21 1 1 0 1 0 0
25 23 0 1 0 0 0 0
25 24 0 1 1 0 1 0
25 25 1 1 0 1 0 0
25 26 0 0 0 0 1 0
25 27 1 0 0 0 1 0
25 29 0 0 1 1 1 1
25 30 1 0 0 1 1 0
25 31 0 0 1 0 0 1
26 2 0 0 0 1 0 0
26 3 0 0 0 1 0 0
26 4 1 1 1 0 0 1
