-0.30
37 60 88 111 139 162 190 214 242 265 292 315 344 367 394 418 446 468 496 519 548 570 598 622 650 672 700 723 752 774 803 826 854 877 905 928 956 979 1007 1030 1058 1081 1109 1133 1160 1183 1211 1234 1263 1286 1313 1337 1365 1388 1417 1439 1469 1492 1519 1543 1571 1594 1622 1645
17 39 61 103 126 148 192 214 237 281 302 325 367 389 412 454 476 499 538 561 584 627 648 671 712 734 757 797 819 842 883 906 928 971 993 1015 1056 1079 1101 1143 1165 1187 1228 1251 1273 1317 1341 1362 1405 1427 1449 1489 1513 1534 1576 1599 1621 1663 1687 1709 1750 1773 1795 1836 1859 1880 1922 1945 1967 2008 2031 2053 2095 2117 2140 2181 2204 2226 2268 2290 2312
2 6 0 1 0 1 0 0
2 8 0 1 0 0 0 0
2 9 0 0 1 0 1 1
2 10 1 0 0 0 0 1
2 11 0 1 1 0 1 1
2 12 0 1 1 1 0 0
2 14 0 1 0 1 0 1
2 15 0 1 0 1 1 0
2 17 0 0 1 0 1 1
2 18 1 0 0 0 0 1
2 19 0 0 0 1 0 0
2 20 0 0 1 1 1 1
2 21 1 1 0 1 0 0
2 23 1 1 1 1 0 0
2 24 0 0 0 0 1 1
2 25 0 1 0 0 0 0
2 26 0 1 0 0 0 1
2 27 1 0 0 0 1 0
2 28 0 0 0 0 1 1
2 29 0 0 1 1 1 1
2 30 0 0 0 0 0 1
2 31 1 0 0 0 0 1
3 5 0 0 0 1 0 0
3 6 1 1 1 0 0 1
3 7 1 1 0 1 1 1
3 9 0 1 0 0 0 0
3 10 1 1 0 0 0 1
3 11 0 0 0 1 1 0
3 12 1 0 0 0 1 0
3 13 1 1 0 0 1 1
3 15 1 0 1 1 1 0
3 16 0 0 1 1 1 1
3 18 0 1 0 1 0 0
3 19 1 1 0 1 0 0
3 20 0 1 1 0 1 0
3 21 1 1 0 1 1 1
3 23 0 0 1 0 1 1
3 24 1 0 0 0 0 1
3 25 0 1 1 0 1 1
3 26 0 1 1 1 0 0
3 28 1 1 1 1 0 0
3 30 0 0 1 0 1 0
3 31 0 0 0 1 0 1
4 25 0 0 0 0 1 1
4 26 0 1 0 0 0 0
4 27 0 1 0 0 0 1
4 28 1 0 0 1 1 0
4 29 0 0 1 1 1 1
4 30 0 0 1 0 1 1
4 31 1 0 0 0 0 1
5 4 0 0 1 1 1 0
5 5 1 1 0 1 1 0
5 7 1 1 0 0 0 1
5 9 1 1 1 0 1 0
5 10 0 0 1 1 0 1
5 11 0 0 0 1 1 0
5 13 1 0 0 0 1 0
5 14 0 0 0 1 1 1
5 15 0 1 0 1 0 1
5 16 1 0 0 0 0 1
5 18 0 0 0 0 1 0
5 19 0 1 1 1 0 0
5 21 0 1 0 1 0 1
5 22 0 1 1 1 0 1
5 23 0 1 0 0 1 1
5 24 1 0 0 1 0 0
5 26 0 1 0 0 0 1
5 27 1 0 0 1 1 0
5 28 0 0 0 0 1 1
5 29 0 0 1 1 1 1
6 6 1 1 0 0 0 1
6 8 1 0 0 0 1 0
6 9 0 0 0 1 1 1
6 10 1 1 1 1 0 0
6 12 0 1 0 0 0 0
6 13 0 1 1 0 1 0
6 14 1 1 0 1 0 0
6 15 0 0 0 0 1 0
6 16 1 0 0 0 1 0
6 18 0 0 1 0 1 0
6 19 0 0 0 1 0 1
6 20 0 0 1 1 0 1
6 21 0 0 0 1 1 0
6 23 0 1 0 0 0 0
6 24 1 1 0 0 0 1
6 25 0 0 0 1 1 0
6 26 1 0 0 0 1 0
6 27 1 1 0 0 1 1
6 29 0 1 0 1 0 0
6 30 1 1 0 0 1 1
6 31 0 0 1 0 0 1
7 5 1 1 1 0 0 1
7 6 1 0 0 1 0 1
7 8 1 0 0 0 1 0
7 9 0 0 0 1 1 1
7 10 0 1 0 0 1 1
7 11 0 0 0 1 1 0
7 13 1 1 1 1 0 0
7 15 0 0 1 0 1 0
7 16 0 0 0 1 0 1
7 17 0 0 1 1 0 1
7 18 0 0 0 1 1 0
7 20 0 1 0 0 0 0
7 21 0 0 0 0 1 1
7 22 0 1 1 0 1 0
7 23 1 0 0 0 0 1
7 25 0 1 0 1 1 1
7 27 0 0 1 1 0 0
7 28 0 0 0 1 0 1
7 30 0 0 0 0 1 0
7 31 0 1 1 1 1 0
8 24 0 0 0 0 1 1
8 25 0 1 0 0 0 0
8 26 1 0 1 1 1 0
8 27 0 0 1 1 1 1
8 29 0 0 1 1 1 1
8 30 1 1 0 0 1 0
8 31 0 0 1 0 0 1
9 19 0 0 0 0 1 1
9 20 0 1 1 0 0 0
9 21 1 1 1 1 0 0
9 22 0 0 1 1 0 0
9 24 0 1 1 0 1 1
9 25 1 1 0 1 1 1
9 26 0 0 1 1 1 0
9 27 0 0 0 1 1 1
9 28 0 0 0 0 1 1
9 29 0 1 1 0 0 0
10 5 0 1 0 0 0 1
10 6 1 0 0 1 1 0
10 7 0 1 1 1 1 1
10 8 1 1 0 0 1 0
10 10 1 0 1 0 0 1
10 12 0 0 1 0 1 1
10 13 1 1 0 1 1 1
10 15 0 0 1 0 1 1
10 16 0 1 1 1 0 0
10 18 0 1 1 0 1 1
10 19 1 1 0 1 1 1
10 20 0 0 1 1 1 0
10 21 0 0 0 1 1 1
10 23 1 0 1 0 1 0
10 24 0 1 1 1 0 1
10 26 0 1 0 0 0 1
10 27 1 0 0 1 1 0
10 28 0 0 0 0 1 1
10 29 0 0 1 1 1 1
11 5 0 1 1 1 1 1
11 6 0 1 1 1 0 0
11 8 0 0 1 0 1 0
11 9 0 1 0 1 1 0
11 10 0 0 1 1 0 1
11 11 1 0 0 1 1 0
11 13 1 1 0 0 0 0
11 14 0 1 1 1 1 1
11 15 1 1 0 0 1 0
11 16 0 0 1 1 1 1
11 17 1 1 0 0 0 0
11 19 1 1 1 0 0 1
11 20 1 1 0 1 1 1
11 21 0 0 1 1 0 1
11 22 0 1 1 1 0 1
11 24 0 1 0 0 0 0
11 25 1 1 1 1 0 0
11 26 0 0 1 1 0 0
11 28 0 0 1 0 1 0
11 29 0 1 0 1 1 0
11 30 0 1 0 1 0 0
11 31 1 1 0 1 1 0
12 4 1 1 1 0 1 1
12 5 0 1 0 1 1 0
12 7 0 0 1 1 0 1
12 8 0 0 0 1 1 0
12 9 0 0 1 0 1 0
12 10 1 1 0 1 1 0
12 12 0 1 1 0 0 1
12 13 0 1 1 1 0 0
12 14 1 0 1 1 1 1
12 15 0 0 0 1 0 1
12 17 1 0 1 0 0 1
12 18 1 1 1 1 0 0
12 19 0 0 0 0 1 1
12 20 0 1 1 1 0 0
12 22 0 1 0 0 0 1
12 23 1 0 0 1 1 0
12 24 0 0 1 1 1 1
12 25 0 0 0 0 0 1
12 26 1 0 0 0 0 1
12 27 0 0 0 0 1 1
12 28 0 1 0 0 0 0
12 29 0 1 0 0 0 1
12 30 1 0 0 1 1 0
12 31 0 0 1 0 0 1
13 3 0 0 0 0 1 1
13 4 0 1 0 0 0 0
13 5 0 0 1 1 0 1
13 6 0 0 0 1 1 0
13 7 0 0 1 1 0 1
13 8 1 0 0 1 1 0
13 10 0 0 1 0 1 0
13 11 0 1 0 1 1 0
13 13 1 0 1 0 1 1
13 14 0 0 0 1 1 0
13 15 0 0 0 1 0 0
13 16 1 1 0 0 0 1
13 18 1 0 1 0 0 1
13 19 1 1 1 1 0 0
13 20 0 0 1 0 1 1
13 21 1 1 0 1 1 1
13 23 0 1 0 0 0 1
13 24 1 0 0 1 1 0
13 25 0 0 1 1 1 1
13 26 0 0 1 0 1 1
13 27 1 0 0 0 0 1
13 29 0 1 1 0 0 0
13 30 1 1 1 0 1 0
13 31 0 0 1 0 0 1
14 3 0 0 0 0 1 1
14 4 1 0 0 0 1 0
14 5 0 0 0 1 1 0
14 7 0 0 0 1 0 0
14 8 0 1 1 0 1 0
14 9 1 1 0 0 1 1
14 10 1 0 1 0 1 0
14 11 0 0 0 1 0 1
14 13 0 1 0 0 0 0
14 14 0 1 1 1 1 1
14 15 1 1 0 0 1 0
14 16 1 0 0 0 1 0
14 17 1 1 0 1 1 0
14 19 0 1 1 0 1 0
14 20 1 0 0 0 1 1
14 21 0 0 1 0 1 1
14 22 1 0 0 1 1 0
14 24 0 1 1 1 1 0
14 25 1 0 1 0 0 1
14 26 1 1 0 1 1 0
14 28 0 1 0 0 0 1
14 29 1 0 0 1 1 0
14 30 0 1 1 0 0 1
14 31 0 0 0 1 1 0
15 5 1 1 1 1 1 0
15 6 0 0 0 0 1 1
15 7 1 1 1 0 1 0
15 8 0 0 0 0 1 1
15 9 0 1 0 0 0 0
15 10 1 1 1 1 0 0
15 11 0 1 0 1 0 1
15 12 0 1 1 1 0 1
15 14 0 0 1 0 1 0
15 15 1 1 0 1 0 0
15 17 0 0 0 0 1 1
15 18 0 1 1 0 1 0
15 19 1 1 0 0 1 1
15 20 0 0 0 0 0 1
15 21 1 0 0 0 0 1
15 23 1 1 1 0 1 1
15 24 0 1 0 1 1 0
15 25 0 1 0 1 0 1
15 26 0 1 0 1 1 0
15 28 0 1 0 0 0 0
15 29 0 0 1 0 1 0
15 30 1 0 0 0 1 1
15 31 0 0 1 0 0 1
16 6 0 0 1 1 0 1
16 7 1 0 0 1 0 1
16 8 0 1 0 0 0 1
16 9 1 0 0 1 0 1
16 11 0 0 0 0 1 1
16 12 0 1 1 0 1 0
16 13 1 1 0 0 1 1
16 14 1 1 1 1 1 0
16 15 1 0 0 0 1 1
16 17 1 0 0 0 1 0
16 18 1 1 0 0 1 1
16 19 0 0 0 1 0 0
16 20 1 0 0 0 0 1
16 22 0 1 0 0 0 0
16 23 0 1 1 0 1 0
16 24 1 1 0 0 1 1
16 25 0 1 1 1 1 1
16 26 1 1 0 0 1 1
16 28 0 1 0 0 0 0
16 29 0 0 0 0 1 1
16 30 0 1 1 0 1 0
16 31 1 1 0 0 1 1
17 9 0 0 0 0 1 1
17 10 0 1 0 0 0 0
17 11 1 1 0 0 0 1
17 12 0 0 0 1 1 1
17 13 0 0 0 0 1 1
17 14 1 0 0 0 0 1
17 16 0 1 0 0 0 1
17 17 1 0 0 1 1 0
17 18 0 1 1 0 0 1
17 19 0 0 0 1 1 0
17 21 1 1 1 1 0 0
17 22 0 0 1 0 1 1
17 23 1 1 0 1 1 1
17 25 1 1 1 0 0 1
17 26 1 0 0 0 0 1
17 27 0 0 1 1 0 0
17 28 0 0 0 1 1 0
17 30 1 1 1 0 0 1
17 31 1 1 0 1 0 0
18 16 0 1 0 0 0 1
18 17 1 0 0 1 1 0
18 18 0 0 0 0 0 1
18 19 1 0 1 1 0 0
18 20 1 1 0 1 0 0
18 21 0 0 1 0 0 0
18 24 0 0 0 1 1 0
18 25 1 1 1 0 0 1
18 26 1 1 0 1 0 0
18 27 1 1 1 0 0 1
18 28 0 1 0 1 0 0
18 29 1 1 1 0 0 1
19 5 0 0 0 0 1 1
19 6 0 1 0 0 0 0
19 7 0 1 1 0 1 0
19 8 1 0 0 0 0 1
19 9 1 0 1 1 0 1
19 10 0 0 0 1 1 1
19 12 0 0 0 0 0 1
19 13 1 0 1 1 0 0
19 14 1 1 0 1 0 0
19 15 1 0 0 0 0 1
19 16 1 0 1 0 0 1
19 17 0 0 0 1 0 1
19 19 0 0 1 0 1 0
19 20 0 1 0 1 1 0
19 22 0 0 0 0 0 1
19 23 1 0 1 1 0 0
19 24 1 1 0 1 0 0
19 25 1 0 0 0 0 1
19 26 0 0 1 1 0 1
19 27 1 0 0 1 0 1
19 29 0 1 1 1 1 0
20 18 0 0 0 0 1 1
20 19 0 1 1 0 0 0
20 20 0 0 1 1 0 0
20 21 0 0 0 1 1 1
20 22 1 1 0 0 0 1
20 24 0 1 0 1 0 1
20 25 0 1 1 1 0 1
20 26 0 1 1 0 1 0
20 27 1 1 0 1 0 0
20 28 0 0 0 0 1 1
20 29 0 1 1 0 0 0
21 4 0 0 0 0 1 1
21 5 0 1 0 0 0 0
21 6 1 1 0 0 0 1
21 7 0 0 0 1 1 0
21 8 1 0 0 0 1 0
21 9 1 1 0 0 1 1
21 11 1 0 1 1 1 0
21 12 1 0 1 1 0 0
21 13 1 1 0 1 0 0
21 15 1 1 1 1 1 0
21 16 1 1 0 1 0 0
21 17 1 0 0 0 0 1
21 18 0 0 1 1 0 1
21 19 1 0 0 1 0 1
21 21 1 1 1 1 0 0
21 23 0 1 1 1 0 0
21 25 1 0 1 1 0 0
21 26 1 1 0 1 0 0
21 27 1 0 0 0 0 1
21 28 0 0 1 1 0 1
21 29 1 0 0 1 0 1
22 6 1 0 1 1 0 0
22 7 1 1 0 1 1 0
22 8 0 0 0 0 0 1
22 9 1 0 0 0 0 1
22 11 1 0 0 0 0 1
22 12 0 0 1 1 0 1
22 13 1 0 0 1 0 1
22 15 1 1 1 1 0 0
22 17 0 1 0 0 0 0
22 18 1 0 0 0 0 1
22 19 0 0 1 1 0 1
22 20 1 0 0 1 0 1
22 22 1 0 1 0 0 1
22 23 0 0 0 1 0 1
22 25 0 1 1 1 1 0
22 27 1 0 1 1 0 0
22 28 1 1 0 1 0 0
22 29 1 0 0 0 0 1
22 30 1 0 1 0 0 1
22 31 0 0 0 1 0 1
23 4 0 0 0 0 1 0
23 5 0 1 1 1 0 0
23 7 1 0 1 0 0 1
23 8 0 0 0 1 0 1
23 10 0 1 0 1 0 1
23 11 0 1 0 1 1 0
23 13 0 1 0 0 0 0
23 14 1 1 0 0 0 1
23 15 0 0 0 1 1 0
23 16 1 0 0 0 1 0
23 17 1 1 0 0 1 1
23 19 1 0 1 1 1 0
23 20 1 0 1 1 0 0
23 21 1 1 0 1 0 0
23 23 0 0 1 0 1 0
23 24 1 0 0 1 0 0
23 25 0 1 0 0 1 1
23 26 1 1 0 0 1 0
23 28 0 1 0 1 0 0
23 29 1 1 0 1 1 0
23 30 1 1 1 1 1 0
23 31 1 1 0 1 1 0
24 7 0 1 0 1 0 0
24 8 1 1 0 1 1 0
24 9 1 1 1 1 1 1
24 10 1 1 0 1 1 0
24 12 1 0 1 1 0 0
24 13 1 1 0 1 1 0
24 14 0 0 0 0 0 1
24 15 1 0 0 0 0 1
24 17 0 0 1 0 1 0
24 18 1 0 0 1 0 0
24 19 0 0 0 0 1 1
24 20 0 0 1 1 1 0
24 21 1 1 0 1 1 0
24 23 1 0 0 0 0 1
24 24 0 0 0 0 1 0
24 25 0 1 1 1 0 0
24 27 1 1 1 1 0 0
24 29 0 1 0 0 0 0
24 30 1 0 0 0 0 1
24 31 0 0 1 0 0 1
25 21 0 0 0 0 1 1
25 22 0 1 0 0 0 0
25 23 1 1 0 0 0 1
25 24 0 0 0 1 1 0
25 25 1 0 0 0 1 0
25 26 1 1 0 0 1 1
25 28 1 0 1 1 1 0
25 29 0 0 0 0 0 1
25 30 1 0 1 1 0 0
25 31 1 1 0 1 0 0
26 4 0 0 0 0 0 1
26 5 1 0 1 1 0 0
26 6 1 1 0 1 0 0
26 8 0 0 1 0 0 1
26 9 0 1 1 1 0 0
26 11 0 1 0 1 0 0
26 12 0 0 0 1 1 0
26 13 1 0 1 0 0 1
26 14 0 0 0 1 0 1
26 16 0 0 1 0 1 0
26 17 1 1 0 1 0 0
26 19 0 1 0 0 0 1
26 20 1 0 0 1 1 0
26 21 0 0 0 0 1 1
26 22 0 0 1 1 1 1
26 24 1 0 1 0 0 1
26 26 0 1 0 0 0 1
26 27 1 0 0 1 1 0
26 28 0 1 1 0 0 1
26 29 0 0 0 1 1 0
