-0.60
49 77 105 129 158 181 208 231 259 282 310 333 363 386 414 437 466 488 517 540 568 590 619 642 670 693 721 744 772 794 822 845 873 896 925 948 976 998 1027 1049 1078 1101 1129 1153 1180 1203 1231 1254 1282 1305 1333 1356 1384 1407 1435 1458 1486 1510 1537 1561 1589 1613 1640 1660
95 118 139 184 207 228 271 293 316 358 380 403 444 466 487 529 552 573 616 638 661 703 725 748 785 808 829 873 895 917 959 981 1004 1046 1068 1090 1132 1154 1176 1216 1239 1261 1310 1332 1354 1397 1419 1441 1482 1505 1526 1568 1591 1613 1656 1678 1701 1742 1764 1787 1828 1851 1873 1914 1936 1958 2000 2021 2045 2087 2109 2132 2173 2196 2218 2259 2279 2299
1 4 0 0 0 0 1 1
1 5 0 1 1 0 0 0
1 6 1 0 0 1 1 0
1 7 0 1 0 0 1 1
1 8 1 0 1 0 1 1
1 9 1 0 1 0 1 0
1 11 0 0 1 1 1 0
1 12 1 1 1 0 0 0
1 13 1 0 0 0 0 1
1 14 0 0 0 0 1 1
1 15 0 1 1 0 0 0
2 4 1 0 0 1 1 1
2 6 1 0 0 0 1 1
2 7 1 1 1 0 1 1
2 8 0 0 1 1 0 0
2 10 1 1 0 0 1 0
2 11 1 0 1 0 1 0
2 13 1 0 0 0 1 1
2 14 1 1 1 0 1 1
2 15 0 0 1 1 0 0
2 16 0 1 1 0 0 1
2 18 0 0 1 1 0 0
2 19 1 0 1 0 1 0
2 20 1 1 1 0 0 0
2 21 0 1 0 1 0 0
2 23 1 0 1 0 1 1
2 24 0 1 0 1 0 1
2 26 0 1 1 1 1 0
2 27 0 1 0 1 0 0
2 28 1 1 0 0 0 0
2 29 0 0 1 1 1 0
2 30 0 0 0 0 1 0
3 2 1 0 1 0 0 0
3 3 1 0 0 1 0 1
3 4 1 1 0 0 0 0
3 5 0 1 0 1 0 0
3 7 1 1 0 0 1 0
3 8 0 1 0 0 0 1
3 10 1 0 0 0 1 1
3 11 1 1 1 0 1 1
3 12 1 1 0 0 0 0
3 13 1 0 1 0 0 1
3 15 1 0 0 1 1 0
3 16 0 1 0 0 0 1
3 18 1 1 0 1 1 0
3 19 0 1 0 1 0 0
3 20 0 1 0 1 1 0
3 21 1 1 1 0 1 1
3 23 1 0 1 0 0 0
3 24 1 0 1 1 0 1
3 25 1 1 1 0 0 0
3 26 0 1 0 1 0 0
3 27 1 0 0 1 1 0
3 28 0 1 0 1 0 0
4 2 1 1 0 1 1 0
4 3 1 0 0 0 0 1
4 4 0 0 1 1 0 0
4 5 0 0 1 0 0 0
4 6 1 1 0 0 1 0
4 7 1 0 0 0 0 1
4 9 1 0 0 1 1 1
4 10 1 1 1 0 0 0
4 11 0 1 0 1 0 0
4 12 0 0 0 0 1 0
4 14 1 1 1 1 1 0
4 15 1 1 1 0 0 1
4 16 1 0 0 0 1 1
4 17 0 0 1 1 1 1
4 19 0 0 1 1 0 0
4 20 0 0 1 0 1 1
4 21 1 1 1 1 1 0
4 22 1 1 1 0 0 1
4 24 1 0 0 1 1 0
4 25 0 1 0 0 1 1
4 26 1 0 1 0 1 1
4 27 1 0 1 0 1 0
4 28 0 0 0 0 1 0
4 29 0 1 1 0 0 0
5 2 1 0 0 1 1 1
5 4 1 0 0 0 1 1
5 5 1 1 1 0 1 1
5 6 0 0 1 1 0 0
5 8 0 0 1 1 0 0
5 9 1 0 1 0 1 0
5 10 1 1 1 0 0 0
5 11 0 1 0 1 0 0
5 13 1 1 1 1 1 0
5 14 0 0 1 1 1 1
5 15 1 0 0 0 0 0
5 17 0 0 1 1 0 0
5 18 0 0 1 0 0 0
5 19 0 0 1 1 0 0
5 20 0 0 1 0 1 1
5 21 1 1 0 1 0 0
5 22 0 0 1 0 1 0
5 23 0 0 0 0 1 0
5 25 1 0 0 1 1 1
5 27 1 0 0 0 1 1
5 28 1 1 1 0 1 1
6 2 0 0 1 0 0 1
6 3 0 0 1 1 0 0
6 4 0 1 1 0 0 1
6 6 0 0 1 1 0 0
6 7 1 0 1 0 1 0
6 8 1 1 1 0 0 0
6 9 0 1 0 1 0 0
6 11 1 1 1 1 1 0
6 12 0 0 1 1 1 1
6 13 1 0 0 0 0 0
6 15 0 0 1 1 0 0
6 16 0 1 1 0 0 1
6 17 0 0 1 1 0 0
6 18 0 0 1 0 1 1
6 19 1 1 0 1 0 0
6 20 0 0 1 0 1 0
6 21 0 0 0 0 1 0
6 22 0 1 1 0 0 0
6 23 1 0 0 1 0 0
6 24 0 1 1 0 1 0
6 25 1 0 1 0 1 1
6 26 1 0 1 0 1 0
6 28 1 0 0 0 1 1
6 29 0 1 0 0 0 0
7 2 1 1 1 0 0 0
7 3 0 1 0 1 0 0
7 4 1 1 1 0 0 0
7 5 1 0 1 1 0 1
7 7 0 0 1 1 1 0
7 9 1 1 0 1 1 0
7 10 0 1 0 1 0 0
7 11 0 0 1 1 0 0
7 12 0 1 0 0 1 1
7 13 1 0 0 0 0 0
7 14 0 0 1 1 0 1
7 16 0 0 1 1 0 0
7 17 0 0 1 0 0 0
7 18 1 0 0 1 1 0
7 19 1 1 0 1 1 1
7 21 1 1 0 0 1 0
7 22 1 0 1 0 1 0
7 24 1 0 0 0 1 1
7 25 1 1 1 0 1 1
7 26 0 0 1 1 0 0
7 27 0 1 1 0 0 1
8 2 1 0 0 0 1 1
8 3 0 1 1 0 0 1
8 4 0 0 0 0 1 0
8 5 0 1 1 0 0 0
8 6 0 0 1 1 0 0
8 7 0 0 1 0 1 1
8 8 1 0 0 1 1 0
8 9 0 1 0 0 1 1
8 11 1 0 0 1 1 0
8 12 0 1 0 0 0 1
8 14 1 1 1 1 0 0
8 15 1 1 0 0 0 1
8 16 1 1 1 0 0 0
8 17 0 0 1 1 0 1
8 19 1 1 0 1 1 0
8 20 0 0 1 1 1 0
8 21 1 1 0 1 1 0
8 22 0 1 1 0 1 0
8 23 0 0 0 0 1 0
8 25 0 0 1 1 0 0
8 26 1 0 1 0 1 0
8 27 1 1 1 0 0 0
8 28 0 1 0 1 0 0
9 2 1 0 0 0 1 1
9 3 0 1 1 0 1 0
9 4 1 0 0 0 0 0
9 6 0 0 1 1 0 0
9 7 0 1 0 0 1 1
9 8 0 1 1 0 0 0
9 9 0 0 0 0 1 0
9 10 0 1 1 0 0 0
10 4 0 0 0 0 1 1
10 5 0 1 1 0 0 0
10 6 1 1 1 0 0 0
10 7 1 1 0 0 0 1
10 8 1 1 1 1 1 0
10 9 0 1 1 0 1 1
10 11 1 0 0 0 0 1
10 12 1 0 0 1 1 1
10 13 0 0 0 0 1 1
10 14 0 1 1 0 0 0
11 4 1 1 0 0 0 0
11 5 0 0 1 0 1 1
11 6 1 1 0 1 0 0
11 7 0 0 1 0 1 0
11 9 0 1 0 1 0 0
11 10 1 1 0 0 0 0
11 11 1 1 1 0 0 1
11 13 1 1 1 1 1 0
11 14 0 1 1 0 0 1
11 15 1 0 0 1 1 1
11 17 1 0 0 1 1 0
11 18 1 1 1 0 0 1
11 19 1 0 0 0 0 0
11 20 1 0 0 0 1 1
11 21 1 1 1 0 1 1
11 23 1 0 0 1 0 0
11 24 0 1 1 0 1 0
11 25 1 0 1 0 1 1
11 26 1 0 1 0 1 0
11 27 0 0 0 0 1 0
12 2 1 0 0 0 1 0
12 4 1 0 1 0 0 0
12 5 0 1 0 0 0 1
12 7 1 0 0 0 1 1
12 8 0 1 1 0 1 1
12 9 1 0 0 0 1 1
12 10 1 1 1 0 1 1
12 12 0 1 1 1 1 0
12 13 0 1 0 0 1 1
12 14 1 0 0 0 1 1
12 16 1 0 0 1 0 0
12 17 0 1 1 0 1 0
12 18 1 0 1 0 1 1
12 19 1 0 1 0 1 0
12 20 0 0 0 0 1 0
12 21 0 1 1 0 0 0
12 22 1 0 0 0 1 1
12 23 0 1 1 0 0 0
12 24 1 0 0 1 1 1
12 25 0 0 1 1 0 1
12 27 1 0 1 0 0 0
12 28 1 1 1 1 0 1
13 2 0 0 1 0 0 1
13 3 1 0 0 0 1 1
13 4 0 0 1 0 1 1
13 6 1 1 0 1 1 0
13 7 0 1 0 0 0 1
13 9 1 1 0 0 0 0
13 10 1 0 1 0 0 1
13 11 0 1 0 1 1 1
13 13 1 1 0 0 1 0
13 14 0 1 0 0 0 1
13 16 1 1 0 0 1 0
13 17 0 1 1 1 1 1
13 18 0 1 0 1 1 1
13 19 0 0 0 0 1 0
13 20 0 1 1 0 0 0
13 21 1 1 0 1 1 0
13 22 0 0 1 1 0 1
13 23 1 1 0 0 1 1
13 25 1 0 1 0 0 0
13 26 0 0 1 1 0 1
13 27 0 0 1 1 0 1
14 2 1 1 0 0 1 0
14 3 0 0 1 1 1 0
14 4 1 1 0 1 1 0
14 5 0 1 0 1 0 0
14 6 0 0 0 0 1 0
14 8 1 1 0 0 1 0
14 9 0 1 0 0 0 1
14 10 0 0 1 1 0 0
14 11 0 1 0 0 1 1
14 13 1 1 1 0 0 0
14 14 0 1 0 1 0 0
14 15 1 0 1 0 0 0
14 16 0 1 0 1 0 0
14 17 0 0 0 0 1 0
14 19 1 1 0 0 1 0
14 20 0 0 1 1 1 0
14 21 1 0 0 0 1 1
14 22 0 1 0 0 0 0
14 24 1 0 0 1 1 0
14 25 0 1 1 0 1 0
14 26 0 0 1 1 0 0
14 27 0 1 1 0 0 0
14 28 0 0 0 0 1 0
15 2 0 1 1 1 1 0
15 3 0 0 1 1 1 0
15 4 1 1 0 1 1 0
15 5 1 0 0 0 1 0
15 7 1 1 1 1 1 0
15 8 0 1 1 0 0 1
15 9 0 1 0 1 1 1
15 10 0 1 1 0 0 0
15 12 1 1 0 1 1 0
15 13 0 1 0 0 1 1
15 14 1 0 1 1 1 0
15 15 0 0 1 1 1 1
15 17 1 0 0 1 1 0
15 18 0 0 1 1 1 1
15 20 1 0 1 0 1 1
15 21 1 0 1 0 1 0
15 22 1 0 0 1 1 1
15 23 0 0 0 0 1 0
15 24 0 1 1 0 0 0
16 2 0 0 1 1 1 1
16 3 1 0 0 0 1 0
16 4 0 0 1 1 1 1
16 5 1 0 0 1 1 0
16 8 1 1 0 1 1 0
16 9 0 1 0 1 0 0
16 10 1 1 0 1 0 1
16 11 1 1 1 0 0 0
16 12 0 1 1 1 0 1
16 14 1 0 0 0 1 1
16 15 1 1 1 0 1 1
16 16 1 1 0 1 0 0
16 17 0 0 1 0 1 0
17 4 1 0 0 1 1 1
17 6 0 0 1 1 0 0
17 7 0 0 1 0 0 0
17 8 0 0 0 1 0 0
17 10 0 0 1 1 0 0
17 11 0 1 1 0 0 1
17 13 1 1 0 0 1 0
17 14 1 0 1 0 1 0
17 16 0 0 1 1 0 0
17 17 1 0 0 0 0 0
17 18 0 1 1 1 1 0
17 19 0 1 0 1 0 0
17 21 1 0 1 0 0 0
17 22 0 1 0 1 0 0
17 23 0 1 1 1 1 0
17 24 0 0 1 0 1 0
17 26 1 1 0 0 0 0
17 27 1 0 1 0 0 1
17 28 1 1 0 1 0 0
17 29 0 0 1 0 1 1
18 2 1 1 1 0 0 1
18 3 0 1 1 0 0 0
18 4 1 1 0 1 0 1
18 6 1 1 0 0 1 0
18 7 1 0 1 0 1 0
18 9 1 0 0 1 1 0
18 10 0 1 0 1 1 1
18 11 1 1 1 1 1 0
18 12 0 0 1 0 1 1
18 13 1 1 0 0 1 0
18 14 1 0 0 0 0 1
18 16 1 1 0 1 1 0
18 17 0 1 0 1 0 0
18 18 1 1 0 1 0 1
18 20 0 1 1 1 1 0
18 21 0 1 0 1 0 0
18 22 1 1 0 0 0 0
18 23 0 0 1 1 1 0
18 24 0 0 0 0 1 0
18 26 1 1 1 1 1 0
18 27 0 0 1 1 1 1
18 28 1 0 0 0 0 0
18 30 1 1 0 1 1 0
18 31 0 1 0 1 0 0
19 2 0 0 1 0 0 1
19 3 1 1 0 1 0 1
19 4 1 1 1 0 0 0
19 5 0 1 1 1 0 1
19 7 1 0 0 0 1 1
19 8 1 1 1 0 1 1
19 9 1 1 0 1 0 0
19 10 0 0 1 0 1 0
19 11 0 0 0 0 1 0
19 12 0 1 1 0 0 0
19 13 1 1 0 0 0 0
19 14 0 0 1 0 1 1
19 15 1 1 1 0 0 0
19 16 0 1 1 1 0 1
19 18 1 0 0 0 1 1
19 19 1 1 1 0 1 1
19 20 1 1 0 1 0 0
19 21 0 0 1 0 1 0
19 23 1 1 0 0 0 0
19 24 0 1 1 0 1 0
19 25 1 0 1 0 0 0
19 26 1 0 1 0 1 0
19 28 1 1 1 0 0 1
19 29 0 0 0 1 0 0
20 2 1 0 0 1 1 0
20 3 1 0 0 1 0 1
20 4 0 0 1 0 0 0
20 5 0 0 0 1 0 0
20 7 1 0 1 1 1 0
20 8 1 0 0 0 1 0
20 9 0 0 0 1 0 0
20 11 1 0 1 1 1 0
20 12 0 0 1 0 1 0
20 13 0 1 0 0 0 0
20 14 0 0 0 1 0 0
20 16 1 0 1 1 1 0
20 17 1 0 0 1 0 1
20 18 0 0 1 0 0 0
20 20 1 1 0 0 1 0
20 21 0 1 0 0 0 1
20 23 1 0 0 1 0 0
20 24 0 1 0 1 0 1
20 25 0 0 1 0 0 0
20 26 1 0 1 0 0 0
20 27 0 0 1 1 1 0
21 2 1 0 0 1 1 0
21 3 0 0 1 1 1 1
21 5 1 1 0 1 0 0
21 6 0 0 1 0 1 0
21 7 0 0 0 0 1 0
21 8 0 1 1 0 0 0
22 4 0 0 1 1 1 1
22 5 1 0 0 0 1 0
22 6 0 0 1 1 1 1
22 7 1 0 0 1 1 0
22 8 0 1 1 1 1 1
22 9 1 0 0 0 0 0
22 12 0 0 0 0 0 1
22 13 1 1 1 0 0 1
22 14 0 1 1 0 0 0
22 15 1 1 0 1 0 0
22 16 0 0 1 0 1 0
23 4 1 1 0 0 1 1
23 6 0 0 1 1 0 0
23 7 0 0 1 0 0 0
23 8 1 1 1 0 0 1
23 9 0 1 1 0 0 0
23 10 1 1 0 1 0 0
23 11 0 0 1 0 1 0
23 13 1 1 0 0 1 0
23 14 0 1 0 0 0 1
23 16 0 0 1 1 0 0
23 17 0 1 1 0 0 1
23 18 1 1 1 0 0 1
23 19 1 1 0 1 0 0
23 20 0 0 1 0 1 0
23 22 1 1 1 0 0 0
23 23 1 0 1 1 0 1
23 24 0 0 1 1 0 0
23 25 0 1 0 0 1 1
23 26 0 0 0 0 1 0
23 27 0 1 1 0 0 0
24 4 0 0 0 0 1 1
24 5 0 1 1 0 0 0
24 6 1 0 0 1 1 0
24 7 0 1 0 0 1 1
24 8 1 0 1 0 1 1
24 9 1 0 1 0 1 0
24 11 0 0 1 1 1 0
24 12 1 1 1 0 0 0
24 13 1 0 0 0 0 1
24 14 0 0 0 0 1 1
24 15 0 1 1 0 0 0
25 4 1 0 0 1 1 1
25 6 1 0 1 1 0 0
25 7 1 0 1 0 0 1
25 8 0 0 1 1 0 0
25 9 1 0 0 1 1 0
25 10 1 1 0 1 1 1
25 12 1 1 0 0 1 0
25 13 1 0 1 0 1 0
25 15 0 0 1 1 0 0
25 16 0 0 1 0 0 0
25 17 1 1 0 1 0 0
25 18 1 0 1 0 0 1
25 20 1 1 1 0 0 1
25 21 1 1 0 1 0 1
25 23 0 1 1 1 1 0
25 24 0 1 0 1 0 0
25 25 1 1 0 0 0 0
25 26 0 0 1 1 1 0
25 27 0 0 0 0 1 0
25 29 1 1 1 1 1 0
25 30 0 0 1 1 1 1
25 31 1 0 0 0 0 0
26 29 0 0 1 1 1 1
26 30 1 0 0 0 0 0
26 31 1 0 0 1 0 0
