0.50
36 57 88 109 140 161 192 214 245 266 297 318 348 370 402 424 452 475 506 528 558 580 610 632 663 685 715 736 767 789 819 841 871 893 925 945 976 998 1028 1050 1083 1102 1132 1155 1186 1207 1238 1259 1290 1311 1342 1363 1394 1415 1446 1467 1498 1519 1550 1571 1602 1623 1654 1675
39 61 83 124 146 168 209 231 253 294 316 341 383 405 427 468 490 514 555 577 601 642 663 687 728 750 772 813 835 860 900 922 945 985 1006 1031 1072 1089 1111 1159 1181 1202 1244 1266 1290 1331 1353 1375 1416 1438 1460 1501 1523 1545 1586 1608 1630 1671 1693 1715 1756 1778 1800 1841 1863 1885 1934 1955 1980 2021 2043 2065 2106 2128 2153 2194 2216 2238 2279 2301 2323
4 4 1 0 1 0 1 0
4 5 1 0 0 1 0 0
4 6 1 1 0 0 0 1
4 7 1 1 0 1 1 0
4 9 1 1 0 0 0 1
4 10 0 1 0 1 1 0
4 11 0 0 0 0 1 1
4 12 1 0 1 1 1 1
4 14 0 0 0 0 1 1
4 15 1 1 0 0 0 1
4 16 0 0 0 1 0 0
4 17 1 0 0 0 1 0
4 19 1 1 1 0 0 1
4 20 1 1 0 1 0 0
4 21 0 1 0 0 1 1
4 22 1 1 0 1 1 0
6 12 1 1 1 0 1 1
6 13 0 1 0 1 1 0
6 14 0 1 0 0 0 1
6 15 1 1 0 1 0 1
6 16 1 1 1 0 1 0
6 17 1 1 0 0 1 1
7 10 0 0 1 0 1 0
7 11 1 0 0 1 0 1
7 12 0 0 1 1 1 1
7 14 1 0 0 0 0 0
7 15 1 0 0 0 1 0
7 16 0 1 1 0 1 0
7 17 1 0 0 0 0 1
7 19 0 1 1 0 1 0
7 20 1 1 0 1 1 0
7 21 0 0 0 0 0 1
7 22 0 1 1 0 0 0
8 13 0 0 0 0 1 1
8 14 0 0 1 0 0 0
8 15 0 0 0 0 1 1
8 16 1 1 1 1 0 0
8 18 0 1 0 1 0 0
8 19 1 1 1 1 1 0
8 20 1 0 0 0 0 1
10 8 0 0 0 1 0 0
10 9 0 0 1 0 1 1
10 10 1 0 0 1 1 0
10 11 0 0 0 0 1 1
10 12 0 1 0 0 0 1
10 13 1 1 0 1 0 0
10 14 0 0 0 0 1 0
10 15 1 0 1 0 0 1
10 18 0 0 0 1 0 0
10 19 1 0 1 1 0 0
10 20 0 0 0 1 1 0
10 21 0 0 1 1 0 1
10 22 1 0 0 0 0 1
11 7 0 1 1 0 0 1
11 8 1 1 0 0 1 0
11 9 0 0 1 0 1 1
11 10 1 0 0 1 0 1
11 12 1 1 1 1 1 1
11 13 0 1 0 1 1 0
11 14 0 1 1 0 1 0
11 15 1 0 0 0 0 1
11 18 0 0 0 1 0 0
11 19 1 0 1 1 0 0
11 20 0 0 0 1 1 0
11 21 1 0 1 1 1 1
11 22 0 1 0 1 1 0
12 8 0 0 1 1 1 0
12 9 0 1 0 1 1 0
12 10 0 1 1 0 1 0
12 11 1 0 0 0 0 1
12 12 0 0 0 0 0 0
12 13 0 0 1 0 1 0
12 14 1 0 0 1 0 1
12 15 0 0 1 1 1 1
12 19 0 0 0 0 0 0
14 10 0 0 1 0 1 0
14 11 1 0 0 1 0 0
14 12 0 1 1 0 0 1
14 13 1 0 0 1 1 0
14 15 0 1 0 1 1 1
14 16 1 0 1 0 1 0
14 17 1 1 0 1 0 0
15 8 0 0 0 0 1 1
15 9 0 0 1 0 0 0
15 10 0 0 1 0 1 0
15 11 1 0 0 1 0 0
15 12 0 1 1 1 1 0
15 13 0 0 0 1 1 1
15 15 0 1 1 0 1 0
15 16 1 1 0 1 1 0
15 17 0 0 0 0 0 1
15 18 0 1 1 0 0 0
23 7 0 0 1 0 1 0
23 8 0 1 1 1 0 0
23 9 0 0 1 1 1 1
23 10 0 0 0 1 1 0
23 11 0 0 1 1 0 1
23 12 1 1 0 1 1 1
23 14 0 1 0 0 1 0
23 15 0 0 1 0 1 1
23 16 1 0 0 1 0 1
23 18 0 1 0 1 0 1
23 19 1 1 0 1 1 0
23 20 0 1 1 0 1 0
23 21 1 0 0 0 0 1
