0.50
58 78 106 129 157 180 208 231 261 283 312 335 363 386 415 438 466 489 517 539 568 590 619 641 670 693 721 744 771 795 823 846 874 897 926 949 977 1000 1027 1050 1078 1101 1130 1152 1181 1203 1231 1254 1283 1305 1332 1356 1383 1403 1435 1458 1487 1510 1538 1558 1585 1605 1632 1652
75 98 120 164 187 209 247 273 296 339 361 384 425 448 471 511 533 556 597 619 641 683 706 728 769 792 814 855 878 900 942 965 987 1028 1050 1073 1115 1137 1159 1200 1223 1245 1289 1312 1334 1376 1398 1421 1461 1484 1506 1548 1570 1593 1635 1658 1680 1722 1745 1767 1807 1830 1852 1894 1915 1939 1980 2003 2024 2065 2088 2110 2153 2175 2198 2236 2256 2276
1 2 0 0 1 1 0 0
1 3 0 0 1 0 0 0
1 4 1 1 1 0 0 1
1 5 0 1 1 0 0 0
1 6 0 1 0 1 0 0
1 7 0 0 1 0 1 0
1 8 0 0 0 0 1 0
1 9 0 1 1 0 0 0
1 10 1 0 0 1 1 1
1 12 1 0 0 1 1 0
1 13 1 1 1 0 0 1
1 14 1 0 0 0 0 0
1 15 0 0 1 1 0 0
1 16 0 1 1 0 0 1
1 18 1 1 0 0 1 0
1 19 1 0 1 0 1 0
1 21 1 0 0 0 1 1
1 22 0 1 1 0 1 1
1 23 0 0 1 1 0 0
1 24 0 1 1 0 0 1
1 25 0 0 0 0 1 0
1 27 1 0 0 0 1 0
2 2 1 0 1 0 0 0
2 3 0 1 0 0 0 1
2 5 1 0 0 1 1 1
2 7 1 0 0 0 1 1
2 8 0 1 1 0 1 1
2 9 0 0 1 1 0 0
2 10 0 1 1 0 0 1
2 12 1 1 1 1 1 0
2 13 0 1 0 0 1 1
2 14 1 0 0 1 1 0
2 15 1 0 0 0 1 0
2 17 1 1 1 0 0 1
2 18 1 1 0 1 0 1
2 20 0 1 1 1 1 0
2 21 0 1 0 1 0 0
2 22 1 1 0 0 0 0
2 23 0 0 1 1 1 0
2 24 0 0 0 0 1 0
2 26 1 1 1 1 1 0
2 27 0 0 1 1 1 1
2 28 1 0 0 0 0 0
3 2 0 0 1 1 0 0
3 3 0 1 1 0 0 1
3 4 1 1 1 0 0 1
3 5 1 1 0 1 0 0
3 6 0 0 1 0 1 0
3 7 0 0 0 0 1 0
3 8 0 1 1 0 0 0
4 4 1 1 1 0 0 1
4 5 0 1 1 0 0 0
4 6 1 1 0 1 0 0
4 7 0 0 1 0 1 0
4 9 1 0 0 1 0 0
4 10 0 1 1 0 1 0
4 11 1 0 1 0 1 1
4 12 1 0 1 0 1 0
4 14 1 0 0 0 1 1
4 15 0 1 0 0 0 0
4 17 0 0 1 1 0 0
4 18 1 0 1 0 1 0
4 19 1 1 1 0 0 0
4 20 0 1 0 1 0 0
4 22 1 1 0 0 0 0
4 23 1 0 1 0 0 1
4 24 0 1 0 1 1 1
4 26 0 0 1 1 1 0
4 28 1 1 0 1 1 0
4 29 1 1 0 0 0 1
5 2 0 0 1 0 0 1
5 3 0 1 1 1 1 0
5 4 1 0 0 0 1 0
5 6 0 1 1 1 1 0
5 7 0 1 0 1 0 0
5 8 1 1 0 0 0 0
5 9 0 0 1 1 1 0
5 10 0 0 0 0 1 0
5 12 1 1 0 0 0 0
5 13 1 0 1 0 0 1
5 14 1 0 1 0 0 0
5 15 0 1 0 0 0 1
5 17 0 1 0 1 0 0
5 18 0 1 0 0 0 0
5 19 1 0 0 1 1 0
5 20 0 1 0 0 1 1
5 21 0 0 0 0 1 0
5 23 1 0 0 1 1 1
5 24 1 1 1 0 0 0
5 25 0 1 0 1 0 0
5 27 0 0 1 1 1 0
6 2 1 1 0 0 1 1
6 3 0 1 0 0 0 0
6 5 1 0 1 0 0 0
6 6 1 0 0 0 0 1
6 8 1 1 1 0 1 0
6 10 0 0 1 1 0 0
6 11 0 1 0 0 1 1
6 12 0 1 1 0 0 0
6 13 0 0 0 0 1 0
6 15 1 1 0 0 0 0
6 16 1 0 1 0 0 1
6 17 1 0 1 0 0 0
6 18 0 1 0 0 0 1
6 20 1 0 0 1 1 1
6 22 1 1 0 0 0 0
6 23 0 1 1 0 1 0
6 24 1 1 1 0 0 0
6 25 0 1 0 1 0 0
6 27 1 0 1 1 0 0
6 28 0 0 1 1 1 1
7 2 0 0 1 0 0 1
7 3 0 1 0 1 1 0
7 4 1 1 1 0 0 1
7 6 1 1 1 0 0 1
7 7 1 1 0 1 0 1
7 8 0 0 0 0 1 0
7 9 0 1 1 0 0 0
8 4 0 0 0 0 1 1
8 5 0 1 1 0 0 0
8 6 1 1 1 0 0 0
8 7 1 1 0 0 0 1
8 8 1 1 1 1 1 0
8 9 0 1 1 0 1 1
8 11 1 0 0 0 0 1
8 12 1 0 0 1 1 1
8 13 0 0 0 0 1 1
8 14 0 1 1 0 0 0
9 4 1 1 1 0 0 1
9 5 0 1 1 0 0 0
9 6 1 1 0 1 0 0
9 7 0 0 1 0 1 0
9 9 1 0 1 0 1 1
9 10 0 1 0 1 0 1
9 12 1 1 1 0 0 0
9 13 1 1 0 0 0 1
9 14 1 1 1 1 1 0
9 15 0 1 1 0 1 1
9 17 1 0 0 0 1 1
9 18 0 1 1 0 0 1
9 20 1 1 1 1 1 0
9 21 0 1 1 0 0 1
9 23 0 0 1 1 0 1
9 25 0 1 0 1 1 0
9 26 1 1 1 0 1 1
9 27 1 1 0 1 0 0
9 28 0 0 1 0 1 0
10 2 1 1 0 1 1 0
10 3 1 0 0 0 1 0
10 4 1 1 0 0 1 0
10 5 0 1 0 0 0 1
10 7 1 0 0 0 0 1
10 8 1 0 0 1 1 1
10 9 0 0 0 0 1 0
10 11 1 0 1 0 1 1
10 12 1 0 1 0 0 1
10 13 1 1 1 1 1 0
10 14 0 0 1 1 1 1
10 16 0 0 0 1 1 0
10 17 1 1 1 0 0 1
10 18 0 1 0 1 1 0
10 19 1 1 1 0 1 1
10 20 0 0 0 1 1 0
10 22 1 1 0 1 0 0
10 23 1 0 1 0 0 1
10 24 1 1 0 0 1 0
10 25 0 1 0 0 0 1
10 27 1 0 0 0 1 1
10 28 1 1 1 0 1 1
11 2 0 0 1 0 0 1
11 3 1 1 0 1 0 0
11 4 0 0 1 0 1 0
11 5 0 0 0 0 1 0
11 6 0 1 1 0 0 0
11 7 0 0 1 1 0 0
11 8 0 0 1 0 0 0
11 9 1 1 1 0 0 1
11 10 1 1 0 1 0 0
11 11 0 0 1 0 1 0
11 13 1 0 0 0 1 1
11 14 0 1 1 0 0 0
11 15 1 0 0 1 1 1
11 16 0 0 1 1 0 1
11 18 1 0 1 0 0 0
11 19 1 1 1 1 0 1
11 20 1 0 0 0 1 1
11 21 0 0 1 0 1 1
11 23 1 1 0 1 1 0
11 24 0 1 0 0 0 1
11 25 1 1 0 0 0 0
11 26 1 0 1 0 0 1
11 28 1 1 0 0 1 0
11 29 0 1 1 1 1 1
12 2 0 0 1 0 0 1
12 3 0 1 0 1 1 1
12 4 0 0 0 0 1 1
12 6 0 0 1 1 0 0
12 7 0 1 1 0 0 1
12 8 1 1 1 0 0 1
12 9 1 1 0 1 0 0
12 10 0 0 1 0 1 0
12 12 1 1 1 1 1 0
12 13 0 1 1 0 0 1
12 14 1 0 0 1 1 1
12 15 0 0 1 1 0 1
12 17 0 0 1 1 1 0
12 18 1 0 0 0 0 0
12 19 1 1 0 0 0 0
12 20 0 1 1 1 0 1
12 22 1 1 0 0 1 0
12 23 0 1 0 0 0 1
12 25 1 1 0 1 0 0
12 26 1 0 1 0 0 1
12 27 1 1 0 0 0 0
12 28 1 0 1 0 0 1
12 29 0 0 0 0 1 0
12 30 0 1 1 0 0 0
13 2 1 1 0 0 0 0
13 3 0 0 1 0 1 1
13 4 1 1 0 1 0 0
13 5 0 0 1 0 1 0
13 7 1 1 0 1 1 0
13 8 0 0 1 1 0 1
13 9 1 1 0 0 1 1
13 11 1 1 0 1 0 0
13 12 0 1 1 0 0 1
13 13 0 1 1 1 0 0
13 14 0 1 0 0 1 1
13 16 1 1 0 1 1 0
13 17 0 1 0 1 0 0
13 18 0 1 0 1 1 0
13 19 1 1 1 0 1 1
13 20 0 0 0 0 1 0
13 22 1 0 1 0 0 0
13 23 0 1 0 1 0 1
13 24 0 1 1 1 1 0
13 25 0 1 0 0 1 1
13 26 1 0 0 0 0 0
13 28 1 1 0 0 0 0
13 29 0 1 0 1 0 0
13 30 0 1 1 0 0 0
14 2 0 0 1 0 0 1
14 3 0 1 1 1 0 0
14 4 0 1 0 0 0 1
14 5 0 0 0 0 1 0
14 7 1 1 0 0 1 0
14 8 1 0 1 0 1 0
14 9 1 1 0 0 1 0
14 10 0 1 1 1 1 1
14 12 0 0 1 1 0 0
14 13 0 0 1 0 0 0
14 14 0 1 1 1 1 0
14 15 0 1 0 0 1 1
14 16 0 1 1 0 0 0
14 18 1 0 0 1 1 0
14 19 0 1 0 0 0 1
14 21 1 0 1 0 1 1
14 22 1 0 1 0 1 0
14 23 1 0 0 1 1 1
14 24 0 0 0 0 1 0
14 25 0 1 1 0 0 0
14 26 0 1 0 1 1 1
14 27 0 1 1 0 0 0
14 28 1 1 0 1 1 1
15 2 0 1 1 1 1 0
15 3 0 1 0 0 1 1
15 4 0 1 1 0 0 0
15 5 0 0 0 0 1 0
15 7 0 1 1 1 1 0
15 8 1 1 1 0 1 1
15 9 0 1 1 1 1 0
15 10 0 1 0 0 1 1
15 11 0 0 0 0 1 0
15 13 0 0 1 1 0 0
15 14 1 0 0 0 0 0
15 15 0 1 1 1 1 0
15 16 0 1 0 1 0 0
15 18 0 1 1 1 0 0
15 19 1 1 0 1 1 1
15 20 0 1 1 1 1 0
15 21 0 1 0 0 1 1
15 22 0 1 1 0 0 0
15 24 1 0 1 1 0 0
15 25 0 0 1 0 1 0
15 26 1 0 1 1 0 0
15 27 1 0 1 0 0 1
16 2 1 0 0 1 1 0
16 3 0 0 1 1 1 1
16 5 1 1 0 0 0 0
16 6 1 0 0 0 0 1
16 7 0 0 1 1 0 0
16 8 0 0 1 1 1 1
16 10 1 1 1 1 1 0
16 11 0 1 1 0 0 1
16 12 1 0 0 1 1 1
16 14 1 1 0 0 0 0
16 15 0 0 1 0 1 1
16 16 1 1 0 1 0 0
16 17 0 0 1 0 1 0
16 19 0 0 1 1 0 0
16 20 0 1 1 0 0 0
16 21 1 1 1 0 0 0
16 22 0 0 1 1 1 0
16 23 0 0 0 0 1 0
16 24 0 1 1 0 0 0
17 4 0 0 1 1 1 1
17 5 1 0 0 0 1 0
17 6 0 0 1 1 1 1
17 7 1 0 0 1 1 0
17 8 0 0 1 1 1 1
17 9 1 1 0 0 0 0
17 12 0 0 0 0 0 1
17 13 1 0 0 1 1 0
17 14 1 0 0 1 0 1
17 15 0 0 1 0 0 0
17 16 1 1 0 1 0 0
17 17 0 0 1 0 1 0
18 4 1 1 0 0 1 1
18 6 1 0 1 1 0 0
18 7 1 0 1 0 0 1
18 8 0 0 1 1 0 0
18 9 1 0 0 1 1 0
18 10 1 0 0 1 0 1
18 11 0 0 1 0 0 0
18 13 1 1 0 0 1 0
18 14 0 1 0 0 0 1
18 16 1 0 1 0 0 0
18 17 0 0 1 1 0 1
18 18 0 0 1 1 0 0
18 19 1 0 0 1 1 0
18 20 1 0 0 1 0 1
18 21 0 0 1 0 0 0
18 23 1 1 1 0 0 0
18 24 1 0 1 1 0 1
18 25 0 0 1 1 0 0
18 26 0 1 0 0 1 1
18 27 0 0 0 0 1 0
18 28 0 1 1 0 0 0
19 4 0 0 0 0 1 1
19 5 0 1 1 0 0 0
19 6 1 0 0 1 1 0
19 7 0 1 0 0 1 1
19 8 1 0 1 0 1 1
19 9 1 0 1 0 1 0
19 11 0 0 1 1 1 0
19 12 1 1 1 0 0 0
19 13 1 0 0 0 0 1
19 14 0 0 0 0 1 1
19 15 0 1 1 0 0 0
20 4 1 0 1 1 0 0
20 5 1 0 1 0 0 1
20 6 0 0 1 1 0 0
20 7 1 0 0 1 1 0
20 8 1 0 0 1 0 1
20 10 1 0 0 0 1 1
20 12 1 0 0 1 1 1
20 14 1 0 1 1 0 0
20 15 1 0 1 0 0 1
20 16 0 0 1 1 0 0
20 17 1 0 0 1 1 0
20 18 1 1 0 1 1 1
20 20 1 0 0 1 1 0
20 21 1 0 0 1 0 1
20 22 1 1 0 1 0 1
20 24 0 1 1 1 1 0
20 25 0 1 0 1 0 0
20 26 1 1 0 0 0 0
20 27 0 0 1 1 1 0
20 28 0 0 0 0 1 0
20 29 0 1 1 0 0 0
21 2 1 0 1 0 0 0
21 3 0 0 1 1 0 1
21 4 0 0 1 1 0 0
21 5 1 0 0 1 1 0
21 6 1 0 0 1 0 1
21 8 1 1 0 0 1 1
21 10 1 0 1 0 0 0
21 11 0 0 1 1 0 1
21 13 1 0 1 1 0 0
21 14 1 0 1 0 0 1
21 15 0 0 1 1 0 0
21 16 0 0 0 0 1 0
21 18 1 0 0 1 1 1
21 20 1 0 1 1 0 0
21 21 1 0 1 0 0 1
21 22 0 0 1 1 0 0
21 24 0 0 1 1 0 0
21 25 0 0 1 0 0 0
21 26 1 1 0 1 1 0
21 27 1 0 0 1 0 1
22 2 1 1 0 1 1 0
22 3 1 1 0 1 1 1
22 4 1 1 0 1 1 0
22 5 1 0 0 0 1 0
22 7 0 1 0 1 1 0
22 8 0 1 1 0 1 0
22 9 1 0 0 1 0 0
22 10 0 1 0 0 0 1
22 12 1 0 0 1 1 0
22 13 1 0 0 1 0 1
22 14 1 1 0 1 0 1
22 16 0 1 1 1 1 0
22 17 0 1 0 1 0 0
22 18 1 1 0 0 0 0
22 19 0 0 1 1 1 0
22 20 0 0 0 0 1 0
22 22 1 1 0 0 1 0
22 23 1 0 1 0 1 0
22 25 1 0 1 0 0 0
22 26 0 0 1 1 0 1
22 28 1 0 0 0 1 1
22 29 0 1 0 0 0 0
23 2 0 0 1 0 0 1
23 3 0 0 1 1 0 0
23 4 0 0 0 0 1 0
23 6 1 0 0 1 1 1
23 8 1 0 0 0 1 1
23 9 0 1 0 0 0 0
23 10 0 0 1 1 0 0
23 12 1 1 0 1 1 0
23 13 1 1 0 0 0 1
23 14 0 1 1 0 0 0
23 15 1 0 0 1 0 0
23 16 0 1 0 0 0 1
23 18 0 0 1 1 0 0
23 19 0 0 1 0 0 0
23 20 1 1 0 1 1 0
23 21 1 0 0 1 0 1
23 23 1 1 0 1 1 0
23 24 1 1 1 1 1 1
23 25 1 1 0 1 1 0
23 26 1 0 0 0 1 0
24 2 1 0 0 1 1 0
24 3 1 0 0 1 0 1
24 4 0 0 1 0 0 0
24 5 1 1 0 1 0 1
24 7 0 1 1 1 1 0
24 8 0 1 0 1 0 0
24 9 1 1 0 0 0 0
24 10 0 0 1 1 1 0
24 11 0 0 0 0 1 0
24 12 0 1 1 0 0 0
25 4 1 1 0 0 0 0
25 5 0 0 1 0 1 1
25 6 1 1 0 1 0 0
25 7 0 0 1 0 1 0
25 9 0 0 1 1 0 1
25 11 1 1 1 0 0 1
25 12 0 1 1 0 0 0
25 13 1 1 0 1 0 0
25 14 0 0 1 0 1 0
25 16 1 0 0 1 1 0
25 17 0 1 0 0 0 1
25 19 1 0 1 0 0 0
25 20 0 0 1 1 0 1
25 21 1 1 0 0 0 0
25 22 1 0 0 0 1 0
25 24 1 0 0 0 1 1
25 25 0 0 1 0 0 1
25 27 1 0 0 1 1 0
25 28 1 0 0 1 0 1
25 29 0 0 1 0 0 0
