0.80
49 72 100 123 151 175 202 225 253 276 304 328 356 379 406 430 457 481 509 532 560 582 610 634 661 685 713 736 764 787 815 839 867 889 917 940 968 991 1019 1042 1070 1093 1121 1144 1172 1195 1223 1247 1274 1298 1325 1349 1379 1402 1429 1452 1480 1503 1531 1554 1583 1606 1634 1657
68 92 113 156 179 201 243 266 288 330 353 375 415 438 460 501 524 546 589 611 633 675 698 720 760 782 804 846 868 891 931 954 976 1018 1040 1062 1104 1126 1149 1189 1211 1233 1282 1304 1327 1370 1392 1415 1454 1477 1498 1541 1563 1586 1628 1650 1673 1715 1737 1759 1802 1825 1847 1887 1909 1932 1972 1994 2017 2060 2082 2104 2145 2168 2191 2231 2254 2276
1 18 0 0 0 0 1 1
1 19 0 1 1 0 0 0
1 20 0 0 1 1 0 0
1 21 0 0 0 1 1 1
1 22 1 1 0 0 0 1
1 24 0 1 0 1 0 1
1 25 0 1 1 1 0 1
1 26 0 1 1 0 1 0
1 27 1 1 0 1 0 0
1 28 0 0 0 0 1 1
1 29 0 1 1 0 0 0
2 3 0 1 0 0 0 0
2 4 1 1 0 0 0 1
2 5 0 0 0 1 1 0
2 6 1 0 0 0 1 0
2 7 1 1 0 0 1 1
2 9 1 0 1 0 1 0
2 10 0 1 1 1 0 1
2 12 1 0 0 0 1 0
2 13 0 0 0 1 1 1
2 14 0 1 0 1 0 1
2 15 1 0 0 0 0 1
2 17 0 0 1 0 1 1
2 18 1 0 0 0 0 1
2 19 0 1 1 1 1 1
2 20 0 1 1 1 0 0
2 22 0 1 0 1 0 1
2 23 0 1 0 1 1 0
2 25 1 0 0 0 0 1
2 26 0 1 1 1 1 1
2 27 0 1 1 1 0 0
2 29 1 1 1 1 0 0
3 5 1 0 0 0 1 0
3 6 1 1 0 1 0 0
3 7 1 0 0 0 1 0
3 8 0 0 0 1 1 1
3 9 1 0 1 1 0 1
3 10 0 0 0 1 0 1
3 12 0 1 1 1 1 1
3 13 1 1 0 0 1 0
3 14 1 0 0 0 1 0
3 15 1 1 0 1 1 0
3 17 0 0 1 0 1 0
3 18 1 1 0 1 0 0
3 20 0 0 1 1 0 1
3 21 0 0 0 1 1 0
3 22 0 1 1 1 1 1
3 23 0 1 1 1 0 0
3 25 0 0 1 0 1 0
3 26 0 1 0 1 1 0
3 28 1 0 0 0 1 0
3 29 0 0 0 1 1 0
3 30 1 0 1 1 0 0
3 31 0 0 0 1 0 1
4 4 0 0 0 0 1 1
4 5 0 1 0 0 0 0
4 6 0 1 0 1 0 1
4 7 0 1 1 1 0 1
4 8 0 1 1 0 1 0
4 9 1 1 0 1 0 0
4 11 0 0 1 1 1 1
4 12 1 1 0 1 1 1
4 13 0 1 1 0 0 1
4 14 1 0 0 0 0 1
4 16 1 1 1 0 0 1
4 17 0 1 1 1 0 0
4 18 0 0 1 1 1 1
4 19 1 1 0 1 1 1
4 21 0 1 0 0 0 0
4 22 1 0 0 0 1 0
4 23 0 0 0 1 1 1
4 24 1 1 1 1 0 0
4 26 0 0 1 1 0 0
4 27 0 1 0 1 1 0
4 28 0 0 0 0 0 1
4 29 1 0 0 0 0 1
4 30 0 0 1 1 0 0
4 31 1 1 0 1 1 0
5 5 0 1 1 1 1 1
5 6 0 1 1 1 0 0
5 8 1 1 1 1 0 0
5 10 0 1 0 0 0 0
5 11 0 1 0 0 0 1
5 12 1 0 0 1 1 0
5 13 0 1 1 0 0 1
5 14 1 0 0 0 0 1
5 15 0 0 0 0 0 1
5 16 1 0 0 0 0 1
5 18 0 0 0 1 0 0
5 19 1 1 1 0 0 1
5 20 1 1 0 1 1 1
5 22 1 0 0 0 1 0
5 23 0 0 0 1 1 1
5 24 0 1 0 1 0 1
5 25 1 0 0 0 0 1
5 27 1 0 0 0 0 1
5 28 0 1 1 1 1 1
5 29 0 1 1 1 0 0
5 31 1 1 1 1 0 0
6 4 0 0 0 0 1 0
6 5 0 1 1 1 0 0
6 7 0 1 0 1 0 1
6 8 0 1 1 1 0 1
6 9 0 1 0 0 1 1
6 10 1 0 0 1 0 0
6 11 0 0 0 0 1 1
6 12 0 1 0 0 0 0
6 13 0 1 0 0 0 1
6 14 1 0 0 1 1 0
6 15 0 1 1 0 0 1
6 16 1 0 0 0 0 1
6 17 0 0 1 0 1 1
6 18 1 0 0 0 0 1
6 20 0 0 0 1 0 0
6 21 1 1 1 0 0 1
6 22 1 1 0 1 1 1
6 24 1 0 0 0 1 0
6 25 0 0 0 1 1 1
6 26 0 1 0 1 0 1
6 27 1 0 0 0 0 1
6 29 0 0 1 0 1 1
6 30 1 0 0 0 0 1
6 31 0 0 1 0 0 1
7 6 0 0 1 0 1 1
7 7 1 0 0 0 0 1
7 8 0 1 1 1 1 1
7 9 0 1 1 1 0 0
7 11 0 1 0 1 0 1
7 12 0 1 0 1 1 0
7 14 1 1 1 1 1 0
7 15 1 1 0 1 0 0
7 16 0 0 0 0 0 1
7 17 1 0 0 0 0 1
7 19 1 0 1 0 0 1
7 20 0 0 0 1 0 0
7 21 0 1 1 0 1 0
7 22 1 0 0 0 0 1
7 23 1 0 0 0 1 0
7 24 1 1 0 1 1 0
7 26 1 1 0 0 0 1
7 28 1 0 1 1 0 1
7 29 0 0 0 1 1 1
7 30 1 0 0 0 1 0
7 31 0 0 0 1 1 1
8 5 1 0 0 0 1 0
8 6 0 0 0 1 1 1
8 7 0 1 0 1 0 1
8 8 1 0 0 0 0 1
8 10 0 1 0 0 0 0
8 11 0 1 0 0 1 1
8 12 1 1 0 1 1 0
8 13 1 1 0 0 0 1
8 14 1 1 0 1 1 0
8 16 1 0 1 0 0 1
8 17 0 0 0 1 1 1
8 18 0 0 1 1 1 0
8 19 1 0 0 1 1 1
8 21 0 0 1 0 1 0
8 22 1 1 0 1 0 0
8 24 0 1 1 0 1 0
8 25 1 1 0 1 0 0
8 26 0 1 1 0 0 1
8 27 1 0 0 0 0 1
8 28 0 0 0 0 1 1
8 29 0 1 0 0 0 0
8 30 0 0 1 0 1 1
8 31 0 1 1 1 0 0
9 23 0 0 0 0 1 1
9 24 0 1 0 0 0 0
9 25 0 0 0 0 1 1
9 26 0 1 1 0 1 0
9 27 1 0 0 0 0 1
9 29 0 0 0 1 0 0
9 30 0 1 0 0 1 1
9 31 0 1 1 1 0 0
10 19 0 0 0 0 1 1
10 20 0 1 1 0 0 0
10 21 1 1 1 1 0 0
10 22 0 0 1 1 0 0
10 24 0 1 1 0 1 1
10 25 1 1 0 1 1 1
10 26 0 0 1 1 1 0
10 27 0 0 0 1 1 1
10 28 0 0 0 0 1 1
10 29 0 1 1 0 0 0
11 6 0 1 0 0 0 0
11 7 0 1 0 1 0 1
11 8 0 1 1 1 0 1
11 9 0 1 0 0 1 1
11 10 1 0 0 1 0 0
11 12 0 1 1 1 1 1
11 13 0 1 1 1 0 0
11 14 0 0 0 1 0 0
11 15 0 0 1 1 1 1
11 16 1 1 0 1 0 0
11 18 1 1 1 1 0 0
11 19 0 0 1 0 1 1
11 20 1 1 0 1 1 1
11 22 0 0 1 1 1 1
11 23 0 0 0 1 1 0
11 24 1 0 0 0 1 0
11 26 0 1 0 0 0 1
11 27 1 0 0 1 1 0
11 28 0 1 1 0 0 1
11 29 0 0 0 1 1 0
12 5 1 0 1 1 1 1
12 6 0 0 0 1 0 1
12 8 1 0 1 0 0 1
12 9 1 1 1 1 0 0
12 10 0 0 0 0 1 1
12 11 0 1 1 1 0 0
12 12 0 0 0 0 1 1
12 13 0 1 0 0 0 0
12 14 0 1 0 1 0 1
12 15 0 1 1 1 0 1
12 16 0 1 0 0 1 1
12 17 1 0 0 1 0 0
12 19 0 1 1 1 0 0
12 20 0 1 1 0 1 0
12 21 1 1 0 0 1 1
12 23 0 1 1 1 1 1
12 24 0 1 1 1 0 0
12 25 0 1 1 0 1 1
12 26 0 1 1 1 0 0
12 28 0 0 1 0 1 0
12 29 0 0 0 1 0 1
12 31 0 1 0 1 0 0
13 6 1 0 1 0 0 1
13 7 1 0 1 0 0 1
13 8 0 0 0 1 0 1
13 10 0 1 1 1 1 0
13 11 1 0 1 0 0 1
13 12 1 1 0 1 1 0
13 13 0 0 0 0 1 1
13 14 0 1 0 0 0 0
13 15 1 1 1 0 1 0
13 16 1 1 1 0 1 1
13 17 0 1 0 1 1 0
13 19 0 0 1 0 1 0
13 20 0 1 0 1 1 0
13 22 1 1 1 0 1 0
13 23 0 0 1 1 0 1
13 24 0 0 0 1 1 0
13 26 0 0 1 0 1 0
13 27 1 1 0 1 1 0
13 29 0 1 1 0 0 1
13 30 0 1 1 1 0 0
13 31 0 0 1 0 0 1
14 5 0 1 0 0 0 0
14 6 0 0 0 0 1 1
14 7 1 0 0 0 0 1
14 8 0 1 0 0 1 1
14 9 1 1 0 1 0 0
14 11 0 0 0 0 1 0
14 12 0 1 1 1 0 0
14 13 1 1 0 0 0 1
14 14 0 1 0 1 1 0
14 16 0 1 0 0 0 0
14 17 1 0 0 0 1 0
14 18 0 0 0 1 0 1
14 19 1 0 0 0 1 0
14 20 0 0 0 1 1 1
14 22 0 1 1 0 1 0
14 23 1 0 0 0 0 1
14 24 0 0 1 0 1 0
14 25 0 1 0 1 1 0
14 27 0 1 0 0 0 0
14 28 1 0 0 0 1 0
14 29 1 1 0 1 1 0
14 30 1 1 0 0 0 1
14 31 0 1 0 1 1 0
15 9 0 0 0 0 1 1
15 10 0 1 0 0 0 0
15 11 1 1 1 1 0 0
15 12 0 1 0 1 0 1
15 13 0 1 1 1 0 1
15 15 1 1 1 0 0 1
15 16 1 1 0 1 0 0
15 18 1 1 1 0 0 1
15 19 1 1 0 1 0 1
15 20 0 1 1 0 1 0
15 21 1 1 0 1 1 0
15 23 0 0 0 0 1 1
15 24 1 1 1 0 1 0
15 25 0 0 1 0 1 1
15 26 1 1 0 1 1 1
15 28 0 1 0 1 0 0
15 29 1 1 0 1 1 0
15 30 1 1 0 0 0 1
15 31 1 1 0 0 1 1
16 16 0 1 0 0 0 1
16 17 1 0 0 1 1 0
16 18 0 1 1 1 1 1
16 19 0 1 1 1 0 0
16 21 1 0 1 0 1 1
16 22 0 0 0 1 1 1
16 23 1 0 1 1 1 0
16 24 1 0 0 0 1 0
16 25 1 1 0 1 1 0
16 28 1 1 0 1 0 0
16 29 1 1 1 0 0 1
16 30 0 1 0 1 0 0
16 31 1 1 1 0 0 1
17 4 0 1 1 0 0 1
17 5 1 0 0 1 1 0
17 6 0 0 1 1 0 1
17 7 0 0 0 1 1 0
17 9 0 1 0 0 0 1
17 10 1 1 0 0 1 1
17 11 1 0 0 0 1 0
17 12 0 0 0 1 0 1
17 14 1 0 0 0 1 0
17 15 1 1 0 0 1 1
17 16 0 0 0 1 0 0
17 17 1 0 0 0 0 1
17 19 0 1 0 1 0 1
17 20 0 1 0 1 1 0
17 22 0 0 1 0 1 1
17 23 1 0 0 0 0 1
17 25 1 0 0 0 0 0
17 26 0 0 0 0 0 1
17 27 1 0 0 0 0 1
17 29 1 1 1 1 0 0
18 2 1 0 0 0 1 0
18 3 1 1 0 1 1 0
18 5 0 0 0 1 0 0
18 6 1 1 1 0 0 1
18 7 1 1 0 1 1 1
18 9 0 1 0 0 0 0
18 10 1 1 0 0 0 1
18 11 0 0 0 1 1 0
18 12 1 0 0 0 1 0
18 13 1 1 0 0 1 1
18 15 1 0 1 1 1 0
18 16 1 0 0 0 1 0
18 17 1 1 0 1 1 0
18 19 0 0 1 1 0 0
18 20 0 1 0 1 1 0
18 21 0 1 1 0 0 1
18 22 1 1 0 1 1 1
18 23 1 1 1 0 1 0
18 24 1 1 0 1 0 0
18 26 0 1 0 1 0 1
18 27 0 1 0 1 1 0
18 29 1 0 1 1 1 0
18 30 0 0 0 0 1 1
18 31 0 0 1 1 1 1
19 4 1 0 0 0 0 0
19 5 0 0 1 1 1 1
19 7 0 1 0 1 0 1
19 8 0 0 0 1 0 1
19 9 0 1 0 0 1 1
19 10 0 0 0 1 1 0
19 12 0 1 0 0 0 1
19 13 1 0 0 1 1 0
19 14 0 1 1 1 1 1
19 15 0 1 1 1 0 0
19 17 1 0 1 0 1 1
19 18 0 0 0 1 1 1
19 19 0 1 1 0 0 1
19 20 0 0 0 1 1 0
19 21 0 0 0 0 1 1
19 22 0 1 0 0 0 0
19 23 0 1 0 0 0 1
19 24 1 0 0 1 1 0
19 25 0 1 1 1 1 1
19 26 0 1 1 1 0 0
19 28 1 0 1 0 1 1
19 29 0 0 0 1 1 1
19 30 1 0 1 1 1 0
19 31 0 0 1 0 0 1
20 6 1 1 0 0 0 1
20 7 0 0 0 1 0 1
20 8 0 0 0 0 0 1
20 9 1 0 1 0 1 0
20 10 1 0 0 1 0 0
20 12 0 0 1 0 1 0
20 13 0 1 0 1 1 0
20 15 0 0 0 0 0 1
20 16 1 0 1 1 0 0
20 17 1 1 0 1 0 1
20 19 1 0 0 0 0 0
20 20 0 0 0 0 1 0
20 21 0 1 0 0 0 1
20 22 1 1 0 1 0 1
20 24 1 0 0 0 0 0
20 25 0 1 0 1 0 0
20 26 1 1 0 1 0 1
20 28 1 0 0 0 0 0
20 29 0 0 0 0 0 1
20 30 1 0 1 1 0 0
20 31 1 1 0 1 0 0
21 25 0 0 0 0 1 1
21 26 0 1 0 0 0 0
21 27 0 1 0 0 0 1
21 28 1 0 0 1 1 0
21 30 1 1 1 0 0 1
21 31 1 1 0 1 0 0
22 17 0 1 0 0 0 1
22 18 1 0 0 1 1 0
22 19 0 0 0 0 1 1
22 20 0 0 1 1 1 1
22 21 0 0 1 0 0 0
22 24 0 0 0 1 0 0
22 25 1 1 1 0 1 1
22 26 1 1 0 1 0 0
22 27 1 1 1 0 0 1
22 28 0 1 0 1 0 0
22 29 1 1 1 0 0 1
23 6 0 0 0 0 1 1
23 7 0 1 0 0 0 0
23 8 0 1 1 0 1 0
23 9 1 0 0 0 0 1
23 10 1 0 1 1 0 1
23 11 0 0 0 1 1 1
23 13 0 1 0 0 0 1
23 14 1 0 0 1 1 0
23 15 0 0 1 1 1 1
23 16 0 0 1 0 1 1
23 17 1 0 0 0 0 1
23 19 0 0 1 0 1 0
23 20 0 1 0 1 1 0
23 22 0 1 0 0 0 1
23 23 1 0 0 1 1 0
23 24 0 0 0 0 1 1
23 25 0 0 1 1 1 1
23 26 0 0 0 0 0 1
23 27 1 0 0 0 0 1
23 29 0 1 1 1 1 0
24 18 0 0 0 0 1 1
24 19 0 1 1 0 0 0
24 20 0 0 1 1 0 0
24 21 0 0 0 1 1 1
24 22 1 1 0 0 0 1
24 24 0 1 0 1 0 1
24 25 0 1 1 1 0 1
24 26 0 1 1 0 1 0
24 27 1 1 0 1 0 0
24 28 0 0 0 0 1 1
24 29 0 1 1 0 0 0
25 2 0 0 0 1 0 0
25 3 1 1 1 0 0 1
25 4 1 1 0 1 1 1
25 6 0 1 0 0 0 0
25 7 1 1 0 0 0 1
25 8 0 0 0 1 1 0
25 9 1 0 0 0 1 0
25 10 1 1 0 0 1 1
25 12 1 0 1 1 1 0
25 13 0 0 1 1 1 1
25 15 0 0 1 1 0 1
25 16 1 0 0 1 1 0
25 17 0 0 0 0 0 1
25 18 1 0 0 0 0 1
25 20 0 1 0 1 0 1
25 21 0 1 0 1 1 0
25 23 1 1 1 1 1 0
25 24 1 1 0 1 0 0
25 25 1 0 0 0 0 1
25 26 0 0 1 1 0 1
25 27 1 0 0 1 0 1
25 29 1 1 1 1 0 0
26 2 1 0 0 1 0 0
26 3 0 0 0 1 0 0
26 4 1 1 1 0 0 1
