0.5
32 52 76 96 127 150 185 204 234 256 288 309 339 362 391 413 444 465 496 518 547 569 598 619 653 674 705 723 758 779 810 832 863 885 916 937 967 988 1019 1041 1070 1093 1123 1145 1173 1196 1227 1249 1279 1302 1330 1354 1382 1407 1435 1458 1488 1510 1544 1562 1594 1615 1642 1662
48 70 95 136 158 183 222 244 270 307 329 353 393 415 440 479 501 526 565 586 612 651 673 698 738 759 785 823 845 870 909 931 956 997 1019 1044 1081 1103 1128 1170 1192 1217 1255 1276 1301 1339 1361 1386 1425 1447 1472 1512 1532 1557 1597 1619 1645 1682 1704 1727 1767 1789 1814 1855 1877 1901 1940 1963 1987 2025 2048 2072 2111 2134 2156 2201 2227 2247
1 2 1 1 0 1 1 0
1 3 0 0 0 1 0 0
1 4 1 1 1 0 0 1
1 5 0 1 0 0 0 0
1 6 0 1 0 0 0 0
1 7 0 1 0 0 0 0
1 8 0 1 0 0 0 0
1 9 0 1 0 0 0 0
1 10 0 1 0 0 0 0
1 11 0 1 0 0 0 0
1 12 0 1 0 0 0 1
1 13 1 0 0 1 1 0
1 14 0 1 1 1 1 1
1 15 0 1 1 1 0 0
1 17 1 0 1 0 1 1
1 18 0 0 0 1 1 1
1 19 1 0 0 0 1 0
1 20 1 1 0 1 1 0
1 21 0 1 1 1 1 1
1 22 0 0 0 1 0 1
1 25 0 1 0 1 0 0
1 26 1 1 1 0 0 1
1 27 0 1 0 1 0 0
1 28 1 1 1 0 0 1
2 2 0 1 0 1 1 0
2 3 0 0 0 1 0 0
2 4 1 1 1 0 0 1
2 5 0 1 0 0 0 0
2 6 0 1 0 0 0 0
2 7 0 1 0 0 0 0
2 8 0 1 0 0 0 0
2 9 0 1 0 0 0 0
2 10 0 1 0 0 0 0
2 11 0 1 0 0 0 0
2 12 0 1 0 0 0 0
2 13 0 1 0 0 0 0
2 14 0 1 0 0 0 1
2 15 1 0 0 1 1 0
2 16 0 0 0 1 0 0
2 17 1 0 1 0 1 0
2 18 1 0 0 1 1 1
2 21 0 0 0 1 0 0
2 22 1 1 1 0 0 1
2 23 0 1 0 1 0 0
2 24 1 1 1 0 0 1
2 25 0 1 0 1 0 0
2 26 1 1 1 0 0 1
3 2 0 1 0 1 1 0
3 3 0 0 0 1 0 0
3 4 1 1 1 0 0 1
3 5 0 1 0 0 0 0
3 6 0 1 0 0 0 0
3 7 0 1 0 0 0 0
3 8 0 1 0 0 0 0
3 9 0 1 0 0 0 0
3 10 0 1 0 0 0 0
3 11 0 1 0 0 0 0
3 12 0 1 0 0 0 0
3 13 0 1 0 0 0 0
3 14 0 1 0 0 0 1
3 15 1 0 0 1 1 0
3 16 0 0 0 1 0 0
3 17 1 0 0 0 1 0
3 18 1 1 0 1 1 0
3 21 0 0 0 1 1 0
3 22 1 1 1 0 0 1
3 23 0 1 0 1 0 0
3 24 1 1 1 0 0 1
3 25 0 1 0 1 0 0
3 26 1 1 1 0 0 1
4 2 1 1 0 0 1 0
4 3 0 0 0 1 1 0
4 4 1 1 1 0 0 1
4 5 0 1 0 0 0 0
4 6 0 1 0 0 0 0
4 7 0 1 0 0 0 0
4 8 0 1 0 0 0 1
4 9 1 0 0 1 1 0
4 10 0 0 0 0 1 1
4 11 1 0 0 0 0 1
4 13 0 0 1 0 1 1
4 14 0 0 0 1 1 0
4 15 1 0 0 0 0 1
4 16 0 0 1 0 1 1
4 17 1 0 0 0 1 1
4 19 0 0 0 0 1 1
4 20 0 1 1 0 0 0
4 21 0 0 1 1 0 1
4 22 1 0 0 1 1 0
4 23 0 0 0 0 1 1
4 24 0 1 1 0 0 0
5 2 1 1 0 0 1 0
5 3 0 0 0 1 1 0
5 4 1 1 1 0 0 1
5 5 0 1 0 0 0 0
5 6 0 1 0 0 0 0
5 7 0 1 0 0 0 0
5 8 0 1 0 0 0 0
5 9 0 1 0 0 0 0
5 10 0 1 0 0 0 0
5 11 0 1 0 0 0 0
5 12 0 1 0 0 0 0
5 13 0 1 0 0 1 0
5 14 0 1 0 0 0 0
5 15 0 1 0 0 0 1
5 16 1 0 0 1 1 0
5 17 0 0 1 1 1 1
5 18 1 1 0 0 1 1
5 21 1 0 0 1 0 0
5 22 1 1 1 0 0 1
5 23 0 1 0 1 0 0
5 24 1 1 1 0 0 1
5 25 0 1 0 1 0 0
5 26 1 1 1 0 0 1
6 2 0 0 0 1 0 0
6 3 0 0 0 1 1 0
6 4 1 1 1 0 0 1
6 5 0 1 0 0 0 0
6 6 0 1 0 0 0 0
6 7 0 1 0 0 0 0
6 8 0 1 0 0 0 1
6 9 1 0 0 1 1 0
6 10 0 1 1 1 1 1
6 11 0 1 1 1 0 0
6 13 1 0 1 0 1 1
6 14 0 0 0 1 1 1
6 15 0 1 0 1 0 0
6 16 1 1 0 1 1 0
6 17 1 1 1 1 1 0
6 18 1 1 0 1 1 0
6 20 0 1 1 0 1 0
6 21 1 1 0 1 0 0
6 22 1 1 1 0 0 0
6 25 1 0 0 1 1 0
6 26 1 1 1 0 0 1
6 27 0 1 0 1 0 0
6 28 1 1 1 0 0 1
7 2 0 0 0 1 0 0
7 3 0 0 0 1 1 0
7 4 1 1 1 0 0 1
7 5 0 1 0 0 0 0
7 6 0 1 0 0 0 0
7 7 0 1 0 0 0 0
7 8 0 1 0 0 0 0
7 9 0 1 0 0 0 0
7 10 0 1 0 0 0 0
7 11 0 1 0 0 0 1
7 12 0 1 0 0 0 0
7 13 0 1 0 0 0 0
7 14 0 1 0 0 0 0
7 15 0 1 0 0 0 1
7 16 1 0 0 1 1 0
7 17 0 0 0 0 1 0
7 18 1 1 0 0 0 1
7 21 0 0 0 1 0 0
7 22 1 1 1 0 0 1
7 23 1 0 0 1 1 0
7 24 1 1 1 0 0 1
7 25 0 1 0 1 0 0
7 26 1 1 1 0 0 1
8 2 0 0 0 1 1 0
8 3 0 0 0 1 1 0
8 4 1 1 1 0 0 1
8 5 0 1 0 0 0 0
8 6 0 1 0 0 0 0
8 7 0 1 0 0 0 0
8 8 0 1 0 0 0 0
8 9 0 1 0 0 0 0
8 10 0 1 0 0 0 0
8 11 0 1 0 0 0 0
8 12 0 1 0 0 0 0
8 13 0 1 0 0 0 0
8 14 0 1 0 0 0 0
8 15 0 1 0 0 0 1
8 16 1 0 0 1 1 0
8 17 1 0 1 0 1 1
8 18 0 0 0 1 1 0
8 21 0 0 0 1 1 0
8 22 1 1 1 0 0 1
8 23 1 0 0 1 1 0
8 24 1 1 1 0 0 1
8 25 0 1 0 1 0 0
8 26 1 1 1 0 0 1
8 29 0 0 0 0 0 0
9 2 1 0 0 1 0 0
9 3 0 0 0 1 1 0
9 4 1 1 1 0 0 1
9 5 0 1 0 0 0 0
9 6 0 1 0 0 0 0
9 7 0 1 0 0 0 0
9 8 0 1 0 0 0 0
9 9 0 1 0 0 0 0
9 10 0 1 0 0 0 0
9 11 0 1 0 0 0 0
9 12 0 1 0 0 0 0
9 13 0 1 0 0 0 0
9 14 0 1 0 0 0 1
9 15 1 0 0 1 1 0
9 16 0 0 0 1 0 0
9 17 0 0 1 1 1 1
9 18 0 0 0 1 1 0
9 19 0 0 0 0 0 0
9 21 1 0 0 1 0 0
9 22 1 1 1 0 0 1
9 23 1 0 0 1 1 0
9 24 1 1 1 0 0 1
9 25 0 1 0 1 0 0
9 26 1 1 1 0 0 1
10 2 1 1 0 1 1 0
10 3 0 0 0 1 1 0
10 4 1 1 1 0 0 1
10 5 0 1 0 0 0 0
10 6 0 1 0 0 0 0
10 7 0 1 0 0 0 0
10 8 0 1 0 0 0 0
10 9 0 1 0 0 0 0
10 10 0 1 0 0 0 0
10 11 0 1 0 0 0 0
10 12 0 1 0 0 0 1
10 13 1 0 0 1 1 0
10 14 0 1 1 0 0 1
10 15 0 1 1 1 0 0
10 16 0 0 0 0 1 0
10 17 0 1 0 0 0 1
10 18 0 0 0 1 1 0
10 21 1 1 0 1 0 0
10 22 1 1 1 0 0 1
10 23 1 0 0 1 1 0
10 24 1 1 1 0 0 1
10 25 0 1 0 1 0 0
10 26 1 1 1 0 0 1
11 2 0 1 0 1 1 0
11 3 0 0 0 1 1 0
11 4 1 1 1 0 0 1
11 5 0 1 0 0 0 0
11 6 0 1 0 0 0 0
11 7 0 1 0 0 0 0
11 8 0 1 0 0 0 0
11 9 1 0 0 0 1 0
11 10 0 1 0 1 1 0
11 11 1 0 1 1 0 0
11 12 0 0 0 1 1 1
11 14 0 1 0 0 0 1
11 15 1 0 0 1 1 0
11 16 0 1 1 1 1 1
11 17 0 1 1 1 0 0
11 19 0 1 0 0 0 1
11 20 1 1 0 1 0 1
11 21 1 1 1 0 1 0
11 22 1 1 0 0 1 1
11 25 1 1 0 1 1 0
11 26 1 1 1 0 0 1
11 27 0 1 0 1 0 0
11 28 1 1 1 0 0 1
12 1 0 0 0 0 0 0
12 2 1 0 0 0 1 0
12 3 1 0 0 1 0 0
12 4 1 1 1 0 0 1
12 5 0 1 0 0 0 0
12 6 0 1 0 0 0 0
12 7 0 1 0 0 0 0
12 8 0 1 0 0 0 0
12 9 0 1 0 0 0 0
12 10 0 1 0 0 0 0
12 11 0 1 0 0 0 0
12 12 0 1 0 0 0 0
12 13 0 1 0 0 0 0
12 14 0 1 0 0 0 0
12 15 0 1 0 0 0 0
12 16 1 1 1 0 1 1
12 17 0 1 0 1 1 0
12 18 0 0 1 1 0 1
12 19 0 1 1 1 0 0
12 21 1 0 1 0 0 1
12 23 0 1 0 1 0 1
12 24 0 0 0 1 1 1
12 25 0 0 1 1 0 0
12 26 1 1 0 1 1 0
12 29 1 0 0 1 1 0
12 30 1 1 1 0 0 1
13 2 1 0 0 0 1 0
13 3 1 0 0 1 0 0
13 4 1 1 1 0 0 1
13 5 0 1 0 0 0 0
13 6 0 1 0 0 0 0
13 7 0 1 0 0 0 0
13 8 0 1 0 0 0 0
13 9 0 1 0 0 0 0
13 10 0 1 0 0 0 0
13 11 0 1 0 0 0 0
13 12 0 1 0 0 0 0
13 13 0 1 0 0 0 0
13 14 0 1 0 0 0 0
13 15 0 1 0 0 0 0
13 16 0 1 0 0 0 0
13 17 0 1 0 0 0 0
13 18 0 1 0 0 0 0
13 19 0 1 0 1 0 1
13 20 0 0 0 1 1 1
13 21 0 0 1 1 0 0
13 22 1 1 0 1 1 0
13 25 0 0 0 1 0 0
13 26 1 1 1 0 0 1
13 27 1 0 0 1 1 0
13 28 1 1 1 0 0 1
14 2 0 0 0 1 0 0
14 3 1 0 0 1 1 0
14 4 1 1 1 0 0 1
14 5 0 1 0 0 0 0
14 6 0 1 0 0 0 0
14 7 0 1 0 0 0 0
14 8 0 1 0 0 0 0
14 9 0 1 0 0 0 0
14 10 0 1 0 0 0 0
14 11 0 1 0 0 0 0
14 12 0 1 0 0 0 0
14 13 0 1 0 0 0 0
14 14 0 1 0 0 0 0
14 15 1 1 1 0 1 1
14 16 0 1 0 1 1 0
14 17 0 0 1 1 0 1
14 18 0 1 1 1 0 0
14 20 1 0 1 1 0 0
14 21 0 0 1 0 1 1
14 22 1 1 0 1 1 1
14 25 0 0 0 1 1 0
14 26 1 1 1 0 0 1
14 27 1 0 0 1 1 0
14 28 1 1 1 0 0 1
15 2 1 0 0 1 0 0
15 3 1 0 0 0 1 0
15 4 1 1 1 0 0 1
15 5 0 1 0 0 0 0
15 6 0 1 0 0 0 0
15 7 0 1 0 0 0 0
15 8 0 1 0 0 0 0
15 9 0 1 0 0 0 0
15 10 0 1 0 0 0 0
15 11 0 1 0 0 0 0
15 12 0 1 0 0 0 0
15 13 1 1 0 0 0 1
15 14 0 0 0 1 1 1
15 15 0 0 0 0 1 1
15 16 1 0 0 0 0 1
15 18 1 1 1 0 0 1
15 19 1 0 0 0 0 1
15 20 0 0 1 1 0 0
15 21 0 0 0 1 1 0
15 23 1 0 1 1 0 0
15 24 1 1 0 1 1 0
15 25 0 0 1 0 1 1
15 26 1 1 0 1 1 1
15 29 1 1 0 1 1 0
15 30 1 1 1 0 0 1
16 2 1 0 0 1 0 0
16 3 1 0 0 0 1 0
16 4 1 1 1 0 0 1
16 5 0 1 0 0 0 0
16 6 0 1 0 0 0 0
16 7 0 1 0 0 0 0
16 8 0 1 0 0 0 0
16 9 0 0 1 1 1 0
16 10 1 1 0 1 1 0
16 11 0 0 0 1 0 0
16 12 0 0 1 0 1 1
16 13 0 1 1 1 0 0
16 15 0 1 0 1 0 0
16 16 1 1 0 1 1 0
16 17 1 1 1 1 1 0
16 18 1 1 0 1 1 0
16 20 0 0 0 1 0 0
16 21 1 0 0 0 0 1
16 22 1 0 0 0 1 1
16 25 0 0 0 1 0 0
16 26 1 1 1 0 0 1
16 27 1 1 0 1 1 0
16 28 1 1 1 0 0 1
17 2 1 0 0 1 0 0
17 3 1 0 0 0 1 0
17 4 1 1 1 0 0 1
17 5 0 1 0 0 0 0
17 6 0 1 0 0 0 0
17 7 0 1 0 0 0 0
17 8 0 0 1 1 1 0
17 9 1 1 0 1 1 0
17 10 0 0 0 1 0 0
17 11 0 0 1 0 1 1
17 12 0 1 1 1 0 0
17 14 0 0 1 1 0 1
17 15 0 0 0 1 1 0
17 16 0 0 0 1 0 0
17 17 1 0 1 1 0 0
17 18 1 1 0 1 1 0
17 21 0 0 0 1 0 0
17 22 1 1 1 0 0 1
17 23 0 0 0 1 0 0
17 24 1 1 1 0 0 1
17 25 1 1 0 1 1 0
17 26 1 1 1 0 0 1
18 8 1 0 0 0 1 0
18 9 1 1 0 1 1 0
18 10 0 1 1 1 1 1
18 11 1 1 0 0 1 1
18 12 0 1 0 1 1 1
18 13 0 1 1 0 1 0
18 14 1 1 0 1 1 0
18 17 0 0 0 1 0 0
18 18 1 1 1 0 0 1
18 19 0 0 0 1 0 0
18 20 1 0 1 0 0 1
18 21 0 0 0 1 0 0
18 22 1 1 1 0 0 1
18 23 1 0 0 1 1 0
18 24 1 1 1 0 0 1
19 8 1 1 1 1 1 1
19 9 0 1 0 1 1 0
19 11 1 0 1 1 0 0
19 12 1 1 0 1 1 0
19 13 0 0 1 0 1 1
19 14 1 1 0 1 1 1
20 2 1 0 0 1 1 0
20 3 1 1 0 0 1 0
20 4 0 0 0 1 0 0
20 5 1 1 1 0 0 1
20 6 0 1 0 0 0 0
20 7 0 1 0 0 0 0
20 8 0 1 0 0 0 0
20 9 0 1 0 0 0 0
20 10 0 1 0 0 0 0
20 11 0 1 0 0 0 0
20 12 0 1 0 1 0 1
20 13 1 1 0 0 1 1
20 14 0 0 1 0 0 1
20 19 0 0 0 0 0 0
20 28 0 0 0 0 0 0
21 5 0 0 1 0 1 1
21 6 1 1 0 1 1 1
21 8 1 0 0 0 1 0
21 9 1 1 0 1 1 0
21 10 0 1 1 1 1 1
21 11 1 1 0 0 1 1
21 12 0 1 0 1 1 1
21 13 0 1 1 0 1 0
21 14 1 1 0 1 1 0
21 17 0 0 0 1 1 0
21 18 1 1 1 0 0 1
21 19 0 0 0 1 0 0
21 20 1 1 1 0 0 1
21 21 0 0 0 1 0 0
21 22 1 1 1 0 0 1
21 23 1 1 0 1 1 0
21 24 1 1 1 0 0 1
22 7 1 0 1 1 0 0
22 8 1 1 0 1 1 0
22 9 1 0 0 0 1 0
22 10 1 1 0 1 1 0
22 12 0 1 1 1 1 1
22 13 1 1 0 0 1 1
22 14 0 0 1 0 0 1
23 2 0 0 0 1 0 0
23 3 0 0 0 1 0 0
23 4 0 0 0 1 0 0
23 5 1 1 1 0 0 1
23 6 0 1 0 0 0 0
23 7 0 1 0 0 0 0
23 8 0 1 0 0 0 0
23 9 0 1 0 0 0 0
23 10 1 0 1 1 0 0
23 11 1 1 0 0 0 1
23 12 0 0 0 1 0 1
23 13 1 0 1 1 0 0
23 14 1 1 0 1 1 0
24 5 1 1 1 1 1 0
24 6 1 1 0 1 0 0
24 8 1 0 0 0 1 0
24 9 1 1 0 1 1 0
24 10 0 1 1 1 1 1
24 11 1 1 0 0 1 1
24 12 0 1 0 1 1 1
24 13 0 1 1 0 1 0
24 14 1 1 0 1 1 0
24 17 1 0 0 1 0 0
24 18 1 1 1 0 0 1
24 19 0 0 0 1 0 0
24 20 1 1 1 0 0 1
24 21 0 0 0 1 0 0
24 22 1 1 1 0 0 1
24 23 1 1 0 1 1 0
24 24 1 1 1 0 0 1
24 29 0 0 0 0 0 0
25 7 1 0 1 1 0 0
25 8 1 1 0 1 1 0
25 9 1 0 0 0 1 0
25 10 1 1 0 1 1 0
25 12 0 1 1 1 1 1
25 13 1 1 0 0 1 1
25 14 0 0 1 0 0 1
26 2 1 0 0 1 0 0
26 3 0 0 0 1 0 0
26 4 0 0 0 1 0 0
26 5 1 1 1 0 0 1
26 6 0 1 0 0 0 0
26 7 0 1 0 0 0 0
26 8 0 1 0 0 0 0
26 9 0 1 0 0 0 0
26 10 0 1 0 0 0 0
26 11 0 0 1 0 1 1
26 12 0 1 1 1 0 0
26 13 0 1 0 0 1 0
26 14 1 0 0 0 1 1
26 24 0 0 0 0 0 0
