-0.5
98 118 149 171 203 224 255 277 308 330 360 382 412 431 462 484 516 537 568 590 619 641 674 694 724 746 776 798 828 850 880 902 934 956 986 1007 1039 1059 1089 1110 1144 1164 1194 1219 1248 1271 1298 1324 1351 1376 1403 1428 1452 1475 1505 1528 1559 1581 1610 1630 1655 1675
54 74 94 141 161 181 222 243 269 310 332 355 395 417 441 479 500 525 566 588 613 652 674 698 738 760 784 824 845 870 911 932 956 997 1019 1044 1083 1104 1129 1169 1191 1215 1255 1277 1301 1342 1363 1388 1427 1449 1473 1512 1534 1559 1599 1621 1645 1684 1706 1730 1771 1792 1817 1856 1878 1902 1940 1963 1986 2025 2048 2072 2113 2135 2160 2207 2227 2247 2274 2294 2314
1 7 0 0 0 0 0 0
1 11 0 0 0 0 0 0
1 17 0 0 1 1 0 1
1 18 0 0 0 1 1 1
1 19 0 0 1 1 0 1
1 20 1 0 0 1 0 1
1 21 0 0 0 0 0 0
1 22 0 0 0 0 0 0
2 14 0 0 0 0 0 0
2 26 0 0 0 0 0 0
3 8 0 1 0 0 0 0
3 9 1 0 0 1 0 1
3 10 1 1 1 0 1 0
3 11 1 1 0 0 1 1
3 13 0 1 1 0 0 1
3 14 1 1 0 0 1 0
3 15 1 1 1 0 0 1
3 16 1 1 0 1 1 1
3 19 1 0 1 1 0 0
3 20 1 0 0 1 1 1
3 21 0 1 1 0 1 0
3 22 1 0 0 0 0 1
4 1 0 0 0 1 0 0
4 2 1 1 1 0 0 1
4 3 0 1 0 0 0 0
4 4 0 1 0 0 0 0
4 5 0 1 0 0 0 0
4 6 0 1 0 0 0 0
4 7 0 1 0 0 0 0
4 8 0 1 0 0 0 0
4 9 0 1 0 0 0 0
4 10 0 1 0 0 0 0
4 11 0 1 0 0 0 0
4 12 0 1 0 0 0 0
4 13 0 1 0 0 0 0
4 14 0 1 0 0 0 0
4 15 0 1 0 0 0 0
4 16 0 1 0 0 0 0
4 17 0 1 0 0 0 0
4 18 0 1 0 0 0 1
4 19 1 0 0 1 1 0
4 20 0 1 1 1 1 1
4 21 0 1 1 1 0 0
4 23 0 1 0 0 0 1
4 24 1 1 0 1 0 1
4 25 1 1 1 0 1 0
4 26 1 1 0 0 0 1
4 29 0 1 0 1 0 0
4 30 1 0 1 0 0 1
5 1 1 0 0 1 0 0
5 2 1 1 1 0 0 1
5 3 0 1 0 0 0 0
5 4 0 1 0 0 0 0
5 5 0 1 0 0 0 0
5 6 0 1 0 0 0 0
5 7 0 1 0 0 0 0
5 8 0 1 0 0 0 0
5 9 0 1 0 0 0 0
5 10 0 1 0 0 0 0
5 11 0 1 0 0 0 0
5 12 0 1 0 0 0 1
5 13 1 0 0 1 1 0
5 14 0 1 1 1 1 1
5 15 0 1 1 1 0 1
5 16 0 0 0 0 0 0
5 17 1 0 1 0 1 1
5 18 0 0 0 1 1 1
5 19 0 1 1 0 1 0
5 20 1 1 0 1 0 0
5 21 1 0 1 0 1 0
5 22 0 0 0 1 1 0
5 25 0 0 0 1 0 0
5 26 1 1 1 0 0 1
5 27 0 1 0 1 0 0
5 28 1 1 1 0 0 1
6 1 1 1 0 1 0 0
6 2 1 1 1 0 0 1
6 3 0 1 0 0 0 0
6 4 0 1 0 0 0 0
6 5 0 1 0 0 0 0
6 6 0 1 0 0 0 0
6 7 0 1 0 0 0 0
6 8 0 1 0 0 0 0
6 9 0 1 0 0 0 1
6 10 1 0 0 1 1 0
6 11 1 1 1 0 1 0
6 12 1 1 0 0 1 1
6 14 0 0 1 1 1 1
6 15 1 1 0 1 1 1
6 16 0 0 0 0 0 1
6 17 1 0 0 0 0 1
6 18 1 0 0 0 1 0
6 21 0 0 0 1 0 0
6 22 1 1 1 0 0 1
6 23 0 0 0 1 0 0
6 24 1 1 1 0 0 1
6 25 0 1 0 1 0 0
6 26 1 1 1 0 0 1
7 1 0 1 0 1 0 0
7 2 1 1 1 0 0 1
7 3 0 1 0 0 0 0
7 4 0 1 0 0 0 0
7 5 0 1 0 0 0 0
7 6 0 1 0 0 0 0
7 7 0 1 0 0 0 0
7 8 0 1 0 0 0 0
7 9 0 1 0 0 0 0
7 10 0 1 0 0 0 0
7 11 0 1 0 0 0 0
7 12 0 1 0 0 0 0
7 13 0 1 0 0 0 1
7 14 1 0 0 1 1 0
7 15 0 0 0 0 1 0
7 16 0 0 1 1 1 1
7 17 1 1 0 1 1 1
7 19 0 0 0 0 1 1
7 20 0 1 1 0 0 0
7 21 0 0 1 1 0 1
7 22 1 0 0 1 1 0
7 23 0 0 0 0 1 1
7 24 0 1 1 0 0 0
8 1 0 1 0 1 0 0
8 2 1 1 1 0 0 1
8 3 0 1 0 0 0 0
8 4 0 1 0 0 0 0
8 5 0 1 0 0 0 0
8 6 0 1 0 0 0 0
8 7 0 1 0 0 0 0
8 8 0 1 0 0 0 0
8 9 0 1 0 0 0 0
8 10 0 1 0 0 0 0
8 11 0 1 0 0 0 0
8 12 0 1 0 0 0 0
8 13 0 1 0 0 0 0
8 14 0 1 0 0 0 0
8 15 0 1 0 0 0 1
8 16 1 0 0 1 1 0
8 17 0 1 0 0 1 0
8 18 1 1 0 1 1 0
8 21 0 0 0 1 1 0
8 22 1 1 1 0 0 1
8 23 0 0 0 1 0 0
8 24 1 1 1 0 0 1
8 25 0 1 0 1 0 0
8 26 1 1 1 0 0 1
9 1 1 1 0 1 1 0
9 2 1 1 1 0 0 1
9 3 0 1 0 0 0 0
9 4 0 1 0 0 0 0
9 5 0 1 0 0 0 0
9 6 0 1 0 0 0 0
9 7 0 1 0 0 0 0
9 8 0 1 0 0 0 0
9 9 0 1 0 0 0 0
9 10 0 1 0 0 0 0
9 11 0 1 0 0 0 0
9 12 0 1 0 0 0 0
9 13 0 1 0 0 0 0
9 14 0 1 0 0 0 0
9 15 0 1 0 0 0 1
9 16 1 0 0 1 1 0
9 17 0 1 1 1 1 1
9 18 1 1 0 0 1 0
9 21 1 0 0 1 0 0
9 22 1 1 1 0 0 1
9 23 0 0 0 1 0 0
9 24 1 1 1 0 0 1
9 25 0 1 0 1 0 0
9 26 1 1 1 0 0 1
9 28 0 0 0 0 0 0
10 1 0 1 0 1 1 0
10 2 1 1 1 0 0 1
10 3 0 1 0 0 0 0
10 4 0 1 0 0 0 0
10 5 0 1 0 0 0 0
10 6 0 1 0 0 0 0
10 7 0 1 0 0 0 0
10 8 0 1 0 0 0 0
10 9 0 1 0 0 0 0
10 10 0 1 0 0 0 0
10 11 0 1 0 0 0 0
10 12 0 1 0 0 0 1
10 13 1 0 0 1 1 0
10 14 0 1 1 1 1 1
10 15 0 1 1 1 0 0
10 17 1 0 1 0 1 1
10 18 0 0 0 1 1 1
10 19 0 1 0 0 0 1
10 20 1 0 0 1 0 0
10 21 0 0 1 0 1 0
10 22 1 0 0 1 0 1
10 25 0 0 0 1 1 0
10 26 1 1 1 0 0 1
10 27 0 1 0 1 0 0
10 28 1 1 1 0 0 1
11 1 0 1 0 1 1 0
11 2 1 1 1 0 0 1
11 3 0 1 0 0 0 0
11 4 0 1 0 0 0 0
11 5 0 1 0 0 0 0
11 6 0 1 0 0 0 0
11 7 0 1 0 0 0 0
11 8 0 1 0 0 0 0
11 9 0 1 0 0 0 0
11 10 0 1 0 0 0 0
11 11 0 1 0 0 0 0
11 12 0 1 0 0 0 0
11 13 0 1 0 0 0 0
11 14 0 1 0 0 0 1
11 15 1 0 0 1 1 0
11 16 0 0 0 0 1 0
11 17 0 0 1 0 1 0
11 18 1 0 0 1 0 1
11 20 0 0 0 0 0 0
11 21 0 0 0 1 0 0
11 22 1 1 1 0 0 1
11 23 0 0 0 1 1 0
11 24 1 1 1 0 0 1
11 25 0 1 0 1 0 0
11 26 1 1 1 0 0 1
12 1 1 0 0 0 1 0
12 2 1 1 1 0 0 1
12 3 0 1 0 0 0 0
12 4 0 1 0 0 0 0
12 5 0 1 0 0 0 0
12 6 0 1 0 0 0 0
12 7 0 1 0 0 0 0
12 8 0 1 0 0 0 0
12 9 0 1 0 0 0 0
12 10 0 1 0 0 0 0
12 11 0 1 0 0 0 0
12 12 0 1 0 0 0 0
12 13 0 1 0 0 0 0
12 14 0 1 0 0 0 0
12 15 0 1 0 0 0 1
12 16 1 0 0 1 1 0
12 17 0 1 0 0 0 1
12 18 1 0 0 1 0 0
12 21 0 0 0 1 1 0
12 22 1 1 1 0 0 1
12 23 0 0 0 1 1 0
12 24 1 1 1 0 0 1
12 25 0 1 0 1 0 0
12 26 1 1 1 0 0 1
13 1 1 1 0 0 1 0
13 2 0 0 0 1 0 0
13 3 1 1 1 0 0 1
13 4 0 1 0 0 0 0
13 5 0 1 0 0 0 0
13 6 0 1 0 0 0 0
13 7 0 1 0 0 0 0
13 8 0 1 0 0 0 0
13 9 0 1 0 0 0 0
13 10 0 1 0 0 0 0
13 11 0 1 0 0 0 0
13 12 0 1 0 0 0 0
13 13 0 1 0 0 0 0
13 14 0 1 0 0 0 0
13 15 0 1 0 0 0 1
13 16 1 0 0 1 1 0
13 17 1 1 1 0 1 0
13 18 1 1 0 0 1 1
13 21 1 0 0 1 0 0
13 22 1 1 1 0 0 1
13 23 0 0 0 1 1 0
13 24 1 1 1 0 0 1
13 25 0 1 0 1 0 0
13 26 1 1 1 0 0 1
14 1 0 0 0 1 0 0
14 2 0 0 0 1 0 0
14 3 1 1 1 0 0 1
14 4 0 1 0 0 0 0
14 5 0 1 0 0 0 0
14 6 0 1 0 0 0 0
14 7 0 1 0 0 0 0
14 8 0 1 0 0 0 0
14 9 0 1 0 0 0 0
14 10 0 1 0 0 0 0
14 11 0 1 0 0 0 0
14 12 0 1 0 0 0 0
14 13 0 1 0 0 0 0
14 14 0 1 0 0 0 1
14 15 1 0 0 1 1 0
14 16 0 0 0 1 0 0
14 17 0 1 0 1 0 1
14 18 1 0 0 1 0 0
14 21 1 1 0 1 0 0
14 22 1 1 1 0 0 1
14 23 0 0 0 1 1 0
14 24 1 1 1 0 0 1
14 25 0 1 0 1 0 0
14 26 1 1 1 0 0 1
15 1 0 0 0 1 0 0
15 2 0 0 0 1 0 0
15 3 1 1 1 0 0 1
15 4 0 1 0 0 0 0
15 5 0 1 0 0 0 0
15 6 0 1 0 0 0 0
15 7 0 1 0 0 0 0
15 8 0 1 0 0 0 0
15 9 0 1 0 0 0 0
15 10 0 1 0 0 0 0
15 11 0 1 0 0 0 0
15 12 0 1 0 0 0 0
15 13 0 1 0 0 0 0
15 14 0 1 0 0 0 1
15 15 1 0 0 1 1 0
15 16 0 0 0 0 0 1
15 17 0 0 1 0 1 0
15 18 1 0 0 1 0 1
15 21 0 1 0 1 0 0
15 22 1 1 1 0 0 1
15 23 0 0 0 1 1 0
15 24 1 1 1 0 0 1
15 25 0 1 0 1 0 0
15 26 1 1 1 0 0 1
16 1 0 0 0 1 1 0
16 2 0 0 0 1 0 0
16 3 1 1 1 0 0 1
16 4 0 1 0 0 0 0
16 5 0 1 0 0 0 0
16 6 0 1 0 0 0 0
16 7 0 1 0 0 0 0
16 8 0 1 0 0 0 0
16 9 0 1 0 0 0 0
16 10 0 1 0 0 0 0
16 11 0 1 0 0 0 0
16 12 0 1 0 0 0 1
16 13 1 0 0 1 1 0
16 14 0 1 1 1 1 1
16 15 0 1 1 1 0 0
16 17 1 0 1 0 1 1
16 18 0 0 0 1 1 1
16 19 0 1 1 0 1 0
16 20 1 1 0 1 0 0
16 21 0 1 1 0 0 1
16 22 1 0 0 0 0 1
16 25 1 0 0 1 0 0
16 26 1 1 1 0 0 1
16 27 0 1 0 1 0 0
16 28 1 1 1 0 0 1
17 1 0 0 0 1 1 0
17 2 0 0 0 1 0 0
17 3 1 1 1 0 0 1
17 4 0 1 0 0 0 0
17 5 0 1 0 0 0 0
17 6 0 1 0 0 0 0
17 7 0 1 0 0 0 0
17 8 0 1 0 0 0 0
17 9 0 1 0 0 0 0
17 10 0 1 0 0 0 0
17 11 0 1 0 0 0 0
17 12 0 1 0 0 0 0
17 13 0 1 0 0 0 0
17 14 0 1 0 0 0 1
17 15 1 0 0 1 1 0
17 16 0 0 0 0 0 1
17 17 0 1 1 1 1 1
17 18 1 1 0 1 0 0
17 21 0 0 0 1 0 0
17 22 1 1 1 0 0 1
17 23 1 0 0 1 0 0
17 24 1 1 1 0 0 1
17 25 0 1 0 1 0 0
17 26 1 1 1 0 0 1
18 1 0 0 0 1 1 0
18 2 0 0 0 1 0 0
18 3 1 1 1 0 0 1
18 4 0 1 0 0 0 0
18 5 0 1 0 0 0 0
18 6 0 1 0 0 0 0
18 7 0 1 0 0 0 0
18 8 0 1 0 0 0 0
18 9 0 1 0 0 0 0
18 10 0 1 0 0 0 0
18 11 0 1 0 0 0 0
18 12 0 1 0 0 0 0
18 13 0 1 0 0 0 0
18 14 0 1 0 0 0 1
18 15 1 0 0 1 1 0
18 16 0 0 0 0 1 1
18 17 0 1 1 0 0 1
18 18 1 0 0 0 0 1
18 21 0 0 0 1 1 0
18 22 1 1 1 0 0 1
18 23 1 0 0 1 0 0
18 24 1 1 1 0 0 1
18 25 0 1 0 1 0 0
18 26 1 1 1 0 0 1
18 31 0 0 0 0 0 0
19 1 1 0 0 1 0 0
19 2 0 0 0 1 0 0
19 3 1 1 1 0 0 1
19 4 0 1 0 0 0 0
19 5 0 1 0 0 0 0
19 6 0 1 0 0 0 0
19 7 0 1 0 0 0 0
19 8 0 1 0 0 0 0
19 9 0 1 0 0 0 0
19 10 0 1 0 0 0 0
19 11 0 1 0 0 0 0
19 12 0 1 0 0 0 0
19 13 0 1 0 0 0 1
19 14 1 0 0 1 1 0
19 15 0 1 1 1 1 1
19 16 0 1 1 1 0 0
19 18 1 0 1 0 1 1
19 19 0 0 0 1 1 1
19 20 1 0 1 1 1 0
19 21 1 0 0 0 1 0
19 22 1 1 0 1 1 0
19 25 1 1 0 1 0 0
19 26 1 1 1 0 0 1
19 27 0 1 0 1 0 0
19 28 1 1 1 0 0 1
20 1 1 0 0 1 0 0
20 2 0 0 0 1 0 0
20 3 1 1 1 0 0 1
20 4 0 1 0 0 0 0
20 5 0 1 0 0 0 0
20 6 0 1 0 0 0 0
20 7 0 1 0 0 0 0
20 8 0 1 0 0 0 0
20 9 0 1 0 0 0 0
20 10 0 1 0 0 0 0
20 11 0 1 0 0 0 0
20 12 0 1 0 0 0 0
20 13 0 1 0 0 0 0
20 14 0 1 0 0 0 0
20 15 0 1 0 0 0 1
20 16 1 0 0 1 1 0
20 17 0 0 0 0 1 1
20 18 0 0 1 1 1 1
20 21 0 0 0 1 0 0
20 22 1 1 1 0 0 1
20 23 1 1 0 1 0 0
20 24 1 1 1 0 0 1
20 25 0 1 0 1 0 0
20 26 1 1 1 0 0 1
21 1 1 1 0 1 0 0
21 2 0 0 0 1 0 0
21 3 1 1 1 0 0 1
21 4 0 1 0 0 0 0
21 5 0 1 0 0 0 0
21 6 0 1 0 0 0 0
21 7 0 1 0 0 0 0
21 8 0 1 0 0 0 0
21 9 0 1 0 0 0 0
21 10 0 1 0 0 0 0
21 11 0 1 0 0 0 0
21 12 0 1 0 0 0 0
21 13 0 1 0 0 0 0
21 14 0 1 0 0 0 1
21 15 1 0 0 1 1 0
21 16 0 0 0 0 0 1
21 17 1 0 1 1 0 0
21 18 1 1 0 1 0 0
21 21 0 0 0 1 1 0
21 22 1 1 1 0 0 1
21 23 1 1 0 1 0 0
21 24 1 1 1 0 0 1
21 25 0 1 0 1 0 0
21 26 1 1 1 0 0 1
22 1 0 1 0 1 0 0
22 2 0 0 0 1 0 0
22 3 1 1 1 0 0 1
22 4 0 1 0 0 0 0
22 5 0 1 0 0 0 0
22 6 0 1 0 0 0 0
22 7 0 1 0 0 0 0
22 8 0 1 0 0 0 0
22 9 0 1 0 0 0 0
22 10 0 1 0 0 0 0
22 11 0 1 0 0 0 0
22 12 0 1 0 0 0 0
22 13 0 1 0 0 0 0
22 14 0 1 0 0 0 0
22 15 0 1 0 0 0 1
22 16 1 0 0 1 1 0
22 17 0 1 0 1 0 0
22 18 1 1 0 1 0 1
22 21 1 0 0 1 0 0
22 22 1 1 1 0 0 1
22 23 1 1 0 1 0 0
22 24 1 1 1 0 0 1
22 25 0 1 0 1 0 0
22 26 1 1 1 0 0 1
23 1 0 1 0 1 0 0
23 2 0 0 0 1 0 0
23 3 1 1 1 0 0 1
23 4 0 1 0 0 0 0
23 5 0 1 0 0 0 0
23 6 0 1 0 0 0 0
23 7 0 1 0 0 0 0
23 8 0 1 0 0 0 0
23 9 0 1 0 0 0 0
23 10 0 1 0 0 0 0
23 11 0 1 0 0 0 0
23 12 0 1 0 0 0 0
23 13 0 1 0 0 0 0
23 14 0 1 0 0 0 1
23 15 1 0 0 1 1 0
23 16 0 0 0 0 1 0
23 17 0 1 0 0 0 1
23 18 1 1 0 1 0 1
23 21 1 1 0 1 0 0
23 22 1 1 1 0 0 1
23 23 1 1 0 1 0 0
23 24 1 1 1 0 0 1
23 25 0 1 0 1 0 0
23 26 1 1 1 0 0 1
24 1 1 0 0 1 1 0
24 2 0 0 0 1 0 0
24 3 1 1 1 0 0 1
24 4 0 1 0 0 0 0
24 5 0 1 0 0 0 0
24 6 0 1 0 0 0 0
24 7 0 1 0 0 0 0
24 8 0 1 0 0 0 0
24 9 0 1 0 0 0 0
24 10 0 1 0 0 0 0
24 11 0 1 0 0 0 0
24 12 0 1 0 0 0 0
24 13 0 1 0 0 0 0
24 14 0 1 0 0 0 1
24 15 1 0 0 1 1 0
24 16 0 0 0 0 0 1
24 17 1 0 1 1 0 0
24 18 1 0 0 1 0 1
24 21 0 1 0 1 0 0
24 22 1 1 1 0 0 1
24 23 1 1 0 1 0 0
24 24 1 1 1 0 0 1
24 25 0 1 0 1 0 0
24 26 1 1 1 0 0 1
25 1 1 0 0 1 1 0
25 2 0 0 0 1 0 0
25 3 1 1 1 0 0 1
25 4 0 1 0 0 0 0
25 5 0 1 0 0 0 0
25 6 0 1 0 0 0 0
25 7 0 1 0 0 0 0
25 8 0 1 0 0 0 0
25 9 0 1 0 0 0 0
25 10 0 1 0 0 0 0
25 11 0 1 0 0 0 0
25 12 0 1 0 0 0 1
25 13 1 0 0 1 1 0
25 14 1 1 0 0 0 1
25 15 0 0 0 1 0 1
25 16 0 0 0 0 0 1
25 17 1 0 1 0 1 0
25 18 1 0 0 1 0 0
25 21 1 0 0 1 1 0
25 22 1 1 1 0 0 1
25 23 1 1 0 1 0 0
25 24 1 1 1 0 0 1
25 25 0 1 0 1 0 0
25 26 1 1 1 0 0 1
26 1 0 0 0 0 1 0
26 2 1 1 1 0 0 1
26 24 0 0 0 0 0 0
