-0.30
38 58 85 105 133 156 191 210 240 262 294 315 345 368 398 420 450 471 502 524 555 577 607 628 660 681 714 732 764 785 816 838 869 891 922 943 973 994 1025 1047 1076 1099 1129 1151 1180 1203 1233 1255 1285 1308 1336 1360 1387 1412 1440 1463 1494 1516 1548 1566 1600 1621 1648 1668
57 79 104 143 165 190 227 249 275 314 336 360 401 423 448 488 510 535 574 595 621 660 682 707 747 768 794 832 854 879 918 940 965 1004 1026 1051 1090 1112 1137 1176 1198 1223 1263 1284 1309 1348 1370 1395 1434 1456 1481 1521 1541 1566 1606 1628 1654 1691 1713 1736 1776 1798 1823 1864 1886 1910 1949 1972 1996 2034 2057 2081 2121 2144 2166 2208 2234 2254
1 5 0 0 1 1 1 1
1 6 1 0 0 0 1 0
1 7 0 0 1 1 1 1
1 8 1 0 0 0 1 0
1 11 1 0 1 0 0 0
1 12 1 1 1 0 1 1
1 13 1 1 0 1 1 0
1 14 0 1 0 1 0 0
1 15 1 1 1 0 0 0
1 16 0 1 1 1 0 1
1 18 1 0 0 0 1 1
1 19 1 1 1 0 1 1
1 20 1 1 0 1 0 0
1 21 0 0 1 0 1 0
1 22 0 0 0 0 1 0
1 23 0 0 0 0 1 0
1 24 0 0 0 0 1 0
1 25 0 0 0 0 1 0
1 26 0 0 0 0 1 0
1 27 0 0 0 0 1 0
1 28 0 0 0 0 1 0
1 29 0 0 1 1 1 1
1 30 1 0 0 0 0 0
1 31 1 1 0 1 1 0
2 7 0 0 1 1 1 1
2 8 1 0 0 0 1 0
2 9 0 0 1 1 1 1
2 10 1 0 0 0 1 0
2 11 0 0 1 1 1 1
2 12 1 0 0 0 0 0
2 15 1 1 1 1 0 0
2 16 0 1 0 1 0 1
2 17 1 0 0 0 0 0
2 18 1 1 0 1 0 0
2 19 0 0 1 0 1 0
2 20 0 0 0 0 1 0
2 21 0 0 0 0 1 0
2 22 0 0 0 0 1 0
2 23 0 0 0 0 1 0
2 24 0 0 0 0 1 0
2 25 0 0 0 0 1 0
2 26 0 0 0 0 1 0
2 27 0 0 0 0 1 0
2 28 0 0 0 0 1 0
2 29 0 0 1 1 1 1
2 30 1 0 0 0 0 0
2 31 1 1 0 0 1 0
3 7 0 0 1 1 1 1
3 8 1 0 0 0 1 0
3 9 0 0 1 1 1 1
3 10 1 0 0 0 1 0
3 11 0 0 1 1 1 1
3 12 1 1 0 0 0 0
3 15 1 1 0 1 1 0
3 16 0 1 0 1 0 0
3 17 1 0 0 0 0 0
3 18 1 1 0 1 0 0
3 19 0 0 1 0 1 0
3 20 0 0 0 0 1 0
3 21 0 0 0 0 1 0
3 22 0 0 0 0 1 0
3 23 0 0 0 0 1 0
3 24 0 0 0 0 1 0
3 25 0 0 0 0 1 0
3 26 0 0 0 0 1 0
3 27 0 0 0 0 1 0
3 28 0 0 0 0 1 0
3 29 0 0 1 1 1 1
3 30 1 0 0 0 0 0
3 31 1 1 0 0 1 0
4 9 0 0 0 0 1 1
4 10 0 1 1 0 0 0
4 11 1 1 0 1 0 0
4 12 1 0 1 0 0 1
4 13 0 0 0 0 1 1
4 14 0 1 1 0 0 0
4 16 0 1 1 1 0 0
4 17 0 1 1 0 0 1
4 18 0 0 1 1 0 0
4 19 1 1 0 0 0 0
4 20 0 1 1 0 0 1
4 22 0 0 1 1 0 0
4 23 0 1 1 0 0 0
4 24 1 1 0 1 0 0
4 25 0 0 1 0 1 0
4 26 0 0 0 0 1 0
4 27 0 0 0 0 1 0
4 28 0 0 0 0 1 0
4 29 0 0 1 1 1 1
4 30 1 1 0 0 0 0
4 31 0 1 0 1 1 0
5 7 0 0 1 1 1 1
5 8 1 0 0 0 1 0
5 9 0 0 1 1 1 1
5 10 1 0 0 0 1 0
5 11 0 0 1 1 1 1
5 12 1 0 0 1 0 0
5 15 0 1 1 1 1 0
5 16 1 1 1 0 0 1
5 17 1 1 0 1 0 0
5 18 0 0 1 0 1 0
5 19 0 0 0 0 1 0
5 20 0 1 0 0 1 0
5 21 0 0 0 0 1 0
5 22 0 0 0 0 1 0
5 23 0 0 0 0 1 0
5 24 0 0 0 0 1 0
5 25 0 0 0 0 1 0
5 26 0 0 0 0 1 0
5 27 0 0 0 0 1 0
5 28 0 0 0 0 1 0
5 29 0 0 1 1 1 1
5 30 1 1 0 0 0 0
5 31 0 1 0 1 1 0
6 5 0 0 1 1 1 1
6 6 1 0 0 0 1 0
6 7 0 0 1 1 1 1
6 8 1 1 0 1 0 0
6 11 0 0 0 1 1 1
6 12 1 0 0 1 1 0
6 13 0 1 0 0 1 1
6 15 1 1 0 1 1 0
6 16 1 1 0 1 1 1
6 17 1 1 0 1 1 0
6 18 1 0 0 0 1 0
6 19 1 1 1 0 0 0
6 20 0 1 1 1 0 1
6 22 1 0 0 0 1 1
6 23 1 1 1 0 1 1
6 24 1 1 0 1 0 0
6 25 0 0 1 0 1 0
6 26 0 0 0 0 1 0
6 27 0 0 0 0 1 0
6 28 0 0 0 0 1 0
6 29 0 0 1 1 1 1
6 30 1 1 0 0 0 0
6 31 1 0 0 0 0 0
7 7 0 0 1 1 1 1
7 8 1 0 0 0 1 0
7 9 0 0 1 1 1 1
7 10 1 1 0 1 0 0
7 11 0 0 1 1 1 1
7 12 1 0 0 0 0 0
7 15 0 0 1 1 1 0
7 16 0 1 0 0 0 0
7 17 1 1 0 1 0 0
7 18 0 0 1 0 1 0
7 19 0 0 0 0 1 0
7 20 0 0 0 0 1 0
7 21 0 0 0 0 1 0
7 22 0 0 1 0 1 0
7 23 0 0 0 0 1 0
7 24 0 0 0 0 1 0
7 25 0 0 0 0 1 0
7 26 0 0 0 0 1 0
7 27 0 0 0 0 1 0
7 28 0 0 0 0 1 0
7 29 0 0 1 1 1 1
7 30 1 1 0 0 0 0
7 31 1 0 0 0 0 0
8 4 0 0 0 0 0 0
8 7 0 0 1 1 1 1
8 8 1 0 0 0 1 0
8 9 0 0 1 1 1 1
8 10 1 1 0 1 0 0
8 11 0 0 1 1 1 1
8 12 1 1 0 0 0 0
8 15 1 1 0 0 0 0
8 16 0 1 1 1 0 1
8 17 1 1 0 1 0 0
8 18 0 0 1 0 1 0
8 19 0 0 0 0 1 0
8 20 0 0 0 0 1 0
8 21 0 0 0 0 1 0
8 22 0 0 0 0 1 0
8 23 0 0 0 0 1 0
8 24 0 0 0 0 1 0
8 25 0 0 0 0 1 0
8 26 0 0 0 0 1 0
8 27 0 0 0 0 1 0
8 28 0 0 0 0 1 0
8 29 0 0 1 1 1 1
8 30 1 1 0 0 0 0
8 31 1 1 0 0 0 0
9 7 0 0 1 1 1 1
9 8 1 0 0 0 1 0
9 9 0 0 1 1 1 1
9 10 1 1 0 1 0 0
9 11 0 0 1 1 1 1
9 12 1 0 0 1 0 0
9 14 0 0 0 0 0 0
9 15 1 1 0 0 0 0
9 16 1 1 1 0 0 1
9 17 1 0 0 0 0 0
9 18 1 1 0 1 0 0
9 19 0 0 1 0 1 0
9 20 0 0 0 0 1 0
9 21 0 0 0 0 1 0
9 22 0 0 0 0 1 0
9 23 0 0 0 0 1 0
9 24 0 0 0 0 1 0
9 25 0 0 0 0 1 0
9 26 0 0 0 0 1 0
9 27 0 0 0 0 1 0
9 28 0 0 0 0 1 0
9 29 0 0 1 1 1 1
9 30 1 1 0 0 0 0
9 31 1 0 0 1 0 0
10 7 0 0 1 1 1 1
10 8 1 0 0 0 1 0
10 9 0 0 1 1 1 1
10 10 1 1 0 1 0 0
10 11 0 0 1 1 1 1
10 12 1 0 0 1 1 0
10 15 1 1 0 0 0 0
10 16 0 0 1 0 1 0
10 17 0 1 0 0 0 0
10 18 1 0 0 0 1 1
10 19 0 0 1 0 1 1
10 20 1 1 0 1 0 0
10 21 0 0 1 0 1 0
10 22 0 0 0 0 1 0
10 23 0 0 0 0 1 0
10 24 0 0 0 0 1 0
10 25 0 0 0 0 1 0
10 26 0 0 0 0 1 0
10 27 0 0 0 0 1 0
10 28 0 0 0 0 1 0
10 29 0 0 1 1 1 1
10 30 1 1 0 0 0 0
10 31 1 1 0 1 1 0
11 5 0 0 1 1 1 1
11 6 1 0 0 0 1 0
11 7 0 0 1 1 1 1
11 8 1 1 0 1 1 0
11 11 0 1 1 1 1 0
11 12 0 1 0 1 1 1
11 13 1 0 1 1 1 0
11 14 0 0 1 0 1 0
11 16 1 0 0 0 1 1
11 17 1 1 1 0 1 1
11 18 1 1 0 1 0 0
11 19 0 0 1 0 1 0
11 21 1 1 1 0 0 0
11 22 1 0 0 1 0 1
11 23 1 1 0 0 1 0
11 24 0 1 0 1 0 0
11 25 0 0 0 0 1 0
11 26 0 0 0 0 1 0
11 27 0 0 0 0 1 0
11 28 0 0 0 0 1 0
11 29 0 0 1 1 1 1
11 30 1 1 0 0 0 0
11 31 1 1 0 0 1 0
12 3 0 0 1 1 1 1
12 4 1 1 0 1 0 0
12 7 1 1 0 1 1 0
12 8 1 0 0 0 0 1
12 9 1 1 1 0 0 0
12 10 1 0 1 0 1 0
12 12 0 0 1 1 0 1
12 14 1 0 0 0 1 1
12 15 1 0 1 0 0 1
12 16 1 1 0 0 1 0
12 17 0 1 1 1 1 1
12 18 0 0 0 0 1 0
12 19 0 0 0 0 1 0
12 20 0 0 0 0 1 0
12 21 0 0 0 0 1 0
12 22 0 0 0 0 1 0
12 23 0 0 0 0 1 0
12 24 0 0 0 0 1 0
12 25 0 0 0 0 1 0
12 26 0 0 0 0 1 0
12 27 0 0 0 0 1 0
12 28 0 0 0 0 1 0
12 29 0 0 1 1 1 1
12 30 1 0 0 1 0 0
12 31 0 1 0 1 0 0
12 32 0 0 0 0 0 0
13 5 0 0 1 1 1 1
13 6 1 1 0 1 0 0
13 7 0 0 1 1 1 1
13 8 1 0 0 0 0 0
13 11 1 1 0 1 1 0
13 12 1 0 0 0 0 1
13 13 1 1 1 0 0 0
13 14 1 0 1 0 1 0
13 15 0 0 0 0 1 0
13 16 0 0 0 0 1 0
13 17 0 0 0 0 1 0
13 18 0 0 0 0 1 0
13 19 0 0 0 0 1 0
13 20 0 0 0 0 1 0
13 21 0 0 0 0 1 0
13 22 0 0 0 0 1 0
13 23 0 0 0 0 1 0
13 24 0 0 0 0 1 0
13 25 0 0 0 0 1 0
13 26 0 0 0 0 1 0
13 27 0 0 0 0 1 0
13 28 0 0 0 0 1 0
13 29 0 0 1 1 1 1
13 30 1 0 0 1 0 0
13 31 0 1 0 1 0 0
14 5 0 0 1 1 1 1
14 6 1 1 0 1 0 0
14 7 0 0 1 1 1 1
14 8 1 1 0 0 0 0
14 11 1 1 1 1 1 0
14 12 0 1 1 0 0 1
14 13 1 0 0 1 0 1
14 15 1 0 0 0 1 1
14 16 1 0 1 0 0 1
14 17 1 1 0 0 1 0
14 18 0 1 1 1 1 1
14 19 0 0 0 0 1 0
14 20 0 0 0 0 1 0
14 21 0 0 0 0 1 0
14 22 0 0 0 0 1 0
14 23 0 0 0 0 1 0
14 24 0 0 0 0 1 0
14 25 0 0 0 0 1 0
14 26 0 0 0 0 1 0
14 27 0 0 0 0 1 0
14 28 0 0 0 0 1 0
14 29 0 0 1 1 1 1
14 30 1 1 0 1 0 0
14 31 1 0 0 0 0 0
15 3 0 0 1 1 1 1
15 4 1 1 0 1 1 0
15 7 1 1 1 1 1 0
15 8 0 1 1 0 0 1
15 9 1 1 0 1 1 0
15 10 1 0 0 1 0 1
15 12 1 1 0 0 0 0
15 13 1 0 0 0 0 1
15 14 0 0 1 1 0 0
15 15 0 0 1 1 1 1
15 17 0 0 1 1 0 0
15 18 0 1 1 0 0 0
15 19 1 1 1 0 0 0
15 20 0 0 1 1 1 0
15 21 0 0 0 0 1 0
15 22 0 0 0 0 1 0
15 23 0 0 0 0 1 0
15 24 0 0 0 0 1 0
15 25 0 0 0 0 1 0
15 26 0 0 0 0 1 0
15 27 0 0 0 0 1 0
15 28 0 0 0 0 1 0
15 29 0 0 1 1 1 1
15 30 0 1 0 1 0 0
15 31 1 0 0 1 0 0
16 5 0 0 1 1 1 1
16 6 1 1 0 1 1 0
16 7 0 0 1 1 1 1
16 8 1 0 0 0 0 0
16 11 0 1 1 1 0 0
16 12 0 0 1 1 0 0
16 13 1 0 0 0 0 0
16 15 1 1 0 1 1 0
16 16 1 1 0 1 1 1
16 17 1 1 0 1 1 0
16 18 1 0 0 0 1 0
16 20 1 0 0 0 1 1
16 21 0 1 1 0 0 1
16 22 1 0 0 0 0 0
16 23 1 1 0 1 1 0
16 24 1 1 0 0 0 1
16 25 0 0 0 0 1 0
16 26 0 0 0 0 1 0
16 27 0 0 0 0 1 0
16 28 0 0 0 0 1 0
16 29 0 0 1 1 1 1
16 30 0 1 0 1 0 0
16 31 1 0 0 1 0 0
17 7 0 0 1 1 1 1
17 8 1 1 0 1 1 0
17 9 0 0 1 1 1 1
17 10 1 0 0 0 0 0
17 11 0 0 1 1 1 1
17 12 1 0 0 0 0 0
17 15 1 1 0 1 1 0
17 16 1 0 0 1 0 1
17 17 1 0 0 0 0 0
17 18 1 1 0 0 0 0
17 19 1 0 1 0 0 1
17 21 1 0 0 0 1 1
17 22 0 1 1 0 0 1
17 23 1 0 0 0 0 0
17 24 1 1 0 1 1 0
17 25 1 1 0 0 0 1
17 26 0 0 0 0 1 0
17 27 0 0 0 0 1 0
17 28 0 0 0 0 1 0
17 29 0 0 1 1 1 1
17 30 0 1 0 1 0 0
17 31 1 0 0 1 0 0
18 9 0 0 1 1 1 1
18 10 1 1 0 1 0 0
18 11 0 0 1 1 1 1
18 12 1 0 0 0 0 0
18 13 0 0 1 1 0 1
18 14 1 0 0 0 0 0
18 15 0 0 1 1 1 1
18 16 1 0 0 0 0 0
18 19 1 1 0 1 1 0
18 20 0 1 0 0 1 1
18 21 1 1 1 0 1 0
18 22 0 1 1 1 1 0
18 23 1 1 1 0 1 1
18 24 1 1 0 1 1 0
18 25 0 1 0 1 0 0
19 19 1 1 1 1 1 0
19 20 0 1 1 0 0 1
19 21 1 1 0 1 1 0
19 22 1 0 0 1 0 1
19 24 1 1 0 0 1 0
19 25 1 1 1 1 1 1
20 5 0 0 0 0 0 0
20 14 0 0 0 0 0 0
20 19 0 0 1 0 0 1
20 20 0 1 1 1 1 0
20 21 1 0 1 0 1 0
20 22 0 0 0 0 1 0
20 23 0 0 0 0 1 0
20 24 0 0 0 0 1 0
20 25 0 0 0 0 1 0
20 26 0 0 0 0 1 0
20 27 0 0 0 0 1 0
20 28 0 0 1 1 1 1
20 29 1 0 0 0 0 0
20 30 0 1 0 1 1 0
20 31 1 1 0 1 0 0
21 9 0 0 1 1 1 1
21 10 1 1 0 1 1 0
21 11 0 0 1 1 1 1
21 12 1 0 0 0 0 0
21 13 0 0 1 1 1 1
21 14 1 0 0 0 0 0
21 15 0 0 1 1 1 1
21 16 1 1 0 0 0 0
21 19 1 1 0 1 1 0
21 20 0 1 0 0 1 1
21 21 1 1 1 0 1 0
21 22 0 1 1 1 1 0
21 23 1 1 1 0 1 1
21 24 1 1 0 1 1 0
21 25 0 1 0 1 0 0
21 27 1 1 1 1 1 0
21 28 0 1 1 0 0 1
22 19 0 0 1 0 0 1
22 20 0 1 1 1 1 0
22 21 1 1 1 0 1 1
22 23 1 1 0 1 1 0
22 24 0 1 0 1 0 0
22 25 1 1 0 1 1 0
22 26 1 0 0 1 0 1
23 19 1 1 0 1 1 0
23 20 1 0 0 1 0 1
23 21 1 0 1 0 0 0
23 22 0 0 1 1 1 0
23 23 1 0 0 1 0 1
23 24 0 0 0 0 1 0
23 25 0 0 0 0 1 0
23 26 0 0 0 0 1 0
23 27 0 0 0 0 1 0
23 28 0 0 1 1 1 1
23 29 1 0 0 0 0 0
23 30 1 0 0 0 0 0
23 31 1 0 0 0 0 0
24 4 0 0 0 0 0 0
24 9 0 0 1 1 1 1
24 10 1 1 0 1 1 0
24 11 0 0 1 1 1 1
24 12 1 0 0 0 0 0
24 13 0 0 1 1 1 1
24 14 1 0 0 0 0 0
24 15 0 0 1 1 1 1
24 16 1 0 0 1 0 0
24 19 1 1 0 1 1 0
24 20 0 1 0 0 1 1
24 21 1 1 1 0 1 0
24 22 0 1 1 1 1 0
24 23 1 1 1 0 1 1
24 24 1 1 0 1 1 0
24 25 0 1 0 1 0 0
24 27 1 0 0 1 1 0
24 28 1 1 0 1 1 1
25 19 0 0 1 0 0 1
25 20 0 1 1 1 1 0
25 21 1 1 1 0 1 1
25 23 1 1 0 1 1 0
25 24 0 1 0 1 0 0
25 25 1 1 0 1 1 0
25 26 1 0 0 1 0 1
26 9 0 0 0 0 0 0
26 19 0 1 1 1 0 0
26 20 0 1 0 0 1 0
26 21 1 0 0 0 1 1
26 22 0 1 0 0 0 1
26 23 0 0 0 0 1 0
26 24 0 0 0 0 1 0
26 25 0 0 0 0 1 0
26 26 0 0 0 0 1 0
26 27 0 0 0 0 1 0
26 28 0 0 1 1 1 1
26 29 1 0 0 0 0 0
26 30 1 0 0 0 0 0
26 31 1 0 0 1 0 0
