1.40
26 48 78 99 129 151 181 202 235 257 284 308 337 358 389 412 442 464 495 517 547 569 597 619 650 673 705 727 757 779 809 835 860 883 913 936 966 988 1018 1041 1071 1093 1122 1145 1175 1197 1228 1251 1281 1303 1333 1355 1385 1407 1437 1459 1489 1511 1541 1563 1593 1615 1645 1667
47 69 91 131 152 175 213 235 259 297 320 344 385 407 432 471 493 517 559 580 603 643 666 689 732 753 777 816 838 862 904 926 951 988 1011 1035 1075 1097 1119 1159 1182 1205 1245 1267 1289 1329 1351 1373 1413 1435 1457 1497 1519 1541 1581 1603 1625 1665 1687 1709 1749 1771 1793 1833 1855 1877 1917 1939 1961 2001 2023 2045 2085 2107 2129 2169 2191 2213 2253 2275 2297
2 7 1 1 1 1 1 0
2 8 0 1 1 0 0 1
2 9 0 1 1 1 0 0
2 10 0 0 0 0 0 0
2 11 0 0 1 0 1 0
2 12 1 0 0 1 0 0
2 13 0 1 0 0 1 1
2 14 1 1 0 0 1 0
2 15 0 0 0 0 0 0
2 17 0 1 0 1 0 0
2 18 1 1 1 0 0 1
2 19 1 0 0 1 0 0
2 20 1 1 1 0 0 1
2 21 0 0 0 1 0 0
2 22 1 1 1 0 0 1
2 23 1 1 0 1 1 0
2 24 1 1 1 0 0 1
3 6 1 1 1 0 1 0
3 7 0 1 1 1 1 1
3 8 1 0 0 0 0 1
3 10 1 0 1 1 0 0
3 11 1 1 0 1 1 0
3 12 1 0 0 0 1 0
3 13 1 1 0 1 1 0
3 14 0 0 1 0 0 1
4 2 0 0 0 1 0 0
4 3 0 1 0 1 0 0
4 4 0 0 0 1 0 0
4 5 1 1 1 0 0 1
4 6 0 1 0 0 0 0
4 7 0 1 0 0 0 0
4 8 0 1 0 0 0 0
4 9 0 1 0 0 0 0
4 10 0 1 0 0 0 0
4 11 0 1 0 0 0 0
4 12 0 1 0 0 0 0
4 13 0 0 0 0 1 0
4 14 1 0 1 1 0 0
4 21 0 0 0 0 0 0
5 6 1 1 1 1 1 0
5 7 1 1 0 1 0 0
5 8 0 0 0 0 0 1
5 9 1 0 1 1 1 1
5 10 0 0 0 1 0 0
5 11 0 0 0 0 0 1
5 12 1 1 0 1 1 1
5 13 0 1 0 0 1 1
5 14 1 1 0 0 1 0
5 17 1 0 0 1 1 0
5 18 1 1 1 0 0 1
5 19 1 0 0 1 0 0
5 20 1 1 1 0 0 1
5 21 0 0 0 1 0 0
5 22 1 1 1 0 0 1
5 23 1 1 0 1 1 0
5 24 1 1 1 0 0 1
5 32 0 0 0 0 0 0
6 5 0 0 0 0 1 0
6 6 1 0 0 0 1 0
6 7 0 0 0 1 1 1
6 8 0 1 1 0 0 1
6 9 1 0 0 1 1 0
6 11 0 1 0 1 0 0
6 12 1 1 0 1 1 0
6 13 1 1 1 1 1 0
6 14 1 1 0 1 1 0
6 19 0 0 0 0 0 0
7 6 0 0 0 0 0 0
7 7 1 0 1 0 1 0
7 8 1 1 0 1 0 0
7 9 0 0 0 0 1 1
7 10 0 1 1 0 0 1
7 11 1 1 0 0 1 0
7 13 0 0 1 1 1 1
7 14 0 0 0 1 1 0
7 16 0 0 0 0 0 0
7 17 0 0 0 0 0 0
7 22 0 0 0 0 0 0
8 2 1 0 0 1 0 0
8 3 0 1 0 1 0 0
8 4 0 0 0 1 0 0
8 5 1 1 1 0 0 1
8 6 0 1 0 0 0 0
8 7 0 1 0 0 0 0
8 8 0 1 0 0 0 0
8 9 0 1 0 1 0 0
8 10 0 1 0 0 0 0
8 11 0 0 1 0 1 1
8 12 0 1 1 1 0 0
8 13 0 1 0 0 1 0
8 14 1 0 0 0 1 1
9 8 0 1 1 0 1 0
9 9 0 1 1 1 0 1
9 11 1 1 1 1 1 0
9 12 1 1 0 1 1 0
9 13 0 0 0 0 1 1
9 14 1 1 1 1 1 0
9 17 1 1 0 1 1 0
9 18 1 1 1 0 0 1
9 19 1 0 0 1 0 0
9 20 1 1 1 0 0 1
9 21 0 0 0 1 0 0
9 22 1 1 1 0 0 1
9 23 1 1 0 1 1 0
9 24 1 1 1 0 0 1
10 2 0 1 0 1 1 0
10 3 0 1 0 1 0 0
10 4 0 0 0 1 0 0
10 5 1 1 1 0 0 1
10 6 0 1 0 0 0 0
10 7 0 1 0 0 0 0
10 8 0 1 0 0 0 0
10 9 0 1 0 0 0 0
10 10 1 1 1 0 0 1
10 11 1 0 0 0 0 1
10 12 0 0 1 0 1 0
10 13 0 1 0 1 1 0
10 14 0 0 1 0 0 1
10 15 0 0 0 0 0 0
11 9 0 1 0 1 0 0
11 10 1 1 0 1 1 0
11 11 1 1 1 1 1 0
11 12 1 1 0 1 1 0
11 13 0 0 0 0 1 1
11 14 1 1 1 1 1 0
11 17 0 1 0 1 1 0
11 18 1 1 1 0 0 1
11 19 1 0 0 1 0 0
11 20 1 1 1 0 0 1
11 21 0 0 0 1 0 0
11 22 1 1 1 0 0 1
11 23 1 1 0 1 1 0
11 24 1 1 1 0 0 1
12 2 0 0 0 1 1 0
12 3 1 0 0 1 1 0
12 4 0 0 0 1 0 0
12 5 1 1 1 0 0 1
12 6 0 1 0 0 0 0
12 7 0 1 0 0 0 0
12 8 0 1 0 0 0 0
12 9 0 1 0 0 0 0
12 10 0 1 0 0 0 0
12 11 0 0 1 0 1 1
12 12 0 1 1 1 0 0
12 13 0 1 1 1 1 0
12 14 1 1 0 1 0 1
12 15 0 0 0 0 0 0
12 26 0 0 0 0 0 0
13 20 0 0 0 0 0 0
13 25 0 0 0 0 0 0
14 7 0 0 0 0 0 0
14 14 0 0 0 0 0 0
15 14 0 0 0 0 0 0
19 26 0 0 0 0 0 0
20 19 0 0 0 0 0 0
20 28 0 0 0 0 0 0
21 19 0 0 0 0 0 0
21 22 0 0 0 0 0 0
22 19 0 0 0 0 0 0
23 26 0 0 0 0 0 0
24 15 0 0 0 0 0 0
25 21 0 0 0 0 0 0
25 22 0 0 0 0 0 0
25 31 0 0 0 0 0 0
