1.60
47 67 94 114 142 162 189 209 236 256 284 306 338 359 389 411 441 462 493 515 546 569 597 620 650 671 703 724 755 777 807 832 860 882 911 933 963 985 1017 1038 1068 1090 1120 1142 1172 1194 1225 1246 1277 1298 1328 1350 1381 1402 1432 1454 1485 1505 1537 1558 1590 1611 1638 1658 1685 1705
44 64 84 122 143 168 206 227 252 291 312 336 377 399 424 465 487 511 552 573 598 638 660 684 725 746 769 811 833 856 896 918 942 983 1006 1029 1067 1090 1114 1156 1178 1202 1240 1262 1286 1327 1349 1373 1413 1434 1458 1498 1520 1544 1585 1606 1630 1670 1693 1716 1756 1778 1802 1841 1863 1886 1929 1950 1974 2011 2035 2058 2096 2116 2136 2174 2194 2214 2273 2293 2311
2 4 0 0 0 0 0 0
2 8 0 0 1 1 1 1
2 9 1 1 0 1 1 0
2 10 0 0 1 1 1 1
2 11 1 0 0 0 0 0
2 12 0 0 1 1 1 1
2 13 1 0 0 0 0 0
2 14 0 0 1 1 1 1
2 15 1 0 0 1 1 0
2 18 1 1 0 1 1 0
2 19 0 1 1 0 0 1
2 20 1 0 0 0 1 1
2 21 0 1 1 0 0 1
2 22 1 1 0 1 1 0
2 23 0 1 0 1 0 0
2 25 1 1 0 1 1 0
2 26 0 1 0 1 0 0
2 27 1 1 0 1 1 0
2 28 1 0 0 1 0 1
3 8 0 0 0 0 0 0
3 10 0 0 0 0 0 0
3 11 0 0 0 0 0 0
3 13 0 0 0 0 0 0
3 18 0 0 1 0 0 1
3 19 1 0 0 1 0 1
3 20 0 0 0 1 0 0
3 22 1 1 0 1 1 0
3 23 0 1 1 0 0 1
3 24 1 0 0 0 1 1
3 25 0 1 1 0 0 1
3 26 1 1 0 1 1 0
3 27 0 1 0 1 0 0
4 8 0 0 0 0 0 0
4 14 0 0 0 0 0 0
4 18 1 1 0 1 1 0
4 19 0 1 0 1 0 0
4 20 1 1 0 1 1 0
4 21 1 0 0 1 0 1
4 23 1 1 0 1 1 0
4 24 0 1 0 1 0 1
4 25 1 1 0 0 1 0
4 26 1 0 1 1 1 1
4 27 0 0 0 0 1 0
4 28 0 0 1 1 1 1
4 29 1 0 0 0 0 0
4 30 1 0 0 0 0 0
4 31 1 0 0 0 1 0
5 8 0 0 1 1 1 1
5 9 1 1 0 1 1 0
5 10 0 0 1 1 1 1
5 11 1 0 0 0 0 0
5 12 0 0 1 1 1 1
5 13 1 0 0 0 0 0
5 14 0 0 1 1 1 1
5 15 1 0 0 0 1 0
5 18 1 1 0 1 1 0
5 19 1 0 0 1 0 1
5 20 1 1 0 1 0 0
5 21 0 0 1 1 1 1
5 23 1 1 0 0 1 0
5 25 1 1 0 0 1 0
5 26 1 1 1 1 1 1
5 27 1 0 1 1 1 0
5 28 0 1 1 0 0 1
5 29 0 0 0 0 0 0
6 12 0 0 0 0 0 0
6 14 0 0 0 0 0 0
6 18 0 0 1 0 0 1
6 19 1 0 0 1 0 1
6 20 0 1 0 0 0 0
6 21 0 0 0 0 1 0
6 22 0 0 0 0 1 0
6 23 0 0 0 0 1 0
6 24 0 0 0 0 1 0
6 25 0 0 0 0 1 0
6 26 0 0 0 0 1 0
6 27 0 0 0 0 1 0
6 28 0 0 1 1 1 1
6 29 1 0 0 0 0 0
6 30 1 0 0 0 0 0
6 31 0 1 0 1 0 0
7 6 0 0 1 1 1 1
7 7 1 1 0 1 1 0
7 8 0 0 1 1 1 1
7 9 1 0 0 0 0 0
7 10 0 0 1 1 1 1
7 11 1 1 0 0 0 0
7 14 0 0 1 1 0 0
7 15 1 1 1 0 1 1
7 16 1 1 0 0 0 0
7 17 1 0 1 0 0 1
7 19 1 0 0 0 1 1
7 20 0 1 1 0 0 1
7 21 1 0 0 0 0 0
7 22 1 1 0 1 1 0
7 23 1 1 0 0 0 1
7 24 0 0 0 0 1 0
7 25 0 0 0 0 1 0
7 26 0 0 0 0 1 0
7 27 0 0 0 0 1 0
7 28 0 0 1 1 1 1
7 29 1 0 0 0 0 0
7 30 1 1 0 0 0 0
7 31 1 1 0 0 0 0
8 6 0 0 0 0 0 0
8 8 0 0 1 1 1 1
8 9 1 1 0 1 1 0
8 10 0 0 1 1 1 1
8 11 1 0 0 0 0 0
8 12 0 0 1 1 1 1
8 13 1 1 0 0 0 0
8 14 0 0 1 1 1 1
8 15 1 0 0 0 0 0
8 18 1 1 0 1 1 0
8 19 0 1 0 0 1 1
8 20 1 1 0 1 1 0
8 21 1 0 1 0 0 1
8 23 1 0 1 1 1 1
8 24 1 0 0 0 1 1
8 25 0 1 1 0 0 1
8 26 1 0 1 0 0 0
8 27 0 1 0 0 0 1
9 17 0 0 0 0 0 0
9 18 0 0 1 0 0 1
9 19 1 0 0 1 0 1
9 20 0 0 0 0 1 0
9 21 0 0 0 0 1 0
9 22 0 0 0 0 1 0
9 23 0 0 0 0 1 0
9 24 0 0 0 0 1 0
9 25 0 0 0 0 1 0
9 26 0 0 0 0 1 0
9 27 0 0 0 0 1 0
9 28 0 0 1 1 1 1
9 29 1 0 0 0 0 0
9 30 1 1 0 0 0 0
9 31 1 0 0 1 1 0
10 8 0 0 1 1 1 1
10 9 1 1 0 1 1 0
10 10 0 0 1 1 1 1
10 11 1 0 0 0 0 0
10 12 0 0 1 1 1 1
10 13 1 1 0 0 0 0
10 14 0 0 1 1 1 1
10 15 1 1 0 0 0 0
10 18 1 1 0 1 1 0
10 19 0 1 0 0 1 1
10 20 1 1 0 1 1 0
10 21 1 0 1 0 0 1
10 23 1 0 1 1 1 0
10 24 0 1 1 1 0 1
10 25 1 0 0 0 1 1
10 26 0 1 1 0 0 1
11 18 0 0 1 0 0 1
11 19 1 0 1 0 0 0
11 20 0 1 0 0 0 1
11 21 1 0 0 1 0 1
11 22 0 0 0 0 1 0
11 23 0 0 0 0 1 0
11 24 0 0 0 0 1 0
11 25 0 0 0 0 1 0
11 26 0 0 0 0 1 0
11 27 0 0 0 0 1 0
11 28 0 0 1 1 1 1
11 29 1 0 0 0 0 0
11 30 1 1 0 0 0 0
11 31 0 1 0 1 0 0
12 8 0 0 1 1 1 1
12 9 1 1 0 1 1 0
12 10 0 0 1 1 1 1
12 11 1 0 0 0 0 0
12 12 0 0 1 1 1 1
12 13 1 1 0 0 0 0
12 14 0 0 1 1 1 1
12 15 1 0 0 1 0 0
12 18 1 1 1 1 1 0
12 19 0 0 1 0 0 0
12 20 1 1 0 1 1 0
12 21 1 0 1 0 0 1
12 23 1 0 0 0 0 1
12 24 1 0 0 0 0 0
12 25 1 0 1 0 1 1
12 26 0 1 0 1 1 1
12 30 0 0 0 0 0 0
13 18 1 1 0 0 1 0
13 19 1 1 1 1 1 1
13 20 1 0 1 1 1 0
13 21 0 1 1 0 0 1
13 22 1 0 0 1 0 1
13 23 0 0 0 0 1 0
13 24 0 0 0 0 1 0
13 25 0 0 0 0 1 0
13 26 0 0 0 0 1 0
13 27 0 0 0 0 1 0
13 28 0 0 1 1 1 1
13 29 1 0 0 0 0 0
13 30 1 0 0 1 0 0
13 31 0 1 0 1 1 0
14 6 0 0 1 1 1 1
14 7 1 1 0 1 1 0
14 8 0 0 1 1 1 1
14 9 1 0 0 0 0 0
14 10 0 0 1 1 1 1
14 11 1 0 0 1 0 0
14 14 1 1 0 1 1 1
14 15 0 1 1 0 0 0
14 17 0 0 1 1 0 1
14 19 1 0 0 0 1 1
14 20 1 1 1 0 1 1
14 21 1 1 0 0 0 0
14 22 1 0 1 0 0 1
15 14 1 0 0 0 1 1
15 15 0 1 1 0 0 1
15 16 1 0 0 0 0 0
15 17 1 1 0 1 1 0
15 18 1 1 0 0 0 1
15 19 0 0 0 0 1 0
15 20 0 0 0 0 1 0
15 21 0 0 0 0 1 0
15 22 0 0 0 0 1 0
15 23 0 0 0 0 1 0
15 24 0 0 0 0 1 0
15 25 0 0 0 0 1 0
15 26 0 0 0 0 1 0
15 27 0 0 0 0 1 0
15 28 0 0 1 1 1 1
15 29 1 0 0 0 0 0
15 30 1 0 0 1 0 0
15 31 1 1 0 0 0 0
16 8 0 0 1 1 1 1
16 9 1 1 0 1 1 0
16 10 0 0 1 1 1 1
16 11 1 0 0 0 0 0
16 12 0 0 1 1 1 1
16 13 1 0 0 1 0 0
16 14 0 0 1 1 1 1
16 15 1 0 0 0 0 0
16 18 0 1 0 1 1 0
16 19 0 1 1 0 1 0
16 20 1 1 0 1 1 0
16 21 1 0 1 0 0 1
16 23 1 1 0 1 1 0
16 24 1 0 0 0 0 1
16 25 0 1 1 1 1 0
16 26 1 0 1 0 0 1
17 15 0 0 0 0 0 0
17 18 0 0 1 0 0 1
17 19 1 1 0 0 0 0
17 20 1 0 1 0 0 1
17 22 1 1 0 0 1 0
17 23 1 1 0 1 0 1
17 24 0 0 1 1 0 0
17 25 0 1 0 1 0 1
17 26 1 1 0 0 1 0
17 27 1 0 0 0 0 1
18 18 1 1 0 1 1 0
18 19 1 0 0 1 0 1
18 20 1 0 1 0 0 0
18 21 0 0 1 1 1 0
18 22 1 0 0 1 0 1
18 23 0 0 0 0 1 0
18 24 0 0 0 0 1 0
18 25 0 0 0 0 1 0
18 26 0 0 0 0 1 0
18 27 0 0 0 0 1 0
18 28 0 0 1 1 1 1
18 29 1 0 0 0 0 0
18 30 1 0 0 1 0 0
18 31 0 1 0 1 0 0
19 8 0 0 1 1 1 1
19 9 1 1 0 1 1 0
19 10 0 0 1 1 1 1
19 11 1 0 0 0 0 0
19 12 0 0 1 1 1 1
19 13 1 0 0 1 0 0
19 14 0 0 1 1 1 1
19 15 1 1 0 0 0 0
19 18 0 0 1 1 0 0
19 19 0 0 1 0 0 0
19 20 1 1 0 0 0 0
19 21 1 0 1 0 0 1
19 23 1 1 0 1 1 0
19 24 1 0 0 1 0 1
19 25 1 0 1 0 0 0
19 26 0 0 1 1 1 0
20 18 0 0 1 0 0 1
20 19 1 0 0 1 0 1
20 20 0 0 0 0 1 0
20 21 0 0 0 0 1 0
20 22 0 0 0 0 1 0
20 23 0 0 0 0 1 0
20 24 0 0 0 0 1 0
20 25 0 0 0 0 1 0
20 26 0 0 0 0 1 0
20 27 0 0 0 0 1 0
20 28 0 0 1 1 1 1
20 29 1 0 0 0 0 0
20 30 1 0 0 1 1 0
20 31 1 0 0 1 0 0
21 8 0 0 1 1 1 1
21 9 1 1 0 1 1 0
21 10 0 0 1 1 1 1
21 11 1 0 0 0 0 0
21 12 0 0 1 1 1 1
21 13 1 0 0 1 0 0
21 14 0 0 1 1 1 1
21 15 1 0 0 1 0 0
21 18 1 1 0 1 1 0
21 19 1 0 0 1 0 1
21 20 1 0 1 0 0 0
21 21 0 0 1 1 1 0
21 23 1 0 1 1 1 0
21 24 0 1 1 0 0 1
22 18 0 0 1 0 0 1
22 19 0 0 1 1 0 0
22 20 0 1 0 0 1 1
22 21 0 0 0 0 1 0
22 22 0 0 0 0 1 0
22 23 0 0 0 0 1 0
22 24 0 0 0 0 1 0
22 25 0 0 0 0 1 0
22 26 0 0 0 0 1 0
22 27 0 0 0 0 1 0
22 28 0 0 1 1 1 1
22 29 1 0 0 0 0 0
22 30 1 0 0 1 1 0
22 31 1 1 0 1 0 0
23 8 0 0 1 1 1 1
23 9 1 1 0 1 1 0
23 10 0 0 1 1 1 1
23 11 1 0 0 0 0 0
23 12 0 0 1 1 1 1
23 13 1 0 0 1 0 0
23 14 0 0 1 1 1 1
23 15 1 0 0 1 1 0
23 18 0 0 1 1 0 0
23 19 0 0 1 0 0 0
23 20 1 1 0 1 1 0
23 21 1 0 0 1 0 1
23 23 1 1 0 1 1 0
23 24 1 1 0 1 1 1
23 25 1 1 0 1 1 0
23 26 1 0 0 0 1 0
24 6 0 0 0 0 0 0
24 18 1 0 1 1 1 0
24 19 1 1 0 0 1 1
24 20 1 0 0 0 1 1
24 21 0 1 1 0 0 1
24 22 0 0 0 0 1 0
24 23 0 0 0 0 1 0
24 24 0 0 0 0 1 0
24 25 0 0 0 0 1 0
24 26 0 0 0 0 1 0
24 27 0 0 0 0 1 0
24 28 0 0 1 1 1 1
24 29 1 0 0 0 0 0
24 30 1 0 0 1 1 0
24 31 1 1 0 0 1 0
27 30 0 0 1 1 1 1
27 31 0 1 0 0 1 0
5 24 1 0 0 1 0 1
