-0.50
52 74 105 127 159 179 210 232 262 284 313 334 366 387 418 440 469 491 522 544 574 596 626 647 678 700 730 753 783 805 835 856 887 909 939 961 992 1014 1045 1065 1097 1120 1151 1171 1201 1223 1254 1276 1306 1328 1358 1379 1410 1433 1464 1485 1516 1537 1568 1589 1620 1641 1672 1693
73 95 121 158 179 206 243 265 288 331 352 377 417 439 464 505 526 550 591 613 636 676 698 721 764 785 809 847 869 893 936 958 981 1020 1043 1067 1109 1131 1154 1192 1215 1239 1280 1301 1326 1364 1387 1411 1450 1472 1496 1538 1559 1584 1620 1643 1668 1709 1731 1756 1791 1815 1838 1882 1903 1928 1963 1987 2010 2050 2073 2096 2136 2159 2182 2222 2244 2267
1 5 1 0 1 1 0 0
1 6 1 1 0 1 1 0
1 7 1 0 0 0 1 0
1 8 1 1 0 1 1 0
1 10 1 0 0 0 1 0
1 11 1 1 0 1 1 0
1 12 0 0 1 0 1 1
1 13 0 1 1 1 0 0
1 14 0 0 1 0 1 1
1 15 1 1 0 1 1 0
1 18 1 1 0 1 0 0
1 19 1 1 1 0 0 1
1 20 0 0 0 1 0 0
1 21 1 1 1 0 0 1
1 22 0 0 0 1 0 0
1 23 1 1 1 0 0 1
1 24 1 1 0 1 1 0
1 25 1 1 1 0 0 1
1 29 0 0 0 0 0 0
2 6 1 0 0 0 1 0
2 7 1 1 0 1 1 0
2 8 0 0 1 0 1 1
2 9 0 1 1 1 0 0
2 10 0 0 1 0 1 1
2 11 1 1 0 1 1 0
2 13 1 0 0 0 0 0
2 14 1 0 1 1 0 0
2 15 0 0 1 0 0 1
2 20 0 0 0 0 0 0
2 22 0 0 0 0 0 0
2 23 0 0 0 0 0 0
2 25 0 0 0 0 0 0
3 2 0 1 0 1 0 0
3 3 0 0 0 1 0 0
3 4 0 0 0 1 0 0
3 5 1 1 1 0 0 1
3 6 0 1 0 0 0 0
3 7 1 1 1 1 0 1
3 8 0 1 0 1 1 0
3 9 1 0 1 0 1 0
3 10 1 1 0 1 1 0
3 12 1 0 1 1 0 0
3 13 1 1 0 1 1 0
3 14 1 0 0 0 1 0
3 15 1 1 0 1 1 0
3 19 0 0 0 0 0 0
3 25 0 0 0 0 0 0
4 4 0 0 0 0 0 0
4 5 0 0 1 0 1 1
4 6 1 1 0 1 0 1
4 7 1 1 1 1 1 1
4 8 0 1 0 1 1 0
4 9 1 0 1 1 0 0
4 10 0 1 0 1 1 0
4 12 1 1 1 0 0 1
4 13 1 0 0 1 1 0
4 14 1 0 1 1 0 0
4 15 1 1 0 1 1 0
4 18 0 1 0 1 0 0
4 19 1 1 1 0 0 1
4 20 0 0 0 1 0 0
4 21 1 1 1 0 0 1
4 22 0 0 0 1 0 0
4 23 1 1 1 0 0 1
4 24 1 1 0 1 1 0
4 25 1 1 1 0 0 1
5 2 1 0 0 0 1 0
5 3 0 0 0 1 0 0
5 4 0 0 0 1 0 0
5 5 1 1 1 0 0 1
5 6 0 1 0 0 0 0
5 7 0 1 0 0 0 0
5 8 0 1 0 0 0 0
5 9 0 1 0 0 0 0
5 10 0 1 0 0 0 0
5 11 0 1 0 0 0 0
5 12 0 1 0 0 0 0
5 13 0 0 0 0 1 0
5 14 1 0 1 1 0 0
5 15 0 0 1 0 0 1
5 19 0 0 0 0 0 0
5 21 0 0 0 0 0 0
6 2 0 0 0 1 1 0
6 3 0 0 0 1 1 0
6 4 0 0 0 1 0 0
6 5 1 1 1 0 0 1
6 6 0 1 0 0 0 0
6 7 0 1 0 0 0 0
6 8 0 1 0 0 0 0
6 9 0 1 0 0 0 0
6 10 0 0 1 1 1 0
6 11 1 1 0 1 1 0
6 12 0 0 0 1 0 0
6 13 0 0 1 0 1 1
6 14 0 1 1 1 0 0
6 16 0 0 1 1 0 1
6 17 0 0 0 1 1 0
6 18 0 1 1 1 1 1
6 19 1 0 0 0 0 1
6 22 0 0 0 1 1 0
6 23 1 1 1 0 0 1
6 24 0 0 0 1 0 0
6 25 1 1 1 0 0 1
6 26 1 1 0 1 1 0
6 27 1 1 1 0 0 1
7 6 0 0 1 0 1 0
7 7 0 0 0 1 0 1
7 8 0 0 1 0 1 1
7 9 0 1 1 1 0 0
7 10 1 1 1 1 0 1
7 12 0 0 1 1 0 1
7 13 1 1 0 1 1 0
7 14 0 1 1 0 1 0
7 15 1 1 0 1 1 0
7 18 0 0 0 1 0 0
7 19 1 1 1 0 0 1
7 20 0 0 0 1 1 0
7 21 1 1 1 0 0 1
7 22 0 0 0 1 0 0
7 23 1 1 1 0 0 1
7 24 1 1 0 1 1 0
7 25 1 1 1 0 0 1
7 27 0 0 0 0 0 0
8 2 1 1 0 1 0 0
8 3 0 0 0 1 1 0
8 4 0 0 0 1 0 0
8 5 1 1 1 0 0 1
8 6 0 1 0 0 0 0
8 7 0 1 0 0 0 0
8 8 0 1 0 0 0 0
8 9 0 1 0 0 0 0
8 10 0 1 0 0 0 0
8 11 0 1 0 0 0 0
8 12 0 1 0 0 0 0
8 13 0 1 0 0 0 0
8 14 1 0 1 1 0 0
8 15 0 0 1 0 0 1
8 16 0 0 0 0 0 0
9 7 0 0 1 0 1 1
9 8 0 1 1 1 0 0
9 9 1 0 1 0 1 1
9 10 1 1 0 1 0 1
9 12 0 0 1 1 0 1
9 13 1 1 0 1 1 0
9 14 0 1 1 0 1 0
9 15 1 1 0 1 1 0
9 18 0 0 0 1 1 0
9 19 1 1 1 0 0 1
9 20 0 0 0 1 1 0
9 21 1 1 1 0 0 1
9 22 0 0 0 1 0 0
9 23 1 1 1 0 0 1
9 24 1 1 0 1 1 0
9 25 1 1 1 0 0 1
10 2 1 0 0 0 1 0
10 3 0 0 0 1 1 0
10 4 0 0 0 1 0 0
10 5 1 1 1 0 0 1
10 6 0 1 0 0 0 0
10 7 0 1 0 0 0 0
10 8 0 1 0 0 0 0
10 9 0 1 0 0 0 0
10 10 0 1 0 0 0 0
10 11 0 1 0 0 0 0
10 12 1 0 1 1 0 0
10 13 0 0 1 0 1 0
10 14 0 0 0 1 0 1
10 15 0 0 1 0 0 1
11 3 0 0 0 0 0 0
11 7 1 1 1 0 1 0
11 8 0 1 1 1 0 1
11 9 0 0 0 1 0 0
11 10 0 0 1 1 0 0
11 12 0 0 1 1 0 1
11 13 1 1 0 1 1 0
11 14 0 0 0 0 0 1
11 15 1 1 0 1 1 1
11 18 1 0 0 1 0 0
11 19 1 1 1 0 0 1
11 20 0 0 0 1 1 0
11 21 1 1 1 0 0 1
11 22 0 0 0 1 0 0
11 23 1 1 1 0 0 1
11 24 1 1 0 1 1 0
11 25 1 1 1 0 0 1
12 2 1 1 0 0 1 0
12 3 1 0 0 1 0 0
12 4 0 0 0 1 0 0
12 5 1 1 1 0 0 1
12 6 0 1 0 0 0 0
12 7 0 1 0 0 0 0
12 8 0 1 0 0 0 0
12 9 0 1 0 0 0 0
12 10 0 1 0 0 0 0
12 11 1 0 1 1 0 0
12 12 0 0 1 0 1 1
12 13 1 1 0 1 0 1
12 14 1 1 1 1 1 1
12 15 0 1 0 1 1 0
13 11 0 0 1 1 0 1
13 12 0 0 0 1 1 0
13 13 0 1 1 1 1 1
13 14 0 1 1 1 0 0
13 16 1 0 1 0 0 1
13 18 0 0 0 0 1 1
13 19 1 1 1 1 1 0
13 22 1 0 0 1 0 0
13 23 1 1 1 0 0 1
13 24 0 0 0 1 0 0
13 25 1 1 1 0 0 1
13 26 1 1 0 1 1 0
13 27 1 1 1 0 0 1
14 2 0 0 0 1 1 0
14 3 1 0 0 1 0 0
14 4 0 0 0 1 0 0
14 5 1 1 1 0 0 1
14 6 0 1 0 0 0 0
14 7 0 1 0 0 0 0
14 8 0 1 0 0 0 0
14 9 0 1 0 0 0 0
14 10 0 1 0 0 0 0
14 11 0 1 0 0 0 0
14 12 0 1 0 0 0 0
14 13 0 1 0 0 0 0
14 14 0 1 0 0 0 0
14 15 0 0 1 1 1 0
14 16 1 1 0 1 1 0
14 17 0 0 0 1 0 0
14 18 0 0 1 0 1 1
14 19 0 1 1 1 0 0
15 7 0 0 1 1 0 1
15 8 1 1 0 0 1 1
15 9 0 0 1 1 0 0
15 10 1 1 0 1 1 0
15 12 0 0 1 1 0 1
15 13 1 1 0 1 1 0
15 14 0 1 0 0 1 1
15 15 1 1 0 0 1 0
15 18 0 0 0 1 0 0
15 19 1 1 1 0 0 1
15 20 1 0 0 1 0 0
15 21 1 1 1 0 0 1
15 22 0 0 0 1 0 0
15 23 1 1 1 0 0 1
15 24 1 1 0 1 1 0
15 25 1 1 1 0 0 1
16 6 0 0 1 1 0 0
16 7 0 1 0 1 1 0
16 8 1 0 1 0 1 0
16 9 1 0 0 0 0 1
16 10 1 0 1 1 1 0
16 11 0 1 0 1 1 0
16 13 0 0 1 1 0 1
16 14 0 0 0 1 1 0
16 15 0 0 1 0 0 1
16 18 0 0 0 0 0 0
17 2 1 0 0 0 1 0
17 3 1 0 0 1 0 0
17 4 0 0 0 1 0 0
17 5 1 1 1 0 0 1
17 6 0 1 0 0 0 0
17 7 0 1 0 0 0 0
17 8 0 1 0 0 0 0
17 9 0 1 0 0 0 0
17 10 0 1 0 0 0 0
17 11 1 0 1 1 0 0
17 12 1 1 0 0 0 1
17 13 0 0 0 1 0 1
17 14 1 0 1 1 0 0
17 15 1 1 0 1 1 0
18 7 1 1 0 0 0 1
18 8 0 0 0 1 0 1
18 9 1 0 1 1 0 0
18 10 1 1 0 1 1 0
18 12 0 0 1 1 0 1
18 13 0 0 0 1 1 0
18 14 0 0 0 0 0 1
18 15 1 0 0 0 0 1
18 18 0 0 0 1 1 0
18 19 1 1 1 0 0 1
18 20 1 0 0 1 0 0
18 21 1 1 1 0 0 1
18 22 0 0 0 1 0 0
18 23 1 1 1 0 0 1
18 24 1 1 0 1 1 0
18 25 1 1 1 0 0 1
19 2 1 0 0 1 0 0
19 3 1 1 0 1 0 0
19 4 0 0 0 1 0 0
19 5 1 1 1 0 0 1
19 6 0 1 0 0 0 0
19 7 0 1 0 0 0 0
19 8 0 1 0 0 0 0
19 9 0 1 0 0 0 0
19 10 0 1 0 0 0 0
19 11 0 1 0 0 0 0
19 12 0 1 0 0 0 0
19 13 0 1 0 0 0 0
19 14 1 0 1 1 0 0
19 15 0 0 1 0 0 1
20 9 0 0 1 0 1 1
20 10 1 1 0 1 0 1
20 12 1 1 0 0 0 1
20 13 0 0 0 1 0 1
20 14 1 0 1 1 0 0
20 15 1 1 0 1 1 0
20 18 1 0 0 1 0 0
20 19 1 1 1 0 0 1
20 20 1 0 0 1 0 0
20 21 1 1 1 0 0 1
20 22 0 0 0 1 0 0
20 23 1 1 1 0 0 1
20 24 1 1 0 1 1 0
20 25 1 1 1 0 0 1
21 2 1 0 0 1 1 0
21 3 1 1 0 1 0 0
21 4 0 0 0 1 0 0
21 5 1 1 1 0 0 1
21 6 0 1 0 0 0 0
21 7 0 1 0 0 0 0
21 8 0 1 0 0 0 0
21 9 0 1 0 0 0 0
21 10 0 1 0 0 0 0
21 11 0 1 0 0 0 0
21 12 0 1 0 0 0 0
21 13 0 1 1 0 1 0
21 14 1 0 0 0 0 1
21 15 0 0 1 0 0 1
22 7 0 1 0 1 0 0
22 8 1 1 0 1 1 0
22 9 1 1 1 1 1 0
22 10 1 1 0 1 1 0
22 12 1 0 1 1 0 0
22 13 1 1 0 1 1 0
22 14 0 0 0 0 0 1
22 15 1 0 0 0 0 1
22 18 1 1 0 1 0 0
22 19 1 1 1 0 0 1
22 20 1 0 0 1 0 0
22 21 1 1 1 0 0 1
22 22 0 0 0 1 0 0
22 23 1 1 1 0 0 1
22 24 1 1 0 1 1 0
22 25 1 1 1 0 0 1
23 2 0 1 0 1 1 0
23 3 1 1 0 1 0 0
23 4 0 0 0 1 0 0
23 5 1 1 1 0 0 1
23 6 0 1 0 0 0 0
23 7 0 1 0 0 0 0
23 8 0 1 0 0 0 0
23 9 0 1 0 0 0 0
23 10 0 1 0 0 0 0
23 11 0 1 0 0 0 0
23 12 0 0 1 0 1 1
23 13 0 1 1 1 0 0
23 14 0 1 1 1 1 0
23 15 1 1 0 1 0 1
23 27 0 0 0 0 0 0
26 2 0 1 0 0 1 0
26 3 1 1 1 0 0 1
