-0.40
33 53 80 100 127 147 175 195 222 242 269 289 317 337 364 384 411 431 459 482 513 535 567 588 620 642 670 692 723 748 775 797 827 855 889 909 936 956 984 1005 1037 1059 1089 1111 1141 1163 1192 1215 1247 1268 1299 1321 1352 1373 1405 1425 1454 1475 1507 1527 1559 1581 1611 1633 1660 1680
84 107 131 170 191 215 254 277 300 341 362 388 427 449 473 514 538 560 600 623 647 687 709 732 773 795 820 860 882 905 945 967 992 1030 1050 1070 1108 1128 1148 1186 1206 1226 1264 1284 1304 1342 1362 1382 1420 1440 1460 1498 1518 1538 1576 1596 1616 1654 1674 1694 1732 1752 1772 1810 1830 1850 1888 1908 1928 1966 1986 2006 2044 2064 2084 2122 2142 2162 2200 2220 2240 2278 2298 2318
1 10 0 0 1 1 1 1
1 11 1 1 0 1 1 0
1 12 0 0 1 1 1 1
1 13 1 0 0 0 0 0
1 14 0 0 1 1 1 1
1 15 1 0 0 1 0 0
1 16 0 0 1 1 1 1
1 17 1 0 0 0 1 0
1 19 0 0 0 0 0 0
1 20 0 1 0 1 1 0
1 21 0 1 1 0 1 0
1 22 1 0 0 1 0 0
1 23 0 1 0 0 0 1
1 24 0 0 0 0 0 0
1 25 1 0 0 0 1 1
1 26 0 0 1 0 1 1
1 27 1 1 0 1 1 1
2 20 0 0 1 0 0 1
2 21 1 1 0 1 1 0
2 22 0 1 0 1 0 0
2 23 1 1 0 1 1 0
2 24 1 0 0 1 0 1
2 26 0 0 1 1 0 0
2 27 1 1 1 0 1 1
2 28 0 1 0 1 1 1
3 13 0 0 0 0 0 0
3 20 1 0 0 1 0 1
3 21 0 1 0 0 0 0
3 22 0 0 0 0 1 0
3 23 0 0 0 0 1 0
3 24 0 0 0 0 1 0
3 25 0 0 0 0 1 0
3 26 0 0 0 0 1 0
3 27 0 0 0 0 1 0
3 28 0 0 0 0 1 0
3 29 0 0 1 1 1 1
3 30 1 0 0 0 0 0
3 31 1 0 0 0 1 0
3 32 1 0 0 0 0 0
4 2 0 0 0 0 0 0
4 10 0 0 1 1 1 1
4 11 1 1 0 1 1 0
4 12 0 0 1 1 1 1
4 13 1 0 0 0 0 0
4 14 0 0 1 1 1 1
4 15 1 0 0 1 0 0
4 16 0 0 1 1 1 1
4 17 1 1 0 1 0 0
4 20 0 1 0 1 1 0
4 21 0 1 1 0 1 0
4 22 1 1 1 1 1 0
4 23 0 0 1 0 0 0
4 24 1 0 0 0 0 0
4 25 1 1 1 1 0 1
4 26 0 0 1 0 0 0
4 27 1 0 0 1 1 0
4 28 1 1 0 1 1 1
5 15 0 0 0 0 0 0
5 20 1 1 0 1 1 0
5 21 1 1 0 1 1 1
5 22 1 1 0 1 1 0
5 23 1 0 0 0 1 0
5 25 1 1 0 1 0 0
5 26 0 0 1 0 1 1
5 27 1 1 1 0 0 0
5 28 0 1 0 1 0 0
5 29 0 1 0 0 0 0
6 12 0 0 0 0 0 0
6 17 0 0 0 0 0 0
6 18 0 0 0 0 0 0
6 20 1 1 0 0 0 0
6 21 1 1 1 0 0 1
6 23 0 1 0 1 1 0
6 24 0 0 1 0 1 1
6 25 0 1 1 0 0 0
6 26 1 0 0 1 1 0
6 27 0 1 0 1 0 1
6 28 0 0 0 0 0 0
7 20 0 1 1 1 0 0
7 21 0 1 0 0 1 0
7 22 1 0 0 0 1 1
7 23 0 1 1 0 0 1
7 24 0 0 0 0 1 0
7 25 1 0 0 0 1 0
7 26 0 0 0 0 1 0
7 27 0 0 0 0 1 0
7 28 0 0 0 0 1 0
7 29 0 0 1 1 1 1
7 30 1 0 0 0 0 0
7 31 1 0 0 0 1 0
7 32 1 0 0 1 0 0
8 10 0 0 1 1 1 1
8 11 1 1 0 1 1 0
8 12 0 0 1 1 1 1
8 13 1 0 0 0 0 0
8 14 0 0 1 1 1 1
8 15 1 0 0 1 0 0
8 16 0 0 1 1 1 1
8 17 1 1 0 1 1 0
8 20 1 1 0 1 1 1
8 21 0 1 1 0 0 0
8 22 1 1 0 1 1 0
8 23 1 1 0 1 1 1
8 25 1 0 1 0 1 1
8 26 0 1 0 0 1 1
9 19 0 0 0 0 0 0
9 20 0 0 1 0 0 1
9 21 1 1 0 0 1 0
9 22 0 1 0 0 0 1
9 23 0 0 1 1 0 0
9 24 0 0 1 1 1 1
9 25 0 0 0 0 1 0
9 26 0 0 0 0 1 0
9 27 0 0 0 0 1 0
9 28 0 0 0 0 1 0
9 29 0 0 1 1 1 1
9 30 1 0 0 0 0 0
9 31 1 0 0 0 1 0
9 32 1 1 0 0 1 0
10 10 0 0 1 1 1 1
10 11 1 1 0 1 1 0
10 12 0 0 1 1 1 1
10 13 1 0 0 0 0 0
10 14 0 0 1 1 1 1
10 15 1 0 0 1 0 0
10 16 0 0 1 1 1 1
10 17 1 1 0 0 1 0
10 20 1 1 0 1 1 1
10 21 0 1 1 0 0 0
10 22 1 1 0 1 1 0
10 23 1 1 0 1 1 1
10 24 1 1 0 1 1 0
10 25 1 0 0 0 1 0
11 8 0 0 0 0 0 0
11 19 0 0 0 0 0 0
11 20 1 0 1 1 1 0
11 21 1 1 0 0 1 1
11 22 1 0 0 0 1 1
11 23 0 1 1 0 0 1
11 24 0 0 0 0 1 0
11 25 0 0 0 0 1 0
11 26 0 0 0 0 1 0
11 27 0 0 0 0 1 0
11 28 0 0 0 0 1 0
11 29 0 0 1 1 1 1
11 30 1 0 0 0 0 0
11 31 1 1 0 1 0 0
11 32 1 1 0 0 0 0
12 9 0 0 0 0 0 0
12 14 0 0 0 0 0 0
13 20 0 0 0 0 0 0
13 27 0 0 0 0 0 0
14 20 0 0 0 0 0 0
18 8 0 0 0 0 0 0
19 6 0 0 0 0 0 0
19 15 0 0 0 0 0 0
20 12 0 0 0 0 0 0
20 15 0 0 0 0 0 0
21 15 0 0 0 0 0 0
22 8 0 0 0 0 0 0
23 19 0 0 0 0 0 0
24 3 0 0 0 0 0 0
24 12 0 0 0 0 0 0
24 13 0 0 0 0 0 0
