0.20
13 36 58 88 116 140 166 190 218 241 269 292 320 343 370 394 422 445 473 496 524 547 575 598 626 649 677 700 728 751 779 803 831 853 881 905 933 956 984 1007 1035 1058 1085 1109 1137 1159 1187 1211 1239 1262 1291 1314 1342 1365 1393 1416 1445 1468 1496 1519 1547 1571 1599 1622 1650 1673
13 35 57 99 122 144 189 211 233 276 299 321 364 386 409 449 472 495 536 559 581 622 645 667 708 730 753 794 817 838 880 903 925 966 989 1011 1054 1076 1098 1138 1161 1183 1224 1247 1269 1314 1336 1359 1401 1423 1445 1486 1509 1531 1572 1595 1617 1659 1682 1704 1745 1768 1790 1832 1855 1878 1919 1942 1964 2005 2027 2050 2091 2113 2136 2178 2201 2223 2265 2287 2309
2 4 0 1 0 0 0 0
2 5 0 0 1 1 0 1
2 6 1 0 0 1 1 0
2 7 0 0 1 1 0 1
2 8 0 0 0 1 1 0
2 10 0 1 0 1 1 1
2 12 0 0 1 1 0 0
2 13 0 0 0 1 0 1
2 15 1 1 0 0 0 1
2 17 0 1 0 0 0 1
2 18 1 0 0 1 1 0
2 19 0 1 1 1 1 1
2 20 0 1 1 1 0 0
2 22 0 0 0 0 0 1
2 23 1 0 0 0 0 1
2 25 0 1 1 1 0 0
2 27 0 1 0 0 0 0
2 28 1 1 0 0 0 0
2 29 0 0 1 0 1 0
2 30 0 1 0 1 1 0
2 31 0 0 1 0 0 1
3 7 0 0 0 0 1 1
3 8 0 0 1 1 0 0
3 9 1 1 1 0 0 1
3 10 0 1 1 1 0 0
3 12 0 0 1 0 1 0
3 13 0 0 0 1 0 1
3 14 0 0 1 1 0 1
3 15 0 0 0 1 1 0
3 17 1 0 0 0 1 0
3 18 0 0 0 1 1 1
3 19 1 1 1 1 0 0
3 21 0 1 0 0 0 0
3 22 0 0 0 0 1 1
3 23 1 0 0 0 0 1
3 24 0 0 1 1 0 1
3 25 0 0 0 1 1 0
3 27 0 1 0 1 1 1
3 29 0 0 0 0 1 1
3 30 0 1 1 0 1 0
3 31 1 0 0 0 0 1
4 5 1 1 0 0 0 1
4 7 0 1 0 1 0 1
4 8 0 1 1 1 0 1
4 9 0 1 1 0 1 0
4 10 1 1 0 1 0 0
4 12 1 1 1 1 1 0
4 13 0 1 0 1 1 0
4 14 1 0 1 1 0 0
4 15 0 0 0 1 1 0
4 17 0 1 0 0 0 0
4 18 1 0 0 0 1 0
4 19 0 0 0 1 1 1
4 20 0 0 1 1 1 1
4 21 1 0 0 1 0 1
4 23 1 1 1 1 0 0
4 25 0 1 0 1 0 1
4 26 0 1 0 1 1 0
4 28 0 1 0 0 1 1
4 29 0 0 0 1 1 0
4 30 0 0 1 1 0 1
4 31 1 0 0 1 0 0
5 5 0 0 1 0 1 0
5 6 1 0 0 0 0 1
5 7 1 0 0 0 1 0
5 8 0 1 0 1 1 0
5 9 1 0 1 1 0 0
5 10 0 0 0 1 1 1
5 12 1 0 0 0 1 0
5 13 1 1 0 1 1 0
5 14 0 1 1 1 1 0
5 16 0 1 1 1 0 0
5 18 1 0 1 1 0 0
5 19 1 1 0 1 0 0
5 20 0 0 1 0 1 0
5 21 1 1 0 1 1 0
5 23 0 0 1 0 1 1
5 24 0 1 1 1 0 0
5 25 0 0 0 0 0 1
5 26 1 0 0 0 1 0
5 27 0 0 0 0 1 1
5 28 0 1 0 0 0 0
5 29 0 0 1 1 1 1
5 30 1 1 0 0 1 0
5 31 0 1 1 1 0 1
6 5 0 0 1 1 0 0
6 6 0 0 0 1 1 0
6 8 0 1 0 0 0 1
6 9 1 0 0 1 1 0
6 10 0 1 1 1 1 1
6 11 0 1 1 1 0 0
6 13 0 1 1 0 1 0
6 14 1 0 0 0 0 1
6 15 0 0 1 0 1 0
6 16 1 1 0 1 1 0
6 18 0 1 0 1 0 1
6 19 0 0 1 0 1 1
6 20 1 0 0 0 0 1
6 22 1 0 1 1 0 0
6 23 0 0 0 1 1 1
6 24 0 0 1 1 0 1
6 25 0 1 1 1 0 0
6 27 1 1 0 0 0 1
6 28 0 0 0 0 1 1
6 29 0 1 0 0 0 0
6 30 0 0 1 0 1 0
6 31 1 1 0 1 0 0
7 5 1 0 1 0 0 1
7 6 0 1 0 1 1 0
7 7 1 0 0 0 1 0
7 8 0 0 0 1 1 0
7 10 0 1 0 0 0 0
7 11 1 1 1 1 0 0
7 12 1 1 1 0 0 0
7 14 0 1 0 1 0 1
7 15 0 1 0 1 1 0
7 16 0 0 1 1 0 0
7 17 0 0 0 1 1 1
7 19 0 0 1 0 1 1
7 20 0 1 1 1 0 0
7 22 0 1 1 0 1 1
7 23 1 1 0 1 1 1
7 24 0 0 1 1 1 0
7 25 0 0 0 1 1 1
7 27 1 0 1 0 1 0
7 28 0 1 1 1 0 1
7 30 1 1 1 0 0 1
7 31 1 1 0 1 0 1
8 4 0 0 1 0 1 0
8 5 0 1 0 1 1 0
8 7 1 0 0 0 1 0
8 8 0 1 0 1 1 0
8 9 1 0 1 1 0 0
8 10 0 0 0 1 1 1
8 12 0 1 0 0 0 1
8 13 1 0 0 1 1 0
8 14 0 1 1 1 1 1
8 15 0 1 1 1 0 0
8 17 0 0 1 0 1 0
8 18 1 1 0 1 0 0
8 20 1 0 0 0 1 0
8 21 0 0 0 1 0 1
8 22 0 1 1 1 0 0
8 24 0 0 1 1 0 0
8 25 1 1 0 1 0 0
8 26 1 0 0 0 1 0
8 28 0 1 0 1 0 1
8 29 1 1 0 1 1 0
8 30 0 0 1 1 0 0
8 31 1 1 0 1 1 0
9 4 0 1 0 0 0 0
9 5 0 0 1 1 0 1
9 6 0 1 1 1 0 0
9 8 0 1 0 1 1 1
9 10 1 1 1 0 0 1
9 11 0 1 1 1 0 0
9 13 0 0 0 0 1 0
9 14 0 1 1 1 1 0
9 16 1 1 1 0 0 1
9 17 1 1 0 1 0 1
9 19 1 0 1 0 1 0
9 20 1 0 0 1 0 0
9 22 0 1 0 0 0 0
9 23 0 0 0 0 1 1
9 24 1 0 1 1 0 0
9 25 1 1 0 1 1 0
9 26 0 1 1 1 0 0
9 28 0 1 1 0 1 1
9 29 1 1 0 1 1 1
9 30 0 0 1 1 1 0
9 31 0 0 0 1 1 1
10 6 0 1 0 0 0 0
10 7 0 1 1 1 1 1
10 8 0 1 1 1 0 0
10 9 0 0 1 1 0 0
10 10 0 0 1 1 1 0
10 11 0 1 0 1 1 0
10 12 0 0 0 0 1 0
10 13 0 0 1 0 1 0
10 14 1 1 0 1 0 0
10 16 0 0 0 0 1 1
10 17 1 0 0 0 0 1
10 18 1 0 1 0 1 0
10 19 1 1 0 1 0 1
10 21 0 1 0 0 0 0
10 22 1 1 0 0 0 1
10 23 0 0 0 1 0 1
10 25 1 1 1 0 0 1
10 26 0 1 1 1 0 0
10 28 0 1 0 1 1 1
10 30 0 0 1 1 0 1
10 31 0 1 1 1 0 0
11 2 0 0 0 0 1 0
11 3 0 0 1 0 0 1
11 4 1 0 1 1 0 0
11 5 1 1 0 1 1 0
11 6 0 0 1 1 1 0
11 7 1 1 0 1 1 0
11 9 0 1 1 0 1 0
11 10 0 1 1 1 0 1
11 11 0 0 0 1 0 0
11 12 1 0 0 0 1 0
11 13 0 0 1 0 0 1
11 14 0 1 0 0 0 0
11 16 0 0 1 1 0 1
11 17 1 1 0 0 1 0
11 19 0 1 0 0 1 1
11 20 1 1 0 1 0 0
11 21 0 1 0 1 0 1
11 22 0 1 1 1 0 1
11 24 0 1 0 0 0 0
11 25 0 0 1 1 0 1
11 26 1 1 0 0 1 0
11 27 0 0 0 0 1 1
11 28 0 1 1 1 0 1
11 30 1 1 1 1 0 0
11 31 1 1 1 0 0 0
12 5 0 1 0 0 0 0
12 6 1 1 1 1 0 1
12 8 1 0 1 0 0 1
12 9 0 0 1 1 0 1
12 10 1 1 0 1 1 1
12 12 1 0 0 0 1 0
12 13 1 1 0 1 1 0
12 15 0 1 0 0 0 0
12 16 1 1 1 0 0 1
12 17 1 0 0 0 0 1
12 18 0 0 1 1 1 0
12 19 0 0 0 1 1 1
12 21 0 0 1 1 1 1
12 22 1 1 0 1 0 0
12 23 1 0 0 0 1 0
12 24 1 1 0 0 0 0
12 26 0 0 1 0 0 1
12 27 0 1 0 1 0 1
12 28 0 1 1 1 0 0
12 30 0 1 0 1 0 1
12 31 1 0 0 0 1 1
13 6 0 1 0 0 0 1
13 7 1 0 0 1 1 0
13 9 0 1 0 0 0 0
13 10 1 1 1 1 1 0
13 11 1 0 0 0 0 1
13 13 0 0 1 1 1 0
13 14 0 1 0 1 1 0
13 16 1 1 1 0 1 0
13 17 1 0 0 0 1 1
13 19 0 1 1 1 1 1
13 20 0 1 1 1 0 0
13 22 0 1 0 0 0 0
13 23 1 0 1 0 1 1
13 24 1 1 0 1 0 1
13 26 1 0 1 0 0 1
13 27 1 1 1 0 0 1
13 28 0 1 1 1 0 0
13 30 1 1 0 0 0 1
13 31 0 0 0 1 0 1
14 21 0 0 0 0 1 1
14 22 0 1 0 0 0 0
14 23 1 1 0 0 0 0
14 24 0 0 1 1 0 1
14 25 1 1 0 1 1 1
14 27 0 1 1 1 1 1
14 28 0 1 1 1 0 0
14 30 0 1 1 0 1 0
14 31 1 0 0 1 0 0
15 5 1 1 0 0 0 1
15 7 1 0 1 1 0 1
15 8 0 1 1 0 1 0
15 9 1 1 0 0 1 1
15 11 0 1 0 0 0 0
15 12 0 1 1 0 1 0
15 13 1 0 0 0 0 1
15 15 1 1 1 1 0 0
15 16 0 0 1 1 0 0
15 18 0 1 1 0 1 1
15 19 1 1 0 1 1 1
15 20 0 0 1 1 1 0
15 21 0 0 0 1 1 1
15 23 1 0 1 0 1 0
15 24 0 1 1 1 0 1
15 26 0 1 0 0 0 1
15 27 1 0 0 1 1 0
15 28 0 1 1 1 1 1
15 29 0 1 1 1 0 0
16 6 1 0 1 0 1 0
16 7 1 0 0 1 0 0
16 9 0 1 0 0 0 0
16 10 0 1 1 0 0 1
16 11 0 1 1 1 0 0
16 12 0 0 1 1 0 0
16 13 1 1 0 1 1 0
16 15 0 0 1 0 1 0
16 16 1 1 0 1 0 0
16 18 0 0 0 0 1 1
16 19 1 0 0 0 0 1
16 20 0 1 0 0 1 0
16 21 0 0 0 1 1 1
16 23 1 1 1 0 0 1
16 24 1 0 0 0 0 1
16 25 1 0 1 1 0 0
16 26 0 0 0 1 1 0
16 28 0 0 1 0 1 0
16 29 1 1 0 1 1 1
16 30 1 1 1 1 1 0
16 31 1 1 0 1 1 0
17 7 1 1 0 0 0 1
17 8 0 0 0 1 1 1
17 9 0 0 0 0 1 1
17 10 1 0 0 0 0 1
17 12 0 0 1 0 1 0
17 13 1 1 0 1 0 0
17 15 0 1 0 0 0 1
17 16 1 0 0 1 0 0
17 17 0 1 1 1 1 1
17 18 0 1 1 1 0 0
17 20 1 1 1 0 1 0
17 21 0 1 0 1 1 0
17 22 0 1 0 0 0 1
17 23 1 0 0 1 1 0
17 25 0 1 0 0 1 1
17 26 0 1 0 1 1 0
17 27 1 1 1 0 0 1
17 28 1 1 0 1 1 0
17 30 1 1 1 0 0 1
17 31 1 1 0 1 0 1
18 6 0 1 0 0 0 0
18 7 0 1 0 1 0 1
18 8 1 1 0 0 1 0
18 9 1 0 1 1 0 1
18 10 0 0 0 1 0 1
18 12 0 1 1 1 1 0
18 14 1 0 0 0 1 0
18 15 1 1 0 0 1 1
18 17 0 1 0 0 0 0
18 18 0 1 0 0 1 1
18 19 0 1 1 1 0 0
18 20 0 1 0 0 1 1
18 21 0 0 0 1 1 1
18 23 0 1 1 1 1 0
18 25 0 1 1 0 0 1
18 26 1 1 0 0 1 0
18 27 0 0 0 0 1 1
18 28 0 1 0 0 0 0
18 29 1 1 1 1 0 0
18 30 0 1 0 1 0 1
18 31 0 1 1 1 0 1
19 7 0 1 1 1 1 0
19 9 0 1 0 0 0 1
19 10 1 1 0 1 0 0
19 12 0 1 1 1 1 0
19 14 1 1 1 0 1 0
19 15 0 0 1 1 0 1
19 16 0 0 0 1 1 0
19 18 1 1 0 0 0 1
19 19 0 0 0 1 1 1
19 20 1 0 0 0 0 1
19 22 0 1 0 0 0 0
19 23 0 0 0 0 1 0
19 24 0 1 1 1 0 0
19 25 1 0 1 0 0 1
19 26 0 1 0 1 1 0
19 28 0 1 1 1 1 0
19 30 1 1 1 0 0 1
19 31 1 0 0 0 0 1
20 4 0 1 0 0 0 1
20 5 1 0 0 1 1 0
20 6 0 1 1 1 1 1
20 7 0 1 1 1 0 0
20 9 0 1 0 0 0 0
20 10 1 0 0 1 0 0
20 11 0 0 1 1 1 0
20 13 0 1 0 0 0 0
20 14 0 1 0 0 1 1
20 15 0 0 0 1 1 0
20 17 0 1 1 1 1 0
20 19 0 1 1 1 1 1
20 20 0 1 0 1 1 0
20 22 0 1 1 1 1 0
20 24 0 1 1 1 1 1
20 25 1 1 0 0 1 0
20 26 1 0 0 0 1 0
20 27 1 1 0 1 1 0
20 29 0 1 0 0 0 0
20 30 1 1 0 0 0 1
20 31 0 1 0 1 1 0
21 5 1 0 0 0 1 0
21 6 0 0 0 1 1 0
21 8 0 1 1 1 1 1
21 9 1 1 0 1 0 0
21 11 1 1 1 1 0 0
21 12 1 1 1 0 0 0
21 14 0 0 1 0 1 0
21 15 1 1 0 1 0 0
21 17 1 0 1 1 0 1
21 18 0 0 0 1 1 1
21 19 1 0 0 0 1 0
21 20 0 0 0 1 1 1
21 22 0 0 1 0 1 0
21 23 0 1 0 1 1 0
21 25 0 0 1 0 1 0
21 26 0 1 1 1 0 1
21 27 1 0 1 1 1 1
21 28 0 1 0 1 1 0
21 30 0 0 1 0 1 0
21 31 1 1 0 1 0 0
22 3 1 0 0 0 1 0
22 4 1 1 0 1 1 0
22 5 0 0 1 1 0 1
22 6 0 0 0 1 1 0
22 8 0 0 1 0 1 0
22 9 0 1 0 1 1 0
22 11 1 0 0 0 0 1
22 13 0 1 0 1 0 1
22 14 1 1 0 1 1 0
22 16 0 1 0 0 0 0
22 17 0 0 1 1 0 0
22 18 0 0 0 0 1 1
22 19 0 1 1 1 0 0
22 21 0 0 0 1 0 0
22 22 1 0 1 1 0 1
22 23 0 1 0 1 1 0
22 25 1 0 0 0 0 1
22 27 1 0 1 0 0 1
22 29 1 0 1 0 0 1
22 30 0 1 0 1 1 0
22 31 0 0 1 0 0 1
23 12 0 0 0 0 1 1
23 13 0 1 0 0 0 0
23 14 0 1 0 1 0 1
23 15 1 1 0 1 1 0
23 16 1 1 0 0 0 1
23 17 0 1 0 1 1 0
23 19 1 1 0 0 0 1
23 20 0 0 0 1 1 1
23 21 1 0 0 0 0 1
23 23 1 0 1 1 0 1
23 24 0 1 0 1 1 0
23 25 0 0 1 1 0 0
23 27 1 1 1 0 1 0
23 28 0 1 0 1 1 0
23 30 0 1 1 1 1 1
23 31 1 1 0 1 0 0
24 7 0 1 0 0 0 0
24 8 0 1 0 1 0 1
24 9 1 1 0 1 0 0
24 10 0 1 1 0 0 1
24 11 0 1 0 1 1 0
24 13 1 0 1 0 1 1
24 14 0 0 0 1 1 1
24 15 0 1 1 0 1 0
24 16 1 0 0 0 0 1
24 18 0 0 1 0 1 0
24 19 1 1 0 1 0 0
24 21 0 1 0 0 0 1
24 22 1 0 0 1 1 0
24 23 0 1 1 1 1 1
24 24 0 1 1 1 0 0
24 26 0 1 0 0 0 1
24 27 1 1 0 1 0 1
24 28 1 1 1 0 1 0
24 29 1 1 0 0 1 1
25 4 0 1 1 1 1 1
25 5 0 1 1 1 0 0
25 7 0 0 1 0 1 0
25 8 1 1 0 1 0 0
25 9 0 1 1 1 1 0
25 11 0 1 0 0 0 0
25 12 1 0 0 0 1 0
25 13 0 0 0 0 0 1
25 14 0 1 1 0 1 0
25 15 1 1 0 0 1 1
25 16 0 0 1 1 0 1
25 17 0 0 0 1 1 0
25 19 0 0 0 0 1 1
25 20 1 0 0 0 1 0
25 22 0 0 0 1 0 0
25 23 1 1 1 1 0 1
25 24 1 1 0 1 1 1
25 25 0 0 1 1 0 0
25 26 1 0 0 1 0 1
25 28 0 1 0 0 0 1
25 29 1 0 0 1 1 0
25 30 0 1 1 1 1 1
25 31 0 1 1 1 0 0
26 3 0 1 0 0 0 0
26 4 0 1 1 0 1 0
26 5 1 1 0 0 1 1
26 6 0 0 1 1 0 1
26 7 0 0 0 1 1 0
26 9 1 1 1 0 0 1
26 10 1 1 0 1 1 1
26 11 0 0 1 1 0 0
26 12 1 0 0 1 0 1
26 14 0 0 1 1 1 1
26 15 1 1 0 1 0 0
26 17 0 1 0 0 0 0
26 18 0 0 0 0 1 1
26 19 1 0 0 0 1 1
26 20 0 0 0 1 0 0
26 21 1 0 1 1 0 1
26 22 0 1 0 1 1 0
26 24 0 1 0 1 0 1
26 25 0 1 1 1 0 1
26 26 0 1 1 0 1 0
26 27 1 1 0 1 0 0
26 29 0 1 0 0 0 1
26 30 1 0 0 1 1 0
26 31 0 0 1 0 0 1
