-0.10
73 96 125 148 176 199 227 250 278 300 330 354 382 404 433 456 485 507 536 558 586 609 637 660 688 711 739 762 790 813 841 863 895 917 943 965 995 1017 1045 1069 1096 1119 1147 1170 1199 1221 1249 1273 1301 1323 1352 1375 1402 1425 1453 1476 1504 1528 1556 1579 1606 1626 1653 1673
85 107 129 167 187 207 261 284 306 348 371 393 433 456 478 518 541 563 606 629 650 692 715 737 776 799 822 863 886 908 949 971 994 1036 1057 1080 1121 1144 1165 1206 1229 1251 1297 1319 1342 1387 1409 1431 1472 1494 1517 1558 1580 1603 1645 1668 1689 1732 1754 1776 1818 1840 1862 1904 1926 1949 1990 2012 2034 2076 2098 2120 2163 2186 2208 2253 2273 2297
1 8 0 0 1 1 0 0
1 9 0 1 0 0 1 1
1 10 1 1 1 1 0 0
1 11 1 0 0 1 0 1
1 14 1 1 1 1 1 0
1 15 0 0 1 1 1 1
1 16 0 1 0 1 1 0
1 17 0 0 1 0 1 1
1 19 0 1 0 1 1 0
1 20 0 1 0 1 1 1
1 21 1 0 1 1 1 0
1 22 0 0 1 0 1 0
3 8 0 0 1 1 1 1
3 9 1 0 0 0 1 0
3 12 0 1 1 1 1 0
3 13 0 1 0 1 1 1
3 14 1 0 1 1 1 0
3 15 0 0 1 0 1 0
3 17 1 0 0 0 1 1
3 18 1 1 1 0 1 1
3 19 1 1 0 1 0 0
3 20 0 0 1 0 1 0
4 3 1 0 0 1 1 1
4 5 1 0 0 0 1 1
4 6 1 1 1 0 1 1
4 8 1 1 0 0 1 0
4 9 1 0 1 0 1 0
4 11 0 0 1 1 0 0
4 12 1 0 0 0 0 0
4 13 0 1 1 1 1 0
4 14 0 1 0 1 0 0
4 16 1 0 1 0 0 0
4 17 0 1 0 1 0 0
4 18 0 1 1 1 1 0
4 19 0 0 1 0 1 0
4 21 1 1 0 0 0 0
4 22 1 0 1 0 0 1
4 23 1 1 0 1 0 0
4 24 0 0 1 0 1 1
4 25 0 0 0 0 1 0
4 27 1 1 1 0 0 1
4 28 0 1 1 0 0 0
5 1 1 1 0 1 1 0
5 2 0 1 0 0 0 1
5 3 0 0 1 1 0 0
5 4 0 1 0 0 1 1
5 6 0 1 1 1 1 0
5 7 0 1 0 0 0 1
5 8 1 0 0 1 1 0
5 9 1 0 0 0 0 1
5 10 1 0 0 1 1 0
5 11 0 1 0 0 0 1
5 13 1 1 0 1 1 0
5 14 0 1 0 1 0 0
5 15 0 1 1 0 0 0
5 16 1 0 1 0 0 0
5 17 0 0 1 1 1 0
5 19 1 0 0 1 1 0
5 20 0 1 0 0 1 1
5 21 1 0 1 0 1 1
5 22 1 0 1 0 1 0
5 23 0 0 0 0 1 0
5 25 1 0 1 0 1 1
5 26 0 1 0 1 0 1
5 28 0 1 1 1 1 0
5 29 0 1 0 1 0 0
6 1 0 0 1 0 0 1
6 2 1 1 0 0 0 0
6 3 0 0 1 1 1 0
6 5 1 0 0 1 0 0
6 6 0 1 1 0 1 0
6 7 1 0 1 0 1 1
6 8 1 0 1 0 1 0
6 10 1 0 0 1 1 0
6 11 0 1 0 0 0 1
6 13 1 1 0 1 0 0
6 14 0 1 1 0 0 1
6 15 1 1 0 1 0 0
6 16 0 0 1 0 1 0
6 17 0 0 0 0 1 0
6 19 1 1 1 1 1 0
6 20 0 0 1 1 1 1
6 21 1 0 0 0 0 0
6 23 0 1 1 1 1 0
6 24 0 1 0 1 1 1
6 25 1 0 1 1 1 0
6 26 0 0 1 0 1 0
6 28 1 0 0 0 1 1
6 29 1 1 1 0 1 1
7 1 0 0 1 0 0 1
7 2 1 1 0 1 0 0
7 3 0 0 1 0 1 0
7 4 0 0 0 0 1 0
7 5 0 1 1 0 0 0
8 3 1 0 0 0 1 1
8 4 1 1 1 0 1 1
8 5 1 1 0 1 0 0
8 6 0 0 1 0 1 0
8 8 1 0 0 0 1 1
8 10 0 1 1 1 1 0
8 11 0 1 0 1 1 1
8 12 1 0 1 1 1 0
8 13 0 0 1 0 1 0
8 15 0 0 1 1 0 0
8 16 0 1 1 0 0 0
8 17 1 1 0 0 0 0
8 18 1 0 0 0 0 1
8 20 1 0 0 1 1 0
8 21 0 1 0 0 0 1
8 23 0 0 1 1 0 0
8 24 1 0 1 0 0 1
8 25 0 0 1 1 1 0
8 27 1 0 0 0 1 1
8 28 1 1 1 0 1 1
9 1 0 0 1 0 0 1
9 2 1 0 0 1 1 0
9 3 1 1 0 1 1 1
9 4 0 0 0 0 1 0
9 6 1 0 1 0 0 0
9 7 0 1 0 1 0 0
9 9 1 0 0 0 1 1
9 10 1 0 1 0 0 1
9 11 1 1 1 0 0 0
9 12 1 0 0 1 0 1
9 14 1 1 1 1 1 0
9 15 0 0 1 1 1 1
9 16 1 0 0 1 1 0
9 17 1 0 1 0 0 1
9 19 1 1 0 1 1 0
9 20 0 1 0 1 0 0
9 22 0 1 0 1 1 0
9 23 1 0 1 0 0 1
9 24 1 1 0 0 1 0
9 25 0 1 0 0 0 1
9 27 1 0 0 0 1 1
9 28 0 1 1 0 0 0
10 1 0 0 1 0 0 1
10 2 1 0 0 1 1 0
10 3 0 1 1 0 0 1
10 4 1 0 0 1 1 0
10 5 0 1 0 1 0 0
10 7 0 0 0 1 1 1
10 8 1 0 0 1 1 1
10 10 1 0 0 0 1 1
10 11 1 1 1 0 1 1
10 12 1 1 0 1 0 0
10 13 0 0 1 0 1 0
10 14 0 0 0 0 1 0
10 16 1 0 0 1 1 0
10 17 0 1 0 1 1 1
10 19 0 0 1 1 0 0
10 20 0 1 1 0 0 0
10 21 1 1 1 0 0 0
10 22 0 0 1 1 1 0
10 24 1 1 0 0 1 0
10 25 0 0 1 1 1 0
10 26 1 1 0 1 1 0
10 27 1 0 1 0 1 0
11 1 1 1 0 0 1 1
11 3 0 0 1 1 0 0
11 4 1 1 0 1 1 0
11 5 1 0 0 0 1 0
11 6 1 0 0 1 1 0
11 7 0 1 0 0 0 1
11 9 1 0 0 0 0 1
11 10 1 1 0 0 1 0
11 11 1 0 1 1 0 1
11 12 0 0 0 0 1 0
11 13 0 1 1 0 0 0
11 14 1 1 0 0 0 1
11 15 1 0 0 1 0 0
11 16 0 0 0 0 1 0
11 18 0 0 1 1 1 0
11 20 1 1 0 0 1 0
11 21 1 0 1 1 0 1
11 22 0 0 1 0 0 0
11 24 1 1 0 1 1 0
11 25 1 1 0 0 0 1
11 26 0 1 0 1 0 0
11 27 1 1 0 0 0 0
11 28 1 0 1 0 0 1
12 1 0 1 1 1 1 0
12 2 0 1 0 1 0 0
12 3 1 1 0 1 1 0
12 4 0 1 1 0 1 0
12 6 1 1 1 0 0 0
12 7 0 0 1 1 1 0
12 8 1 1 0 0 1 0
12 9 0 0 1 1 1 0
12 10 0 0 0 0 1 0
12 12 1 1 1 1 1 0
12 13 1 0 1 0 0 1
12 14 1 1 1 0 0 0
12 15 0 1 0 0 0 1
12 17 1 1 0 0 0 0
12 18 1 0 0 1 0 1
12 19 0 1 1 0 0 0
12 20 0 0 1 1 0 0
12 21 0 0 1 1 1 1
12 23 1 0 1 0 0 0
12 24 0 1 1 1 1 1
12 25 1 0 1 0 0 0
12 26 1 0 0 0 1 0
12 27 0 0 0 0 1 0
13 1 0 1 0 1 1 0
13 2 0 0 1 0 1 1
13 3 0 0 1 1 0 0
13 4 0 0 1 0 1 1
13 6 1 1 0 1 0 0
13 7 1 0 1 0 0 1
13 8 1 0 1 0 1 1
13 9 0 1 0 0 0 1
13 11 1 0 1 1 1 1
13 12 0 0 0 0 1 0
13 14 1 0 1 0 1 1
13 15 0 1 0 1 0 1
13 17 1 0 0 0 1 1
13 18 0 1 1 0 0 0
13 19 1 0 0 1 1 0
13 20 0 1 1 0 0 1
13 21 1 0 0 1 1 0
13 22 0 1 0 0 0 1
13 24 1 1 0 0 1 0
13 25 0 1 1 1 1 1
13 26 0 1 0 1 1 1
14 1 1 1 0 0 1 0
14 2 1 0 1 0 1 0
14 4 1 1 0 0 0 0
14 5 1 0 1 0 0 1
14 6 0 1 0 1 1 1
14 7 0 1 1 0 0 0
14 9 1 0 0 0 1 1
14 10 0 1 1 0 0 1
14 12 0 0 0 1 1 1
14 13 1 0 0 1 1 1
14 15 1 1 0 0 1 0
14 16 1 0 1 1 0 1
14 17 1 0 0 0 0 0
14 18 0 1 0 1 0 0
14 19 0 1 0 0 0 0
14 20 1 0 0 1 1 0
14 21 0 1 0 0 0 1
14 23 1 0 0 0 1 1
14 24 1 1 1 0 1 1
14 25 1 1 0 1 0 0
14 26 0 0 1 0 1 0
14 27 0 0 0 0 1 0
15 1 1 1 0 0 1 0
15 2 1 0 0 1 0 1
15 3 0 1 0 1 1 0
15 4 1 1 1 0 0 1
15 6 1 0 0 0 1 1
15 8 0 1 0 1 0 0
15 9 1 1 0 1 1 0
15 10 0 1 0 0 0 1
15 12 0 0 1 1 0 0
15 13 0 1 0 0 1 1
15 14 0 0 1 1 1 0
15 15 1 0 0 1 1 0
15 16 0 1 0 0 0 1
15 18 1 1 0 0 1 0
15 19 1 1 0 1 1 1
15 20 1 1 0 1 1 0
15 21 1 0 0 0 1 0
15 22 0 0 0 0 1 0
15 23 0 1 1 0 0 0
16 3 1 0 0 0 1 1
16 4 1 1 1 0 1 1
16 5 1 1 0 1 0 0
16 6 0 0 1 0 1 0
16 8 0 0 1 1 1 0
16 9 1 0 1 0 0 0
16 10 1 1 0 0 1 1
16 12 1 1 1 1 1 0
16 13 1 1 0 1 1 0
16 14 1 1 0 0 1 1
16 15 0 0 0 1 0 0
16 17 1 1 0 0 1 1
16 18 1 1 1 0 0 0
16 19 0 1 0 1 0 0
16 20 0 0 0 1 0 0
16 22 1 1 0 1 1 0
16 23 0 0 0 1 1 1
16 24 0 0 0 1 1 1
16 25 0 0 0 1 0 0
17 1 0 1 0 1 1 0
17 2 1 1 1 0 1 1
17 3 1 1 0 0 1 0
17 4 0 1 0 0 0 1
17 5 0 0 0 0 1 0
17 7 1 0 0 1 0 0
17 8 0 1 0 0 1 1
17 9 1 1 1 0 1 0
17 11 1 0 0 1 1 0
17 12 0 0 1 0 1 0
17 13 0 1 0 0 0 0
17 14 1 0 0 1 1 0
17 15 0 1 1 0 1 0
17 17 0 0 0 1 1 0
17 18 1 0 0 0 1 1
17 19 0 0 1 0 1 1
17 20 0 1 1 1 1 0
17 21 1 1 1 0 1 1
17 22 0 0 0 1 1 0
17 23 0 0 0 0 1 0
17 24 0 1 1 0 0 0
17 25 0 1 1 1 0 0
17 26 1 0 1 0 1 0
17 27 0 1 0 1 1 1
18 1 0 0 0 1 1 0
18 2 1 1 1 1 1 0
18 3 1 1 0 1 1 0
18 4 1 1 0 0 1 1
18 5 0 0 0 1 1 0
18 6 0 0 0 0 1 0
18 8 1 0 0 0 1 1
18 10 0 0 1 1 0 0
18 11 0 0 1 0 0 0
18 13 1 0 0 0 1 1
18 14 1 1 1 0 1 1
18 15 1 1 0 1 0 0
18 16 0 0 1 0 1 0
18 18 1 0 1 1 1 0
18 19 0 0 1 1 1 1
18 21 1 1 1 0 0 1
18 23 0 0 1 1 1 0
18 24 1 0 1 0 0 0
18 25 1 1 0 0 1 1
18 27 1 1 1 1 1 0
18 28 1 1 0 0 1 0
18 29 0 0 1 1 0 1
19 1 0 0 0 1 1 1
19 2 1 0 0 1 1 1
19 4 0 1 0 1 0 0
19 5 1 0 0 1 0 0
19 6 1 0 0 0 0 1
19 8 1 0 0 0 1 1
19 9 1 1 0 1 1 0
19 10 1 0 0 1 0 1
19 11 0 0 0 0 1 1
19 13 0 1 1 1 0 0
19 14 1 0 1 0 1 0
19 15 0 1 0 1 1 1
19 17 0 0 0 1 1 0
19 18 1 1 0 0 1 1
19 19 1 1 1 0 0 0
19 20 0 1 0 1 0 0
19 21 0 0 0 1 1 0
19 22 0 0 0 0 1 0
19 24 1 0 0 0 1 1
19 26 0 0 1 1 0 0
19 27 0 0 1 0 0 0
20 1 1 0 0 0 1 1
20 2 1 1 1 0 1 1
20 3 1 1 0 1 0 0
20 4 0 0 1 0 1 0
20 6 1 1 0 0 0 0
20 7 0 1 0 1 0 0
20 8 1 1 0 0 1 0
20 9 0 0 1 1 0 1
20 11 1 1 0 1 1 0
20 12 0 0 1 1 0 1
20 13 1 1 0 0 1 1
20 15 0 1 0 1 0 0
20 16 1 0 0 1 1 0
20 17 1 0 0 0 0 1
20 18 1 0 0 1 1 0
20 19 0 1 0 0 0 1
20 21 1 1 1 0 0 0
20 22 0 1 0 1 0 0
20 23 1 1 1 0 0 0
20 24 1 0 1 1 0 1
20 25 0 0 0 0 1 0
20 27 0 0 1 1 0 0
20 28 0 1 0 0 0 1
20 29 0 0 1 1 0 0
20 30 0 1 0 0 1 1
21 1 1 1 1 0 0 0
21 2 0 0 0 1 0 0
21 3 1 1 1 0 0 0
21 4 1 0 1 1 0 1
21 6 1 0 0 0 0 1
21 7 1 1 0 1 1 0
21 8 0 1 0 1 0 1
21 10 1 1 0 1 1 0
21 11 0 0 1 0 1 1
21 12 1 1 0 1 1 0
21 13 0 0 1 1 0 1
21 15 1 1 0 0 0 0
21 16 1 0 0 0 0 1
21 17 0 1 0 1 1 0
21 18 0 0 1 0 1 1
21 20 0 1 1 1 1 0
21 21 0 1 0 1 0 0
21 22 0 0 1 1 0 0
21 23 0 0 0 1 0 0
21 25 1 1 0 0 0 0
21 26 1 0 0 0 0 1
21 27 0 0 1 1 0 0
21 28 0 0 1 1 1 1
21 29 0 0 0 1 0 0
22 1 1 1 0 0 0 0
22 2 1 0 1 0 0 1
22 3 0 1 0 1 1 1
22 5 1 0 0 1 1 0
22 6 0 0 1 1 1 1
22 8 1 1 0 0 0 0
22 9 1 0 1 0 0 1
22 10 0 1 1 1 1 0
22 11 0 1 0 0 1 1
22 13 1 0 1 0 0 0
22 14 1 0 0 0 0 1
22 15 1 0 1 0 0 0
22 16 0 1 1 0 1 1
22 18 1 1 1 0 1 0
22 20 1 0 1 0 1 1
22 21 0 0 1 1 1 1
22 22 1 1 0 1 1 0
22 23 1 0 0 1 0 1
22 24 0 0 0 0 1 1
22 26 0 1 1 1 0 0
22 27 1 0 1 0 1 0
22 28 0 1 0 1 1 1
23 1 0 0 0 1 1 0
23 2 1 1 0 1 1 0
23 3 0 0 0 1 1 1
23 4 0 0 0 1 1 1
23 5 0 0 0 1 1 0
23 6 0 0 0 0 1 0
23 8 1 0 0 0 1 1
23 10 0 0 1 1 0 0
23 11 0 0 1 0 0 0
23 13 1 0 0 0 1 1
23 14 1 1 1 0 1 1
23 15 1 1 0 1 0 0
23 16 0 0 1 0 1 0
23 18 1 0 0 1 1 0
23 19 0 1 0 0 1 1
23 20 1 0 1 0 1 1
23 21 1 0 1 0 1 0
23 23 0 0 1 1 1 0
23 25 1 1 0 0 1 1
23 27 1 1 0 1 1 0
23 28 1 0 0 0 1 0
23 29 1 0 1 0 1 1
23 30 1 1 1 0 1 1
24 1 0 0 1 0 0 1
24 2 1 1 0 0 1 0
24 3 1 0 0 0 0 1
24 4 0 0 0 0 1 0
24 6 0 1 1 1 0 0
24 7 1 0 1 0 0 1
24 8 1 0 0 1 1 0
24 9 1 0 1 0 0 1
24 11 1 1 0 0 0 0
24 12 1 0 1 0 0 1
24 13 0 0 1 1 1 0
24 15 1 0 0 0 1 1
24 16 0 1 0 0 0 0
24 19 1 0 1 1 1 1
24 21 1 0 0 0 1 1
24 22 0 1 0 0 0 0
24 24 1 0 1 1 0 0
24 25 1 1 1 0 0 1
24 26 0 0 0 0 1 0
25 1 1 1 0 1 0 1
25 2 1 1 1 0 0 0
25 3 0 1 0 1 0 0
25 5 1 1 0 0 0 0
25 6 1 0 1 0 0 1
25 7 0 0 1 1 1 0
25 9 1 0 0 0 1 1
25 10 0 1 0 0 0 0
25 12 1 0 1 0 0 0
25 13 1 0 0 0 0 1
25 15 1 0 0 0 1 1
25 16 0 1 0 0 0 0
25 18 0 0 1 1 0 0
25 19 0 1 0 0 1 1
25 20 0 1 1 0 0 0
25 21 0 0 0 0 1 1
25 23 0 1 1 1 0 0
25 24 1 0 1 0 1 0
25 25 0 1 0 1 1 1
25 27 0 0 0 1 1 0
25 28 0 1 0 1 1 0
25 29 1 1 1 0 1 1
26 29 0 0 1 1 1 1
26 30 1 0 0 0 0 0
24 17 0 0 0 1 0 1
