0.20
7 30 58 81 109 134 160 185 213 236 264 287 315 338 366 389 417 440 467 491 519 543 570 593 621 645 672 695 724 747 774 797 826 849 877 900 928 951 978 1001 1029 1052 1081 1104 1131 1154 1182 1205 1234 1257 1285 1308 1336 1359 1389 1412 1440 1462 1491 1514 1541 1565 1593 1616 1644 1667
49 72 94 136 158 180 226 249 271 313 336 358 397 420 443 483 506 528 574 595 617 657 680 702 742 764 787 829 851 874 914 936 958 1000 1023 1045 1086 1108 1131 1171 1194 1216 1263 1285 1307 1351 1374 1396 1437 1459 1481 1523 1545 1567 1610 1633 1655 1697 1719 1741 1782 1804 1827 1869 1891 1913 1954 1977 1999 2041 2064 2086 2127 2150 2173 2214 2236 2258
1 11 0 1 0 0 0 1
1 12 1 1 0 1 0 1
1 13 1 1 1 0 1 0
1 14 1 1 0 0 1 0
1 16 0 1 1 0 0 1
1 17 1 1 0 0 1 0
1 18 1 1 1 0 0 1
1 19 1 1 0 1 1 1
1 22 1 0 1 1 0 0
1 23 1 0 0 1 1 1
1 24 0 1 1 0 1 0
1 25 1 0 0 0 0 1
3 13 0 1 0 0 0 1
3 14 1 0 0 1 1 0
3 15 0 1 1 1 1 1
3 16 0 1 1 1 0 0
3 18 0 1 0 0 0 1
3 19 1 1 0 1 0 1
3 20 1 1 1 0 1 0
3 21 1 1 0 0 1 1
3 24 0 1 0 1 0 0
3 25 1 1 1 0 0 1
4 5 0 0 0 0 1 1
4 6 0 0 1 1 1 1
4 8 0 1 0 0 0 0
4 9 0 1 1 0 0 1
4 10 1 0 0 1 1 0
4 11 0 0 1 1 0 1
4 12 0 0 0 1 1 0
4 14 0 1 0 0 0 1
4 15 1 1 0 0 1 1
4 16 1 0 0 0 1 0
4 17 0 0 0 1 0 1
4 19 1 0 0 0 1 0
4 20 1 1 0 0 1 1
4 21 0 0 0 1 0 0
4 22 1 0 0 0 0 1
4 24 0 1 0 1 0 1
4 25 0 1 0 1 1 0
4 27 0 1 1 1 1 1
4 28 0 1 1 1 0 0
4 30 1 1 1 1 0 0
5 4 1 0 0 0 1 0
5 5 1 1 0 0 1 1
5 7 1 0 1 0 1 0
5 8 0 1 1 1 0 1
5 10 0 1 0 0 0 0
5 11 0 1 0 1 0 1
5 12 0 1 1 1 0 1
5 13 0 1 1 0 1 0
5 14 1 1 0 1 0 0
5 16 1 1 0 0 0 1
5 17 0 0 0 1 0 1
5 18 0 0 0 0 1 1
5 19 1 0 0 0 1 0
5 20 1 1 0 1 1 0
5 22 0 0 1 0 1 0
5 23 1 1 0 1 0 0
5 24 0 0 1 1 0 0
5 25 1 1 0 1 0 0
5 26 0 0 1 0 1 0
5 27 1 1 0 0 1 1
5 29 0 1 1 0 1 0
5 30 1 0 0 0 0 1
5 31 0 0 1 0 1 0
5 32 1 1 0 1 1 0
6 4 0 1 1 1 1 1
6 5 0 1 1 1 0 0
6 7 0 1 0 0 0 1
6 8 1 1 0 1 0 1
6 9 1 1 1 0 1 0
6 10 1 1 0 0 1 1
6 12 0 0 0 1 0 0
6 13 1 1 1 0 0 1
6 14 1 1 0 1 1 1
6 16 0 1 0 0 0 0
6 17 0 1 0 0 0 1
6 18 1 0 0 1 1 0
6 19 0 0 1 0 1 1
6 20 1 0 0 1 1 0
6 22 0 0 1 0 1 0
6 23 1 1 0 1 0 0
6 25 0 1 0 1 0 1
6 26 0 1 1 1 0 1
6 27 0 1 0 0 1 1
6 28 1 0 0 1 0 0
6 30 1 1 0 0 0 1
6 31 0 0 0 1 1 0
6 32 0 0 1 0 0 1
7 28 0 0 0 0 1 1
7 29 0 1 0 0 0 0
7 30 0 1 0 0 0 1
7 31 1 0 0 1 1 0
7 32 0 0 1 0 0 1
8 5 0 1 1 1 1 1
8 6 0 1 1 1 0 0
8 8 1 1 0 0 0 1
8 9 0 0 1 1 0 1
8 10 1 0 0 0 0 1
8 12 0 0 1 0 1 0
8 13 1 1 0 1 0 0
8 15 0 0 1 1 0 0
8 16 0 0 0 1 1 0
8 17 0 0 0 0 1 1
8 18 1 0 0 0 0 1
8 20 0 1 0 0 0 1
8 21 1 1 0 1 0 1
8 22 1 1 1 0 1 0
8 23 1 1 0 0 1 1
8 25 0 1 1 1 0 0
8 27 0 1 0 0 0 1
8 28 1 0 0 1 1 0
8 29 0 1 1 1 1 1
8 30 0 1 1 1 0 0
9 5 0 0 0 0 1 1
9 6 0 1 1 1 0 0
9 8 0 0 1 0 1 0
9 9 0 1 0 1 1 0
9 10 0 0 1 1 0 1
9 11 1 1 0 0 1 0
9 13 1 0 0 0 1 0
9 14 1 1 0 1 1 0
9 16 0 0 1 1 0 1
9 17 1 1 0 1 0 0
9 18 1 1 1 0 0 1
9 19 1 1 0 1 1 1
9 21 1 0 1 1 0 0
9 22 0 0 0 1 1 1
9 23 0 0 1 1 0 1
9 24 0 1 1 1 0 0
9 26 1 0 0 0 1 0
9 27 0 0 0 1 0 1
9 29 0 1 0 0 0 0
9 30 1 1 1 1 1 0
9 31 1 1 0 1 0 0
9 32 0 0 1 0 0 1
10 6 0 1 0 1 0 1
10 7 1 1 0 1 1 0
10 8 1 1 0 0 0 1
10 9 0 1 0 1 1 0
10 11 1 1 0 0 0 1
10 12 0 0 0 1 1 1
10 13 0 0 0 0 1 1
10 14 1 0 0 0 0 1
10 16 1 1 1 0 1 0
10 17 1 1 0 1 0 0
10 19 0 1 0 0 0 0
10 20 0 1 0 0 0 1
10 21 1 0 0 1 1 0
10 22 0 1 1 1 1 1
10 23 0 1 1 1 0 0
10 25 1 1 1 1 0 0
10 26 1 1 1 0 0 0
10 28 1 0 0 0 1 0
10 29 1 1 0 1 0 0
10 30 0 0 1 0 1 1
10 31 1 1 0 1 0 0
10 32 0 0 1 0 0 1
11 5 0 0 1 1 0 1
11 6 0 0 0 1 1 0
11 7 1 0 0 0 1 0
11 8 0 0 1 1 1 0
11 9 1 1 0 1 1 0
11 11 0 0 0 0 0 1
11 12 1 0 1 1 0 1
11 13 0 1 0 1 1 0
11 15 1 1 0 0 0 1
11 17 0 1 0 0 0 0
11 18 1 0 0 1 0 0
11 19 0 0 1 1 1 0
11 20 0 0 0 0 1 1
11 21 0 1 0 0 0 0
11 22 1 0 1 1 0 1
11 23 0 1 0 1 1 0
11 24 0 0 1 1 0 0
11 26 0 0 1 0 1 0
11 27 1 1 0 1 0 0
11 28 0 1 0 1 0 0
11 29 1 1 0 1 1 0
11 30 1 0 0 0 0 1
11 32 0 1 1 1 1 0
12 6 0 1 0 0 0 0
12 7 0 1 0 1 0 0
12 8 0 0 0 1 0 1
12 9 1 1 1 0 1 1
12 10 0 0 0 1 0 1
12 12 1 1 1 0 0 1
12 13 1 0 0 0 0 1
12 14 0 0 0 0 1 1
12 15 1 0 1 1 0 0
12 16 0 0 0 1 1 0
12 18 0 0 1 0 1 0
12 19 0 0 0 1 1 1
12 20 0 0 1 1 0 1
12 21 1 1 0 1 1 1
12 23 0 1 0 0 0 0
12 24 1 1 0 0 0 1
12 25 0 1 0 1 1 0
12 26 1 1 0 0 0 1
12 27 0 0 0 1 1 1
12 29 0 1 0 0 1 1
12 30 1 1 0 1 1 0
12 31 1 0 0 0 1 0
12 32 1 1 0 0 1 1
13 7 1 1 1 0 1 0
13 8 1 1 1 0 1 1
13 9 0 1 0 1 1 0
13 11 0 0 1 0 1 0
13 12 1 1 0 1 0 0
13 13 0 0 1 0 1 1
13 14 1 1 0 1 0 0
13 15 0 0 0 0 1 1
13 16 0 1 1 1 0 0
13 18 1 0 1 0 1 0
13 19 0 1 1 1 0 1
13 21 0 1 0 0 0 0
13 22 1 1 1 1 0 1
13 24 0 0 1 0 1 0
13 25 0 1 1 1 0 1
13 26 0 0 1 1 0 1
13 27 1 0 0 1 1 0
13 29 0 1 1 0 0 1
13 30 1 0 0 0 0 1
13 31 0 1 1 0 0 1
13 32 1 1 0 0 1 0
14 6 0 1 0 0 0 0
14 7 0 1 0 0 0 1
14 8 1 0 0 1 1 0
14 9 0 1 1 1 1 1
14 10 0 1 1 1 0 0
14 12 0 0 1 0 1 0
14 13 1 1 0 1 0 0
14 14 0 0 0 0 1 0
14 15 1 0 0 0 1 0
14 16 0 0 0 1 0 0
14 17 1 0 1 1 0 1
14 18 0 1 0 1 1 0
14 20 1 1 1 1 0 0
14 21 1 1 1 0 0 0
14 23 0 0 1 0 1 1
14 24 0 1 1 1 0 0
14 26 0 0 0 0 1 1
14 27 1 1 1 0 1 0
14 28 0 0 1 1 0 1
14 29 0 0 0 1 1 0
14 31 0 1 0 1 0 1
14 32 0 1 0 1 1 0
15 10 0 0 0 0 1 1
15 11 0 1 0 0 0 0
15 12 0 1 0 1 0 0
15 13 1 1 0 1 1 0
15 14 1 1 1 1 1 0
15 15 0 1 0 1 1 0
15 17 0 0 1 0 1 0
15 18 1 1 0 1 0 0
15 19 1 1 0 0 0 1
15 20 0 1 1 0 1 0
15 21 1 0 0 0 0 1
15 23 0 0 1 0 1 0
15 24 1 1 0 1 1 0
15 25 1 0 0 0 1 0
15 27 0 1 1 1 0 0
15 29 0 0 1 1 1 1
15 30 1 1 0 0 1 0
15 31 1 0 1 1 0 0
15 32 0 1 0 1 1 0
16 8 1 0 0 0 0 0
16 9 1 1 1 0 0 0
16 10 1 1 1 0 0 0
16 11 1 1 0 1 1 0
16 13 1 0 0 0 0 0
16 14 1 0 0 0 1 0
16 15 0 0 0 1 1 1
16 16 0 1 1 1 1 0
16 18 1 0 0 0 0 0
16 19 0 1 1 1 1 0
16 20 1 1 0 1 1 0
16 21 1 1 0 1 1 1
16 23 0 1 1 1 1 0
16 24 0 0 0 1 0 1
16 25 1 1 0 0 0 1
16 27 0 1 0 0 0 1
16 28 1 0 0 1 1 0
16 29 0 1 1 1 1 1
16 30 0 1 1 1 0 0
17 6 1 1 1 0 1 0
17 7 0 1 0 1 0 1
17 8 1 0 0 0 1 1
17 9 0 0 0 0 1 1
17 10 0 1 0 0 0 0
17 11 1 1 0 0 0 0
17 12 0 1 1 1 1 1
17 13 1 1 0 0 1 1
17 14 0 1 1 0 0 1
17 15 0 1 1 1 0 0
17 16 1 1 0 0 0 0
17 18 0 1 0 0 1 1
17 19 1 1 0 1 0 0
17 20 0 0 0 0 1 0
17 21 0 1 0 0 0 1
17 22 1 1 0 1 0 0
17 24 0 1 0 1 1 1
17 25 0 1 1 0 1 0
17 26 1 0 0 1 0 0
17 28 0 1 0 0 0 0
17 29 0 0 1 0 1 0
17 30 0 1 0 1 1 0
17 31 0 1 1 1 1 1
17 32 1 1 0 0 1 0
18 4 1 0 1 0 0 1
18 5 0 1 0 1 1 0
18 6 1 1 0 1 1 1
18 8 0 1 1 1 1 0
18 9 0 0 0 1 0 1
18 10 1 1 0 0 0 1
18 12 0 0 1 1 1 1
18 14 1 1 1 0 0 1
18 15 1 1 0 1 0 1
18 17 0 1 0 0 0 1
18 18 1 0 0 1 1 0
18 19 0 1 1 1 1 1
18 20 0 1 1 1 0 0
18 22 0 0 0 0 0 1
18 23 1 0 0 0 0 1
18 25 0 1 1 1 0 0
18 27 0 1 0 0 0 0
18 28 1 1 0 0 0 0
18 29 0 1 1 1 1 0
18 30 1 1 0 1 1 0
18 31 1 1 0 1 1 1
18 32 1 1 0 0 0 0
19 6 0 0 0 0 0 1
19 7 1 0 0 0 0 1
19 9 0 1 1 1 0 0
19 11 0 1 0 0 0 0
19 12 1 1 0 0 0 0
19 13 1 0 0 0 1 0
19 14 0 0 0 1 1 1
19 15 0 1 1 1 1 0
19 16 1 1 0 0 0 0
19 18 1 1 1 0 1 0
19 19 0 1 0 1 0 1
19 20 1 0 0 0 1 1
19 22 0 1 1 0 0 0
19 23 1 0 1 1 0 0
19 24 1 1 0 1 1 0
19 25 0 1 1 1 0 0
19 27 0 0 1 1 0 0
19 28 1 0 0 1 0 0
19 29 1 0 0 0 1 0
19 31 1 1 1 1 0 0
19 32 1 1 1 0 0 0
20 3 0 1 1 0 1 0
20 4 1 0 0 0 0 1
20 5 0 0 1 0 1 0
20 6 1 0 0 0 0 1
20 8 0 1 0 0 0 0
20 9 1 0 1 1 0 1
20 10 0 0 0 1 1 1
20 11 1 0 0 0 1 0
20 12 0 0 0 1 1 1
20 14 0 0 1 0 1 0
20 15 1 1 0 1 0 0
20 16 0 0 1 1 0 0
20 17 1 1 0 1 0 0
20 18 1 0 0 0 1 0
20 20 0 1 1 1 1 0
20 21 1 0 1 0 0 1
20 22 1 1 0 1 1 0
20 24 1 0 1 0 0 1
20 25 0 1 0 1 1 0
20 26 1 0 0 0 1 0
20 27 0 0 0 1 1 0
20 29 0 1 0 0 0 1
20 30 1 0 0 1 1 0
20 31 0 1 1 1 1 1
20 32 0 1 1 1 0 0
21 4 1 0 0 0 0 0
21 5 1 1 1 0 0 1
21 6 1 0 0 0 0 1
21 7 0 0 1 1 0 0
21 8 0 0 0 1 1 0
21 10 1 0 0 0 0 0
21 11 1 0 0 0 0 1
21 12 1 0 0 0 1 0
21 13 1 1 0 0 1 1
21 15 0 1 1 0 0 1
21 16 1 1 0 0 1 0
21 17 0 0 1 1 0 0
21 18 0 0 0 1 1 0
21 20 1 0 1 0 0 1
21 21 1 1 0 1 1 0
21 22 0 1 1 0 0 1
21 23 1 1 0 1 1 0
21 25 1 0 1 0 1 0
21 26 1 1 0 1 1 0
21 27 0 0 1 1 0 0
21 29 1 0 1 1 0 1
21 30 0 0 0 1 1 1
21 31 1 0 0 0 0 0
21 32 0 0 0 1 1 1
22 5 1 1 1 0 1 0
22 6 0 1 0 1 0 1
22 7 1 0 0 0 1 1
22 9 0 1 1 0 0 0
22 10 1 0 1 1 0 0
22 11 1 1 0 1 1 0
22 12 1 1 1 0 0 1
22 13 0 1 1 1 0 1
22 15 0 1 0 1 1 1
22 17 0 1 1 0 1 1
22 18 0 0 0 1 0 1
22 19 0 0 1 1 0 0
22 20 0 0 0 1 0 1
22 22 0 1 1 0 1 0
22 23 1 1 0 0 1 1
22 24 0 0 1 1 0 1
22 25 0 0 0 1 1 0
22 27 1 1 1 0 0 1
22 28 1 1 0 1 0 0
22 30 1 1 1 0 1 0
22 31 0 0 1 1 0 1
22 32 0 0 0 1 1 0
23 3 0 1 1 1 1 1
23 4 0 1 1 1 0 1
23 5 0 1 0 1 0 0
23 6 1 1 0 1 1 0
23 8 0 1 1 1 1 0
23 10 1 1 0 0 0 1
23 12 0 1 0 1 0 1
23 13 0 1 1 1 0 1
23 14 0 1 1 0 1 0
23 15 1 1 0 1 0 0
23 17 0 1 0 0 0 1
23 18 1 0 0 1 1 0
23 19 0 1 1 1 1 1
23 20 0 1 1 1 0 0
23 22 0 0 0 0 0 1
23 23 1 0 0 0 0 1
23 25 0 1 1 1 0 0
23 27 0 1 0 0 0 0
23 28 1 1 0 0 0 0
23 29 1 1 1 0 0 0
23 30 1 1 1 0 0 0
23 31 1 1 0 1 1 0
23 32 1 1 0 0 0 0
24 7 0 1 0 0 0 0
24 8 0 0 1 1 1 1
24 9 1 0 0 1 0 1
24 11 0 0 0 0 1 0
24 12 0 1 1 1 0 0
24 14 1 1 1 1 0 1
24 16 1 0 1 0 0 0
24 17 0 0 0 0 1 0
24 18 0 1 1 1 0 0
24 20 1 1 0 0 0 1
24 21 0 0 1 1 0 1
24 22 0 0 0 1 1 0
24 24 0 0 1 1 0 1
24 25 1 1 0 1 0 0
24 26 0 0 1 1 0 1
24 27 1 0 0 0 1 1
24 29 0 1 0 0 0 0
24 30 0 0 1 1 0 0
24 31 0 1 0 1 1 0
24 32 0 0 1 0 0 1
25 4 0 1 1 1 1 1
25 5 1 1 0 0 1 0
25 6 1 1 0 0 0 0
25 8 1 1 1 0 1 0
25 9 0 1 0 1 0 1
25 10 1 0 0 0 1 1
25 12 0 1 1 0 0 0
25 13 0 0 0 0 1 1
25 14 0 1 1 0 1 0
25 15 1 0 0 0 0 1
25 17 0 0 0 0 1 0
25 18 0 1 1 1 0 0
25 20 0 0 1 1 0 0
25 21 0 0 0 1 0 1
25 23 0 0 0 0 1 0
25 24 0 1 1 1 0 0
25 26 1 1 0 0 0 1
25 27 0 0 1 1 0 1
25 28 0 0 0 1 1 0
25 30 1 0 0 0 1 0
25 31 0 0 0 1 1 1
25 32 1 0 1 1 1 0
26 3 0 0 0 1 0 0
26 4 1 1 1 0 0 1
