0.10
71 91 119 142 170 193 221 245 273 296 325 348 376 400 427 450 479 502 530 553 582 604 632 653 683 705 734 756 785 807 836 856 883 910 939 962 990 1013 1040 1064 1092 1114 1143 1166 1194 1216 1243 1268 1296 1318 1347 1369 1396 1420 1448 1472 1502 1523 1550 1575 1602 1622 1649 1669
60 83 106 150 173 195 237 259 283 325 347 369 411 434 456 497 519 542 583 606 628 668 691 714 755 778 800 841 863 886 927 950 972 1015 1037 1059 1098 1122 1144 1185 1208 1231 1275 1297 1320 1362 1384 1407 1448 1470 1492 1533 1556 1578 1620 1642 1665 1707 1729 1752 1792 1815 1838 1880 1902 1925 1966 1988 2010 2052 2074 2097 2138 2161 2184 2222 2242 2262
1 2 0 0 1 0 0 1
1 3 1 1 0 0 1 0
1 4 0 1 0 0 0 1
1 5 0 0 0 1 1 0
1 6 0 0 0 0 1 0
1 8 1 0 0 0 1 1
1 10 0 0 1 1 0 0
1 11 0 0 1 0 0 0
1 13 1 0 0 0 1 1
1 14 1 1 1 0 1 1
1 15 1 1 0 1 0 0
1 16 0 0 1 0 1 0
1 18 0 0 1 1 1 0
1 20 1 0 1 0 0 0
1 21 1 0 0 0 0 1
1 23 1 1 1 0 1 0
1 25 1 1 0 0 0 0
1 26 1 0 1 0 0 1
1 27 1 1 0 1 0 0
1 28 1 0 1 0 0 1
1 29 0 0 0 0 1 0
2 2 0 0 1 1 0 0
2 3 0 1 0 0 1 1
2 4 0 1 1 0 0 0
2 6 1 1 1 0 1 0
2 8 1 1 0 0 0 0
2 9 1 0 1 0 0 1
2 10 0 0 1 1 0 0
2 11 0 1 1 0 0 0
2 12 0 0 0 0 1 0
2 14 1 0 0 1 1 1
2 15 1 1 1 0 0 0
2 16 0 1 0 1 0 0
2 18 1 1 0 0 0 0
2 19 1 0 1 0 0 1
2 20 1 0 1 0 0 0
2 21 0 1 0 0 0 1
2 23 1 0 0 0 1 1
2 24 0 0 1 1 1 1
2 25 1 0 0 0 0 1
2 26 0 1 1 0 0 0
3 2 1 0 0 1 0 0
3 3 1 0 1 0 0 1
3 4 1 1 0 0 0 0
3 5 0 1 1 0 1 0
3 7 1 1 0 0 1 0
3 8 1 0 1 0 1 0
3 10 1 0 0 1 1 1
3 12 1 0 1 1 0 0
3 13 1 1 1 0 0 1
3 14 1 1 1 0 0 0
3 15 0 1 0 1 0 0
3 16 0 0 0 0 1 0
3 18 1 1 0 0 0 0
3 19 1 0 0 1 0 1
3 20 1 1 0 0 1 0
3 21 1 1 0 1 1 1
3 23 1 0 0 1 1 0
3 24 0 1 0 0 1 1
3 25 1 0 1 0 1 1
3 26 1 0 1 0 1 0
3 28 0 0 1 1 1 0
4 2 1 0 1 0 1 1
4 3 0 1 0 1 1 0
4 4 1 1 1 0 0 1
4 5 0 0 0 0 1 0
4 6 0 1 1 0 0 0
4 7 0 1 0 1 0 0
4 8 0 0 1 0 0 0
4 9 1 0 0 0 1 1
4 10 0 1 1 0 0 1
4 12 1 1 0 1 1 0
4 13 0 1 0 0 0 1
4 14 1 0 0 1 1 0
4 15 1 0 0 1 0 1
4 17 1 0 0 0 1 1
4 19 1 1 0 0 1 1
4 20 1 1 0 1 1 0
4 21 0 1 0 1 0 0
4 23 1 1 1 0 0 0
4 24 1 0 0 1 0 1
4 25 1 1 0 0 1 0
4 26 0 1 0 1 0 0
4 27 0 0 1 1 0 0
4 28 0 1 0 0 0 1
5 2 1 0 0 1 1 0
5 3 0 1 0 0 0 1
5 4 0 0 0 0 1 0
5 5 0 1 1 0 0 0
5 6 0 0 1 1 1 0
5 8 1 0 0 0 1 1
5 9 1 0 1 0 0 1
5 10 1 1 1 0 0 0
5 11 1 0 0 1 0 1
5 13 0 0 1 1 0 0
5 14 0 1 1 0 0 1
5 15 1 0 1 0 1 0
5 17 1 1 0 1 1 0
5 18 0 1 0 0 0 1
5 19 0 0 1 1 0 0
5 20 0 1 0 0 1 1
5 22 1 0 0 0 1 1
5 23 1 1 1 0 1 1
5 24 1 1 0 1 0 0
5 25 0 0 1 0 1 0
5 27 1 1 0 0 0 0
5 28 1 0 0 0 0 1
6 2 1 0 1 1 1 0
6 3 0 0 1 1 1 1
6 5 1 0 1 0 1 1
6 6 0 1 0 1 0 1
6 8 1 1 1 0 0 0
6 9 1 1 0 0 0 1
6 10 1 1 1 1 1 0
6 11 0 1 1 0 1 1
6 13 1 0 0 0 1 1
6 14 0 1 1 0 0 1
6 16 1 1 1 0 0 0
6 17 1 0 0 0 0 1
6 18 1 1 0 0 1 0
6 19 1 0 1 0 1 0
6 21 0 0 0 1 1 1
6 22 1 0 0 1 1 1
6 23 0 0 0 0 1 0
6 25 1 1 0 0 0 0
6 26 0 1 0 1 0 0
6 27 1 1 0 0 1 0
6 28 0 0 1 1 0 1
7 2 1 1 0 1 1 0
7 3 1 0 0 0 0 1
7 4 1 1 0 1 1 0
7 5 1 0 1 0 1 0
7 7 0 1 0 1 0 0
7 8 1 0 0 1 1 0
7 9 1 0 0 0 0 1
7 11 1 0 0 0 1 1
7 12 1 0 1 0 0 0
7 13 0 1 0 1 0 0
7 15 1 0 0 1 1 0
7 16 0 1 0 0 0 1
7 18 1 0 0 0 1 1
7 19 1 1 1 0 1 1
7 20 1 1 0 1 0 0
7 21 0 0 1 0 1 0
7 23 1 1 1 0 0 0
7 24 1 0 0 1 0 1
7 25 1 1 0 0 1 0
7 26 0 1 0 1 0 0
7 28 1 1 0 0 1 0
7 29 0 1 0 0 0 1
8 2 1 1 1 0 0 0
8 3 1 1 0 0 0 1
8 4 1 1 1 1 1 0
8 5 0 1 1 0 1 1
8 7 1 0 0 0 1 1
8 8 1 1 0 1 1 0
8 9 1 0 0 1 0 1
8 10 0 1 1 0 0 0
8 11 0 0 0 0 1 0
8 13 1 0 0 1 0 0
8 14 0 1 0 1 0 1
8 16 1 0 1 1 1 0
8 17 0 0 1 1 1 1
8 19 1 1 0 0 1 1
8 20 0 1 0 0 0 0
8 22 1 0 0 0 1 1
8 23 0 0 1 1 1 1
8 25 1 1 1 0 1 0
8 27 1 0 0 0 1 1
8 28 1 0 1 0 0 1
8 29 0 0 0 0 1 0
9 2 1 0 0 0 1 1
9 3 1 0 1 0 0 1
9 5 1 1 1 0 1 0
9 7 1 0 0 0 1 1
9 8 0 0 1 1 1 1
9 10 1 0 1 0 0 0
9 11 0 0 1 1 1 0
9 12 0 0 0 0 1 0
9 14 1 0 1 1 1 0
9 15 0 1 0 1 0 1
9 16 0 0 1 1 0 0
9 17 0 1 1 0 0 0
9 19 1 0 0 1 1 0
9 20 0 1 0 0 0 1
9 21 0 1 0 0 0 0
9 22 1 1 0 0 1 0
9 23 1 1 0 0 0 1
9 24 1 0 0 0 0 1
9 25 1 0 0 0 1 1
9 26 1 1 1 0 1 1
9 27 0 0 0 0 1 0
10 2 0 0 0 1 1 1
10 3 1 0 0 1 1 1
10 5 1 0 1 0 1 1
10 6 0 1 1 0 0 0
10 7 0 1 0 1 1 0
10 8 1 0 1 0 0 1
10 9 0 0 0 0 1 0
10 11 1 0 1 0 1 1
10 12 1 0 1 0 1 0
10 13 1 0 0 1 1 0
10 14 0 1 1 0 1 0
10 16 0 1 0 1 1 0
10 17 1 0 1 0 0 1
10 19 0 0 0 0 1 0
10 20 0 0 1 0 0 1
10 21 0 1 0 1 0 0
10 22 1 0 0 0 0 0
10 23 1 0 1 0 1 1
10 24 0 1 0 0 1 1
10 26 1 1 0 1 1 0
10 27 1 1 0 0 0 1
10 28 1 1 0 1 1 0
10 29 1 0 0 1 0 1
10 30 0 0 1 0 0 1
10 31 0 1 0 0 0 0
11 2 0 1 1 1 0 0
11 3 1 0 1 0 1 0
11 5 1 0 0 0 1 1
11 6 1 0 1 0 1 0
11 7 0 0 1 0 0 1
11 9 0 0 0 1 1 0
11 10 0 1 0 1 0 0
11 11 1 0 0 1 1 0
11 12 1 1 1 0 0 1
11 14 1 1 1 0 0 0
11 15 1 1 0 0 0 1
11 16 0 0 1 1 0 0
11 17 0 0 1 1 1 1
11 18 0 0 0 0 1 0
11 20 1 1 0 1 1 0
11 21 0 1 0 1 0 0
11 23 1 1 1 1 1 0
11 24 1 0 1 0 0 1
11 25 0 0 1 1 0 1
11 27 1 0 1 1 1 1
11 28 0 0 0 0 1 0
12 2 1 0 1 0 0 0
12 3 0 0 1 1 1 0
12 5 1 0 0 0 1 1
12 6 0 0 1 1 1 1
12 7 0 0 1 1 0 1
12 9 1 0 1 1 1 0
12 10 0 1 1 1 0 1
12 11 0 0 0 0 1 0
12 13 1 0 0 0 1 1
12 14 1 1 1 0 1 1
12 16 0 1 1 1 0 0
12 17 0 1 0 1 1 1
12 19 1 1 0 0 1 0
12 20 1 1 0 0 0 1
12 22 0 0 1 1 0 0
12 23 1 1 0 1 1 1
12 24 0 0 0 0 1 0
12 26 1 1 0 1 0 0
12 27 0 0 1 0 1 0
13 2 1 0 0 1 0 0
13 3 0 1 0 0 1 1
13 5 1 0 0 0 1 1
13 6 1 1 1 0 1 1
13 8 1 1 1 1 1 0
13 9 1 0 1 0 0 1
13 10 0 0 0 1 1 0
13 11 0 0 0 0 1 0
13 12 0 1 1 0 0 0
14 4 1 0 0 0 1 1
14 5 1 1 1 0 1 1
14 6 1 1 0 1 0 0
14 7 0 0 1 0 1 0
14 9 1 0 1 0 1 1
14 10 0 1 0 1 0 1
14 12 1 1 1 0 0 0
14 13 1 1 0 0 0 1
14 14 1 1 1 1 1 0
14 15 0 1 1 0 1 1
14 17 1 0 0 0 0 1
14 18 1 0 0 1 1 1
14 20 0 0 1 1 0 0
14 21 0 1 0 0 1 1
14 22 0 0 0 0 1 0
14 24 0 1 1 1 1 0
14 25 0 1 0 0 1 1
14 26 1 0 1 1 0 1
14 28 0 0 1 1 1 0
15 2 1 1 0 1 1 0
15 3 1 1 0 1 1 1
15 4 1 1 1 1 1 0
15 5 0 1 0 0 0 1
15 7 1 1 0 0 0 0
15 8 1 0 0 1 0 1
15 9 0 0 1 1 0 0
15 10 0 0 1 1 1 1
15 12 1 1 1 0 0 0
15 13 0 1 0 0 1 0
15 14 0 0 1 1 0 0
15 15 0 1 1 0 0 0
15 17 1 0 0 1 1 0
15 18 0 1 0 0 0 1
15 20 1 1 0 1 1 0
15 21 1 0 0 0 0 1
15 22 1 0 0 0 1 1
15 23 0 0 1 0 1 1
15 24 0 0 0 0 1 0
15 26 1 0 0 1 0 0
15 27 0 1 0 1 0 1
16 2 1 0 1 1 1 0
16 3 0 0 1 1 1 1
16 5 1 1 0 1 1 0
16 6 0 0 1 1 1 1
16 7 1 1 0 0 1 0
16 8 0 1 1 0 1 0
16 10 1 1 0 1 0 0
16 11 0 0 1 0 1 0
16 12 1 1 0 0 1 0
16 13 0 1 0 1 1 1
16 15 1 0 0 0 1 1
16 16 1 1 1 0 1 1
16 17 1 0 0 1 0 0
16 18 0 0 1 0 1 0
16 20 1 0 0 1 1 0
16 21 0 1 0 0 0 1
16 23 0 0 1 1 0 0
16 24 0 1 1 0 0 0
16 25 1 1 1 0 0 0
16 26 0 0 1 1 1 0
17 2 1 0 1 0 1 1
17 3 1 0 1 0 1 0
17 4 1 0 0 1 1 1
17 5 0 0 0 0 1 0
17 6 0 1 1 0 0 0
17 7 0 1 0 1 1 0
17 8 0 0 1 0 1 1
17 10 1 1 0 0 1 1
17 12 1 1 1 0 0 0
17 13 0 1 1 0 1 0
17 14 1 0 0 0 1 1
17 15 0 1 1 0 1 0
17 16 0 0 0 0 1 0
17 18 0 1 1 1 1 0
17 19 0 1 0 1 0 0
17 21 1 1 0 0 1 1
17 23 1 0 1 0 0 0
17 24 1 0 1 1 0 1
17 25 0 1 0 1 1 0
17 26 1 0 1 0 1 0
17 27 0 0 0 0 1 0
18 2 0 0 1 1 0 0
18 3 0 0 1 1 1 1
18 5 1 1 0 0 1 1
18 7 1 1 0 0 1 0
18 8 0 0 1 1 0 1
18 9 1 0 0 0 1 1
18 10 0 1 0 0 0 0
18 11 0 0 0 0 1 0
18 13 0 0 1 1 0 0
18 14 1 1 1 0 0 0
18 15 0 0 1 1 1 0
18 17 1 1 0 0 0 0
18 18 1 0 1 0 0 1
18 19 0 1 0 1 1 1
18 21 1 1 0 0 1 1
18 23 1 0 0 1 1 0
18 24 0 0 1 0 1 0
18 26 1 1 0 0 1 1
19 2 1 1 0 0 1 0
19 3 0 0 1 1 1 0
19 4 0 0 0 0 1 0
19 6 1 1 0 1 1 0
19 7 0 1 0 1 0 0
19 8 0 1 0 1 1 0
19 9 1 1 1 0 1 1
19 11 1 1 0 0 1 1
19 13 1 1 0 0 1 0
19 14 1 1 1 0 1 1
19 16 1 1 0 0 1 1
19 18 1 1 0 0 0 0
19 19 0 1 1 0 1 0
19 20 0 0 0 0 1 0
19 22 1 1 0 0 0 1
19 23 1 0 0 1 0 0
19 24 0 0 0 0 1 0
19 26 1 0 0 0 1 1
19 27 1 1 1 0 1 1
19 28 1 1 0 1 0 0
19 29 0 0 1 0 1 0
20 2 1 0 0 1 1 0
20 3 0 1 0 0 0 1
20 5 1 1 0 0 1 0
20 6 1 1 1 1 0 1
20 7 1 0 1 0 1 1
20 8 0 1 0 0 0 1
20 10 1 1 0 0 1 0
20 11 0 1 0 0 0 1
20 13 1 1 1 0 0 0
20 14 0 1 0 1 0 0
20 15 1 1 1 0 0 0
20 16 1 0 1 1 0 1
20 18 1 0 0 1 1 0
20 19 0 1 0 0 0 1
20 21 0 0 0 1 1 1
20 22 1 0 0 1 1 1
20 24 1 0 0 1 1 0
20 25 1 1 1 0 1 1
20 27 1 1 0 0 0 0
20 28 0 1 0 1 0 0
21 2 0 0 1 0 0 1
21 3 1 1 0 0 1 0
21 4 0 0 1 1 0 1
21 6 0 0 1 1 0 1
21 8 0 0 1 1 0 0
21 10 1 1 0 0 1 0
21 11 1 0 1 1 0 1
21 12 1 0 0 0 0 0
21 14 1 0 0 0 1 1
21 15 0 1 1 0 0 0
21 16 1 0 0 0 0 1
21 17 0 0 0 0 1 0
21 19 1 1 0 1 1 0
21 20 1 0 1 0 1 0
21 22 0 0 1 1 0 0
21 24 1 1 0 0 1 0
21 25 0 1 0 0 0 1
21 27 1 1 0 0 0 0
21 28 1 0 1 0 0 1
21 29 1 1 0 1 1 0
21 30 0 1 0 1 0 0
22 2 1 0 0 1 1 0
22 3 1 1 1 0 1 1
22 5 1 1 0 0 1 0
22 6 0 1 0 1 1 1
22 8 1 0 0 0 0 1
22 9 1 1 0 0 1 0
22 10 1 0 1 1 0 1
22 12 0 0 1 1 0 0
22 13 1 1 1 0 0 0
22 14 0 0 1 1 1 0
22 16 1 1 0 0 1 0
22 17 0 0 1 1 1 0
22 18 1 1 0 1 1 0
22 19 1 0 1 0 1 0
22 20 0 0 0 0 1 0
22 21 0 1 1 0 0 0
23 4 0 1 1 1 1 0
23 5 0 1 0 1 1 1
23 6 1 0 1 1 1 0
23 7 0 0 1 0 1 0
23 9 1 0 0 0 1 1
23 10 1 1 1 0 1 1
23 11 1 1 0 1 0 0
23 12 0 0 1 0 1 0
23 14 1 0 0 1 1 0
23 15 0 1 0 0 0 1
23 17 0 0 1 1 0 0
23 18 0 1 0 0 1 1
23 19 1 1 1 0 0 0
23 20 0 1 1 1 0 1
23 22 1 1 0 0 1 0
23 23 0 0 1 0 1 1
23 24 1 0 0 1 1 0
23 25 1 0 1 0 1 0
23 26 0 0 0 0 1 0
24 2 1 0 0 0 1 1
24 3 1 1 1 0 1 1
24 4 1 1 0 1 0 0
24 5 0 0 1 0 1 0
24 7 1 0 1 1 0 0
24 8 1 0 0 0 0 1
24 9 1 1 1 1 1 0
24 10 1 0 1 1 1 1
24 11 1 0 0 0 0 0
24 13 0 1 0 1 0 0
24 14 0 1 1 0 0 0
24 16 1 1 0 0 0 0
24 17 1 0 1 0 0 1
24 18 0 1 1 1 1 0
24 19 0 1 0 0 1 1
24 20 0 0 1 0 0 0
24 21 0 1 0 1 0 0
24 22 0 0 0 0 1 0
24 24 1 1 0 0 1 1
24 25 1 0 0 1 1 0
24 26 0 1 0 0 0 1
24 28 1 0 0 0 1 1
24 29 1 1 1 0 1 1
25 2 0 0 1 0 0 1
25 4 0 0 1 0 1 0
25 6 1 0 0 1 1 0
25 7 0 1 0 0 1 1
25 8 1 0 1 0 1 1
25 9 1 0 1 0 1 0
25 11 1 1 0 0 1 0
25 12 1 0 1 1 0 1
25 13 1 0 0 0 0 0
25 14 0 1 1 1 0 0
25 15 0 1 1 0 0 0
25 16 0 0 0 0 1 0
25 18 1 0 0 1 1 0
25 19 1 1 1 0 0 1
25 21 1 0 1 1 0 0
25 22 1 0 0 0 0 1
25 23 1 1 1 1 1 0
25 24 0 0 1 1 1 1
25 26 1 1 0 0 0 0
25 27 1 0 1 0 0 1
25 28 0 1 1 1 1 0
25 29 0 1 0 0 1 1
25 30 0 0 0 0 1 0
25 3 1 1 0 1 0 0
