1.35
91 111 139 162 191 215 242 265 294 320 344 367 395 419 447 470 498 521 549 572 601 623 651 674 703 725 753 776 804 827 855 878 908 932 958 981 1008 1032 1060 1082 1111 1133 1162 1185 1214 1236 1265 1289 1316 1338 1368 1391 1418 1441 1471 1493 1521 1544 1575 1595 1615 1635 1662 1682
123 146 168 212 234 256 298 321 343 385 408 430 472 495 517 558 581 603 644 667 690 729 752 775 817 839 861 901 923 947 987 1010 1032 1075 1097 1119 1160 1183 1205 1246 1268 1291 1336 1359 1381 1422 1444 1466 1506 1526 1551 1594 1616 1639 1682 1705 1728 1769 1791 1813 1853 1876 1899 1941 1964 1986 2026 2048 2070 2112 2135 2157 2199 2221 2245 2281 2301 2321
1 6 0 0 1 1 1 1
1 7 1 1 0 1 1 1
1 8 0 0 0 0 0 1
1 9 1 0 0 0 0 1
1 10 1 0 0 0 1 0
1 12 0 1 0 1 0 1
1 13 0 0 0 1 0 1
1 14 0 1 0 0 1 1
1 15 0 0 0 1 1 0
1 17 0 1 0 0 0 1
1 18 1 0 0 1 1 0
1 19 0 1 1 1 1 1
1 20 0 1 1 1 0 0
1 22 1 0 1 0 1 1
1 23 0 0 0 1 1 1
1 24 0 1 1 0 0 1
1 25 0 0 0 1 1 0
1 26 0 0 0 0 1 1
1 27 0 1 0 0 0 0
1 28 0 1 0 0 0 1
1 29 1 0 0 1 1 0
1 30 0 0 1 0 0 1
2 1 0 0 0 0 1 1
2 2 0 1 0 0 0 0
2 3 1 1 1 0 0 1
2 4 1 1 0 1 0 0
2 6 0 1 0 0 0 1
2 7 1 0 0 1 1 0
2 8 0 1 1 1 1 1
2 9 1 1 0 0 1 0
2 11 0 0 1 0 1 0
2 12 0 1 0 1 1 0
2 14 0 1 0 0 0 1
2 15 1 0 0 1 1 0
2 16 0 1 0 0 1 0
2 17 1 1 0 1 1 0
2 19 1 0 0 0 0 0
2 20 0 1 0 0 0 1
2 21 1 0 0 1 1 0
2 22 0 0 0 0 1 0
2 23 0 0 1 1 1 1
2 24 1 1 0 1 1 1
2 26 1 0 0 0 0 0
2 27 0 1 0 0 0 1
2 28 1 0 0 1 1 0
2 29 1 1 1 0 1 0
2 30 1 1 0 0 1 1
3 9 0 1 0 0 0 1
3 10 1 0 0 1 1 0
3 11 1 1 1 0 1 0
3 12 1 1 0 0 1 1
3 13 0 0 1 0 0 0
3 15 0 0 1 1 1 1
3 16 1 1 0 1 1 1
3 17 0 0 0 0 0 1
3 18 1 0 0 0 0 1
3 19 1 0 0 0 1 0
3 20 0 0 1 0 0 0
3 23 0 0 0 1 0 0
3 24 1 1 1 0 0 1
3 25 0 0 0 1 0 0
3 26 1 1 1 0 0 1
3 27 0 1 0 1 0 0
3 28 1 1 1 0 0 1
4 17 0 0 0 0 1 1
4 18 0 1 1 0 0 0
4 19 0 0 1 1 0 0
4 20 0 0 0 1 1 1
4 21 1 1 0 0 0 1
4 23 0 1 0 1 0 1
4 24 0 1 1 1 0 1
4 25 0 1 1 0 1 0
4 26 1 1 0 1 0 0
4 27 0 0 0 0 1 1
4 28 0 1 1 0 0 0
5 3 0 0 0 1 0 0
5 4 1 0 1 1 0 0
5 5 1 0 0 1 1 1
5 7 0 1 0 1 0 1
5 8 0 1 0 1 1 0
5 10 1 0 1 1 0 0
5 11 1 0 0 1 0 1
5 12 0 1 0 0 1 0
5 13 0 1 0 1 0 1
5 14 0 0 0 1 1 1
5 16 1 0 0 0 0 0
5 17 1 1 1 1 1 0
5 18 1 1 0 1 0 0
5 19 0 0 0 0 0 1
5 20 1 0 0 0 0 1
5 22 1 0 0 0 0 1
5 23 0 0 1 1 0 1
5 24 1 0 0 1 0 1
5 25 0 1 0 0 0 1
5 26 1 1 0 1 0 0
5 28 1 1 1 1 0 0
6 5 1 1 1 0 1 0
6 6 1 1 1 0 1 1
6 7 0 1 0 1 1 0
6 9 0 1 0 1 0 1
6 10 0 1 0 1 1 0
6 12 1 1 1 0 1 0
6 13 0 0 1 1 0 1
6 14 0 0 0 1 1 0
6 16 0 0 1 0 1 0
6 17 1 1 0 1 0 0
6 18 0 0 1 1 0 0
6 19 1 1 0 1 0 0
6 20 1 0 0 0 1 0
6 22 1 0 1 0 0 1
6 23 1 0 0 0 1 0
6 24 0 0 0 1 1 1
6 25 0 1 0 1 0 1
6 26 1 0 0 0 0 1
6 28 1 1 1 0 0 1
6 29 1 0 0 1 1 0
6 30 0 0 1 0 0 1
7 4 1 0 0 0 0 0
7 5 0 1 1 1 1 1
7 6 1 0 0 0 0 1
7 7 1 1 1 0 1 0
7 8 1 1 0 1 1 1
7 10 1 0 0 0 0 0
7 11 0 0 0 1 0 0
7 12 1 0 1 1 0 0
7 13 1 1 0 1 1 0
7 14 0 1 1 0 0 1
7 15 1 1 0 1 1 1
7 17 0 1 0 0 0 0
7 18 0 1 1 0 1 0
7 19 1 0 0 0 1 1
7 20 0 0 1 0 1 1
7 21 1 0 0 1 1 0
7 23 0 0 1 1 0 1
7 24 0 0 0 1 1 0
7 25 0 0 0 0 1 1
7 26 1 1 1 1 1 0
7 28 0 1 0 0 0 0
7 29 0 0 1 0 1 1
7 30 0 1 1 1 0 0
8 6 0 1 0 0 0 0
8 7 1 1 1 1 1 0
8 8 0 1 1 1 1 1
8 9 0 1 1 1 0 0
8 11 1 0 1 0 0 1
8 12 0 0 0 1 0 0
8 13 1 0 0 0 1 0
8 14 1 1 0 1 0 0
8 16 1 1 1 0 1 1
8 17 0 0 0 1 1 1
8 19 0 1 0 1 0 0
8 20 1 1 0 1 1 0
8 21 1 1 1 1 1 0
8 22 1 1 0 1 1 0
8 23 0 1 1 1 1 1
8 24 1 0 0 0 0 1
8 26 0 1 0 0 0 0
8 27 0 0 0 0 1 1
8 28 1 1 1 1 1 0
8 29 1 0 1 1 1 1
8 30 0 1 0 1 1 0
9 3 0 1 1 0 1 0
9 4 1 1 0 1 0 0
9 5 0 0 1 1 0 1
9 6 1 0 0 0 0 1
9 8 0 1 0 1 0 1
9 9 0 1 1 1 0 1
9 11 1 0 0 0 1 0
9 12 0 0 0 1 1 0
9 13 1 0 1 1 0 0
9 14 0 0 0 1 0 1
9 16 0 1 0 0 0 0
9 17 1 0 1 1 0 0
9 18 1 1 0 1 0 0
9 19 0 0 0 1 0 0
9 20 1 0 0 0 0 1
9 22 1 1 1 0 1 0
9 24 0 0 1 1 0 1
9 25 0 0 0 1 1 0
9 26 0 1 1 1 1 1
9 27 1 0 0 0 0 1
9 29 0 0 0 0 0 1
9 30 1 0 0 0 1 0
10 4 1 0 0 0 0 1
10 5 0 0 1 1 0 1
10 6 1 0 0 1 0 1
10 8 0 0 1 0 1 0
10 9 0 1 0 1 1 0
10 11 0 1 1 0 1 0
10 12 1 1 0 1 0 0
10 13 1 0 1 0 1 0
10 14 0 0 0 1 1 0
10 16 0 0 1 1 0 1
10 17 0 0 0 1 1 0
10 18 0 0 0 0 1 1
10 19 1 1 1 1 1 0
10 21 0 1 1 0 1 0
10 22 1 1 0 1 0 0
10 23 1 0 1 0 1 0
10 24 1 1 0 1 0 0
10 26 0 1 0 0 0 0
10 27 0 1 1 0 1 0
10 28 1 1 0 1 0 0
10 29 1 0 1 0 1 0
10 30 0 0 0 1 1 0
11 3 0 1 1 0 1 0
11 4 1 1 0 1 0 0
11 5 1 0 1 0 1 0
11 6 0 0 0 1 1 0
11 8 0 0 1 1 0 1
11 9 0 0 0 1 1 0
11 10 0 0 0 0 1 1
11 11 1 1 1 1 1 0
11 12 0 0 0 0 1 1
11 13 0 1 0 0 0 0
11 14 0 1 1 0 1 0
11 15 1 1 0 1 0 0
11 16 0 1 0 1 0 1
11 17 0 1 0 1 1 0
11 19 0 1 1 0 0 1
11 20 0 1 1 1 0 0
11 21 1 0 1 0 0 1
11 22 0 0 0 1 0 1
11 24 0 1 0 1 0 1
11 25 0 1 1 1 0 1
11 27 0 1 0 1 0 0
11 28 1 1 0 1 1 0
11 29 1 1 1 1 1 0
11 30 1 1 0 1 1 0
12 4 0 0 1 1 1 1
12 5 1 1 0 1 1 1
12 7 0 0 0 0 0 1
12 8 0 1 1 1 0 0
12 10 0 1 0 0 0 0
12 11 0 0 1 0 1 0
12 12 1 0 0 1 0 0
12 13 0 1 0 0 1 1
12 14 1 1 0 0 1 0
12 16 1 0 1 0 0 1
12 17 0 0 0 1 0 0
12 18 1 0 0 0 1 0
12 19 1 1 0 1 0 0
12 21 1 1 0 0 0 1
12 23 0 0 1 0 1 0
12 24 1 0 0 1 0 0
12 25 0 0 0 0 0 1
12 26 1 1 0 1 1 1
12 28 0 1 0 0 0 0
12 29 0 0 0 0 1 0
12 30 0 1 1 1 0 0
13 3 1 1 0 0 0 1
13 4 0 0 0 1 1 1
13 5 0 0 0 0 1 1
13 6 1 0 0 0 0 1
13 8 1 0 1 0 0 1
13 9 1 1 1 0 0 0
13 10 0 1 0 1 0 1
13 11 0 1 1 1 0 1
13 13 1 0 0 0 1 0
13 14 1 1 0 1 0 0
13 15 1 0 1 0 0 1
13 16 0 1 0 1 1 0
13 17 1 1 0 1 1 1
13 19 1 1 0 0 0 0
13 20 0 0 0 0 1 1
13 21 1 0 0 0 1 0
13 22 0 0 0 1 1 1
13 23 1 1 0 0 0 0
13 25 0 0 1 0 1 0
13 26 1 1 0 1 0 0
13 28 1 1 1 0 0 1
13 29 0 1 1 1 0 0
13 30 0 0 1 0 0 1
14 5 0 0 1 1 0 1
14 6 1 0 0 1 1 0
14 8 0 1 1 0 1 0
14 9 1 1 0 1 0 0
14 10 1 0 1 0 1 0
14 11 0 0 0 1 1 0
14 13 1 0 0 0 0 0
14 14 1 0 1 0 0 1
14 15 0 0 0 1 1 1
14 16 0 0 1 1 1 0
14 17 1 0 0 1 1 1
14 19 1 0 0 0 0 0
14 20 1 0 0 0 1 0
14 21 0 0 0 1 1 1
14 22 1 0 1 1 1 0
14 23 0 0 0 0 1 1
14 24 0 1 0 0 0 0
14 25 0 0 1 0 1 1
14 26 0 1 1 1 0 0
14 28 1 1 1 0 1 0
14 29 0 0 1 0 0 1
14 30 0 0 0 1 1 0
15 7 0 0 0 0 1 1
15 8 0 1 0 0 0 0
15 9 0 1 0 1 0 1
15 10 0 1 0 1 1 0
15 11 0 0 1 1 0 0
15 12 0 0 0 1 1 1
15 14 1 1 0 0 0 1
15 16 0 1 0 1 0 1
15 17 0 1 1 1 0 1
15 18 0 1 1 0 1 0
15 19 1 1 0 1 0 0
15 21 0 1 0 0 0 0
15 22 1 1 1 0 0 0
15 23 1 1 1 0 0 0
15 24 1 1 0 1 1 0
15 26 1 1 0 0 0 1
15 28 0 0 1 1 0 1
15 29 1 1 0 1 0 0
15 30 0 0 1 0 0 1
16 4 1 1 0 0 1 0
16 5 1 0 0 1 1 0
16 6 0 0 0 1 0 0
16 7 1 1 1 0 0 1
16 8 0 0 1 0 0 1
16 9 1 1 0 0 1 0
16 10 0 0 0 1 1 0
16 11 0 0 0 1 0 0
16 12 1 1 1 0 0 1
16 14 0 1 1 0 1 0
16 15 1 0 0 0 0 1
16 17 0 1 1 0 0 1
16 18 1 0 0 1 1 0
16 19 1 0 1 0 1 1
16 20 1 0 0 1 0 1
16 22 1 0 1 0 0 1
16 23 0 0 0 1 1 1
16 24 0 0 1 1 1 0
16 25 1 0 0 1 1 1
16 27 0 1 0 0 0 1
16 28 1 0 0 1 1 0
16 29 0 1 1 1 1 1
16 30 0 1 1 1 0 0
17 27 0 0 0 0 1 1
17 28 0 1 0 0 0 0
17 29 1 0 0 1 0 0
17 30 0 0 1 0 0 1
18 4 0 0 0 1 0 0
18 5 1 0 0 0 0 1
18 6 0 0 1 0 1 1
18 7 0 1 1 1 0 0
18 9 0 1 0 0 0 0
18 10 1 0 1 1 1 1
18 11 0 0 0 1 0 1
18 12 0 1 1 0 1 0
18 13 0 0 0 1 0 1
18 15 0 0 0 0 1 1
18 16 0 1 0 1 0 1
18 18 0 1 1 1 1 1
18 19 0 1 1 1 0 0
18 21 0 1 0 0 0 0
18 22 0 0 0 0 1 0
18 23 0 1 1 1 0 0
18 25 1 0 0 0 1 0
18 26 0 1 0 1 1 0
18 27 1 0 1 1 0 0
18 28 0 0 0 1 1 1
19 5 0 1 0 0 0 0
19 6 1 0 0 0 1 0
19 7 0 0 0 1 1 1
19 8 0 1 0 1 0 1
19 9 1 0 0 0 0 1
19 11 0 0 1 1 1 1
19 12 1 1 0 0 1 0
19 13 0 1 1 1 0 1
19 15 1 1 1 1 1 0
19 16 1 1 0 1 0 0
19 17 1 0 0 0 0 1
19 18 0 0 1 1 0 1
19 19 1 0 0 1 0 1
19 21 0 1 0 0 0 0
19 22 0 1 1 0 1 0
19 23 1 0 0 0 1 1
19 24 0 0 1 0 1 1
19 25 1 0 0 1 1 0
19 27 0 1 1 1 1 1
19 28 1 1 0 0 1 0
19 29 1 0 0 0 1 0
19 30 1 1 0 1 1 0
20 4 0 0 1 1 0 1
20 5 1 0 0 0 0 1
20 6 1 0 1 0 1 0
20 7 1 1 0 1 1 0
20 9 1 1 0 0 0 1
20 11 1 0 0 0 0 1
20 12 0 0 1 1 0 1
20 13 1 0 0 1 0 1
20 15 0 1 0 0 0 0
20 16 1 0 1 1 1 0
20 17 1 0 1 1 1 0
20 18 0 1 0 1 1 0
20 20 1 0 0 0 1 0
20 21 0 0 0 1 1 1
20 22 0 0 1 1 1 1
20 23 1 0 0 1 0 1
20 25 1 1 1 1 0 0
20 27 0 0 1 0 1 0
20 28 0 0 0 1 0 1
20 29 0 0 1 1 0 1
20 30 0 0 0 1 1 0
21 6 0 1 0 0 1 0
21 7 0 1 0 1 0 1
21 8 0 0 0 1 1 1
21 10 1 0 0 0 0 1
21 11 0 0 1 1 0 1
21 12 1 0 0 1 0 1
21 14 0 1 0 1 0 1
21 15 0 1 0 1 1 0
21 17 1 1 1 1 1 0
21 18 1 1 0 1 0 0
21 19 1 0 0 0 0 1
21 20 0 0 1 1 0 1
21 21 1 0 0 1 0 1
21 23 1 0 1 0 1 0
21 24 0 1 1 1 0 1
21 25 0 0 0 0 1 1
21 26 0 1 0 0 0 0
21 27 0 0 0 0 0 1
21 28 1 0 1 1 0 0
21 29 1 0 1 1 1 1
21 30 0 0 0 1 0 1
22 4 0 0 0 0 1 1
22 5 1 0 1 0 1 0
22 6 0 1 1 1 0 1
22 8 0 1 0 0 0 0
22 9 0 0 1 0 1 1
22 10 0 1 1 1 0 0
22 12 0 0 1 1 0 1
22 13 1 1 0 1 1 1
22 14 1 0 0 0 1 0
22 15 1 1 0 1 1 0
22 17 0 0 1 0 1 0
22 18 1 1 0 1 0 0
22 20 0 0 1 1 0 0
22 21 1 1 0 1 0 0
22 22 1 0 0 0 1 0
22 23 0 1 0 1 1 0
22 25 1 1 1 0 0 1
22 26 1 1 0 1 0 1
22 28 1 0 1 1 0 0
22 29 1 0 0 1 0 1
22 30 0 0 1 0 0 1
23 4 1 1 1 1 1 0
23 5 1 1 0 1 0 0
23 6 1 0 0 0 0 1
23 7 0 0 1 1 0 1
23 8 1 0 0 1 0 1
23 10 0 1 0 0 0 0
23 11 0 0 0 0 1 0
23 12 0 1 1 1 0 0
23 14 0 1 1 0 1 0
23 15 1 1 0 1 0 0
23 16 1 0 1 0 1 0
23 17 0 0 0 1 1 0
23 19 0 0 1 1 0 1
23 20 0 0 0 1 1 0
23 21 0 0 0 0 1 1
23 22 1 1 1 1 1 0
23 24 1 0 1 0 1 0
23 25 0 1 1 1 0 1
23 27 1 0 0 0 1 0
23 28 0 1 0 1 1 0
23 29 1 0 1 1 0 0
23 30 0 0 0 1 1 1
24 4 0 0 0 0 1 0
24 5 1 0 0 0 1 0
24 6 1 1 0 1 1 0
24 8 0 1 0 0 0 0
24 9 0 1 1 0 1 0
24 10 1 1 0 1 0 0
24 11 0 0 0 0 1 0
24 12 1 0 0 0 1 0
24 14 0 0 1 1 1 1
24 15 1 0 0 1 1 0
24 16 0 0 0 0 0 1
24 17 0 1 1 0 1 1
24 19 1 0 1 1 0 0
24 20 0 1 0 1 1 0
24 21 0 0 0 0 1 0
24 22 1 0 0 0 0 1
24 24 0 0 1 1 1 1
24 25 1 0 0 1 0 1
24 26 1 1 1 1 1 0
24 27 0 1 0 1 1 0
24 29 0 1 0 1 0 1
24 30 0 1 1 1 0 1
25 14 0 0 0 0 1 1
25 15 0 1 0 0 0 0
25 16 0 0 0 0 1 0
25 17 1 0 0 0 1 0
25 19 0 0 1 1 1 1
25 20 1 0 0 1 0 1
25 22 1 1 1 0 1 0
25 23 1 1 0 0 1 1
25 25 0 0 1 1 1 0
25 26 1 1 0 1 1 0
25 28 1 1 1 0 1 0
25 29 0 1 0 1 0 1
25 30 1 0 0 0 1 1
