1.20
40 61 100 124 152 175 203 226 254 276 305 327 357 381 409 432 461 483 512 535 563 586 614 637 665 687 715 738 766 789 817 840 868 891 919 942 971 994 1021 1045 1073 1096 1124 1147 1175 1198 1226 1249 1277 1300 1328 1352 1379 1403 1430 1453 1481 1504 1533 1556 1583 1607 1634 1654 1681 1701
30 50 70 108 131 153 197 219 241 284 306 329 370 393 415 456 478 500 542 564 586 627 649 672 714 736 759 799 821 843 886 909 931 971 994 1016 1057 1080 1102 1143 1165 1188 1228 1250 1273 1320 1342 1365 1409 1431 1453 1494 1516 1538 1580 1602 1625 1667 1689 1711 1749 1775 1797 1839 1861 1884 1925 1947 1969 2010 2032 2055 2097 2120 2142 2184 2206 2228 2270 2290 2314
2 2 0 1 0 1 1 0
2 3 1 0 1 0 0 1
2 5 1 1 1 0 0 1
2 6 1 1 0 1 0 0
2 7 0 0 1 0 1 0
2 8 0 0 0 1 0 0
2 10 1 1 0 1 0 1
2 11 1 1 0 1 0 0
2 12 0 0 1 0 1 0
2 14 1 0 0 1 1 0
2 15 0 0 1 1 1 1
2 16 0 0 0 0 1 0
2 17 0 1 1 0 0 0
2 18 1 1 0 0 1 1
2 19 1 0 0 1 1 0
2 20 0 1 0 0 0 1
2 22 1 0 1 1 0 0
2 23 1 0 0 0 0 1
2 24 1 1 1 1 1 0
2 25 0 0 1 1 1 1
2 27 1 1 0 0 1 0
2 28 1 0 1 1 0 1
3 2 0 0 1 0 0 1
3 3 0 1 1 1 1 0
3 4 0 1 0 0 1 1
3 5 0 0 0 0 1 0
3 7 1 1 1 0 1 0
3 9 1 0 0 0 1 1
3 10 1 1 1 0 1 1
3 11 1 1 0 1 0 0
3 12 0 0 1 0 1 0
3 14 1 0 0 1 1 0
3 15 0 1 0 0 1 1
3 16 1 0 1 0 1 1
3 17 1 0 1 0 1 0
3 19 1 0 1 0 0 0
3 20 0 1 1 1 1 1
3 22 1 1 0 0 0 0
3 23 1 0 1 0 0 1
3 24 0 1 0 1 0 0
3 25 1 0 1 1 0 1
3 26 0 0 0 0 1 0
3 28 0 1 0 1 1 0
3 29 1 0 1 0 0 1
4 2 0 1 0 1 0 0
4 3 0 0 1 1 0 0
4 4 0 0 1 0 0 0
4 5 1 1 1 1 1 0
4 6 1 1 1 0 0 1
4 8 0 1 1 1 1 0
4 9 0 1 0 1 1 1
4 10 1 1 0 1 0 0
4 11 0 0 1 0 1 0
4 13 0 0 1 1 0 1
4 15 0 1 1 1 1 0
4 16 0 1 0 1 1 1
4 17 1 1 0 1 0 0
4 18 0 0 1 0 1 0
4 19 0 0 0 0 1 0
4 20 0 1 1 0 0 0
4 21 1 0 0 0 1 0
4 23 1 1 0 0 1 1
4 25 1 1 0 0 0 0
4 26 0 0 1 0 1 0
4 28 1 1 1 0 0 0
4 29 1 0 1 1 0 1
5 2 0 0 1 0 0 1
5 3 0 0 1 1 0 0
5 4 0 1 0 0 1 1
5 6 1 0 0 0 1 1
5 7 1 1 1 0 1 1
5 8 1 1 0 1 0 0
5 9 0 0 1 0 1 0
5 11 1 1 0 1 1 0
5 12 1 0 0 0 1 0
5 13 1 1 0 0 1 0
5 14 0 1 0 0 0 1
5 15 1 0 1 0 0 0
5 16 0 1 0 1 0 0
5 17 1 1 1 0 0 0
5 18 0 1 0 1 0 1
5 20 1 0 1 0 1 1
5 21 1 0 1 0 0 1
5 22 1 1 1 1 1 0
5 23 0 0 1 1 1 1
5 25 1 1 0 1 0 0
5 26 1 0 1 0 0 1
5 27 1 1 0 0 1 0
5 28 0 1 0 0 0 1
6 2 1 0 0 0 1 1
6 3 1 1 1 0 1 1
6 4 1 1 0 1 0 0
6 5 0 0 1 0 1 0
6 6 0 0 0 0 1 0
6 8 0 1 0 1 1 0
6 9 1 0 1 0 0 1
6 11 1 1 1 0 0 1
6 12 1 0 1 1 0 0
6 13 0 1 0 0 0 1
6 14 0 0 0 1 0 0
6 16 1 1 1 0 0 1
6 17 0 1 0 1 1 0
6 18 1 1 1 0 1 1
6 20 1 0 0 1 1 0
6 21 0 0 1 1 1 1
6 22 0 0 0 0 1 0
6 23 0 1 1 0 0 0
6 24 1 1 0 0 1 1
6 26 0 1 0 1 0 0
6 27 0 0 1 0 0 0
7 2 1 0 0 0 1 1
7 3 1 1 1 0 1 1
7 4 1 1 0 1 0 0
7 5 0 0 1 0 1 0
7 7 1 0 1 1 1 1
7 8 1 1 0 0 1 0
7 9 1 0 0 0 0 1
7 11 1 1 1 0 0 0
7 12 0 1 0 1 0 1
7 14 1 0 1 1 0 0
7 15 1 0 0 0 0 1
7 16 1 0 1 1 0 0
7 17 1 0 0 0 0 1
7 18 0 0 0 0 1 0
7 20 0 1 0 1 1 0
7 21 1 0 1 0 0 1
7 23 0 1 1 1 1 0
7 24 0 1 0 1 1 1
7 25 0 0 0 1 0 0
7 27 1 0 1 1 1 0
7 28 0 0 1 0 1 0
7 29 0 1 0 0 0 0
7 30 0 0 0 1 0 0
8 2 1 1 1 0 0 1
8 3 0 1 1 0 0 0
8 4 0 0 0 1 0 0
8 6 1 0 1 1 0 0
8 7 0 1 0 0 0 1
8 8 0 0 0 1 0 0
8 10 1 0 0 1 0 0
8 11 0 0 1 0 1 0
8 12 0 0 0 1 0 0
8 14 1 1 1 1 0 0
8 15 0 1 0 1 0 1
8 16 0 0 0 0 1 0
8 17 0 0 0 0 1 0
8 18 0 0 0 0 1 0
8 20 1 0 0 1 1 0
8 21 0 0 1 1 1 1
8 22 0 0 0 0 1 0
8 23 0 1 1 0 0 0
8 24 1 0 0 0 1 0
8 26 1 1 0 0 1 1
8 28 0 1 0 1 0 0
8 29 0 0 1 0 0 0
9 2 1 0 0 0 1 1
9 3 1 1 1 0 1 1
9 4 1 1 0 1 0 0
9 5 0 0 1 0 1 0
9 7 1 0 1 0 1 1
9 8 1 0 1 0 1 0
9 9 1 0 0 1 1 1
9 11 1 0 1 1 0 0
9 12 1 0 0 0 0 1
9 13 1 0 1 1 0 0
9 14 1 0 0 0 0 1
9 15 0 0 0 0 1 0
9 17 0 1 0 1 1 0
9 18 1 0 1 0 0 1
9 20 1 0 0 0 1 1
9 21 0 1 0 0 1 0
9 22 0 1 1 0 0 0
9 23 0 0 0 1 0 0
9 25 1 1 1 0 0 0
9 26 0 1 0 1 0 0
9 27 0 0 1 0 0 0
9 28 0 0 0 1 0 0
10 2 1 0 0 0 1 1
10 3 1 0 1 0 0 1
10 4 1 0 0 0 0 0
10 5 0 0 0 1 0 0
10 7 1 1 0 0 1 0
10 8 0 1 0 0 0 1
10 9 0 0 0 0 1 0
10 10 0 0 0 0 1 0
10 11 0 0 0 0 1 0
10 13 1 0 0 1 1 0
10 14 0 0 1 1 1 1
10 15 0 0 0 0 1 0
10 16 0 1 1 0 0 0
10 17 0 0 1 1 0 0
10 18 0 1 0 0 0 1
10 19 1 1 0 0 1 0
10 20 1 0 0 0 1 0
10 22 1 0 0 1 1 0
10 23 1 1 1 0 1 1
10 24 1 0 0 0 1 1
10 26 1 1 1 0 0 0
10 27 0 1 0 1 0 0
10 28 1 0 0 0 1 1
11 2 0 1 0 1 0 0
11 3 0 1 0 0 0 0
11 4 1 1 1 0 0 0
11 5 1 1 0 0 1 1
11 6 1 1 0 0 1 0
11 7 1 1 0 1 0 1
11 8 1 1 1 0 0 0
11 9 0 1 0 1 0 1
11 11 1 0 0 1 1 0
11 12 0 1 0 0 0 1
11 14 0 1 0 0 1 0
11 15 0 1 1 1 1 0
11 16 0 1 0 1 0 0
11 17 0 0 0 0 1 0
11 18 0 1 1 0 0 0
11 19 0 1 0 1 1 1
11 20 1 1 1 0 0 0
11 21 0 1 0 0 0 1
11 23 1 1 0 0 0 0
11 24 1 0 0 1 0 1
11 25 0 1 1 0 0 0
11 26 0 0 1 1 0 1
11 28 0 1 1 1 1 0
11 29 0 1 0 1 1 1
12 2 0 0 1 0 0 1
12 3 1 0 1 1 1 0
12 4 0 0 1 0 1 0
12 6 1 0 0 1 1 0
12 7 0 1 0 0 0 1
12 9 1 1 0 0 1 0
12 10 0 1 1 1 1 1
12 11 1 0 0 0 1 1
12 12 1 0 1 0 0 1
12 14 1 1 0 1 1 0
12 15 0 0 1 1 1 0
12 16 1 1 1 0 0 0
12 17 1 1 0 0 1 1
12 19 1 1 0 0 1 0
12 20 0 1 0 0 0 1
12 22 1 0 0 1 1 0
12 23 0 1 0 1 1 1
12 25 1 0 0 0 1 1
12 26 1 1 1 0 1 1
12 27 1 1 0 1 0 0
12 28 0 0 1 0 1 0
13 2 1 0 0 1 1 0
13 3 0 1 0 0 0 1
13 5 1 1 0 0 1 0
13 6 0 1 1 1 1 1
13 7 1 1 0 0 1 0
13 8 0 1 0 1 0 0
13 10 1 0 0 1 0 1
13 11 1 1 0 1 1 0
13 12 1 1 0 0 1 1
13 13 0 0 0 0 1 0
13 15 1 0 1 0 1 0
13 16 1 0 1 1 0 0
13 17 0 0 1 0 1 1
13 19 0 1 0 1 0 0
13 22 1 0 0 0 1 1
13 23 1 1 1 0 1 1
13 24 1 1 0 1 0 0
13 25 0 0 1 0 1 0
13 27 1 0 0 1 1 0
13 28 0 1 0 0 0 1
14 2 1 0 0 1 1 0
14 3 0 1 0 0 1 1
14 4 1 0 1 0 1 1
14 5 1 0 1 0 1 0
14 7 1 1 0 0 1 0
14 8 1 0 0 0 0 1
14 9 0 1 1 1 1 0
14 10 0 1 0 1 0 1
14 12 1 0 1 0 1 1
14 13 1 0 1 0 1 0
14 14 0 1 0 1 1 1
14 16 1 0 0 0 1 1
14 17 1 1 1 0 1 1
14 18 1 1 0 1 0 0
14 19 0 0 1 0 1 0
14 21 1 0 0 1 1 0
14 22 0 1 0 0 0 1
14 24 1 0 1 1 0 0
14 25 1 0 0 0 0 1
14 26 1 0 1 1 0 0
14 27 1 0 0 0 0 1
15 2 1 1 1 1 0 1
15 3 1 0 1 0 1 1
15 4 0 1 0 0 0 1
15 5 0 0 0 0 1 0
15 7 1 0 1 0 1 1
15 8 0 1 0 1 0 1
15 10 0 0 1 1 0 0
15 11 0 1 0 0 0 1
15 13 1 0 1 0 0 0
15 14 1 0 0 1 0 1
15 15 0 1 1 1 1 0
15 16 0 1 0 1 0 0
15 18 1 1 0 0 1 0
15 19 1 1 0 1 0 1
15 21 0 0 1 1 1 0
15 23 0 0 1 1 0 0
15 24 1 0 1 0 0 1
15 25 0 1 0 1 0 0
15 27 1 0 1 0 1 1
15 28 0 1 0 0 1 0
15 29 0 0 1 1 0 0
15 30 0 1 0 0 1 1
16 2 1 1 1 0 0 0
16 3 0 1 0 1 0 0
16 4 1 0 0 0 1 1
16 6 0 1 0 1 0 0
16 7 0 1 0 0 0 0
16 8 1 1 1 0 0 0
16 9 1 1 0 0 1 1
16 10 1 1 0 0 1 0
16 11 1 1 0 1 0 1
16 12 1 1 1 0 0 0
16 13 0 1 0 1 0 1
16 15 1 1 0 0 0 0
16 16 1 0 0 0 0 1
16 18 0 1 0 1 0 0
16 19 0 0 1 0 0 0
16 21 1 1 0 0 0 0
16 22 0 1 1 1 0 1
16 24 1 1 0 1 1 0
16 25 0 1 1 0 1 1
16 26 1 1 0 1 0 0
16 27 1 1 1 0 0 1
17 2 1 0 0 0 0 1
17 3 1 0 0 1 1 1
17 5 1 0 0 1 1 0
17 6 0 1 0 0 0 1
17 8 1 0 1 1 0 0
17 9 1 0 0 0 0 1
17 10 1 1 1 1 1 0
17 11 0 0 1 1 1 1
17 12 0 0 0 0 1 0
17 13 0 1 1 0 0 0
18 4 1 1 0 1 1 0
18 5 0 0 1 0 1 1
18 6 1 1 0 1 1 0
18 7 0 0 1 1 0 1
18 9 1 0 0 0 1 1
18 10 1 1 1 0 1 1
18 11 1 1 0 1 0 0
18 12 0 0 1 0 1 0
18 14 1 0 0 1 1 0
18 15 0 1 0 0 0 1
18 17 1 0 0 1 1 0
18 18 0 1 0 0 1 1
18 19 1 0 1 0 1 1
18 20 1 0 1 0 1 0
18 22 1 1 0 0 1 0
18 23 1 0 0 0 0 1
18 24 0 1 1 1 1 0
18 25 0 1 0 1 0 1
18 26 0 0 0 0 1 0
18 28 0 1 1 1 1 0
18 29 0 1 0 1 1 1
19 2 0 0 1 0 0 1
19 3 1 0 1 1 1 0
19 4 0 0 1 0 1 0
19 6 1 0 0 0 1 1
19 7 1 1 1 0 1 1
19 8 1 1 0 1 0 0
19 9 0 0 1 0 1 0
19 11 1 0 1 0 0 0
19 12 0 1 0 0 0 1
19 14 1 1 0 1 1 0
19 15 0 1 0 1 1 1
19 16 1 0 0 0 0 0
19 17 1 0 1 1 1 0
19 18 0 0 1 0 1 0
19 19 0 1 1 0 0 0
19 21 1 1 1 1 1 0
19 22 0 0 1 1 1 1
19 23 0 1 0 1 1 1
19 25 1 1 0 0 0 0
19 26 0 1 0 1 0 1
19 27 1 0 0 1 1 0
19 28 0 1 0 0 1 1
19 29 1 1 1 0 0 0
19 30 0 1 1 1 0 1
19 31 0 0 0 1 0 0
20 2 1 0 1 1 0 0
20 3 0 1 0 0 0 1
20 4 1 0 0 1 0 0
20 5 0 0 1 0 1 0
20 6 1 1 1 0 0 0
20 7 0 1 1 1 0 1
20 8 0 0 0 1 0 0
20 10 0 0 1 1 0 0
20 11 0 0 1 0 1 1
20 12 1 0 0 1 1 0
20 13 0 1 0 0 1 1
20 14 1 1 1 0 0 0
20 15 0 1 1 1 0 1
20 16 0 0 0 1 0 0
20 18 1 1 0 1 1 0
20 19 0 1 0 1 0 0
20 20 1 1 0 1 0 1
20 21 1 1 1 0 0 0
20 22 0 1 1 1 0 1
20 23 0 0 0 1 0 0
20 25 1 0 1 0 0 0
20 26 1 1 1 0 1 1
20 27 1 1 0 1 1 0
20 28 0 1 0 1 0 0
21 2 0 0 1 0 0 1
21 3 1 1 1 0 0 0
21 4 0 1 1 1 0 1
21 6 1 1 0 0 1 0
21 7 0 1 0 0 0 1
21 9 0 0 0 1 1 1
21 10 1 0 0 1 1 0
21 11 0 1 0 0 1 1
21 13 1 1 0 1 1 0
21 14 1 1 0 1 1 1
21 15 1 1 0 1 1 0
21 16 1 0 0 0 1 0
21 18 1 1 1 0 0 0
21 19 0 1 1 1 0 1
21 21 1 0 0 1 1 0
21 22 0 0 1 1 1 1
21 24 1 1 1 0 0 0
21 25 1 1 0 0 1 1
21 26 1 1 1 0 0 0
21 27 0 1 1 1 0 1
22 2 1 0 0 0 1 1
22 3 1 1 1 0 1 1
22 4 1 1 0 1 0 0
22 5 0 0 1 0 1 0
22 6 0 0 0 0 1 0
22 8 1 0 1 1 0 0
22 9 0 1 1 1 0 1
22 10 1 1 1 0 0 0
22 11 0 1 1 1 0 1
22 13 1 1 0 1 1 0
22 14 0 1 0 0 0 1
22 16 1 1 0 0 1 1
22 18 1 0 0 0 1 1
22 19 1 0 1 0 0 1
22 20 0 1 1 0 0 0
22 21 0 0 1 1 0 0
22 22 0 1 0 0 1 1
22 24 1 0 0 0 1 1
22 25 1 1 1 0 1 1
22 26 1 1 0 1 0 0
22 27 0 0 1 0 1 0
22 29 1 0 1 0 1 1
22 30 1 0 1 0 0 1
23 2 0 0 1 0 0 1
23 3 1 1 1 1 1 0
23 4 0 0 1 1 1 1
23 5 0 0 0 0 1 0
23 6 0 1 1 0 0 0
24 2 0 0 1 1 1 1
24 3 1 0 0 0 1 0
24 4 0 0 1 1 1 1
24 5 1 0 0 0 0 0
24 8 1 1 0 0 0 0
24 9 0 1 0 1 0 1
24 10 1 0 0 1 1 0
24 11 0 1 0 0 1 1
24 12 1 1 1 0 0 0
24 13 0 1 1 1 0 1
24 15 1 0 0 0 1 1
24 16 1 1 1 0 1 1
24 17 1 1 0 1 0 0
24 18 0 0 1 0 1 0
25 4 0 1 0 1 0 0
25 5 0 0 1 0 0 0
25 7 0 0 1 1 0 0
25 8 0 0 1 0 0 0
25 10 1 1 0 0 1 0
25 11 1 0 1 0 1 0
25 13 0 0 1 1 0 0
25 14 0 1 1 0 0 1
25 15 0 0 0 1 0 0
25 17 1 1 0 1 1 1
25 19 1 1 0 1 1 0
25 20 1 1 0 1 1 1
25 21 1 1 0 1 1 0
25 22 1 0 0 0 1 0
25 24 1 0 1 0 1 1
25 25 1 0 1 0 1 0
25 27 1 1 0 0 1 0
25 28 1 0 0 0 1 0
25 29 0 1 1 1 1 0
25 30 0 0 1 1 1 0
26 2 0 0 1 0 0 1
26 3 1 0 0 1 1 0
26 4 0 1 0 0 0 1
26 6 1 1 1 0 0 0
26 7 1 0 0 1 0 1
26 8 1 1 0 0 1 0
26 9 0 0 1 1 0 1
26 11 1 1 0 0 0 0
26 12 0 1 0 1 0 1
26 13 1 0 0 1 1 0
26 14 0 1 0 0 1 1
26 15 0 0 0 0 1 0
26 17 1 1 1 1 1 0
26 18 0 0 1 1 1 1
26 19 1 0 0 0 0 0
26 21 1 1 0 0 0 0
26 22 0 1 0 1 0 1
26 23 1 0 0 1 1 0
26 24 0 1 0 0 1 1
26 25 1 1 1 0 0 0
26 26 0 1 1 1 0 1
26 28 1 0 0 0 1 1
26 29 1 1 1 0 1 1
27 30 0 0 1 1 1 1
27 31 1 0 0 1 0 0
13 20 0 0 1 0 0 0
