-0.20
67 89 118 140 171 192 222 243 275 296 327 347 378 399 430 451 481 502 533 554 584 606 636 657 688 709 739 760 791 812 843 864 895 916 947 968 999 1019 1049 1072 1102 1122 1153 1175 1205 1226 1257 1278 1309 1329 1360 1381 1412 1433 1464 1485 1517 1537 1571 1591 1611 1631 1658 1678
64 84 104 142 163 184 224 245 266 304 324 344 382 411 431 475 497 518 555 577 597 640 663 684 720 742 763 807 829 849 887 908 928 972 995 1016 1053 1074 1095 1138 1159 1180 1219 1240 1260 1303 1325 1345 1385 1406 1427 1468 1490 1511 1552 1573 1594 1633 1655 1676 1717 1738 1758 1797 1819 1840 1883 1905 1926 1964 1986 2006 2049 2070 2092 2129 2151 2171 2215 2235 2257
2 1 0 1 1 0 1 0
2 2 0 0 1 1 1 1
2 3 1 0 0 0 0 0
2 4 0 0 0 0 1 0
2 6 0 0 0 0 1 1
2 7 1 0 1 1 1 1
2 9 0 1 1 0 1 1
2 10 0 0 0 0 1 1
2 11 1 0 1 1 0 1
2 12 0 0 1 1 0 0
2 13 0 1 1 0 0 0
2 15 0 0 1 0 0 1
2 17 1 0 0 0 0 0
2 19 1 0 0 1 1 0
2 21 0 1 1 1 1 0
2 22 1 0 1 0 0 1
2 23 1 1 0 0 1 0
2 24 1 0 1 1 0 1
2 25 0 0 0 0 1 0
2 26 0 1 1 0 0 0
3 3 1 1 0 1 1 0
3 4 1 0 0 0 1 0
3 5 0 0 1 0 0 1
3 7 1 1 0 0 1 0
3 8 1 0 0 1 0 1
3 10 1 1 1 0 0 0
3 11 1 0 0 0 1 0
3 12 1 1 0 0 0 0
3 13 0 0 1 1 1 0
3 14 0 0 1 0 0 1
5 1 0 1 1 0 1 0
5 2 0 1 0 0 1 0
5 3 0 1 0 0 1 0
5 4 0 1 0 0 1 0
5 5 0 1 0 0 1 1
5 6 0 1 0 0 1 0
5 7 0 1 0 0 1 0
5 8 0 1 0 0 1 0
5 9 0 1 0 0 1 0
5 10 0 1 0 0 1 0
5 11 0 1 0 0 1 0
5 12 0 1 0 0 1 0
5 13 0 1 0 0 1 0
5 14 0 1 0 0 1 0
5 15 0 1 0 0 1 0
5 16 0 1 0 0 1 0
5 17 0 1 0 0 1 0
5 18 0 1 0 0 1 1
5 19 0 1 0 0 1 0
5 20 0 1 0 0 1 0
5 21 0 1 0 0 1 0
5 22 0 1 0 0 1 0
5 23 0 1 0 0 1 0
5 24 0 1 0 0 1 0
5 25 0 1 0 0 1 0
5 26 0 1 0 0 1 0
5 27 0 1 0 0 1 0
5 28 0 1 0 0 1 0
5 29 0 1 0 0 1 1
6 1 1 1 1 0 0 0
6 2 0 0 0 0 1 1
6 3 1 0 1 1 0 1
6 5 0 0 0 1 1 1
6 6 0 0 0 0 1 1
6 7 1 0 1 1 1 1
6 9 0 1 1 0 1 1
6 10 0 0 0 0 1 1
6 11 1 0 1 1 0 1
6 12 0 0 1 1 0 0
6 13 0 1 1 0 0 0
6 15 0 1 1 0 1 0
6 16 0 0 1 1 1 1
6 17 1 0 0 0 0 0
6 18 0 0 0 1 1 1
6 19 0 0 0 0 1 1
6 20 1 0 1 1 1 1
6 22 0 1 1 0 1 1
6 23 0 0 0 0 1 1
6 24 1 0 1 1 0 1
6 25 0 0 1 1 0 0
6 26 0 1 1 0 0 0
6 29 0 0 0 1 1 1
7 1 1 1 1 0 0 0
7 5 0 0 0 1 1 1
7 18 0 0 0 1 1 1
7 19 0 0 1 0 0 1
7 20 0 0 1 1 1 1
7 21 1 0 0 0 0 0
7 29 0 0 0 1 1 1
8 1 1 1 1 0 1 0
8 2 0 1 0 0 1 0
8 3 0 1 0 0 1 0
8 4 0 1 0 0 1 0
8 5 0 1 0 1 1 1
8 6 0 1 0 0 1 0
8 7 0 1 0 0 1 0
8 8 0 1 0 0 1 0
8 9 0 1 0 0 1 0
8 10 0 1 0 0 1 0
8 11 0 1 0 0 1 0
8 12 0 1 0 0 1 0
8 13 0 1 0 0 1 0
8 14 0 1 0 0 1 0
8 15 0 1 0 0 1 0
8 16 0 1 0 0 1 0
8 17 0 1 0 0 1 0
8 18 0 1 0 1 1 1
8 19 0 1 0 0 1 0
8 20 0 1 0 0 1 0
8 21 0 1 0 0 1 0
8 22 0 1 0 0 1 0
8 23 0 1 0 0 1 0
8 24 0 1 0 0 1 0
8 25 0 1 0 0 1 0
8 26 0 1 0 0 1 0
8 27 0 1 0 0 1 0
8 28 0 1 0 0 1 0
8 29 0 1 0 1 1 1
9 1 1 1 1 0 0 0
9 2 0 0 0 0 1 0
9 3 0 0 0 0 1 0
9 4 0 0 0 0 1 0
9 5 0 0 0 1 1 1
9 7 0 0 0 0 1 0
9 8 0 0 0 0 1 0
9 9 0 0 0 0 1 0
9 18 0 0 0 1 1 1
9 20 0 0 0 0 1 0
9 21 0 0 0 0 1 0
9 22 0 0 0 0 1 0
9 29 0 0 0 0 1 1
10 1 1 1 1 0 1 0
10 2 0 1 0 0 1 0
10 3 0 1 0 0 1 0
10 4 0 1 0 0 1 0
10 5 0 1 0 1 1 1
10 6 0 1 0 0 1 0
10 7 0 1 0 0 1 0
10 8 0 1 0 0 1 0
10 9 0 1 0 0 1 0
10 10 0 1 0 0 1 0
10 11 0 1 0 0 1 0
10 12 0 1 0 0 1 0
10 13 0 1 0 0 1 0
10 14 0 1 0 0 1 0
10 15 0 1 0 0 1 0
10 16 0 1 0 0 1 0
10 17 0 1 0 0 1 0
10 18 0 1 0 1 1 1
10 19 0 1 0 0 1 0
10 20 0 1 0 0 1 0
10 21 0 1 0 0 1 0
10 22 0 1 0 0 1 0
10 23 0 1 0 0 1 0
10 24 0 1 0 0 1 0
10 25 0 1 0 0 1 0
10 26 0 1 0 0 1 0
10 27 0 1 0 0 1 0
10 28 0 1 0 0 1 0
10 29 0 1 0 1 1 1
11 1 1 1 1 0 0 0
11 2 0 0 1 0 0 1
11 3 0 0 1 1 1 1
11 4 1 0 0 1 0 0
11 5 0 0 0 1 1 1
11 18 0 0 0 1 1 1
11 29 0 0 0 1 1 1
12 1 1 1 1 0 1 0
12 2 0 1 0 0 1 0
12 3 0 1 0 0 1 0
12 4 0 1 0 0 1 0
12 5 0 1 0 1 1 1
12 6 0 1 0 0 1 0
12 7 0 1 0 0 1 0
12 8 0 1 0 0 1 0
12 9 0 1 0 0 1 0
12 10 0 1 0 0 1 0
12 11 0 1 0 0 1 0
12 12 0 1 0 0 1 0
12 13 0 1 0 0 1 0
12 14 0 1 0 0 1 0
12 15 0 1 0 0 1 0
12 16 0 1 0 0 1 0
12 17 0 1 0 0 1 0
12 18 0 1 0 1 1 1
12 19 0 1 0 0 1 0
12 20 0 1 0 0 1 0
12 21 0 1 0 0 1 0
12 22 0 1 0 0 1 0
12 23 0 1 0 0 1 0
12 24 0 1 0 0 1 0
12 25 0 1 0 0 1 0
12 26 0 1 0 0 1 0
12 27 0 1 0 0 1 0
12 28 0 1 0 0 1 0
12 29 0 1 0 1 1 1
13 1 1 1 1 0 0 0
13 2 0 0 1 0 0 1
13 3 0 0 1 1 1 1
13 4 1 1 0 0 0 0
13 5 0 0 0 1 1 1
13 18 0 0 0 1 1 1
13 29 0 0 0 1 1 1
14 1 1 1 1 0 1 0
14 2 0 1 0 0 1 0
14 3 0 1 0 0 1 0
14 4 0 1 0 0 1 0
14 5 0 1 0 1 1 1
14 6 0 1 0 0 1 0
14 7 0 1 0 0 1 0
14 8 0 1 0 0 1 0
14 9 0 1 0 0 1 0
14 10 0 1 0 0 1 0
14 11 0 1 0 0 1 0
14 12 0 1 0 0 1 0
14 13 0 1 0 0 1 0
14 14 0 1 0 0 1 0
14 15 0 1 0 0 1 0
14 16 0 1 0 0 1 0
14 17 0 1 0 0 1 0
14 18 0 1 0 1 1 1
14 19 0 1 0 0 1 0
14 20 0 1 0 0 1 0
14 21 0 1 0 0 1 0
14 22 0 1 0 0 1 0
14 23 0 1 0 0 1 0
14 24 0 1 0 0 1 0
14 25 0 1 0 0 1 0
14 26 0 1 0 0 1 0
14 27 0 1 0 0 1 0
14 28 0 1 0 0 1 0
14 29 0 1 0 1 1 1
15 1 1 1 1 0 0 0
15 2 0 0 1 0 0 1
15 3 0 0 1 1 1 1
15 4 1 0 0 0 0 0
15 5 0 0 0 1 1 1
15 18 0 0 0 1 1 1
15 29 0 0 0 1 1 1
16 1 1 1 1 0 1 0
16 2 0 1 0 0 1 0
16 3 0 1 0 0 1 0
16 4 0 1 0 0 1 0
16 5 0 1 0 1 1 1
16 6 0 1 0 0 1 0
16 7 0 1 0 0 1 0
16 8 0 1 0 0 1 0
16 9 0 1 0 0 1 0
16 10 0 1 0 0 1 0
16 11 0 1 0 0 1 0
16 12 0 1 0 0 1 0
16 13 0 1 0 0 1 0
16 14 0 1 0 0 1 0
16 15 0 1 0 0 1 0
16 16 0 1 0 0 1 0
16 17 0 1 0 0 1 0
16 18 0 1 0 1 1 1
16 19 0 1 0 0 1 0
16 20 0 1 0 0 1 0
16 21 0 1 0 0 1 0
16 22 0 1 0 0 1 0
16 23 0 1 0 0 1 0
16 24 0 1 0 0 1 0
16 25 0 1 0 0 1 0
16 26 0 1 0 0 1 0
16 27 0 1 0 0 1 0
16 28 0 1 0 0 1 0
16 29 0 1 0 1 1 1
17 1 1 1 1 0 0 0
17 2 0 0 1 1 1 1
17 3 0 1 0 1 1 0
17 5 0 0 0 1 1 1
17 18 0 0 0 1 1 1
17 29 0 0 0 1 1 1
18 1 1 1 1 0 1 0
18 2 0 1 0 0 1 0
18 3 0 1 0 0 1 0
18 4 0 1 0 0 1 0
18 5 0 1 0 1 1 1
18 6 0 1 0 0 1 0
18 7 0 1 0 0 1 0
18 8 0 1 0 0 1 0
18 9 0 1 0 0 1 0
18 10 0 1 0 0 1 0
18 11 0 1 0 0 1 0
18 12 0 1 0 0 1 0
18 13 0 1 0 0 1 0
18 14 0 1 0 0 1 0
18 15 0 1 0 0 1 0
18 16 0 1 0 0 1 0
18 17 0 1 0 0 1 0
18 18 0 1 0 1 1 1
18 19 0 1 0 0 1 0
18 20 0 1 0 0 1 0
18 21 0 1 0 0 1 0
18 22 0 1 0 0 1 0
18 23 0 1 0 0 1 0
18 24 0 1 0 0 1 0
18 25 0 1 0 0 1 0
18 26 0 1 0 0 1 0
18 27 0 1 0 0 1 0
18 28 0 1 0 0 1 0
18 29 0 1 0 1 1 1
19 1 1 1 1 0 0 0
19 2 0 0 1 1 1 1
19 3 1 0 0 0 0 0
19 5 0 0 0 1 1 1
19 18 0 0 0 1 1 1
19 29 0 0 0 1 1 1
20 1 1 1 1 0 1 0
20 2 0 1 0 0 1 0
20 3 0 1 0 0 1 0
20 4 0 1 0 0 1 0
20 5 0 1 0 1 1 1
20 6 0 1 0 0 1 0
20 7 0 1 0 0 1 0
20 8 0 1 0 0 1 0
20 9 0 1 0 0 1 0
20 10 0 1 0 0 1 0
20 11 0 1 0 0 1 0
20 12 0 1 0 0 1 0
20 13 0 1 0 0 1 0
20 14 0 1 0 0 1 0
20 15 0 1 0 0 1 0
20 16 0 1 0 0 1 0
20 17 0 1 0 0 1 0
20 18 0 1 0 1 1 1
20 19 0 1 0 0 1 0
20 20 0 1 0 0 1 0
20 21 0 1 0 0 1 0
20 22 0 1 0 0 1 0
20 23 0 1 0 0 1 0
20 24 0 1 0 0 1 0
20 25 0 1 0 0 1 0
20 26 0 1 0 0 1 0
20 27 0 1 0 0 1 0
20 28 0 1 0 0 1 0
20 29 0 1 0 1 1 1
21 1 1 1 1 0 0 0
21 2 0 0 1 1 1 1
21 3 1 1 0 0 0 0
21 5 0 0 0 1 1 1
21 18 0 0 0 1 1 1
21 29 0 0 0 1 1 1
22 1 1 1 1 0 1 0
22 2 0 1 0 0 1 0
22 3 0 1 0 0 1 0
22 4 0 1 0 0 1 0
22 5 0 1 0 1 1 1
22 6 0 1 0 0 1 0
22 7 0 1 0 0 1 0
22 8 0 1 0 0 1 0
22 9 0 1 0 0 1 0
22 10 0 1 0 0 1 0
22 11 0 1 0 0 1 0
22 12 0 1 0 0 1 0
22 13 0 1 0 0 1 0
22 14 0 1 0 0 1 0
22 15 0 1 0 0 1 0
22 16 0 1 0 0 1 0
22 17 0 1 0 0 1 0
22 18 0 1 0 1 1 1
22 19 0 1 0 0 1 0
22 20 0 1 0 0 1 0
22 21 0 1 0 0 1 0
22 22 0 1 0 0 1 0
22 23 0 1 0 0 1 0
22 24 0 1 0 0 1 0
22 25 0 1 0 0 1 0
22 26 0 1 0 0 1 0
22 27 0 1 0 0 1 0
22 28 0 1 0 0 1 0
22 29 0 1 0 1 1 1
23 1 1 1 1 0 0 0
23 2 0 0 1 1 1 1
23 3 1 0 0 1 0 0
23 5 0 0 0 1 1 1
23 18 0 0 0 1 1 1
23 29 0 0 0 1 1 1
24 1 1 1 1 0 1 0
24 2 0 1 0 0 1 0
24 3 0 1 0 0 1 0
24 4 0 1 0 0 1 0
24 5 0 1 0 1 1 1
24 6 0 1 0 0 1 0
24 7 0 1 0 0 1 0
24 8 0 1 0 0 1 0
24 9 0 1 0 0 1 0
24 10 0 1 0 0 1 0
24 11 0 1 0 0 1 0
24 12 0 1 0 0 1 0
24 13 0 1 0 0 1 0
24 14 0 1 0 0 1 0
24 15 0 1 0 0 1 0
24 16 0 1 0 0 1 0
24 17 0 1 0 0 1 0
24 18 0 1 0 1 1 1
24 19 0 1 0 0 1 0
24 20 0 1 0 0 1 0
24 21 0 1 0 0 1 0
24 22 0 1 0 0 1 0
24 23 0 1 0 0 1 0
24 24 0 1 0 0 1 0
24 25 0 1 0 0 1 0
24 26 0 1 0 0 1 0
24 27 0 1 0 0 1 0
24 28 0 1 0 0 1 0
24 29 0 1 0 1 1 1
25 1 1 1 1 0 0 0
25 2 0 0 0 0 1 0
25 3 0 0 0 0 1 0
25 4 0 0 0 0 1 0
25 5 0 0 0 1 1 1
25 7 0 0 0 0 1 0
25 8 0 0 0 0 1 0
25 9 0 0 0 0 1 0
25 18 0 0 0 1 1 1
25 20 0 0 0 0 1 0
25 21 0 0 0 0 1 0
25 22 0 0 0 0 1 0
25 29 0 0 0 1 1 1
26 1 1 1 0 0 1 0
26 2 0 1 0 0 1 0
26 3 0 1 0 0 1 0
26 4 0 1 0 0 1 0
26 5 0 1 0 1 1 0
26 6 0 1 0 0 1 0
26 7 0 1 0 0 1 0
26 8 0 1 0 0 1 0
26 9 0 1 0 0 1 0
26 10 0 1 0 0 1 0
26 11 0 1 0 0 1 0
26 12 0 1 0 0 1 0
26 13 0 1 0 0 1 0
26 14 0 1 0 0 1 0
26 15 0 1 0 0 1 0
26 16 0 1 0 0 1 0
26 17 0 1 0 0 1 0
26 18 0 1 0 1 1 0
26 19 0 1 0 0 1 0
26 20 0 1 0 0 1 0
26 21 0 1 0 0 1 0
26 22 0 1 0 0 1 0
26 23 0 1 0 0 1 0
26 24 0 1 0 0 1 0
26 25 0 1 0 0 1 0
26 26 0 1 0 0 1 0
26 27 0 1 0 0 1 0
26 28 0 1 0 0 1 0
26 29 0 1 0 1 1 0
27 28 0 0 1 1 1 1
27 29 1 0 0 0 0 0
27 30 1 0 0 1 0 0
2 16 0 0 1 1 1 1
