-0.20
52 73 104 126 157 178 209 230 261 282 313 334 364 386 416 437 468 489 520 541 572 593 624 645 676 697 727 748 778 800 830 851 882 903 934 956 986 1008 1037 1059 1090 1111 1142 1162 1193 1213 1245 1266 1296 1318 1349 1370 1400 1422 1453 1474 1504 1526 1557 1578 1608 1630 1661 1682
86 107 128 168 190 211 252 274 296 334 356 378 417 438 459 500 521 542 583 604 626 665 686 708 748 770 791 830 852 874 914 935 957 996 1018 1039 1080 1102 1123 1163 1184 1205 1245 1267 1288 1326 1348 1370 1412 1433 1454 1492 1513 1534 1575 1597 1618 1657 1679 1701 1741 1763 1784 1825 1846 1868 1908 1930 1951 1990 2011 2032 2073 2095 2116 2158 2179 2200 2240 2261 2282
2 2 1 0 1 1 0 1
2 3 0 1 1 0 0 0
2 5 1 0 0 0 1 0
2 6 0 0 0 1 1 1
2 7 1 0 1 0 0 1
2 8 1 1 0 1 1 0
2 10 0 0 1 1 0 0
2 11 1 0 0 1 1 1
2 12 1 1 1 0 1 0
2 13 0 1 1 1 0 0
2 15 1 1 0 1 0 0
2 17 0 1 1 1 1 1
2 18 1 1 0 0 1 1
2 19 0 1 1 0 0 1
2 20 1 0 0 1 1 1
2 22 1 0 0 0 1 0
2 23 0 0 0 1 1 1
2 24 1 0 1 0 0 1
2 25 1 1 0 1 1 0
2 27 0 1 0 0 0 1
2 28 1 1 0 0 1 1
2 29 1 0 0 0 0 0
2 31 1 0 1 0 0 1
3 15 0 0 0 0 0 1
3 16 0 1 0 0 0 0
3 17 1 0 0 0 1 0
3 18 0 1 0 1 1 0
3 19 1 1 1 1 1 0
3 20 1 1 0 1 1 0
3 22 0 0 1 0 1 0
3 23 1 0 0 1 0 1
3 24 0 1 1 0 0 1
3 25 0 1 1 1 0 0
3 27 0 1 1 1 1 0
3 29 1 0 1 1 0 0
3 30 1 1 0 1 1 0
3 31 1 0 0 0 0 1
4 3 1 0 0 0 1 0
4 4 0 1 0 1 1 0
4 5 1 1 1 1 1 0
4 6 1 1 0 1 1 0
4 8 1 1 0 1 0 0
4 10 1 0 1 1 0 0
4 11 1 1 0 1 1 0
4 12 1 0 0 0 0 1
4 14 1 0 1 1 0 1
4 15 0 0 0 1 1 1
4 16 1 0 1 1 0 0
4 17 0 0 0 1 1 0
4 19 0 1 1 0 1 0
4 20 1 0 0 0 0 1
4 22 1 0 0 0 1 0
4 23 1 1 0 0 1 1
4 24 0 1 0 0 1 0
4 26 1 0 1 1 0 0
4 27 1 0 0 1 0 1
4 28 0 0 1 0 1 1
4 29 0 1 1 1 0 0
5 2 0 0 1 0 1 0
5 3 1 0 0 0 0 1
5 4 0 0 0 0 0 1
5 5 0 1 0 0 0 0
5 6 0 0 0 0 1 1
5 7 0 1 1 1 0 0
5 8 1 1 0 0 0 1
5 9 0 0 0 1 1 0
5 11 1 0 1 0 1 0
5 12 0 0 0 1 1 1
5 14 0 0 1 1 0 1
5 15 0 1 1 1 0 0
5 16 0 0 1 1 1 1
5 17 0 1 0 1 1 0
5 19 0 1 1 0 1 0
5 20 1 0 0 0 0 1
5 21 1 0 0 0 1 0
5 23 0 0 0 0 0 1
5 24 0 1 0 0 0 1
5 25 1 1 0 1 0 1
5 27 1 1 1 1 0 0
5 29 1 0 0 0 1 0
5 30 0 0 1 0 1 0
5 31 0 0 0 1 0 1
6 2 0 0 1 1 0 1
6 3 1 1 0 0 1 1
6 5 1 1 0 1 0 0
6 7 0 1 0 0 0 1
6 8 1 1 0 0 1 1
6 9 1 0 0 0 0 0
6 10 0 0 0 0 0 1
6 11 0 1 0 0 0 0
6 12 1 0 0 0 0 1
6 13 0 0 1 1 0 0
6 14 0 1 0 1 1 0
6 16 0 1 0 1 0 0
6 17 0 1 0 1 1 0
6 18 0 0 0 0 0 1
6 19 0 1 0 0 0 1
6 20 1 1 0 1 0 1
6 22 0 1 1 1 1 0
6 24 0 0 1 1 0 1
6 25 0 1 1 1 0 0
6 26 0 0 1 1 1 1
6 27 0 1 0 1 1 0
6 29 0 1 1 0 1 0
6 30 1 0 0 0 0 1
6 31 0 0 1 0 0 1
7 2 1 0 0 0 1 0
7 3 0 1 0 1 1 0
7 4 1 1 1 0 1 1
7 5 0 1 0 1 1 0
7 7 1 0 1 1 0 0
7 8 0 0 0 1 0 1
7 9 0 0 0 0 0 1
7 10 1 0 0 0 1 0
7 12 1 0 1 0 0 1
7 14 0 1 0 0 0 1
7 15 1 1 0 0 1 1
7 16 1 0 0 0 0 0
7 17 0 0 0 0 0 1
7 18 0 1 0 0 0 0
7 19 1 1 0 1 0 0
7 21 1 0 1 1 0 1
7 22 0 0 1 0 1 0
7 23 1 0 0 1 0 1
7 24 0 1 1 0 0 1
7 25 0 1 1 1 0 0
7 27 0 1 1 1 0 0
7 29 1 0 1 1 0 1
7 30 0 1 0 1 1 0
7 31 0 0 1 0 0 1
8 2 0 0 0 0 0 1
8 3 0 1 0 0 0 0
8 4 1 0 0 0 1 0
8 5 0 1 0 1 1 0
8 6 1 0 1 1 0 0
8 7 0 0 0 1 1 1
8 9 0 1 0 1 0 0
8 10 0 1 0 1 1 0
8 11 0 0 0 0 0 1
8 12 0 1 0 0 0 1
8 13 1 1 0 1 0 1
8 15 0 1 1 1 1 0
8 17 1 1 1 0 0 1
8 18 1 1 0 1 0 0
8 20 1 1 1 0 0 1
8 21 1 1 0 1 1 1
8 22 0 0 1 0 1 1
8 23 1 0 0 1 1 0
8 25 1 0 0 0 0 0
8 26 0 0 1 1 0 1
8 27 0 1 1 1 0 0
8 28 0 0 1 1 1 1
8 29 0 1 0 1 1 0
8 31 1 1 0 1 0 0
9 4 1 1 1 0 0 1
9 5 1 1 0 1 0 1
9 7 0 0 1 1 1 0
9 8 1 1 0 1 1 0
9 9 0 0 1 1 0 1
9 10 0 0 0 1 1 0
9 12 1 0 0 0 1 0
9 13 1 1 0 1 0 1
9 15 0 1 0 0 0 0
9 16 0 0 1 0 1 1
9 17 1 0 0 0 0 1
9 18 0 1 1 0 0 1
9 19 0 0 0 1 1 0
9 21 1 0 0 0 1 0
9 22 0 1 0 1 1 0
9 23 1 1 1 0 1 1
9 24 0 1 0 1 1 0
9 26 0 1 0 1 0 1
9 27 1 1 0 1 1 0
9 28 0 1 1 0 1 0
9 29 1 1 0 0 1 1
10 2 0 0 1 1 0 1
10 3 1 1 0 0 1 0
10 5 1 1 1 0 1 0
10 6 0 1 0 1 1 0
10 7 1 0 0 0 1 0
10 8 1 1 0 0 1 1
10 10 1 1 1 0 0 1
10 11 1 1 0 1 0 1
10 13 0 1 0 1 0 0
10 14 0 0 0 1 0 1
10 15 0 0 1 1 0 0
10 16 0 0 0 1 1 0
10 18 0 1 0 0 0 0
10 19 1 0 0 0 1 0
10 20 1 1 0 0 1 1
10 21 0 1 0 0 1 0
10 23 0 0 1 1 0 1
10 24 0 1 1 1 0 0
10 25 0 0 1 0 1 1
10 26 0 1 1 1 0 0
10 28 0 1 0 0 0 1
10 29 1 1 0 1 0 0
10 30 1 1 1 0 1 0
10 31 0 1 0 1 1 0
11 4 1 1 1 0 1 1
11 5 1 1 0 1 1 0
11 6 0 1 0 1 0 0
11 7 1 1 0 1 1 0
11 9 0 0 1 0 1 0
11 10 0 1 0 1 1 0
11 12 1 0 0 0 1 0
11 13 0 1 0 1 1 0
11 14 0 1 1 0 0 1
11 15 1 0 0 1 1 0
11 17 0 0 1 1 0 1
11 18 0 1 1 1 0 0
11 19 0 0 1 1 1 1
11 20 0 1 0 1 1 0
11 22 0 1 1 0 1 0
11 23 0 0 0 0 0 1
11 24 0 0 1 0 1 0
11 25 1 0 0 0 0 1
11 27 1 1 1 1 0 0
11 29 0 0 1 0 1 0
11 30 0 1 0 1 1 0
11 31 0 0 1 0 0 1
12 3 0 1 0 0 1 1
12 4 1 1 0 1 1 0
12 5 1 0 0 0 1 0
12 6 1 1 0 0 1 1
12 8 0 0 1 1 0 1
12 9 0 0 0 1 1 0
12 10 1 0 0 0 1 0
12 11 0 0 1 1 1 0
12 12 1 1 0 1 1 0
12 14 0 1 0 1 1 1
12 15 0 1 1 0 1 0
12 16 1 0 0 1 0 0
12 18 0 1 0 0 0 0
12 19 1 0 0 0 1 0
12 20 1 1 0 0 1 1
12 21 0 1 0 0 1 0
12 23 1 0 0 0 1 0
12 24 1 1 0 1 1 0
12 25 0 0 0 0 1 0
12 26 0 1 1 1 0 0
12 28 0 1 0 1 0 0
12 29 0 1 0 1 1 0
12 30 0 1 1 1 1 1
12 31 1 0 0 1 0 1
13 5 0 0 0 0 1 1
13 6 0 1 0 0 0 0
13 7 1 0 0 0 1 0
13 8 0 0 0 1 1 1
13 9 1 1 1 0 0 1
13 10 1 1 0 1 0 1
13 12 1 1 1 1 0 0
13 13 0 0 0 0 1 1
13 14 1 1 1 0 0 0
13 16 0 0 1 0 1 0
13 17 0 1 0 1 1 0
13 19 0 1 1 1 0 0
13 20 0 1 1 0 0 1
13 21 1 1 0 0 1 0
13 23 1 1 0 1 0 0
13 25 0 0 1 1 0 1
13 26 0 1 1 1 0 0
13 27 0 0 1 1 1 1
13 28 0 1 0 1 1 0
13 30 1 1 1 0 1 0
13 31 1 1 0 1 0 0
15 14 0 0 1 1 0 1
15 15 0 1 1 1 0 0
15 16 0 0 1 1 1 1
15 17 0 1 0 1 1 0
15 19 0 0 0 0 1 1
15 20 1 0 0 1 0 0
15 21 0 0 0 0 1 1
15 22 0 1 0 1 1 1
15 25 0 0 0 1 0 0
15 26 1 1 1 0 0 1
15 27 1 0 0 1 1 0
15 28 0 0 0 1 1 0
15 29 1 1 1 0 0 1
16 3 1 0 1 1 0 0
16 4 1 0 0 1 0 1
16 5 1 1 0 0 0 1
16 6 0 0 0 1 1 0
16 8 1 1 0 1 0 0
16 10 1 0 0 0 1 0
16 11 1 1 0 0 1 1
16 12 0 0 1 0 1 1
16 13 1 0 0 1 1 0
16 14 1 1 1 0 0 1
16 15 1 0 0 0 0 1
16 17 0 1 1 0 1 0
16 18 1 0 0 0 0 1
16 20 1 0 1 1 0 0
16 21 0 0 0 0 0 1
16 22 0 0 1 1 1 0
16 24 0 0 1 1 1 1
16 25 0 0 0 1 0 1
16 27 0 1 1 0 0 1
16 28 1 0 0 1 0 1
16 29 0 1 0 1 0 1
17 21 0 0 0 0 1 1
17 22 0 1 0 0 0 0
17 23 1 0 0 0 1 0
17 24 1 1 0 0 1 1
17 25 0 1 0 0 1 0
17 27 1 1 0 1 0 0
17 29 1 0 0 0 1 0
17 30 1 1 0 1 1 0
17 31 0 0 1 0 0 1
18 2 1 1 1 0 0 1
18 3 1 0 0 0 0 1
18 5 1 1 0 1 0 0
18 7 1 1 1 0 0 1
18 8 1 1 0 1 0 0
18 9 1 0 1 1 1 1
18 10 0 0 0 1 0 1
18 12 0 1 1 1 0 0
18 14 1 0 1 1 0 0
18 15 1 0 0 1 0 1
18 17 0 0 1 0 1 0
18 18 1 1 0 1 1 0
18 19 0 1 1 1 1 0
18 20 0 0 0 1 1 1
18 22 1 1 0 1 0 0
18 24 1 0 0 0 1 0
18 25 1 1 0 0 1 1
18 26 0 0 1 0 1 1
18 27 1 0 0 1 1 0
18 28 1 1 1 0 0 1
18 29 1 0 0 0 0 1
19 5 0 0 0 1 0 0
19 6 0 0 0 1 0 0
19 7 0 0 0 1 0 0
19 8 1 1 1 0 0 1
19 10 1 0 1 1 0 0
19 11 1 1 0 1 1 0
19 13 0 0 0 1 0 0
19 14 1 1 1 0 0 1
19 15 0 0 1 0 0 1
19 16 0 0 0 1 0 0
19 17 1 1 1 0 0 1
19 18 1 0 0 1 1 0
19 19 0 0 0 1 1 0
19 20 1 1 1 0 0 1
19 22 0 0 1 1 0 1
19 23 1 1 0 0 1 1
19 24 0 0 0 0 0 1
19 25 0 1 1 0 0 0
19 27 0 0 1 1 0 0
19 28 0 1 0 1 1 0
19 29 0 0 1 0 1 1
19 30 1 0 0 1 1 0
19 31 0 0 1 0 0 1
20 4 0 1 0 0 0 0
20 5 1 0 1 1 0 1
20 6 0 1 1 0 0 0
20 8 1 1 1 0 1 0
20 10 0 0 1 0 1 1
20 11 1 1 0 1 1 1
20 12 1 1 1 0 0 1
20 13 0 0 0 1 1 1
20 15 1 1 0 1 0 0
20 17 1 0 0 0 1 0
20 18 1 1 0 0 1 1
20 19 0 0 1 0 1 1
20 20 1 0 0 1 1 0
20 21 1 1 1 0 0 1
20 22 1 0 0 0 0 1
20 24 0 0 1 0 1 0
20 25 0 1 1 1 0 0
20 27 0 1 0 0 0 0
20 28 0 0 0 0 1 1
20 29 0 0 1 0 0 0
20 30 0 1 0 1 0 0
20 31 0 0 1 0 0 1
21 3 1 0 1 0 1 1
21 4 1 0 0 1 0 1
21 6 1 1 0 1 0 0
21 8 1 0 1 1 0 1
21 9 0 1 1 0 0 0
21 11 1 0 1 0 0 1
21 12 1 1 1 0 1 0
21 13 1 1 0 1 0 0
21 15 0 0 1 1 1 1
21 16 1 1 0 0 1 0
21 17 1 0 1 1 0 0
21 18 0 1 0 1 1 0
21 20 0 1 0 0 0 0
21 21 1 1 1 1 0 1
21 22 0 1 1 0 0 0
21 24 1 1 1 0 1 0
21 26 0 0 0 0 1 0
21 27 1 1 0 1 1 0
21 28 1 0 1 1 0 0
21 29 1 0 0 1 0 1
21 30 1 1 0 0 0 1
21 31 0 0 0 1 1 0
22 2 0 0 0 0 1 0
22 3 1 0 0 0 1 0
22 4 1 1 0 1 1 0
22 6 0 1 0 0 0 0
22 7 1 0 0 0 0 1
22 8 0 0 0 0 1 1
22 9 0 0 1 1 0 0
22 10 1 1 1 0 1 0
22 11 1 1 0 1 0 0
22 13 0 0 1 0 1 0
22 14 1 1 0 1 1 0
22 15 1 0 0 0 1 0
22 17 0 1 1 1 1 0
22 19 0 1 1 1 1 1
22 20 1 1 0 1 0 0
22 22 1 1 1 1 0 1
22 23 0 1 1 0 0 0
22 25 0 1 0 0 0 0
22 26 0 0 0 0 1 0
22 27 1 0 0 0 0 1
22 29 0 0 1 0 1 0
22 30 1 1 0 1 1 0
22 31 1 0 0 0 1 0
23 4 1 0 0 0 1 0
23 5 1 1 0 0 1 1
23 6 1 0 1 0 0 1
23 7 1 1 0 1 1 0
23 9 1 1 0 1 0 0
23 11 0 1 1 0 0 1
23 12 1 0 0 1 0 1
23 13 0 1 0 0 0 1
23 14 1 1 0 0 1 1
23 15 1 0 0 0 0 0
23 17 0 1 0 0 0 0
23 18 0 0 1 1 0 1
23 19 0 1 1 1 0 0
23 20 0 0 1 1 1 1
23 21 0 1 0 1 1 0
23 23 1 1 0 1 0 0
23 25 1 0 1 1 0 1
23 26 0 1 1 0 0 0
23 28 0 1 1 1 0 0
23 30 1 1 1 1 0 1
23 31 0 1 1 0 0 0
24 17 1 1 1 0 1 0
24 19 0 0 0 0 1 1
24 20 0 1 1 1 0 0
24 21 1 1 0 0 0 1
24 22 0 0 0 1 1 0
24 24 1 0 0 0 1 0
24 25 0 0 1 0 1 0
24 26 0 0 0 1 0 1
24 28 1 0 0 0 1 0
24 29 0 1 0 1 1 0
24 30 1 1 1 1 1 0
24 31 1 1 0 1 1 0
25 10 0 0 0 0 1 1
25 11 0 0 1 0 0 1
25 12 0 0 0 1 0 0
25 13 1 1 1 0 0 1
25 14 0 0 1 0 0 1
25 15 0 1 1 0 0 0
25 18 0 0 0 0 1 1
25 19 1 0 0 0 0 1
25 20 1 0 1 1 0 1
25 21 0 1 1 0 0 0
25 22 1 0 0 1 1 0
25 23 1 1 1 0 0 1
25 24 0 1 1 0 1 1
25 26 1 1 1 1 0 1
25 27 0 1 1 0 0 0
26 6 0 0 0 0 1 1
26 7 0 1 0 0 0 0
26 8 1 0 0 0 1 0
26 9 1 1 0 0 1 1
26 10 0 1 0 0 1 0
26 12 0 0 1 0 1 0
26 13 1 1 0 1 1 0
26 14 1 0 0 0 1 0
26 15 1 1 0 1 1 0
26 17 0 0 1 1 1 1
26 18 0 0 0 1 0 1
26 20 1 0 1 0 1 0
26 21 0 0 0 1 1 1
26 23 0 0 0 0 1 1
26 24 1 0 1 0 1 0
26 25 0 1 1 1 0 1
26 27 0 1 1 0 0 1
26 28 1 0 0 1 0 1
26 29 0 1 0 1 0 1
