0.10
9 30 60 81 108 129 159 180 210 231 261 282 312 333 363 384 414 435 465 486 516 537 567 588 618 640 672 692 723 744 774 797 826 849 878 899 930 951 982 1003 1033 1055 1085 1107 1137 1158 1189 1210 1241 1262 1293 1314 1344 1365 1396 1417 1448 1470 1500 1521 1545 1566 1596 1617 1647 1668
11 33 55 100 122 144 183 205 226 265 286 308 350 372 393 428 451 473 515 539 557 596 619 639 679 705 727 761 783 804 844 870 891 929 948 970 1009 1034 1057 1092 1114 1135 1178 1198 1219 1258 1279 1301 1341 1364 1385 1424 1445 1466 1505 1524 1545 1585 1607 1628 1667 1689 1710 1751 1771 1792 1832 1852 1874 1919 1939 1959 1996 2017 2039 2082 2104 2124 2161 2182 2203 2242 2263 2284
3 14 1 1 1 0 1 0
3 15 0 1 0 0 1 0
3 16 0 1 0 0 1 0
3 17 0 1 0 0 1 0
3 18 0 1 0 0 1 0
3 19 0 1 0 0 1 0
3 20 0 1 0 0 1 0
3 21 0 1 0 0 1 0
3 22 0 1 0 0 1 0
3 23 0 1 0 0 1 0
3 24 0 1 0 0 1 0
3 25 0 1 0 0 1 0
3 26 1 1 1 0 1 0
3 27 0 1 0 0 1 0
3 28 0 1 0 0 1 0
3 29 0 1 0 0 1 0
3 30 0 1 0 1 1 1
4 14 1 1 1 0 0 0
4 26 1 1 1 0 0 0
4 27 0 0 0 1 0 0
4 28 1 1 1 0 0 1
4 29 0 0 1 0 0 1
4 30 0 0 0 1 1 1
5 14 1 1 1 0 1 0
5 15 0 1 0 0 1 0
5 16 0 1 0 0 1 0
5 17 0 1 0 0 1 0
5 18 0 1 0 0 1 0
5 19 0 1 0 0 1 0
5 20 0 1 0 0 1 0
5 21 0 1 0 0 1 0
5 22 0 1 0 0 1 0
5 23 0 1 0 0 1 0
5 24 0 1 0 0 1 0
5 25 0 1 0 0 1 0
5 26 1 1 1 0 1 0
5 27 0 1 0 0 1 0
5 28 0 1 0 0 1 0
5 29 0 1 0 0 1 0
5 30 0 1 0 1 1 1
6 14 1 1 1 0 0 0
6 26 1 1 1 0 0 0
6 28 1 1 0 0 1 0
6 29 1 1 1 0 0 1
6 30 0 0 0 1 1 1
7 14 1 1 1 0 1 0
7 15 0 1 0 0 1 0
7 16 0 1 0 0 1 0
7 17 0 1 0 0 1 0
7 18 0 1 0 0 1 0
7 19 0 1 0 0 1 0
7 20 0 1 0 0 1 0
7 21 0 1 0 0 1 0
7 22 0 1 0 0 1 0
7 23 0 1 0 0 1 0
7 24 0 1 0 0 1 0
7 25 0 1 0 0 1 0
7 26 1 1 1 0 1 0
7 27 0 1 0 0 1 0
7 28 0 1 0 0 1 0
7 29 0 1 0 0 1 0
7 30 0 1 0 1 1 1
8 14 1 1 1 0 0 0
8 26 1 1 1 0 0 0
8 28 0 0 0 1 0 0
8 29 1 1 1 0 0 1
8 30 0 0 0 1 1 1
9 14 1 1 1 0 1 0
9 15 0 1 0 0 1 0
9 16 0 1 0 0 1 0
9 17 0 1 0 0 1 0
9 18 0 1 0 0 1 0
9 19 0 1 0 0 1 0
9 20 0 1 0 0 1 0
9 21 0 1 0 0 1 0
9 22 0 1 0 0 1 0
9 23 0 1 0 0 1 0
9 24 0 1 0 0 1 0
9 25 0 1 0 0 1 0
9 26 1 1 1 0 1 0
9 27 0 1 0 0 1 0
9 28 0 1 0 0 1 0
9 29 0 1 0 0 1 0
9 30 0 1 0 1 1 1
10 14 1 1 1 0 0 0
10 26 1 1 1 0 0 0
10 28 0 0 0 1 1 0
10 29 1 1 1 0 0 1
10 30 0 0 0 1 1 1
11 14 1 1 1 0 1 0
11 15 0 1 0 0 1 0
11 16 0 1 0 0 1 0
11 17 0 1 0 0 1 0
11 18 0 1 0 0 1 0
11 19 0 1 0 0 1 0
11 20 0 1 0 0 1 0
11 21 0 1 0 0 1 0
11 22 0 1 0 0 1 0
11 23 0 1 0 0 1 0
11 24 0 1 0 0 1 0
11 25 0 1 0 0 1 0
11 26 1 1 1 0 1 0
11 27 0 1 0 0 1 0
11 28 0 1 0 0 1 0
11 29 0 1 0 0 1 0
11 30 0 1 0 1 1 1
12 14 1 1 1 0 0 0
12 26 1 1 1 0 0 0
12 28 1 0 0 1 0 0
12 29 1 1 1 0 0 1
12 30 0 0 0 1 1 1
13 14 1 1 1 0 1 0
13 15 0 1 0 0 1 0
13 16 0 1 0 0 1 0
13 17 0 1 0 0 1 0
13 18 0 1 0 0 1 0
13 19 0 1 0 0 1 0
13 20 0 1 0 0 1 0
13 21 0 1 0 0 1 0
13 22 0 1 0 0 1 0
13 23 0 1 0 0 1 0
13 24 0 1 0 0 1 0
13 25 0 1 0 0 1 0
13 26 1 1 1 0 1 0
13 27 0 1 0 0 1 0
13 28 0 1 0 0 1 0
13 29 0 1 0 0 1 0
13 30 0 1 0 1 1 1
14 14 1 1 1 0 0 0
14 26 1 1 1 0 0 0
14 28 1 1 0 1 0 0
14 29 1 1 1 0 0 1
14 30 0 0 0 1 1 1
15 14 1 1 1 0 1 0
15 15 0 1 0 0 1 0
15 16 0 1 0 0 1 0
15 17 0 1 0 0 1 0
15 18 0 1 0 0 1 0
15 19 0 1 0 0 1 0
15 20 0 1 0 0 1 0
15 21 0 1 0 0 1 0
15 22 0 1 0 0 1 0
15 23 0 1 0 0 1 0
15 24 0 1 0 0 1 0
15 25 0 1 0 0 1 0
15 26 1 1 1 0 1 0
15 27 0 1 0 0 1 0
15 28 0 1 0 0 1 0
15 29 0 1 0 0 1 0
15 30 0 1 0 1 1 1
16 14 1 1 1 0 0 0
16 22 0 1 0 0 0 0
16 23 0 1 0 0 0 0
16 24 0 1 0 0 0 0
16 26 1 1 1 0 0 0
16 27 0 1 0 0 0 0
16 28 0 1 0 0 0 0
16 29 0 1 0 0 0 0
16 30 0 0 0 1 1 1
17 14 1 1 0 0 1 0
17 15 0 1 0 0 1 0
17 16 0 1 0 0 1 0
17 17 0 1 0 0 1 0
17 18 0 1 0 0 1 0
17 19 0 1 0 0 1 0
17 20 0 1 0 0 1 0
17 21 0 1 0 0 1 0
17 22 0 1 0 0 1 0
17 23 0 1 0 0 1 0
17 24 0 1 0 0 1 0
17 25 0 1 0 0 1 0
17 26 1 1 0 0 1 0
17 27 0 1 0 0 1 0
17 28 0 1 0 0 1 0
17 29 0 1 0 0 1 0
17 30 0 1 0 1 1 0
19 13 0 1 1 0 1 0
19 14 0 1 0 0 1 0
19 15 0 1 0 0 1 0
19 16 0 1 0 0 1 0
19 17 0 1 0 0 1 0
19 18 0 1 0 0 1 0
19 19 0 1 0 0 1 0
19 20 0 1 0 0 1 0
19 21 0 1 0 0 1 0
19 22 0 1 0 0 1 0
19 23 0 1 0 0 1 0
19 24 0 1 1 0 1 0
19 25 0 1 0 0 1 0
19 26 0 1 0 0 1 0
19 27 0 1 0 0 1 0
19 28 0 1 0 0 1 0
19 29 0 1 0 0 1 0
19 30 0 1 0 0 1 1
20 13 1 1 1 0 0 0
20 14 0 0 0 0 1 1
20 15 1 0 0 0 0 1
20 16 1 0 1 1 0 1
20 17 0 1 1 0 0 0
20 18 0 0 0 1 1 0
20 19 1 1 1 0 0 1
20 20 0 1 1 0 1 1
20 22 1 1 1 1 0 1
20 23 0 1 1 0 0 0
20 24 1 1 1 0 0 0
20 28 1 0 1 1 0 1
20 29 0 1 1 0 0 0
20 30 0 0 0 1 1 1
21 13 1 1 1 0 1 0
21 14 0 1 0 0 1 0
21 15 0 1 0 0 1 0
21 16 0 1 0 0 1 0
21 17 0 1 0 0 1 0
21 18 0 1 0 0 1 0
21 19 0 1 0 0 1 0
21 20 0 1 0 0 1 0
21 21 0 1 0 0 1 0
21 22 0 1 0 0 1 0
21 23 0 1 0 0 1 0
21 24 1 1 1 0 1 0
21 25 0 1 0 0 1 0
21 26 0 1 0 0 1 0
21 27 0 1 0 0 1 0
21 28 0 1 0 0 1 0
21 29 0 1 0 0 1 0
21 30 0 1 0 1 1 1
22 13 1 1 1 0 0 0
22 20 0 1 0 0 0 0
22 21 0 1 0 0 0 0
22 22 0 1 0 0 0 0
22 24 1 1 1 0 0 0
22 27 0 1 0 0 0 0
22 28 0 1 0 0 0 0
22 29 0 1 0 0 0 0
22 30 0 0 0 1 1 1
23 13 1 1 1 0 1 0
23 14 0 1 0 0 1 0
23 15 0 1 0 0 1 0
23 16 0 1 0 0 1 0
23 17 0 1 0 0 1 0
23 18 0 1 0 0 1 0
23 19 0 1 0 0 1 0
23 20 0 1 0 0 1 0
23 21 0 1 0 0 1 0
23 22 0 1 0 0 1 0
23 23 0 1 0 0 1 0
23 24 1 1 1 0 1 0
23 25 0 1 0 0 1 0
23 26 0 1 0 0 1 0
23 27 0 1 0 0 1 0
23 28 0 1 0 0 1 0
23 29 0 1 0 0 1 0
23 30 0 1 0 1 1 1
24 13 1 1 1 0 0 0
24 24 1 1 1 0 0 0
24 27 0 0 0 1 1 0
24 28 1 1 1 0 0 1
24 29 0 0 1 0 0 1
24 30 0 0 0 1 1 1
25 13 1 1 1 0 1 0
25 14 0 1 0 0 1 0
25 15 0 1 0 0 1 0
25 16 0 1 0 0 1 0
25 17 0 1 0 0 1 0
25 18 0 1 0 0 1 0
25 19 0 1 0 0 1 0
25 20 0 1 0 0 1 0
25 21 0 1 0 0 1 0
25 22 0 1 0 0 1 0
25 23 0 1 0 0 1 0
25 24 1 1 1 0 1 0
25 25 0 1 0 0 1 0
25 26 0 1 0 0 1 0
25 27 0 1 0 0 1 0
25 28 0 1 0 0 1 0
25 29 0 1 0 0 1 0
25 30 0 1 0 1 1 1
26 13 1 1 1 0 0 0
26 24 1 1 1 0 0 0
26 25 0 1 0 1 0 0
26 26 0 0 0 0 1 0
26 27 0 0 0 1 0 0
26 28 1 1 1 0 0 1
26 29 0 0 1 0 0 1
26 30 0 0 0 1 1 1
27 13 1 1 1 0 1 0
27 14 0 1 0 0 1 0
27 15 0 1 0 0 1 0
27 16 0 1 0 0 1 0
27 17 0 1 0 0 1 0
27 18 0 1 0 0 1 0
27 19 0 1 0 0 1 0
27 20 0 1 0 0 1 0
27 21 0 1 0 0 1 0
27 22 0 1 0 0 1 0
27 23 0 1 0 0 1 0
27 24 1 1 1 0 1 0
27 25 0 1 0 0 1 0
27 26 0 1 0 0 1 0
27 27 0 1 0 0 1 0
27 28 0 1 0 0 1 0
27 29 0 1 0 0 1 0
27 30 0 1 0 1 1 1
