0.40
25 46 77 97 128 149 179 202 236 258 281 302 334 354 386 405 438 459 490 509 541 561 592 614 644 666 695 716 748 766 800 818 852 872 904 922 955 974 1006 1028 1058 1080 1110 1130 1160 1182 1214 1235 1265 1286 1318 1339 1369 1390 1422 1442 1472 1494 1526 1548 1575 1596 1627 1647 1678 1698
83 104 125 165 187 209 249 270 291 331 352 374 413 435 456 497 517 539 580 601 622 662 682 705 745 765 787 827 847 870 909 931 952 990 1011 1033 1074 1095 1116 1155 1177 1197 1236 1260 1285 1319 1341 1360 1401 1424 1445 1485 1506 1527 1567 1590 1610 1649 1670 1692 1733 1755 1775 1814 1837 1856 1899 1919 1942 1981 2002 2022 2061 2084 2103 2145 2166 2186 2226 2247 2268
1 2 0 0 0 0 0 0
1 4 0 0 0 0 0 0
1 7 0 0 0 0 0 0
1 9 0 0 0 0 0 0
1 25 0 0 0 0 0 0
1 26 0 0 0 0 0 0
1 28 0 0 0 0 0 0
3 15 0 0 1 1 0 1
3 16 0 0 0 1 1 1
3 17 0 0 1 1 0 1
3 18 1 0 0 1 0 1
5 2 0 0 0 1 0 0
5 3 1 1 1 0 0 1
5 4 0 1 0 0 0 0
5 5 0 1 0 0 0 0
5 6 0 1 0 0 0 0
5 7 0 1 0 0 0 0
5 8 0 1 0 0 0 0
5 9 0 1 0 0 0 0
5 10 0 1 0 0 0 0
5 11 0 0 1 1 0 1
5 12 0 1 1 1 0 0
5 13 0 0 1 1 1 1
5 14 0 1 0 1 1 0
5 16 0 0 0 0 1 1
5 17 1 0 0 1 0 0
5 18 0 0 0 0 1 1
5 19 0 1 0 1 1 1
5 22 0 0 1 0 1 1
5 23 1 0 0 0 0 1
5 24 0 1 1 1 1 0
5 25 0 0 0 1 1 1
5 26 0 0 0 0 1 0
5 27 0 1 1 1 0 0
5 28 0 0 0 0 1 1
5 29 0 1 0 1 1 1
5 30 1 0 0 0 1 0
5 31 1 1 0 1 0 0
6 2 0 0 0 1 1 0
6 3 1 1 1 0 0 1
6 4 0 1 0 0 0 0
6 5 0 1 0 0 0 0
6 6 0 1 0 0 0 0
6 7 0 1 0 0 0 0
6 8 0 1 0 0 0 0
6 9 0 1 0 0 0 0
6 10 0 1 0 0 0 0
6 11 0 1 0 0 0 0
6 12 0 1 0 0 0 0
6 13 0 1 0 0 0 0
6 14 0 0 1 1 0 1
6 15 0 1 1 1 0 0
6 16 0 0 1 1 1 1
6 17 0 1 0 1 1 0
6 19 0 0 0 0 1 1
6 20 1 0 0 1 0 0
6 21 0 0 0 0 1 1
6 22 0 1 0 1 1 1
6 25 0 0 0 1 0 0
6 26 1 1 1 0 0 1
6 27 1 0 0 1 1 0
6 28 0 0 0 1 1 0
6 29 1 1 1 0 0 1
7 6 1 1 0 1 0 0
7 8 0 0 1 1 0 1
7 9 0 0 0 0 1 0
7 10 1 0 0 0 0 1
7 12 0 0 1 0 1 0
7 13 1 0 0 1 0 0
7 14 1 1 1 0 1 0
7 15 1 1 0 0 1 1
7 18 0 1 1 1 1 0
7 19 1 1 0 1 1 0
7 20 0 0 1 1 1 1
7 21 1 1 0 0 1 1
7 23 1 0 1 0 0 1
7 25 1 0 1 1 0 0
7 26 0 0 0 0 1 0
7 27 0 1 1 1 0 0
8 2 1 0 0 0 1 0
8 3 0 0 0 1 1 0
8 4 1 1 1 0 0 1
8 5 0 1 0 0 0 0
8 6 0 1 0 0 0 0
8 7 0 1 0 0 0 0
8 8 0 1 0 0 0 0
8 9 1 0 0 0 1 0
8 10 0 1 0 1 1 0
8 11 1 1 1 1 1 0
8 12 1 1 0 1 1 0
8 14 1 1 0 1 0 0
8 16 0 0 1 1 0 1
8 17 1 1 0 1 0 0
8 18 0 1 0 0 1 0
8 20 1 0 1 0 0 1
8 22 0 0 1 0 1 1
8 23 1 0 0 0 0 1
8 24 1 1 1 0 0 1
8 25 0 1 1 1 0 0
9 3 0 0 0 0 0 0
9 6 1 0 1 1 1 1
9 7 1 0 0 0 1 0
9 9 0 0 1 1 1 1
9 10 0 0 0 1 0 1
9 12 1 0 1 1 0 0
9 13 1 1 0 1 0 0
9 14 1 1 1 1 1 0
9 15 1 1 0 1 1 0
9 17 0 0 1 1 0 1
9 18 0 1 1 1 0 0
9 19 0 0 1 1 1 1
9 20 0 1 0 1 1 0
9 22 1 1 1 1 0 0
9 25 0 0 0 1 1 0
9 26 1 1 1 0 0 1
9 27 1 0 0 1 1 0
9 28 0 0 0 1 1 0
9 29 1 1 1 0 0 1
10 2 1 0 0 1 0 0
10 3 1 0 0 1 0 0
10 4 1 1 1 0 0 1
10 5 0 1 0 0 0 0
10 6 0 1 0 0 0 0
10 7 0 1 0 0 0 0
10 8 0 1 0 0 0 0
10 9 0 1 0 0 0 0
10 10 0 1 0 0 0 0
10 11 0 1 0 0 0 0
10 12 0 1 0 0 0 0
10 13 0 1 0 0 0 0
10 14 0 1 0 0 0 0
10 15 0 1 0 0 0 0
10 16 0 1 0 0 0 0
10 17 0 1 0 0 0 0
10 18 0 1 0 0 0 0
10 19 1 1 1 0 0 1
10 20 1 1 0 1 1 1
10 21 0 0 1 0 1 1
10 22 1 0 0 1 1 0
10 24 0 0 0 0 1 1
10 25 1 0 0 1 0 0
10 26 0 0 0 0 1 1
10 27 0 1 0 1 1 1
11 5 1 0 0 1 0 0
11 6 0 0 0 0 1 1
11 7 0 1 0 1 1 1
11 9 0 1 0 1 0 1
11 10 1 0 0 0 1 1
11 11 0 0 1 1 1 1
11 12 1 1 0 0 1 1
11 15 1 1 1 1 0 0
11 16 0 0 0 0 1 1
11 17 0 0 1 1 0 0
11 19 0 0 1 1 0 1
11 20 0 1 1 1 0 0
11 21 1 0 0 0 1 0
11 22 1 1 0 1 1 0
11 24 1 0 0 0 1 0
11 25 0 1 0 1 1 0
11 26 0 0 1 1 1 0
11 27 0 1 0 1 1 0
12 2 0 0 0 1 1 0
12 3 1 1 0 1 0 0
12 4 1 1 1 0 0 1
12 5 0 1 0 0 0 0
12 6 0 1 0 0 0 0
12 7 0 1 0 0 0 0
12 8 0 1 0 0 0 0
12 9 0 1 0 0 0 0
12 10 0 1 0 0 0 0
12 11 0 1 0 0 0 0
12 12 0 1 0 0 0 0
12 13 0 1 0 0 0 0
12 14 0 1 0 0 0 0
12 15 0 1 0 0 0 0
12 16 1 0 0 0 0 1
12 17 0 0 1 1 0 0
12 18 0 1 0 1 1 0
12 20 1 1 0 1 0 0
12 22 0 0 1 1 0 1
12 23 0 1 1 1 0 0
12 24 0 0 1 1 1 1
12 25 0 1 0 1 1 0
13 8 0 0 0 0 1 1
13 9 1 0 0 1 0 0
13 10 0 0 0 0 1 1
13 11 0 1 0 1 1 1
13 13 1 0 1 0 0 1
13 15 1 0 0 0 1 0
13 16 1 1 0 0 1 1
13 17 0 1 0 0 1 0
13 19 1 0 0 0 1 0
13 20 1 1 0 1 1 0
13 21 0 0 0 0 1 0
13 22 0 1 1 1 0 0
13 25 1 0 0 1 0 0
13 26 1 1 1 0 0 1
13 27 1 0 0 1 1 0
13 28 0 0 0 1 1 0
13 29 1 1 1 0 0 1
14 2 1 0 0 1 0 0
14 3 1 1 0 1 0 0
14 4 1 1 1 0 0 1
14 5 0 1 0 0 0 0
14 6 0 1 0 0 0 0
14 7 0 1 0 0 0 0
14 8 0 1 0 0 0 0
14 9 0 1 0 0 0 0
14 10 0 1 0 0 0 0
14 11 0 1 0 0 0 0
14 12 0 1 0 0 0 0
14 13 0 1 0 0 0 0
14 14 0 1 0 0 0 0
14 15 0 1 0 0 0 0
14 16 0 1 0 0 0 0
14 17 0 1 0 0 0 0
14 18 0 1 0 0 0 0
14 19 0 1 0 0 0 0
14 20 0 1 0 0 0 0
14 21 0 1 0 0 0 0
14 22 0 1 0 0 0 0
14 23 0 1 0 0 0 0
14 24 0 0 1 1 0 1
14 25 0 1 1 1 0 0
14 26 0 0 1 1 1 1
14 27 0 1 0 1 1 0
15 2 1 1 0 0 1 0
15 3 0 1 0 1 0 0
15 4 1 1 1 0 0 1
15 5 0 1 0 0 0 0
15 6 0 1 0 0 0 0
15 7 0 1 0 0 0 0
15 8 0 1 0 0 0 0
15 9 0 1 0 0 0 0
15 10 0 1 0 0 0 0
15 11 0 1 0 0 0 0
15 12 0 1 0 0 0 0
15 13 0 1 0 0 0 0
15 14 0 1 0 0 0 0
15 15 0 1 0 0 0 0
15 16 0 1 0 0 0 0
15 17 0 1 0 0 0 0
15 18 0 1 0 0 0 0
15 19 0 1 0 0 0 0
15 20 0 1 0 0 0 0
15 21 0 1 1 0 1 0
15 22 1 1 0 1 0 0
15 23 0 1 0 1 0 1
15 24 0 1 0 1 1 0
15 26 1 1 1 0 1 1
15 27 0 1 0 1 1 0
15 28 0 0 1 1 0 1
15 29 0 1 1 1 0 0
16 2 0 0 0 1 0 0
16 3 0 1 0 1 0 0
16 4 1 1 1 0 0 1
16 5 0 1 0 0 0 0
16 6 0 1 0 0 0 0
16 7 0 1 0 0 0 0
16 8 0 1 0 0 0 0
16 9 0 1 0 0 0 0
16 10 0 1 0 0 0 0
16 11 0 1 0 0 0 0
16 12 0 1 0 0 0 0
16 13 0 1 0 0 0 0
16 14 0 1 0 0 0 0
16 15 0 1 0 0 0 0
16 16 0 1 0 0 0 0
16 17 0 1 0 0 0 0
16 18 0 1 0 0 0 0
16 19 0 1 0 0 0 0
16 20 0 1 0 0 0 0
16 21 0 1 0 0 0 0
16 22 0 1 0 0 0 0
16 23 0 1 0 0 0 0
16 24 0 1 0 0 0 0
16 25 0 1 0 0 0 0
16 26 0 1 0 1 0 0
16 27 1 1 0 1 1 0
16 28 1 1 0 0 0 1
16 29 0 1 0 1 1 0
17 2 1 0 0 1 0 0
17 3 0 1 0 1 0 0
17 4 1 1 1 0 0 1
17 5 0 1 0 0 0 0
17 6 0 1 0 0 0 0
17 7 0 1 0 0 0 0
17 8 0 1 0 0 0 0
17 9 0 1 0 0 0 0
17 10 0 1 0 0 0 0
17 11 0 1 0 0 0 0
17 12 0 1 0 0 0 0
17 13 0 1 0 0 0 0
17 14 0 1 0 0 0 0
17 15 0 1 0 0 0 0
17 16 0 1 0 0 0 0
17 17 0 1 0 0 0 0
17 18 0 1 0 0 0 0
17 19 0 1 0 0 0 0
17 20 1 0 0 1 1 0
17 21 0 0 0 1 1 0
17 22 1 1 1 0 0 1
17 24 1 0 0 0 1 0
17 25 1 1 0 0 1 1
17 26 1 0 0 0 1 0
17 27 0 1 0 1 1 0
17 28 0 0 1 1 0 1
17 29 1 0 0 1 1 0
18 2 1 0 0 1 1 0
18 3 0 1 0 1 0 0
18 4 1 1 1 0 0 1
18 5 0 1 0 0 0 0
18 6 0 1 0 0 0 0
18 7 0 1 0 0 0 0
18 8 0 1 0 0 0 0
18 9 0 1 0 0 0 0
18 10 0 1 0 0 0 0
18 11 0 1 0 0 0 0
18 12 0 1 0 0 0 0
18 13 0 1 0 0 0 0
18 14 0 1 0 0 0 0
18 15 0 1 0 0 0 0
18 16 0 0 0 0 1 1
18 17 1 0 0 0 1 1
18 18 1 0 1 1 0 1
18 19 0 1 0 1 1 0
18 22 0 0 1 0 1 1
18 23 1 0 0 0 0 1
18 24 1 0 0 0 1 0
18 25 0 0 0 1 0 1
18 26 0 0 0 0 1 0
18 27 0 1 1 1 0 0
18 28 0 0 0 0 1 1
18 29 0 1 0 1 1 1
18 30 1 0 0 0 1 0
18 31 1 1 0 1 0 0
19 2 1 1 0 1 1 0
19 3 0 1 0 1 0 0
19 4 1 1 1 0 0 1
19 5 0 1 0 0 0 0
19 6 0 1 0 0 0 0
19 7 0 1 0 0 0 0
19 8 0 1 0 0 0 0
19 9 0 1 0 0 0 0
19 10 0 1 0 0 0 0
19 11 0 1 0 0 0 0
19 12 0 0 0 0 1 1
19 13 1 0 0 0 1 1
19 14 1 0 1 1 0 1
19 15 0 1 0 1 1 0
19 17 1 1 0 1 0 0
19 19 0 0 1 1 0 0
19 20 0 1 0 1 1 0
19 21 0 0 1 1 0 1
19 22 1 1 0 0 1 1
19 25 0 0 0 1 0 0
19 26 1 1 1 0 0 1
19 27 1 1 0 1 1 0
19 28 0 0 0 1 1 0
19 29 1 1 1 0 0 1
20 2 1 1 0 1 0 0
20 3 1 0 0 1 1 0
20 4 1 1 1 0 0 1
20 5 0 1 0 0 0 0
20 6 0 1 0 0 0 0
20 7 0 1 0 0 0 0
20 8 0 1 0 0 0 0
20 9 0 1 0 0 0 0
20 10 0 1 0 0 0 0
20 11 0 1 0 0 0 0
20 12 0 0 1 1 0 0
20 13 0 1 0 1 1 0
20 14 1 1 0 0 0 1
20 15 1 1 0 1 1 0
20 16 0 0 1 1 1 1
20 17 1 0 0 0 1 1
20 19 0 0 0 0 1 1
20 20 1 0 0 0 1 1
20 21 1 0 1 1 0 1
20 22 0 1 0 1 1 0
20 25 0 0 0 1 1 0
20 26 1 1 1 0 0 1
20 27 1 1 0 1 1 0
20 28 0 0 0 1 1 0
20 29 1 1 1 0 0 1
20 31 0 0 0 0 0 0
21 9 1 1 0 1 0 0
21 11 1 1 0 0 0 1
21 12 1 0 0 1 0 1
21 13 1 0 0 0 1 0
21 14 0 0 0 1 0 1
21 17 1 0 1 1 0 1
21 18 0 1 0 1 1 0
21 19 1 0 1 0 1 0
21 20 1 0 0 1 0 0
21 22 1 0 1 0 0 1
21 24 0 1 0 0 0 1
21 25 1 1 0 1 1 1
21 26 1 1 1 1 1 0
21 27 1 1 0 1 1 0
22 2 1 0 0 0 1 0
22 3 0 1 0 1 1 0
22 4 1 1 1 0 0 1
22 5 0 1 0 0 0 0
22 6 0 1 0 0 0 0
22 7 0 1 0 0 0 0
22 8 0 1 0 0 0 0
22 9 0 1 0 0 0 0
22 10 0 1 0 0 0 0
22 11 0 1 0 0 0 0
22 12 0 1 0 0 0 0
22 13 0 1 0 0 0 0
22 14 0 1 0 0 0 0
22 15 0 1 0 0 0 0
22 16 0 1 0 0 0 0
22 17 0 0 1 1 0 0
22 18 0 1 0 1 1 0
22 19 0 0 1 1 0 1
22 20 1 1 0 0 1 1
22 22 0 0 1 1 0 0
22 23 0 1 0 1 1 0
22 24 0 1 1 0 0 1
22 25 1 0 0 1 1 0
23 2 0 0 0 1 1 0
23 3 1 0 0 0 1 0
23 4 1 1 1 0 0 1
23 5 0 1 0 0 0 0
23 6 0 1 0 0 0 0
23 7 0 1 0 0 0 0
23 8 0 1 0 0 0 0
23 9 0 1 0 0 0 0
23 10 0 1 0 0 0 0
23 11 0 1 0 0 0 0
23 12 0 1 0 0 0 0
23 13 0 1 0 0 0 0
23 14 0 1 0 0 0 0
23 15 0 1 0 0 0 0
23 16 0 1 0 0 0 0
23 17 0 1 0 0 0 0
23 18 0 1 0 0 0 0
23 19 0 1 0 0 0 0
23 20 1 0 0 0 1 1
23 21 0 0 0 0 1 1
23 22 1 1 1 0 1 0
23 25 1 0 0 1 0 0
23 26 1 1 1 0 0 1
23 27 1 1 0 1 1 0
23 28 0 0 0 1 1 0
23 29 1 1 1 0 0 1
24 9 0 1 0 1 0 1
24 10 1 0 0 0 1 1
24 11 0 0 1 1 1 1
24 12 1 1 0 0 1 1
24 15 1 1 1 1 0 0
24 16 0 0 0 0 1 1
24 17 0 0 1 1 0 0
24 19 0 0 1 1 0 1
24 20 0 1 1 1 0 0
24 21 1 0 0 0 1 0
24 22 1 1 0 1 1 0
24 24 1 0 0 0 1 0
24 25 0 1 0 1 1 0
24 26 0 0 1 1 1 0
24 27 0 1 0 1 1 0
25 2 0 0 0 1 0 0
25 3 1 1 0 0 1 0
25 4 0 0 0 1 0 0
25 5 1 1 1 0 0 1
25 6 0 1 0 0 0 0
25 7 0 1 0 0 0 0
25 8 0 1 0 0 0 0
25 9 0 1 0 0 0 0
25 10 0 1 0 0 0 0
25 11 0 1 0 0 0 0
25 12 0 1 0 0 0 0
25 13 0 1 0 0 0 0
25 14 0 1 0 0 0 0
25 15 0 1 0 0 0 0
25 16 0 1 0 0 0 0
25 17 1 0 0 0 0 1
25 18 0 0 1 1 0 0
25 19 0 1 0 1 1 0
25 21 1 1 0 1 0 0
25 23 1 0 0 0 1 1
25 24 0 0 0 0 1 1
25 25 1 1 1 0 1 0
26 2 0 0 0 1 1 0
26 3 1 1 0 0 1 0
26 4 0 0 0 1 0 0
26 5 1 1 1 0 0 1
26 6 0 1 0 0 0 0
26 7 0 1 0 0 0 0
26 8 0 1 0 0 0 0
26 9 0 1 0 0 0 0
26 10 0 1 0 0 0 0
26 11 0 1 0 0 0 0
26 12 0 1 0 0 0 0
26 13 0 1 0 0 0 0
26 14 0 1 0 0 0 0
26 15 0 1 0 0 0 0
26 16 0 1 0 0 0 0
26 17 0 1 0 0 0 0
26 18 0 1 0 0 0 0
26 19 0 1 0 0 0 0
26 20 0 1 0 0 0 0
26 21 0 1 1 0 1 0
26 22 1 1 0 1 0 0
26 23 0 1 0 1 0 1
26 24 0 1 0 1 1 0
26 26 1 1 1 0 1 1
26 27 0 1 0 1 1 0
26 28 0 0 1 1 0 1
26 29 0 1 1 1 0 0
27 2 1 0 0 1 0 0
27 3 1 1 0 0 1 0
27 4 0 0 0 1 0 0
27 5 0 1 1 0 0 1
27 6 0 1 0 0 0 0
27 7 0 1 0 0 0 0
27 8 0 1 0 0 0 0
27 9 0 1 0 0 0 0
27 10 0 1 0 0 0 0
27 11 0 1 0 0 0 0
27 12 0 1 0 0 0 0
27 13 0 1 0 0 0 0
27 14 0 1 0 0 0 0
27 15 0 1 0 0 0 0
27 16 0 1 0 0 0 0
27 17 0 1 0 0 0 0
27 18 0 1 0 0 0 0
27 19 0 1 0 0 0 0
27 20 0 1 0 0 0 0
27 21 0 1 0 0 0 0
27 22 0 1 0 0 0 0
27 23 0 1 0 0 0 0
27 24 0 1 0 0 0 0
27 25 0 1 0 0 0 0
27 26 0 1 0 1 0 0
27 27 1 1 0 1 1 0
27 28 1 1 0 0 0 1
27 29 0 1 0 1 1 0
