0.10
30 50 78 100 130 151 179 202 231 253 283 304 335 358 388 410 439 459 491 513 543 564 594 616 646 667 698 719 750 771 801 823 853 874 905 925 959 980 1010 1031 1062 1083 1113 1135 1165 1187 1217 1238 1269 1289 1321 1342 1372 1393 1423 1445 1476 1496 1528 1550 1580 1601 1628 1648
63 83 103 141 162 183 222 245 265 307 329 349 387 408 428 471 494 515 553 575 595 639 659 681 718 740 761 804 825 847 885 906 927 969 991 1012 1050 1072 1093 1135 1157 1178 1217 1239 1260 1301 1322 1344 1383 1404 1426 1467 1488 1510 1550 1571 1591 1629 1649 1669 1715 1737 1757 1797 1818 1839 1882 1904 1926 1964 1985 2006 2049 2071 2092 2130 2152 2172 2213 2235 2256
2 4 1 1 1 0 0 0
2 5 0 0 0 0 1 0
2 6 0 0 0 0 1 0
2 7 0 0 0 0 1 0
2 9 0 0 0 1 1 1
2 11 0 0 0 0 1 0
2 12 0 0 0 0 1 0
2 13 0 0 0 0 1 0
2 18 0 0 0 1 1 1
3 4 1 1 1 0 1 0
3 5 0 1 0 0 1 0
3 6 0 1 0 0 1 0
3 7 0 1 0 0 1 0
3 8 0 1 0 0 1 0
3 9 0 1 0 1 1 1
3 10 0 1 0 0 1 0
3 11 0 1 0 0 1 0
3 12 0 1 0 0 1 0
3 13 0 1 0 0 1 0
3 14 0 1 0 0 1 0
3 15 0 1 0 0 1 0
3 16 0 1 0 0 1 0
3 17 0 1 0 0 1 0
3 18 0 1 0 1 1 1
4 4 1 1 1 0 0 0
4 5 0 0 1 0 0 1
4 6 0 0 1 1 1 1
4 7 1 0 0 1 0 0
4 9 0 0 0 1 1 1
4 18 0 0 0 1 1 1
5 4 1 1 1 0 1 0
5 5 0 1 0 0 1 0
5 6 0 1 0 0 1 0
5 7 0 1 0 0 1 0
5 8 0 1 0 0 1 0
5 9 0 1 0 1 1 1
5 10 0 1 0 0 1 0
5 11 0 1 0 0 1 0
5 12 0 1 0 0 1 0
5 13 0 1 0 0 1 0
5 14 0 1 0 0 1 0
5 15 0 1 0 0 1 0
5 16 0 1 0 0 1 0
5 17 0 1 0 0 1 0
5 18 0 1 0 1 1 1
6 4 1 1 1 0 0 0
6 5 0 0 1 0 0 1
6 6 0 0 1 1 1 1
6 7 1 1 0 0 0 0
6 9 0 0 0 1 1 1
6 18 0 0 0 1 1 1
7 4 1 1 1 0 1 0
7 5 0 1 0 0 1 0
7 6 0 1 0 0 1 0
7 7 0 1 0 0 1 0
7 8 0 1 0 0 1 0
7 9 0 1 0 1 1 1
7 10 0 1 0 0 1 0
7 11 0 1 0 0 1 0
7 12 0 1 0 0 1 0
7 13 0 1 0 0 1 0
7 14 0 1 0 0 1 0
7 15 0 1 0 0 1 0
7 16 0 1 0 0 1 0
7 17 0 1 0 0 1 0
7 18 0 1 0 1 1 1
8 4 1 1 1 0 0 0
8 5 0 0 1 0 0 1
8 6 0 0 1 1 1 1
8 7 1 0 0 0 0 0
8 9 0 0 0 1 1 1
8 18 0 0 0 1 1 1
9 4 1 1 1 0 1 0
9 5 0 1 0 0 1 0
9 6 0 1 0 0 1 0
9 7 0 1 0 0 1 0
9 8 0 1 0 0 1 0
9 9 0 1 0 1 1 1
9 10 0 1 0 0 1 0
9 11 0 1 0 0 1 0
9 12 0 1 0 0 1 0
9 13 0 1 0 0 1 0
9 14 0 1 0 0 1 0
9 15 0 1 0 0 1 0
9 16 0 1 0 0 1 0
9 17 0 1 0 0 1 0
9 18 0 1 0 1 1 1
10 4 1 1 1 0 0 0
10 5 0 0 1 1 1 1
10 6 0 1 0 1 1 0
10 9 0 0 0 1 1 1
10 18 0 0 0 1 1 1
11 4 1 1 1 0 1 0
11 5 0 1 0 0 1 0
11 6 0 1 0 0 1 0
11 7 0 1 0 0 1 0
11 8 0 1 0 0 1 0
11 9 0 1 0 1 1 1
11 10 0 1 0 0 1 0
11 11 0 1 0 0 1 0
11 12 0 1 0 0 1 0
11 13 0 1 0 0 1 0
11 14 0 1 0 0 1 0
11 15 0 1 0 0 1 0
11 16 0 1 0 0 1 0
11 17 0 1 0 0 1 0
11 18 0 1 0 0 1 1
12 4 1 1 1 0 0 0
12 5 0 0 1 1 1 1
12 6 1 0 0 0 0 0
12 9 0 0 0 1 1 1
12 18 0 0 0 1 1 1
13 4 1 1 1 0 1 0
13 5 0 1 0 0 1 0
13 6 0 1 0 0 1 0
13 7 0 1 0 0 1 0
13 8 0 1 0 0 1 0
13 9 0 1 0 1 1 1
13 10 0 1 0 0 1 0
13 11 0 1 0 0 1 0
13 12 0 1 0 0 1 0
13 13 0 1 0 0 1 0
13 14 0 1 0 0 1 0
13 15 0 1 0 0 1 0
13 16 0 1 0 0 1 0
13 17 0 1 0 0 1 0
13 18 0 1 0 1 1 1
14 4 1 1 1 0 0 0
14 5 0 0 1 1 1 1
14 6 1 1 0 0 0 0
14 9 0 0 0 1 1 1
14 18 0 0 0 1 1 1
15 4 1 1 1 0 1 0
15 5 0 1 0 0 1 0
15 6 0 1 0 0 1 0
15 7 0 1 0 0 1 0
15 8 0 1 0 0 1 0
15 9 0 1 0 1 1 1
15 10 0 1 0 0 1 0
15 11 0 1 0 0 1 0
15 12 0 1 0 0 1 0
15 13 0 1 0 0 1 0
15 14 0 1 0 0 1 0
15 15 0 1 0 0 1 0
15 16 0 1 0 0 1 0
15 17 0 1 0 0 1 0
15 18 0 1 0 1 1 1
16 4 1 1 1 0 0 0
16 5 0 0 1 1 1 1
16 6 1 0 0 1 0 0
16 9 0 0 0 1 1 1
16 18 0 0 0 1 1 1
17 4 1 1 1 0 1 0
17 5 0 1 0 0 1 0
17 6 0 1 0 0 1 0
17 7 0 1 0 0 1 0
17 8 0 1 0 0 1 0
17 9 0 1 0 1 1 1
17 10 0 1 0 0 1 0
17 11 0 1 0 0 1 0
17 12 0 1 0 0 1 0
17 13 0 1 0 0 1 0
17 14 0 1 0 0 1 0
17 15 0 1 0 0 1 0
17 16 0 1 0 0 1 0
17 17 0 1 0 0 1 0
17 18 0 1 0 1 1 1
18 4 1 1 1 0 0 0
18 5 0 0 0 0 1 0
18 6 0 0 0 0 1 0
18 7 0 0 0 0 1 0
18 9 0 0 0 1 1 1
18 11 0 0 0 0 1 0
18 12 0 0 0 0 1 0
18 13 0 0 0 0 1 0
18 18 0 0 0 1 1 1
19 4 1 1 0 0 1 0
19 5 0 1 0 0 1 0
19 6 0 1 0 0 1 0
19 7 0 1 0 0 1 0
19 8 0 1 0 0 1 0
19 9 0 1 0 1 1 0
19 10 0 1 0 0 1 0
19 11 0 1 0 0 1 0
19 12 0 1 0 0 1 0
19 13 0 1 0 0 1 0
19 14 0 1 0 0 1 0
19 15 0 1 0 0 1 0
19 16 0 1 0 0 1 0
19 17 0 1 0 0 1 0
19 18 0 1 0 1 1 0
21 4 1 1 0 1 1 0
21 5 0 0 1 0 1 1
21 6 1 1 0 1 1 0
21 7 0 0 1 1 0 1
21 9 1 1 0 0 0 0
21 10 0 0 1 1 1 0
21 11 0 0 1 1 0 0
21 12 0 1 0 0 1 1
21 14 0 0 0 0 1 1
21 15 1 0 1 1 0 1
21 16 0 0 0 0 1 0
21 18 0 0 0 0 1 1
21 19 1 0 1 1 1 1
21 21 1 0 0 1 1 0
21 23 1 0 0 0 1 1
21 24 1 0 1 0 0 1
21 25 0 0 1 1 0 0
21 26 0 1 0 0 0 0
21 28 1 0 1 0 1 1
21 29 0 1 0 1 0 1
22 2 1 0 1 0 1 1
22 3 1 0 1 0 1 0
22 4 1 1 0 0 0 0
22 5 0 0 1 1 1 0
22 7 1 1 1 1 0 0
22 8 1 0 0 0 0 1
22 9 1 0 1 1 0 0
22 10 1 0 0 1 0 1
22 12 0 0 1 1 0 0
22 13 0 1 0 0 1 1
22 15 1 0 1 1 0 0
22 16 0 0 1 1 1 0
22 18 1 0 0 1 1 0
22 19 1 0 0 1 0 1
22 21 1 1 0 0 0 1
22 22 0 0 0 0 1 1
22 23 1 0 1 1 0 1
22 24 0 0 0 0 1 0
22 26 0 0 0 0 1 1
22 27 1 0 1 1 1 1
22 28 0 0 1 1 1 0
23 2 0 0 0 0 1 1
23 3 0 0 1 0 0 0
23 4 0 1 1 1 1 0
23 5 1 0 1 0 0 1
23 7 0 0 1 1 1 1
23 8 1 1 0 0 0 0
23 9 1 1 0 1 0 0
23 10 0 0 1 1 1 1
23 11 1 0 0 0 0 0
23 12 0 0 1 0 0 1
23 13 0 0 1 1 1 1
23 14 1 0 0 1 0 0
23 16 1 1 0 1 1 0
23 17 1 0 0 1 0 1
23 19 0 0 1 1 1 1
23 20 1 0 0 0 0 0
23 21 1 0 0 0 0 0
23 22 1 0 0 1 0 0
23 23 0 0 1 0 0 1
23 24 1 0 0 0 1 0
23 25 0 0 0 0 0 1
23 26 0 1 1 0 0 0
23 27 0 0 0 0 1 0
23 29 1 0 1 0 1 1
23 30 0 1 0 1 0 0
23 31 0 1 1 0 0 0
24 2 1 0 0 1 1 1
24 4 1 1 1 1 0 0
24 5 1 0 0 0 0 1
24 6 1 1 0 0 1 0
24 7 1 1 1 1 1 1
24 9 1 0 1 0 0 0
24 10 0 0 1 1 0 1
24 11 1 1 0 0 1 0
24 12 1 0 0 1 0 1
24 14 1 0 0 0 1 1
24 15 0 1 0 0 1 0
24 16 1 0 0 1 0 0
24 17 0 1 1 0 0 0
24 19 1 1 1 0 0 0
24 20 1 0 0 1 0 1
24 21 1 1 0 1 1 0
24 22 1 0 0 0 1 0
24 24 1 1 0 1 1 0
24 25 0 1 0 0 0 1
24 26 1 0 0 1 1 0
24 27 1 0 0 1 0 1
24 28 0 0 0 0 1 0
24 30 1 1 0 1 1 0
24 31 1 1 0 0 1 1
25 2 1 0 0 1 1 0
25 3 0 1 0 0 0 1
25 4 1 0 0 1 1 0
25 5 0 1 1 0 1 0
25 7 0 0 0 0 1 1
25 8 1 0 1 1 1 1
25 10 0 1 1 0 1 1
25 11 0 0 0 0 1 1
25 12 1 0 1 1 0 1
25 13 0 0 1 1 0 0
25 14 0 1 1 0 0 0
25 16 1 0 0 1 1 0
25 18 0 1 1 1 1 0
25 19 1 0 1 0 0 1
25 20 1 1 0 0 1 0
25 21 1 0 1 1 0 1
25 23 0 0 0 0 1 1
25 24 0 0 1 0 0 0
25 25 0 1 1 1 1 0
25 26 1 0 1 0 0 1
26 2 0 0 1 1 1 1
26 3 1 1 0 0 0 0
26 4 1 1 0 1 0 0
26 5 0 0 1 1 1 1
26 6 1 0 0 0 0 0
26 7 0 0 1 0 0 1
26 8 0 0 1 1 1 1
26 9 1 0 0 1 1 0
26 11 1 1 0 1 1 0
26 12 1 0 0 1 0 1
26 14 0 0 1 1 1 1
26 15 1 0 0 0 0 0
26 16 1 0 0 0 0 0
26 17 1 0 0 0 1 0
26 18 0 0 1 0 0 1
26 19 1 0 0 0 1 0
26 20 0 0 0 0 0 1
26 21 0 1 1 0 0 0
26 22 0 0 0 0 1 0
26 23 0 1 1 0 0 0
27 30 0 0 1 1 1 1
27 31 1 1 0 1 1 0
