0.10
19 41 71 93 123 145 175 197 227 248 279 300 331 353 383 404 435 456 487 508 538 560 590 612 642 663 694 716 746 767 797 819 849 871 901 922 953 974 1005 1026 1056 1078 1108 1130 1160 1182 1212 1233 1263 1285 1315 1337 1367 1389 1420 1441 1471 1492 1523 1545 1575 1596 1626 1647 1677 1698
42 63 84 124 146 167 207 229 250 292 314 335 373 394 415 458 479 501 539 560 581 625 646 668 703 724 745 789 810 831 869 891 913 953 974 995 1034 1055 1076 1119 1140 1161 1201 1222 1243 1284 1305 1326 1365 1386 1408 1449 1470 1491 1533 1554 1575 1615 1636 1657 1698 1720 1741 1780 1801 1822 1865 1887 1908 1945 1967 1988 2030 2052 2073 2111 2132 2154 2197 2219 2239 2279 2300 2322
2 2 0 0 0 1 0 1
2 3 0 1 1 0 0 0
2 5 0 1 0 0 0 0
2 6 0 1 0 1 1 0
2 7 0 1 1 0 0 0
2 9 1 0 1 0 0 1
2 10 1 1 0 1 1 0
2 11 0 1 1 0 0 1
2 12 1 1 0 1 1 0
2 14 1 1 0 0 0 1
2 16 1 0 0 0 1 0
2 17 0 0 0 1 1 1
2 18 1 0 1 0 0 1
2 19 1 1 0 1 1 0
2 21 1 0 0 0 0 0
2 22 1 0 1 1 0 1
2 23 0 1 0 1 1 0
2 24 0 0 1 0 1 1
2 25 1 0 0 1 1 0
2 27 1 1 0 1 0 0
2 29 1 0 0 0 1 0
2 30 0 0 1 1 0 0
2 31 1 0 0 1 1 1
3 18 0 0 0 0 1 1
3 19 0 1 0 0 0 0
3 20 0 0 1 1 0 0
3 21 1 1 0 1 0 0
3 22 1 1 1 0 1 1
3 23 1 1 0 1 1 0
3 25 1 0 1 0 1 0
3 26 0 0 0 1 1 1
3 28 0 0 0 0 1 0
3 29 1 0 0 0 0 1
3 31 1 1 0 1 0 0
4 2 0 0 1 1 0 1
4 3 1 1 0 0 1 0
4 5 0 1 1 1 1 0
4 7 0 0 0 1 0 1
4 8 0 1 0 0 1 1
4 10 0 0 0 0 1 1
4 11 1 0 0 0 0 1
4 12 1 1 0 0 0 1
4 13 0 1 0 1 1 0
4 14 0 0 1 0 0 1
4 16 1 0 1 1 0 1
4 17 0 0 1 1 1 0
4 18 0 0 0 1 0 0
4 19 0 1 1 0 0 0
4 20 0 1 1 0 1 1
4 22 1 1 1 1 0 1
4 23 0 1 1 0 0 0
4 25 1 0 1 1 0 0
4 26 0 1 0 1 1 0
4 27 0 0 1 1 0 1
4 28 0 1 0 0 1 1
4 29 1 0 0 1 1 1
5 23 0 0 1 0 0 1
5 24 1 0 1 1 0 0
5 25 1 1 0 1 0 0
5 26 0 0 1 0 1 0
5 27 1 1 0 0 1 1
5 29 1 0 1 1 1 0
5 30 0 1 0 1 1 0
5 31 0 0 1 0 0 1
6 4 0 1 1 1 1 1
6 5 0 0 0 1 0 1
6 6 1 0 1 0 1 0
6 7 0 0 0 1 0 1
6 9 0 1 0 0 0 0
6 10 0 0 0 0 1 0
6 11 0 1 1 1 0 0
6 13 1 1 0 0 1 0
6 14 1 1 1 0 0 1
6 16 0 1 0 1 0 1
6 18 0 0 0 1 0 0
6 19 0 1 1 0 0 0
6 21 0 0 1 0 1 1
6 22 1 1 0 1 0 0
6 24 0 0 0 0 1 1
6 25 0 0 1 0 0 0
6 26 0 0 0 1 0 0
6 27 1 1 1 0 0 1
6 28 0 0 0 0 0 1
6 29 0 1 1 0 0 0
7 4 1 0 1 1 0 1
7 5 0 1 0 1 1 0
7 7 0 1 1 1 1 1
7 8 0 0 0 1 0 1
7 9 1 0 1 0 1 0
7 10 0 0 0 1 0 1
7 12 0 1 0 0 0 0
7 13 0 0 0 0 1 0
7 14 0 1 1 1 0 0
7 16 1 1 0 0 1 0
7 17 1 1 1 0 0 1
7 19 1 0 1 0 1 0
7 21 0 0 0 1 0 0
7 22 0 1 1 0 0 0
7 24 0 0 1 0 1 1
7 25 1 1 0 1 0 0
7 27 0 1 1 0 0 0
7 28 0 0 1 0 1 1
7 29 0 1 1 1 0 0
7 30 1 0 1 1 0 1
7 31 0 1 0 1 1 0
8 28 0 1 1 0 0 0
8 29 1 0 1 1 1 0
8 30 0 1 0 1 1 0
8 31 0 0 1 0 0 1
9 2 0 1 1 0 0 0
9 3 0 1 0 1 1 0
9 4 0 1 1 0 0 0
9 5 0 1 1 0 1 1
9 7 1 0 1 1 0 1
9 8 0 1 1 0 0 0
9 10 1 0 1 1 0 0
9 11 0 1 0 1 1 0
9 12 0 0 0 0 1 0
9 13 1 0 0 0 0 1
9 15 0 1 1 1 0 0
9 17 0 1 1 1 1 1
9 18 1 0 0 0 0 1
9 19 0 1 1 0 0 1
9 20 1 1 0 1 1 1
9 21 1 1 1 0 1 0
9 22 1 1 0 1 0 0
9 24 0 0 0 0 1 1
9 25 0 0 1 0 0 0
9 26 0 0 0 1 1 0
9 27 1 1 1 0 0 1
9 28 0 0 0 0 0 1
9 29 0 1 1 0 0 0
10 7 0 1 0 0 0 0
10 8 0 1 0 1 1 0
10 9 0 1 1 0 0 0
10 10 0 0 1 1 1 0
10 12 0 1 1 1 0 0
10 14 1 1 0 0 0 1
10 15 0 0 0 1 1 0
10 16 0 1 0 1 0 1
10 17 0 1 1 1 0 1
10 19 1 0 1 1 0 0
10 20 1 1 0 1 0 0
10 21 0 0 1 1 0 0
10 22 1 1 0 1 0 0
10 24 0 0 0 0 1 1
10 25 0 0 1 0 0 0
10 26 1 0 0 1 0 0
10 27 1 1 1 0 0 1
10 28 0 0 0 0 0 1
10 29 0 1 1 0 0 0
11 27 0 0 0 0 1 1
11 28 0 1 0 0 0 0
11 29 1 1 0 0 0 1
11 30 0 0 0 1 0 1
11 31 0 1 1 0 0 0
13 2 1 1 0 1 0 0
13 4 1 1 1 1 1 0
13 5 1 1 0 1 1 0
13 6 0 1 1 1 1 0
13 8 0 0 1 1 0 1
13 9 1 1 0 0 1 1
13 10 1 0 1 1 0 0
13 11 0 0 0 1 0 1
13 12 0 0 1 0 1 1
13 13 1 0 0 0 0 1
13 15 1 0 1 0 0 1
13 17 0 0 1 0 1 0
13 18 1 1 0 1 1 0
13 19 1 0 0 0 1 0
13 21 0 0 1 1 1 1
13 22 0 0 0 1 0 1
13 24 1 0 1 0 1 0
13 25 0 0 0 1 1 1
13 27 0 1 1 0 0 1
13 28 1 0 0 1 0 1
13 29 0 1 0 1 0 1
14 27 0 0 0 0 1 1
14 28 0 1 0 0 0 0
14 29 1 0 0 0 1 0
14 30 1 1 0 0 1 1
14 31 0 1 0 0 1 0
15 3 1 1 1 0 1 0
15 4 0 1 1 1 0 0
15 5 0 1 1 0 0 1
15 6 1 0 0 1 1 1
15 8 0 0 1 1 0 0
15 9 0 1 0 1 1 0
15 10 0 0 0 0 1 0
15 11 1 0 1 1 1 1
15 13 0 0 1 0 1 0
15 14 1 1 0 1 1 0
15 15 1 0 0 0 1 0
15 17 1 0 1 1 0 0
15 18 1 1 0 1 1 0
15 19 0 1 1 1 1 0
15 20 0 1 0 1 1 0
15 22 1 1 0 0 0 1
15 25 1 1 0 1 0 0
15 26 1 1 1 0 0 1
15 28 1 0 0 0 1 0
15 29 0 0 0 1 1 1
16 2 1 1 1 0 1 0
16 3 0 1 1 1 0 0
16 5 0 1 1 0 0 1
16 6 1 1 0 1 1 0
16 7 1 0 0 0 1 0
16 9 0 1 1 0 1 1
16 10 1 0 0 0 0 1
16 11 0 0 1 1 1 1
16 13 0 0 0 0 1 0
16 14 1 0 0 0 0 1
16 15 0 0 1 1 0 1
16 16 0 1 1 1 0 0
16 18 0 0 1 1 1 0
16 19 0 1 0 1 1 0
16 20 0 1 1 0 1 0
16 21 1 0 0 0 0 1
16 23 0 0 0 0 1 0
16 24 1 1 0 1 1 1
16 26 1 0 1 0 1 0
16 27 0 1 1 1 0 1
16 29 0 1 0 0 0 0
16 30 1 1 0 1 1 1
16 31 0 0 1 0 0 1
17 2 1 1 1 0 1 0
17 3 0 1 1 1 0 0
17 4 0 1 1 0 0 1
17 5 1 0 0 1 1 1
17 7 0 0 1 0 1 0
17 8 1 1 0 1 1 0
17 9 1 0 0 0 1 0
17 11 0 0 1 1 1 1
17 13 1 1 1 1 1 0
17 14 1 1 0 1 0 0
17 15 0 0 1 1 0 0
17 16 1 1 0 1 0 0
17 18 1 1 0 1 0 0
17 20 1 1 1 1 1 0
17 21 1 1 0 1 1 0
17 22 1 1 1 0 1 0
17 23 0 1 1 1 0 0
17 25 1 0 1 0 1 0
17 26 0 1 1 1 0 1
17 28 0 1 0 0 0 0
17 29 1 1 1 1 1 0
17 30 1 1 0 1 1 0
17 31 0 0 1 0 0 1
18 2 1 0 1 0 1 0
18 3 0 1 1 1 0 1
18 5 0 0 1 1 0 1
18 6 1 0 0 0 0 1
18 7 1 1 1 0 1 0
18 8 0 1 1 1 0 0
18 10 0 0 1 1 0 0
18 11 0 1 0 1 1 0
18 12 1 0 1 1 0 0
18 13 0 1 0 1 1 0
18 14 0 0 1 1 0 1
18 15 0 1 0 0 1 1
18 16 1 0 0 1 1 1
18 18 1 1 0 1 0 0
18 20 0 0 1 1 0 1
18 21 1 1 0 1 1 1
18 22 0 1 1 0 0 1
18 23 1 0 0 1 1 1
18 25 0 0 0 0 0 1
18 26 0 1 1 1 0 0
18 28 0 1 0 0 0 0
18 29 0 1 1 1 1 1
18 30 1 1 0 0 1 1
18 31 0 0 1 0 0 1
19 4 1 0 0 1 0 1
19 5 0 1 1 0 0 0
19 6 0 0 0 1 0 0
19 7 1 1 1 0 0 1
19 9 1 1 1 0 1 0
19 11 1 0 0 0 1 0
19 12 0 0 0 1 1 1
19 13 1 0 1 0 0 1
19 14 1 1 0 1 1 0
19 16 0 0 1 1 0 0
19 17 1 0 0 1 1 1
19 18 1 1 1 0 1 0
19 19 0 1 1 1 0 0
19 21 1 1 0 1 0 0
19 23 0 0 1 1 1 0
19 24 0 1 0 1 1 0
19 25 0 1 1 0 1 0
19 26 1 0 0 0 0 1
19 28 0 0 0 0 1 0
19 29 1 1 0 1 1 1
19 31 1 0 1 0 0 1
20 3 1 1 1 0 1 0
20 4 0 1 1 1 0 0
20 6 0 1 0 0 0 0
20 7 1 0 0 1 0 1
20 8 0 1 1 0 0 0
20 9 1 0 0 1 0 0
20 10 1 1 1 0 0 1
20 12 1 1 1 0 1 0
20 14 0 0 1 1 0 1
20 15 1 1 0 1 0 0
20 16 0 1 0 0 1 1
20 17 1 1 0 1 1 0
20 19 0 1 0 0 0 0
20 20 0 1 0 0 1 1
20 21 1 1 0 1 1 0
20 22 1 1 1 0 1 0
20 23 0 1 1 1 0 1
20 25 0 1 0 0 1 1
20 26 1 1 0 1 0 0
20 27 0 1 0 0 0 1
20 28 1 1 0 1 0 0
20 30 0 0 1 1 0 1
20 31 1 1 0 1 1 1
21 4 0 1 0 0 0 0
21 5 1 0 0 1 0 1
21 6 0 1 1 0 0 0
21 7 1 0 0 1 0 0
21 8 1 1 1 0 0 1
21 10 0 0 1 1 1 0
21 11 0 1 0 1 1 0
21 12 0 1 1 0 1 0
21 13 1 0 0 0 0 1
21 15 0 0 0 0 1 0
21 16 1 1 0 1 1 1
21 18 1 0 0 0 1 0
21 19 0 0 0 1 1 1
21 21 0 0 1 1 0 1
21 22 1 1 0 1 1 1
21 24 1 0 0 0 1 0
21 25 1 1 0 1 0 0
21 26 0 1 0 1 0 1
21 27 0 0 0 1 1 1
21 29 0 0 1 1 0 1
21 30 1 0 0 0 0 1
21 31 0 0 1 0 0 1
22 19 0 0 0 0 0 1
22 20 0 1 0 0 0 0
22 21 0 0 1 0 1 1
22 22 1 1 0 1 1 1
22 23 0 1 0 1 0 1
22 24 1 1 0 1 0 0
22 26 0 0 1 1 0 0
22 28 1 1 1 1 1 0
22 29 1 1 0 1 1 0
22 30 1 1 1 0 1 0
22 31 0 1 1 1 0 0
23 6 1 0 1 1 0 0
23 7 1 1 0 1 1 0
23 8 0 0 0 0 0 1
23 9 0 1 1 0 0 0
23 11 1 1 0 0 1 0
23 12 0 0 0 1 0 0
23 13 1 1 1 0 0 1
23 14 0 0 1 0 0 1
23 15 0 0 0 1 0 0
23 16 1 1 1 0 0 1
23 17 1 0 0 1 1 0
23 18 0 0 0 1 1 0
23 19 1 1 1 0 0 1
23 21 0 0 1 1 0 1
23 22 1 1 0 0 1 1
23 24 0 0 1 1 0 1
23 25 1 1 0 0 1 0
23 27 0 0 1 0 0 1
23 28 0 1 0 1 0 0
23 29 1 1 0 1 1 0
24 3 1 0 1 1 0 0
24 4 1 1 0 1 0 0
24 6 0 1 0 0 0 0
24 7 1 0 0 0 1 0
24 8 0 1 0 1 1 0
24 9 1 1 0 0 0 1
24 10 0 0 0 1 1 0
24 11 0 1 0 1 0 1
24 12 0 1 1 1 0 1
24 14 1 1 0 0 0 1
24 15 1 1 0 1 1 0
24 16 0 0 0 0 1 0
24 17 1 0 0 0 0 1
24 19 1 0 0 0 1 0
24 20 0 0 0 1 1 1
24 21 1 0 1 1 0 0
24 22 1 1 0 1 1 0
24 24 0 0 0 0 1 1
24 25 0 0 1 0 0 0
24 26 0 1 0 1 0 0
24 27 0 0 1 0 0 1
24 28 1 1 0 1 1 0
24 29 0 0 0 1 1 0
24 30 0 0 0 1 0 0
24 31 1 1 1 0 0 1
25 4 1 1 0 1 0 0
25 6 1 0 1 1 0 0
25 7 0 1 0 1 1 0
25 8 0 0 1 1 0 1
25 9 0 1 0 0 1 1
25 10 1 0 0 1 1 1
25 12 1 1 1 1 1 0
25 13 1 1 0 1 0 0
25 14 0 0 1 0 1 0
25 15 1 0 0 0 0 1
25 17 0 1 1 0 1 0
25 18 1 0 0 0 0 1
25 19 0 0 1 1 0 1
25 20 1 1 0 0 1 1
25 22 0 1 1 1 0 0
25 24 1 1 0 0 0 1
25 25 1 0 0 1 0 0
25 26 1 1 1 0 0 1
25 28 0 1 0 0 0 0
25 29 0 0 0 1 0 0
25 30 1 1 1 0 0 1
25 31 0 0 1 1 1 0
26 2 1 1 1 0 1 0
26 3 1 1 0 1 0 0
26 5 1 0 1 1 0 0
26 6 0 1 0 1 1 0
26 7 0 0 1 1 0 1
26 8 0 1 0 0 1 1
26 9 1 0 0 1 1 1
26 11 1 1 0 1 1 0
26 12 1 1 0 1 0 0
26 13 0 0 1 0 1 0
26 14 1 0 0 0 0 1
26 16 0 0 1 0 1 0
26 17 0 1 1 1 0 0
26 19 0 0 1 0 1 0
26 20 0 0 0 1 0 1
26 22 0 0 0 0 0 1
26 23 1 0 0 1 0 0
26 24 0 0 0 1 0 0
26 25 0 0 1 1 1 0
26 27 0 1 0 0 0 0
26 28 1 0 1 1 0 0
26 29 1 1 0 1 0 0
26 30 0 0 1 1 0 0
26 31 1 1 0 1 0 0
27 2 1 0 0 0 1 0
27 3 0 0 0 1 0 0
27 4 1 1 1 0 0 1
