0.10
49 70 100 121 151 174 204 225 256 277 308 329 359 381 411 433 463 485 515 537 567 588 619 640 671 692 723 744 774 796 826 847 878 899 930 951 982 1003 1033 1055 1085 1107 1137 1158 1189 1210 1241 1262 1293 1314 1344 1366 1397 1418 1448 1470 1500 1521 1552 1574 1604 1626 1656 1677
86 107 128 168 189 211 250 271 292 336 358 378 416 437 458 501 522 543 581 603 624 667 689 710 747 769 790 833 854 876 913 934 955 999 1020 1041 1079 1101 1122 1164 1186 1207 1247 1268 1289 1331 1353 1374 1412 1434 1454 1494 1515 1536 1575 1597 1618 1658 1679 1700 1741 1763 1784 1821 1843 1864 1907 1929 1950 1988 2010 2031 2074 2096 2117 2155 2176 2197 2237 2258 2279
2 2 1 0 1 1 0 1
2 3 0 1 1 0 0 0
2 4 0 0 1 1 1 0
2 5 0 0 0 0 1 1
2 6 0 0 0 1 0 0
2 7 1 1 1 0 0 1
2 8 0 0 1 0 0 1
2 9 0 1 1 0 1 1
2 11 1 1 1 1 0 1
2 12 0 1 1 0 0 0
2 14 0 0 1 1 0 1
2 15 0 1 1 1 0 0
2 16 0 0 1 1 1 1
2 17 0 1 0 1 1 0
2 19 0 0 1 1 0 1
2 20 1 1 0 1 1 1
2 21 1 1 1 1 1 1
2 22 0 1 0 1 1 0
2 25 1 0 0 1 0 0
2 26 1 1 1 0 0 1
2 28 1 0 0 0 1 0
2 29 0 0 0 1 1 1
3 3 1 1 0 1 0 0
3 5 0 1 0 0 0 1
3 6 1 1 0 0 1 1
3 7 1 0 0 0 0 0
3 9 0 0 1 1 0 1
3 10 1 1 0 1 1 1
3 11 0 0 0 0 0 1
3 12 1 0 0 0 0 1
3 14 0 1 0 0 0 0
3 15 1 0 1 1 0 1
3 16 0 1 0 1 1 0
3 17 0 0 1 1 0 1
3 18 1 1 0 0 1 1
3 20 1 1 0 1 0 0
3 22 0 0 0 1 0 0
3 23 1 1 1 0 0 1
3 24 0 0 1 0 0 1
3 26 0 0 0 0 1 1
3 27 1 0 0 0 0 1
3 28 1 1 0 0 0 1
3 29 0 0 0 1 0 0
3 30 1 1 1 0 0 1
3 31 0 1 0 0 1 1
4 2 0 0 1 1 0 1
4 3 0 1 0 0 1 1
4 4 1 0 0 1 1 1
4 5 0 0 0 0 1 1
4 6 0 1 0 0 0 0
4 7 1 0 1 1 0 0
4 8 1 1 0 1 0 0
4 9 0 0 1 0 0 0
4 10 1 1 0 1 0 0
4 12 1 0 0 0 1 0
4 13 1 1 0 1 1 0
4 15 0 1 1 1 1 1
4 16 1 0 0 0 0 1
4 17 0 1 1 0 0 1
4 18 1 1 0 1 1 1
4 19 1 1 1 0 1 0
4 20 1 1 0 1 0 0
4 22 1 0 0 0 0 0
4 23 1 0 1 1 0 1
4 24 0 1 0 1 1 0
4 25 0 0 1 0 1 1
4 26 1 0 0 1 1 0
4 28 0 1 1 1 1 1
4 29 0 0 0 1 0 1
4 30 1 0 1 0 1 0
4 31 0 0 0 1 0 1
5 2 1 0 1 1 0 0
5 3 0 0 0 1 1 0
5 5 1 1 0 1 0 0
5 7 1 0 1 1 0 1
5 8 0 1 1 0 0 1
5 9 0 1 1 1 0 1
5 11 0 1 0 1 0 1
5 12 1 1 0 1 1 0
5 13 0 0 1 1 0 0
5 14 1 1 0 1 1 0
5 16 0 0 0 0 1 1
5 17 1 0 0 0 0 1
5 18 1 0 1 1 0 1
5 19 0 1 1 0 0 0
5 20 0 0 0 0 1 1
5 21 0 0 0 1 0 0
5 22 1 1 1 0 0 1
5 23 0 0 1 0 0 1
5 24 0 1 1 0 1 1
5 26 1 1 1 1 0 1
5 27 0 1 1 0 0 0
5 29 1 0 1 1 0 0
5 30 0 1 0 1 1 0
5 31 0 0 1 0 0 1
6 2 1 0 1 1 0 1
6 3 0 1 1 0 0 0
6 4 0 0 1 1 1 0
6 5 0 0 0 0 1 1
6 6 0 0 0 1 0 0
6 7 1 1 1 0 0 1
6 8 0 0 1 0 0 1
6 9 0 1 1 0 1 1
6 11 1 1 1 1 0 1
6 12 0 1 1 0 0 0
6 14 1 0 1 1 0 0
6 15 0 1 0 1 1 0
6 16 0 0 1 1 0 1
6 17 0 1 0 0 1 1
6 18 1 0 0 1 1 1
6 20 0 1 0 0 1 1
6 21 1 1 0 1 0 0
6 22 0 0 1 0 1 0
6 23 1 1 0 1 0 0
6 25 1 0 0 0 1 0
6 26 0 0 1 0 1 0
6 27 0 0 0 1 0 1
6 29 1 1 1 1 1 0
6 30 0 1 0 1 1 0
6 31 0 0 1 0 0 1
7 20 0 0 0 0 0 1
7 21 0 1 0 0 0 0
7 22 0 0 0 1 0 0
7 23 1 1 1 0 0 1
7 24 0 0 1 0 0 1
7 26 0 0 0 0 1 1
7 27 1 0 0 0 0 1
7 28 1 1 0 0 0 1
7 29 0 0 0 1 0 0
7 30 1 1 1 0 0 1
7 31 0 1 0 0 1 1
8 3 0 0 0 0 1 1
8 4 1 0 0 0 0 1
8 5 1 1 0 0 0 1
8 6 0 0 0 1 0 0
8 7 1 1 1 0 0 1
8 8 0 1 0 0 1 1
8 10 1 0 1 1 0 1
8 11 0 1 1 0 0 0
8 12 0 0 1 1 1 0
8 13 0 0 0 0 1 1
8 14 0 0 0 1 0 0
8 15 1 1 1 0 0 1
8 16 0 0 1 0 0 1
8 17 0 1 1 0 1 1
8 19 1 1 1 1 0 1
8 20 0 1 1 0 0 0
8 22 0 0 1 1 0 1
8 23 0 1 1 1 0 0
8 24 0 0 1 1 1 1
8 25 0 1 0 1 1 0
8 27 0 0 1 0 0 1
8 28 0 1 0 1 0 0
8 29 1 1 0 1 1 0
9 2 1 0 1 1 0 0
9 3 1 1 0 1 1 0
9 4 0 0 0 0 0 1
9 5 0 1 1 0 0 0
9 7 1 0 0 0 1 0
9 8 1 1 1 0 0 1
9 9 0 0 1 0 0 1
9 10 0 0 0 1 0 0
9 11 1 1 1 0 0 1
9 12 1 0 0 1 1 0
9 13 0 0 0 1 1 0
9 14 1 1 1 0 0 1
9 16 0 0 1 1 0 1
9 17 1 1 0 0 1 1
9 19 0 0 1 1 0 1
9 20 1 1 0 0 1 0
9 22 1 0 1 1 0 1
9 23 0 1 0 1 1 0
9 24 0 0 1 1 0 1
9 25 1 1 0 0 1 1
9 27 1 1 0 1 0 0
9 29 0 0 0 1 0 0
9 30 1 1 1 0 0 1
9 31 0 0 1 0 0 1
10 16 0 0 0 0 1 1
10 17 0 1 0 0 0 0
10 18 0 0 0 0 1 1
10 19 0 1 1 1 0 0
10 21 0 1 0 1 0 1
10 22 1 0 0 0 1 1
10 24 0 0 0 0 1 1
10 25 0 0 1 0 0 0
10 26 0 1 0 1 0 0
10 27 0 0 1 0 0 1
10 28 0 1 0 1 0 0
10 29 0 0 0 1 1 0
10 30 0 0 0 1 0 0
10 31 1 1 1 0 0 1
11 2 0 0 0 1 0 0
11 3 1 1 1 0 0 1
11 4 0 0 1 0 0 1
11 6 0 0 0 0 1 1
11 7 1 0 0 0 0 1
11 8 1 1 0 0 0 1
11 9 0 0 0 1 0 0
11 10 1 1 1 0 0 1
11 11 0 1 0 0 1 1
11 13 1 0 1 1 0 1
11 14 0 1 1 0 0 0
11 15 0 0 1 1 1 0
11 16 0 0 0 0 1 1
11 17 0 0 0 1 0 0
11 18 1 1 1 0 0 1
11 19 0 0 1 0 0 1
11 20 0 1 1 0 1 1
11 22 1 1 1 1 0 1
11 23 0 1 1 0 0 0
11 25 1 0 1 1 0 0
11 26 0 1 0 1 1 0
11 27 0 0 1 1 0 1
11 28 0 1 0 0 1 1
11 29 1 0 0 1 1 1
12 3 1 0 1 1 0 1
12 4 0 1 1 0 0 0
12 6 0 1 1 1 0 0
12 8 0 1 1 1 1 1
12 9 1 0 0 0 0 1
12 10 0 1 1 0 0 1
12 11 1 1 0 1 1 1
12 12 1 1 1 0 1 0
12 13 1 1 0 1 0 0
12 15 1 0 0 0 0 0
12 16 1 0 1 1 1 0
12 17 0 1 0 1 1 0
12 18 1 0 1 1 0 1
12 19 0 1 0 1 1 0
12 21 1 0 1 1 0 1
12 22 0 1 0 1 1 0
12 23 0 0 1 0 1 1
12 24 1 0 0 1 1 0
12 26 0 1 1 1 1 1
12 27 0 0 0 1 0 1
12 28 1 0 1 0 1 0
12 29 0 0 0 1 0 1
12 31 1 1 0 1 0 0
13 7 0 0 0 0 1 1
13 8 0 1 0 0 0 0
13 9 1 1 0 0 0 1
13 10 0 0 0 1 0 0
13 11 1 1 1 0 0 1
13 12 0 0 1 0 0 1
13 14 0 1 0 0 0 0
13 15 0 0 0 1 0 0
13 16 1 1 1 0 0 1
13 17 0 0 1 0 0 1
13 18 0 0 1 1 1 0
13 20 0 1 1 1 0 0
13 22 1 0 1 1 0 0
13 23 1 1 0 1 0 0
13 24 0 0 1 1 0 0
13 25 1 1 0 1 0 0
13 27 0 1 0 0 0 0
13 28 0 0 0 1 0 0
13 29 1 1 1 0 0 1
13 30 0 0 1 0 0 1
13 31 0 1 1 0 1 1
14 4 1 0 1 1 1 0
14 5 0 1 0 1 1 0
14 6 1 0 1 1 0 1
14 7 0 1 0 1 1 0
14 9 0 0 0 0 1 1
14 10 1 0 0 0 0 1
14 11 1 0 1 1 0 1
14 12 0 1 1 0 0 0
14 13 0 0 0 0 1 1
14 14 0 0 0 1 0 0
14 15 1 1 1 0 0 1
14 16 0 0 1 0 0 1
14 17 0 1 1 0 1 1
14 19 1 1 1 1 0 1
14 20 0 1 1 0 0 0
14 22 1 0 1 1 0 0
14 23 0 1 0 1 1 0
14 24 0 0 1 1 0 1
14 25 0 1 0 0 1 1
14 26 1 0 0 1 1 1
14 28 0 1 0 0 0 1
14 29 0 0 0 1 1 0
15 2 0 0 0 1 0 0
15 3 1 1 1 0 0 1
15 5 1 0 0 0 1 0
15 6 0 0 1 1 0 0
15 7 1 0 0 1 1 1
15 9 0 1 0 1 0 1
15 10 0 1 1 1 0 1
15 11 1 0 1 1 0 1
15 12 0 1 0 1 1 0
15 14 0 0 0 0 1 1
15 15 1 0 1 0 1 0
15 16 0 1 1 1 0 1
15 18 0 1 0 0 0 0
15 19 1 1 1 0 1 0
15 20 0 0 1 1 1 1
15 21 1 1 0 1 0 0
15 23 0 0 1 0 1 0
15 24 1 1 0 1 1 0
15 25 0 0 1 0 0 1
15 26 0 0 0 1 0 0
15 27 1 1 1 0 0 1
15 29 1 0 0 0 1 0
15 30 0 0 1 1 0 0
15 31 1 0 0 1 1 1
16 7 1 1 1 1 0 1
16 8 0 1 1 0 0 0
16 10 1 0 1 1 0 0
16 11 0 1 0 1 1 0
16 12 0 0 1 1 0 1
16 13 0 1 0 0 1 1
16 14 1 0 0 1 1 1
16 16 0 1 0 0 1 1
16 17 1 1 0 1 0 0
16 18 0 0 1 0 1 0
16 19 1 1 0 1 0 0
16 21 0 1 1 1 1 0
16 22 1 1 0 1 1 0
16 24 0 1 0 0 0 0
16 25 1 1 1 0 1 0
16 26 0 0 1 1 1 1
16 27 1 1 0 1 0 0
16 29 0 0 1 0 1 0
16 30 1 1 0 1 1 0
16 31 0 0 1 0 0 1
17 11 0 0 0 0 1 1
17 12 0 1 0 0 0 0
17 13 0 0 0 1 0 0
17 14 1 1 1 0 0 1
17 15 0 0 1 0 0 1
17 17 0 0 0 0 1 1
17 18 1 0 0 0 0 1
17 19 1 1 0 0 0 1
17 20 0 0 0 1 0 0
17 21 1 1 1 0 0 1
17 22 0 1 0 0 1 1
17 24 1 0 1 1 0 1
17 25 0 1 1 0 0 0
17 26 0 0 1 1 1 0
17 27 0 0 0 0 1 1
17 28 0 0 0 1 0 0
17 29 1 1 1 0 0 1
17 30 0 0 1 0 0 1
17 31 0 1 1 0 1 1
19 7 0 0 0 0 0 1
19 8 0 1 0 0 0 0
19 9 0 1 0 0 0 1
19 10 1 0 0 1 0 1
19 12 0 1 0 0 0 1
19 13 1 0 0 1 1 0
19 14 0 0 1 0 1 1
19 15 1 0 0 1 1 0
19 17 0 0 0 0 1 0
19 18 1 0 0 0 1 0
19 19 0 0 1 1 0 0
19 20 1 0 0 1 1 1
19 22 0 1 0 0 0 1
19 23 1 1 0 0 1 1
19 24 1 0 0 0 1 0
19 25 0 0 0 1 0 1
19 27 0 1 1 1 1 0
19 28 1 0 1 0 1 0
19 29 0 1 0 1 1 0
21 26 0 1 0 0 0 1
21 27 1 1 0 1 0 1
21 28 1 1 1 0 1 0
21 29 1 1 0 1 1 0
22 2 0 0 0 0 1 1
22 3 1 0 0 0 0 1
22 4 1 1 0 0 0 1
22 5 0 1 0 1 1 0
22 6 0 0 1 0 0 1
22 8 1 0 1 1 0 1
22 9 0 0 1 1 1 0
22 10 0 0 0 1 0 0
22 11 0 1 1 0 0 0
22 12 0 1 1 0 1 1
22 14 1 1 1 1 0 1
22 15 0 1 1 0 0 0
22 17 1 0 1 1 0 0
22 18 0 1 0 1 1 0
22 19 0 0 1 1 0 1
22 20 0 1 0 0 1 1
22 21 1 0 0 1 1 1
22 23 0 1 0 0 0 0
22 24 0 0 1 0 1 0
22 25 1 1 0 1 0 0
22 27 0 0 1 1 1 1
22 28 0 0 0 1 1 0
22 29 1 0 0 0 1 0
23 3 1 0 0 0 0 1
23 4 0 0 0 0 1 1
23 5 1 1 1 0 1 0
23 7 0 1 0 0 0 0
23 8 0 1 1 0 1 0
23 9 1 1 0 0 1 1
23 10 1 0 1 1 0 1
23 11 0 1 0 1 1 0
23 13 0 1 1 0 1 1
23 14 1 0 0 0 0 1
23 15 0 0 1 1 0 0
23 16 0 1 0 1 1 0
23 18 0 0 0 0 1 1
23 19 1 0 0 0 0 1
23 20 1 0 1 1 0 1
23 21 0 0 0 1 0 0
23 22 0 1 1 0 0 0
23 23 0 1 1 0 1 1
23 25 1 1 1 1 0 1
23 26 0 1 1 0 0 0
23 28 1 0 1 0 0 1
23 30 0 0 0 1 0 1
23 31 0 1 0 0 1 1
24 3 0 0 1 0 1 1
24 4 0 1 1 1 0 0
24 5 1 0 1 1 0 1
24 6 0 1 0 1 1 0
24 8 0 0 0 0 1 1
24 9 1 0 0 0 0 1
24 10 1 0 1 1 0 1
24 11 0 0 0 1 0 0
24 12 0 1 1 0 0 0
24 13 0 1 1 0 1 1
24 15 1 1 1 1 0 1
24 16 0 1 1 0 0 0
24 18 1 0 1 1 0 0
24 19 0 1 0 1 1 0
24 20 0 0 1 1 0 1
24 21 0 1 0 0 1 1
24 22 1 0 0 1 1 1
24 24 0 1 0 0 0 1
24 25 0 0 0 1 1 0
24 26 0 0 0 0 1 1
24 27 0 1 0 0 0 0
24 28 0 1 1 0 1 0
24 29 1 1 0 0 1 1
24 30 0 0 1 1 0 1
24 31 0 0 0 1 1 0
25 2 0 0 1 0 1 0
25 3 1 1 0 1 0 0
25 5 1 0 0 0 1 0
25 6 0 0 1 0 1 0
25 7 0 0 0 1 0 1
25 9 0 1 0 0 0 0
25 10 1 0 0 0 1 0
25 11 0 0 1 1 0 0
25 12 1 0 0 1 1 1
25 14 0 0 0 0 1 1
25 15 0 0 1 0 0 0
25 16 0 0 0 0 1 1
25 17 0 1 1 1 1 0
25 18 0 0 0 0 0 1
25 19 0 1 1 0 0 0
25 20 0 1 0 1 0 1
25 21 0 1 1 1 0 1
25 22 1 0 1 1 0 1
25 23 0 1 0 1 1 0
25 25 0 0 0 0 1 1
25 26 0 0 1 0 0 0
25 27 1 0 1 1 1 0
25 28 0 1 0 1 1 0
25 29 0 0 0 0 0 1
25 30 0 1 1 0 0 0
25 31 0 0 1 0 0 1
26 3 0 0 0 0 1 1
26 4 0 1 0 0 0 0
26 5 0 0 0 1 0 1
26 6 0 1 0 0 1 1
26 8 0 0 0 0 1 1
26 9 1 0 0 0 0 1
26 10 1 1 0 0 0 1
26 11 0 1 0 1 1 0
26 12 0 0 1 0 0 1
26 14 1 0 1 1 0 1
26 15 0 0 1 1 1 0
26 16 0 0 0 1 0 0
26 17 0 1 1 0 0 0
26 18 0 1 1 0 1 1
26 20 1 1 1 1 0 1
26 21 0 1 1 0 0 0
26 23 1 0 1 1 0 0
26 24 0 1 0 1 1 0
26 25 0 0 1 1 0 1
26 26 0 1 0 0 1 1
26 27 1 0 0 1 1 1
26 29 0 1 0 0 1 1
26 30 1 1 0 1 0 0
26 31 0 0 1 0 0 1
