0.20
23 44 75 96 127 149 179 200 231 252 283 303 335 356 386 407 438 459 490 511 541 563 593 615 645 666 696 718 749 769 800 821 852 873 904 926 956 977 1007 1029 1059 1081 1111 1132 1162 1184 1215 1236 1267 1288 1319 1340 1371 1392 1422 1444 1474 1495 1527 1548 1578 1600 1631 1652
74 95 116 156 176 198 238 259 280 323 344 366 403 426 446 488 508 530 571 592 614 654 674 696 737 758 780 819 841 862 904 924 946 985 1006 1028 1069 1090 1112 1151 1172 1194 1234 1255 1277 1316 1337 1359 1400 1421 1443 1482 1503 1525 1566 1587 1609 1649 1670 1691 1732 1753 1775 1816 1837 1859 1900 1921 1943 1981 2002 2024 2065 2086 2108 2149 2170 2192 2232 2253 2273
1 21 0 0 0 0 0 0
2 13 0 0 0 0 0 1
2 14 0 0 1 1 1 0
2 15 0 1 0 0 1 1
2 16 1 1 0 1 0 0
2 18 0 0 1 0 1 0
2 19 1 0 0 1 0 0
2 20 0 1 1 0 0 1
2 21 0 0 0 1 1 0
4 4 0 0 0 0 0 1
4 5 0 1 1 1 0 0
4 6 1 0 0 0 1 0
4 7 0 0 0 1 0 1
4 9 0 0 0 0 1 1
4 10 0 1 1 1 1 0
4 12 1 0 0 0 1 0
4 13 0 0 0 1 0 1
4 14 1 1 1 0 1 1
4 15 0 1 0 1 1 0
4 16 0 0 1 1 1 0
4 17 0 1 0 1 1 0
4 19 0 1 0 0 0 0
4 20 1 1 1 0 1 1
4 21 0 1 0 1 1 0
4 22 0 1 1 0 1 0
4 23 1 1 0 0 1 1
4 25 1 1 0 1 0 0
4 27 1 0 1 0 1 0
4 28 0 0 1 1 1 0
4 29 0 0 0 1 0 1
5 28 0 0 0 0 1 1
5 29 0 1 0 0 0 0
5 30 0 0 1 0 1 0
5 31 0 0 0 1 1 1
6 3 0 1 1 0 0 1
6 4 1 0 0 1 0 1
6 5 0 1 0 1 0 1
6 7 0 1 1 1 0 0
6 9 0 0 1 1 0 1
6 10 0 1 0 1 0 0
6 12 0 1 1 0 0 1
6 13 0 0 0 1 1 0
6 14 0 0 1 0 1 0
6 15 1 0 0 0 0 1
6 17 1 1 0 1 0 0
6 19 1 0 0 0 1 0
6 20 0 1 0 1 1 0
6 21 1 1 1 0 1 1
6 22 0 1 0 1 1 0
6 24 1 1 0 0 0 1
6 25 1 0 1 1 0 1
6 26 1 1 0 1 1 0
6 28 0 0 0 0 1 0
6 29 1 1 0 1 0 1
7 3 0 0 1 0 1 0
7 4 0 0 0 1 0 1
7 6 1 1 1 0 1 1
7 7 0 1 0 1 1 0
7 8 0 0 1 1 0 1
7 9 0 1 1 1 0 0
7 11 1 0 1 0 0 1
7 12 1 1 0 0 0 1
7 13 1 1 0 1 1 0
7 15 0 0 1 1 0 1
7 16 0 0 0 0 1 1
7 17 1 0 0 0 1 0
7 19 0 0 0 0 1 1
7 20 1 0 0 0 0 1
7 21 0 0 0 0 1 1
7 22 1 1 0 0 1 0
7 23 1 0 1 1 1 1
7 24 0 0 0 1 0 1
7 25 0 0 1 0 0 1
7 26 0 1 0 0 0 0
7 28 1 0 1 0 0 1
7 29 1 1 0 1 1 0
7 30 0 1 1 0 0 1
7 31 1 1 0 1 1 0
8 4 1 1 0 1 0 0
8 6 0 1 0 1 0 0
8 7 0 1 0 1 1 0
8 8 1 0 1 1 0 0
8 9 0 0 0 1 1 0
8 11 0 0 0 0 1 0
8 12 0 0 1 0 0 1
8 13 0 0 0 0 1 1
8 14 0 0 1 0 0 0
8 15 0 1 0 0 1 1
8 16 1 1 0 1 1 0
8 17 0 0 0 0 1 1
8 18 1 0 1 1 0 0
8 19 0 0 0 0 1 0
8 20 0 1 1 1 0 0
8 21 0 0 0 0 0 1
8 22 0 1 1 0 0 0
8 24 0 1 0 0 1 0
8 25 1 0 0 0 0 1
8 26 1 1 0 0 0 1
8 27 0 0 0 1 1 0
8 29 1 1 1 0 0 1
8 30 1 1 0 1 1 1
8 31 0 0 1 0 0 1
9 2 1 0 1 1 0 0
9 3 1 1 0 1 0 1
9 4 0 1 1 1 1 0
9 5 1 1 0 1 1 0
9 6 0 0 1 0 0 1
9 7 1 0 0 0 1 0
9 8 0 0 0 1 0 1
9 10 1 0 1 0 1 0
9 11 0 1 1 1 0 1
9 13 1 0 0 0 1 0
9 14 1 1 0 1 0 1
9 16 0 1 1 1 0 0
9 18 0 0 1 0 1 0
9 19 1 0 0 0 0 1
9 21 0 1 0 0 0 0
9 22 0 0 1 1 0 1
9 23 0 1 1 1 0 0
9 24 0 0 1 0 1 0
9 25 0 0 0 1 0 1
9 26 1 1 0 0 0 1
9 27 1 1 0 1 1 0
9 29 1 0 1 1 0 0
9 30 0 0 0 0 1 0
9 31 0 1 1 1 0 0
10 3 0 0 1 1 0 1
10 4 0 1 1 1 0 0
10 5 0 0 1 0 1 0
10 6 0 0 0 1 0 1
10 7 1 1 0 0 0 1
10 8 1 1 0 1 1 0
10 10 1 1 1 0 1 1
10 11 0 1 0 1 1 0
10 12 0 0 1 1 0 1
10 13 0 1 1 1 0 0
10 15 0 0 1 0 1 0
10 16 1 0 0 1 0 0
10 17 0 1 1 1 1 0
10 18 0 0 0 1 1 1
10 20 1 1 0 1 0 0
10 22 1 0 0 0 1 0
10 23 0 1 0 1 1 0
10 24 1 1 1 0 1 1
10 25 0 1 0 1 1 0
10 27 1 1 0 0 0 1
10 29 1 0 0 0 1 0
10 30 1 1 0 1 1 0
10 31 0 0 1 0 0 1
11 17 0 0 0 0 1 1
11 18 0 1 0 0 0 0
11 19 0 0 1 0 1 0
11 20 1 0 0 1 0 0
11 21 1 0 0 0 1 0
11 23 0 1 1 1 1 1
11 24 0 1 0 1 1 0
11 25 1 1 1 0 1 0
11 26 0 1 1 1 0 1
11 28 1 1 0 1 0 0
11 30 0 1 1 0 1 0
11 31 1 0 0 0 0 1
12 2 1 0 1 0 0 1
12 3 0 1 0 1 1 0
12 4 1 0 0 0 1 0
12 5 1 1 0 1 1 0
12 7 1 0 1 1 0 1
12 8 1 1 0 1 1 0
12 10 0 0 1 1 0 1
12 11 0 1 1 1 0 0
12 13 0 0 1 0 1 0
12 14 1 0 0 1 0 0
12 15 0 0 1 0 1 0
12 16 1 0 0 0 0 1
12 18 0 1 0 0 0 0
12 19 1 0 1 1 0 1
12 20 1 0 0 0 1 0
12 22 0 0 1 0 1 0
12 23 1 0 0 1 0 0
12 24 0 0 0 0 0 1
12 25 0 0 1 1 0 1
12 26 1 0 1 1 0 0
12 27 0 0 0 1 0 1
12 29 1 0 1 0 0 1
13 2 1 1 0 0 0 0
13 3 0 1 1 1 1 0
13 4 1 1 0 1 1 0
13 5 0 0 1 1 1 1
13 6 1 1 0 0 1 1
13 7 1 1 0 0 0 0
13 9 1 1 0 0 0 0
13 10 0 1 0 0 1 1
13 11 0 0 0 1 0 1
13 12 1 0 0 0 1 1
13 13 1 1 0 0 0 0
13 15 1 1 0 0 0 0
13 16 0 1 0 0 0 1
13 17 1 1 0 1 1 1
13 18 1 1 1 1 1 0
13 19 1 1 0 1 1 0
13 20 1 1 0 0 0 0
13 22 0 1 0 1 0 1
13 23 0 1 1 1 0 1
13 24 1 1 1 0 0 1
13 25 1 1 0 1 1 1
13 27 1 0 0 0 1 0
13 28 1 1 0 1 0 1
13 30 0 0 1 1 1 1
13 31 0 0 0 1 1 0
14 3 1 1 0 1 0 0
14 5 1 0 1 1 0 0
14 6 0 0 0 1 1 0
14 7 0 1 1 0 0 1
14 8 0 1 1 1 0 0
14 10 0 1 1 0 1 0
14 11 1 0 0 1 0 0
14 12 0 0 0 0 1 1
14 13 0 1 0 0 0 0
14 14 0 1 1 1 1 1
14 15 1 0 0 0 0 1
14 17 1 0 0 0 0 1
14 19 1 1 0 0 0 0
14 20 0 1 0 0 0 1
14 21 1 1 0 1 0 1
14 22 1 1 1 0 1 0
14 23 1 1 0 1 1 0
14 24 1 1 0 0 0 0
14 26 1 1 0 0 0 0
14 27 0 1 0 0 1 0
14 28 0 0 0 1 1 1
14 29 0 1 0 0 1 1
14 30 1 1 0 0 1 1
14 31 1 1 0 0 0 0
15 4 1 0 1 1 0 1
15 5 1 0 1 0 1 0
15 6 0 1 0 1 1 0
15 8 1 1 0 1 0 0
15 10 1 1 1 0 1 1
15 11 0 1 0 1 1 0
15 12 0 0 1 1 0 1
15 13 0 1 1 1 0 0
15 15 1 0 1 0 1 0
15 16 0 1 1 1 0 1
15 18 0 1 0 0 0 0
15 19 0 1 0 0 0 1
15 20 1 0 0 1 1 0
15 21 0 0 1 1 0 1
15 22 1 1 0 1 1 1
15 24 1 0 0 0 1 0
15 25 1 1 0 0 1 1
15 26 0 1 0 0 1 0
15 28 1 0 0 0 1 0
15 29 1 1 0 1 1 0
15 30 0 0 0 0 1 0
15 31 0 1 1 1 0 0
16 3 0 0 1 1 0 1
16 4 0 1 1 1 0 0
16 6 1 0 1 1 0 0
16 7 0 1 0 1 1 0
16 8 0 1 0 0 0 1
16 9 1 0 0 1 1 0
16 11 1 0 0 0 0 0
16 12 0 1 0 1 0 1
16 13 1 0 0 0 1 1
16 14 0 0 1 1 1 1
16 15 1 1 0 0 1 1
16 17 1 0 1 0 0 1
16 18 0 0 0 1 0 1
16 20 0 1 0 0 0 0
16 21 0 0 1 0 1 1
16 22 0 0 0 1 1 1
16 23 0 0 1 0 1 0
16 24 1 0 0 1 1 1
16 25 0 1 1 0 0 1
16 26 1 0 0 1 1 0
16 27 1 1 1 0 0 1
16 28 1 1 0 1 1 1
16 30 1 0 0 0 1 0
16 31 0 0 0 1 1 1
17 2 0 1 1 0 0 1
17 3 0 0 0 1 1 0
17 5 1 1 0 1 0 0
17 7 0 1 0 0 1 1
17 8 1 1 0 1 0 0
17 9 1 1 1 0 1 1
17 10 0 1 0 1 1 0
17 12 1 1 1 1 0 0
17 14 1 1 0 0 0 1
17 15 1 0 1 0 1 0
17 16 0 1 0 1 1 0
17 18 1 0 0 0 1 0
17 19 1 1 0 1 0 1
17 21 0 1 1 0 0 0
17 22 1 0 0 0 1 0
17 23 1 0 0 1 0 1
17 24 0 0 0 0 1 1
17 25 0 1 0 0 1 1
17 27 1 1 0 1 0 0
17 29 1 1 1 0 1 1
17 30 0 1 0 1 1 0
17 31 0 0 1 0 0 1
18 3 0 0 1 0 1 0
18 4 0 1 0 1 1 0
18 5 0 1 1 0 1 0
18 6 0 1 1 1 0 1
18 7 1 1 0 0 0 0
18 9 1 1 0 0 0 0
18 10 0 0 1 1 0 1
18 11 1 1 0 1 1 0
18 12 0 1 1 0 1 0
18 13 1 1 0 1 1 0
18 15 1 0 0 0 1 0
18 16 0 1 0 1 1 0
18 17 0 0 1 1 0 1
18 18 1 0 0 1 1 0
18 19 1 1 0 0 0 0
18 21 1 1 1 0 1 1
18 22 1 1 0 1 1 0
18 23 0 1 0 1 0 0
18 24 1 1 0 1 1 0
18 26 1 0 1 0 0 1
18 27 0 0 0 1 0 1
18 29 0 0 1 1 0 0
18 30 0 0 0 1 1 1
18 31 0 0 1 0 0 1
19 3 0 0 0 0 1 1
19 4 1 0 0 1 0 0
19 5 1 1 1 0 0 1
19 6 1 0 0 1 0 0
19 8 0 1 1 0 1 0
19 9 1 1 0 0 1 1
19 10 0 0 1 1 0 1
19 11 0 0 0 1 1 0
19 13 1 1 1 0 0 1
19 14 1 1 0 1 0 0
19 16 1 1 0 0 0 0
19 17 0 1 0 1 0 1
19 18 1 0 0 0 1 1
19 19 0 0 1 1 1 1
19 20 1 1 0 0 1 1
19 22 0 1 1 0 1 1
19 23 1 1 0 1 1 0
19 24 0 1 0 1 0 1
19 25 1 1 0 0 1 1
19 26 1 1 0 0 0 0
19 28 1 1 0 0 0 0
19 29 1 1 1 1 0 0
19 30 0 0 0 0 1 1
19 31 1 1 1 0 0 0
20 4 0 0 1 1 0 0
20 5 0 1 0 1 1 0
20 6 0 0 1 1 1 0
20 7 1 1 0 1 1 0
20 9 0 0 1 0 1 0
20 10 1 1 0 1 0 0
20 12 0 0 1 0 1 0
20 13 0 1 1 1 0 1
20 14 1 0 1 1 1 1
20 15 0 1 0 1 1 0
20 17 0 1 1 1 1 0
20 19 1 0 0 0 1 0
20 20 0 0 1 0 1 0
20 21 0 0 0 1 0 1
20 23 0 0 0 0 1 0
20 24 1 1 0 1 0 1
20 26 0 1 1 0 0 0
20 27 1 0 0 0 1 0
20 28 1 1 0 0 1 1
20 29 0 1 0 0 1 0
20 31 1 1 0 1 0 0
21 2 0 1 0 1 0 0
21 4 1 0 0 0 1 0
21 5 1 1 0 1 0 1
21 7 0 1 0 0 0 0
21 8 1 0 1 0 0 1
21 9 0 0 0 1 0 1
21 10 0 0 1 1 0 0
21 11 0 1 0 1 1 0
21 13 0 1 1 1 1 0
21 15 0 1 0 1 0 1
21 16 1 1 0 1 1 0
21 17 0 0 1 1 0 1
21 18 1 1 0 0 1 0
21 20 0 1 1 0 0 0
21 21 1 1 0 0 0 0
21 22 0 1 1 0 1 0
21 23 1 1 0 1 0 0
21 24 0 1 0 1 0 1
21 25 0 1 0 1 1 0
21 27 1 1 1 0 1 1
21 28 0 1 0 1 1 0
21 29 0 0 1 1 0 1
21 30 0 1 1 1 0 0
21 31 1 1 0 0 0 0
22 2 1 0 1 0 1 0
22 3 1 0 0 1 0 0
22 5 1 0 1 0 0 1
22 7 0 1 0 0 0 1
22 8 1 1 0 1 1 1
22 9 1 1 1 1 1 0
22 10 1 1 0 1 1 0
22 11 1 1 0 0 0 0
22 13 1 1 0 0 0 0
22 14 0 1 0 0 1 1
22 15 0 0 0 1 0 1
22 16 1 0 0 0 1 1
22 18 1 0 1 0 0 1
22 20 0 0 1 1 0 1
22 21 1 1 0 1 0 0
22 22 0 0 0 0 1 1
22 23 1 1 1 0 1 1
22 24 1 1 0 0 0 0
22 26 0 1 0 0 1 1
22 27 1 1 0 1 0 0
22 29 1 0 0 0 1 0
22 30 0 0 1 0 1 0
22 31 0 0 0 1 0 1
23 4 0 0 1 1 0 1
23 5 0 1 1 1 0 0
23 6 1 0 0 0 1 0
23 7 0 1 0 1 1 0
23 9 1 0 0 0 1 0
23 10 0 1 0 1 1 0
23 11 0 0 1 1 1 0
23 12 0 1 0 1 1 0
23 13 1 1 0 0 0 0
23 15 1 1 0 0 0 0
23 16 0 1 1 1 1 0
23 17 1 1 0 1 1 0
23 18 0 0 1 1 1 1
23 19 1 1 0 0 1 1
23 20 0 0 0 0 0 0
23 21 1 0 1 0 0 1
23 23 1 0 1 1 0 0
23 24 0 0 0 0 1 0
23 25 0 1 1 1 0 0
23 26 1 1 0 0 0 0
23 28 1 1 0 0 0 0
23 29 1 0 1 1 0 1
23 30 0 1 0 1 1 0
23 31 0 0 1 0 0 1
24 2 0 0 1 1 1 1
24 3 0 0 0 1 0 1
24 4 0 0 1 1 1 1
24 5 0 0 0 1 0 1
24 7 1 0 1 0 0 1
24 8 0 0 0 1 0 1
24 10 0 1 1 0 1 0
24 11 1 0 0 0 0 1
24 13 0 1 1 0 1 0
24 14 1 1 0 0 1 0
24 15 1 0 1 0 1 1
24 16 1 1 0 1 0 1
24 18 1 1 1 0 1 1
24 19 0 1 0 1 1 0
24 20 1 0 1 1 1 1
24 21 0 1 0 1 1 0
24 23 0 1 0 1 0 0
24 24 0 1 0 1 1 0
24 25 0 0 1 0 1 0
24 26 1 0 0 0 0 1
24 28 1 1 0 0 0 0
24 29 1 1 1 1 0 0
24 30 0 0 0 0 1 1
24 31 0 0 1 1 0 0
25 4 0 0 1 1 1 1
25 5 1 1 0 0 1 1
25 7 0 1 0 1 0 1
25 8 1 1 0 1 1 0
25 9 0 1 1 0 1 0
25 10 1 1 0 0 1 1
25 11 0 0 0 0 1 1
25 12 0 1 0 0 0 0
25 13 0 1 0 1 0 0
25 14 1 1 0 1 1 0
25 15 0 0 0 0 1 1
25 16 0 1 1 1 0 0
25 18 1 1 1 0 1 1
25 19 0 1 0 1 1 0
25 20 0 0 1 1 0 1
25 21 0 1 1 1 0 0
25 23 1 1 0 1 0 0
25 25 0 1 0 1 0 1
25 26 0 0 0 1 0 1
25 27 0 1 1 0 1 1
25 28 1 1 0 1 1 0
25 30 1 1 1 0 0 1
25 31 1 1 0 1 1 0
26 2 0 0 0 0 1 1
26 3 1 0 0 0 0 1
26 4 1 0 1 0 1 0
26 5 1 0 0 1 0 0
26 7 0 0 1 1 0 0
26 8 1 0 0 1 0 1
26 9 0 1 1 0 1 0
26 10 1 0 0 1 0 0
26 12 1 1 0 1 0 0
26 14 1 0 0 0 1 0
26 15 1 1 0 1 0 1
26 17 0 0 1 1 1 0
26 18 0 1 0 1 1 0
26 19 1 0 1 1 0 1
26 20 0 1 0 1 1 0
26 22 0 1 0 0 0 0
26 23 0 0 0 0 1 1
26 24 0 1 1 1 0 0
26 25 0 0 1 0 1 1
26 26 1 1 0 1 1 1
26 28 1 0 0 0 0 0
26 29 0 1 0 1 0 1
26 30 1 0 0 0 1 1
26 31 0 0 1 0 0 1
27 2 0 0 0 0 1 0
27 3 0 0 1 0 0 0
