0.10
59 81 111 132 163 184 215 236 267 288 318 340 370 392 422 443 474 496 526 548 578 599 629 651 682 703 734 755 785 807 838 859 889 910 941 962 992 1014 1045 1066 1096 1118 1148 1170 1200 1221 1252 1273 1304 1325 1356 1377 1407 1428 1459 1481 1512 1534 1561 1584 1611 1631
81 101 121 159 181 202 241 262 284 327 348 369 406 427 449 492 514 535 573 594 616 659 680 700 737 758 779 823 843 865 903 924 945 988 1009 1030 1068 1090 1112 1153 1174 1196 1234 1254 1274 1319 1341 1361 1400 1421 1442 1480 1505 1527 1567 1588 1610 1650 1671 1692 1735 1756 1776 1814 1835 1857 1899 1921 1942 1981 2002 2023 2061 2081 2101 2146 2167 2188 2226 2246 2266
2 1 0 0 1 0 0 1
2 2 1 0 0 0 0 1
2 4 1 0 0 1 1 0
2 6 1 1 0 0 1 0
2 7 1 1 1 0 0 1
2 8 1 0 0 0 1 1
2 9 1 0 1 0 0 1
2 11 1 0 0 0 1 1
3 5 0 0 0 0 1 1
3 6 1 0 1 1 1 1
3 8 0 1 1 0 1 1
3 9 0 0 0 0 1 1
3 10 1 0 0 0 0 0
3 11 1 1 0 0 0 1
3 12 1 0 1 1 0 1
3 14 0 0 1 0 0 1
3 15 0 0 1 1 1 1
3 16 1 0 0 0 0 0
3 17 0 0 1 1 1 0
3 18 0 0 1 1 0 0
3 19 0 1 1 0 0 0
3 21 0 1 1 0 1 0
3 22 0 0 1 1 1 1
3 23 1 0 0 1 0 0
3 25 0 0 0 0 1 1
3 26 0 0 1 0 0 0
3 27 0 0 1 1 1 1
3 28 0 1 0 1 1 0
4 3 0 1 0 1 0 1
4 4 0 1 1 0 1 1
4 5 0 0 0 0 1 1
4 6 1 0 1 1 0 1
4 8 0 1 0 1 0 1
4 9 0 1 1 0 1 1
4 10 0 0 1 1 1 1
4 11 1 0 0 1 0 0
4 12 0 0 0 0 0 1
4 13 0 1 1 0 0 0
4 14 0 0 0 0 1 0
4 15 0 1 1 0 0 0
5 3 1 1 0 0 1 1
5 4 0 1 0 0 0 0
5 6 0 0 1 1 0 0
5 7 0 1 0 0 0 1
5 8 1 0 0 1 1 0
5 9 1 1 0 1 1 1
5 11 1 1 1 1 0 0
5 12 0 1 1 0 1 0
5 13 1 0 1 0 0 1
5 14 1 1 0 0 1 0
5 15 1 0 0 1 0 1
5 17 1 1 0 1 1 0
5 18 1 0 0 0 0 1
5 19 1 1 0 1 1 0
5 20 1 0 1 0 1 0
5 22 1 0 0 1 1 0
5 23 1 0 0 1 0 1
5 25 1 1 0 0 0 1
5 26 0 0 1 1 1 1
5 27 1 0 0 1 0 0
5 28 0 0 0 0 1 0
6 1 0 0 1 1 1 1
6 2 0 1 0 1 1 0
6 5 1 0 1 0 0 0
6 6 0 1 0 0 0 1
6 8 1 0 0 1 1 0
6 9 0 1 0 0 0 1
6 10 0 1 0 0 0 0
7 5 0 0 1 1 1 1
7 8 0 1 1 0 1 1
7 9 0 0 0 0 1 1
7 10 1 0 0 0 0 0
7 11 1 1 0 0 0 1
7 12 0 0 1 1 1 1
7 13 1 0 0 1 0 0
7 15 0 0 1 0 0 1
7 16 0 0 1 1 1 1
7 17 1 0 0 0 0 0
7 18 0 0 1 1 1 0
7 19 0 0 1 1 0 0
7 20 0 1 1 0 0 0
7 22 0 1 1 0 1 0
7 23 0 0 1 1 1 1
7 24 1 0 0 1 0 0
7 25 0 0 0 0 1 0
8 3 1 1 0 1 1 0
8 4 1 0 0 0 1 0
8 6 1 0 0 1 1 0
8 7 0 1 0 0 0 1
8 8 0 1 0 0 0 0
9 5 0 0 0 0 1 1
9 6 1 0 0 0 0 0
9 8 0 1 1 0 1 1
9 9 0 0 1 0 0 1
9 10 0 0 1 1 1 1
9 11 1 0 0 1 0 0
9 12 0 1 0 0 1 1
9 13 0 0 0 0 1 0
9 14 0 1 1 0 0 0
10 3 1 1 0 0 0 1
10 4 1 0 0 0 0 0
10 5 1 0 0 1 0 0
10 6 0 0 1 0 0 0
11 5 0 0 0 0 1 1
11 6 1 0 1 1 1 1
11 8 0 1 1 0 1 1
11 9 0 0 1 0 0 1
11 10 0 0 1 1 1 1
11 11 1 0 0 1 0 0
11 12 0 1 0 0 1 1
11 13 1 1 0 0 0 1
11 14 0 0 0 0 1 1
11 15 1 0 1 1 0 1
11 17 0 0 1 0 0 1
11 18 0 0 1 1 1 1
11 19 1 0 0 0 0 0
11 20 0 0 1 1 1 0
11 21 0 0 1 1 0 0
11 22 0 1 1 0 0 0
11 24 0 1 1 0 1 0
11 25 0 0 1 1 1 1
11 26 1 0 0 1 0 0
12 3 0 0 0 0 1 1
12 4 0 0 1 0 0 0
12 5 0 0 1 1 1 1
12 6 0 1 0 1 1 0
12 8 0 1 0 1 0 1
12 9 0 1 1 0 1 1
12 10 0 0 0 0 1 1
12 11 1 0 1 1 0 1
12 13 0 1 0 1 0 1
12 14 0 1 1 0 1 1
12 15 0 0 1 1 1 1
12 16 1 0 0 1 0 0
12 17 0 0 0 0 0 1
12 18 0 1 1 0 0 0
12 19 0 0 0 0 1 0
12 20 0 1 1 0 0 0
13 3 1 0 0 1 1 0
13 4 0 1 1 0 0 1
13 6 0 0 0 0 1 1
13 7 1 0 1 1 0 1
13 9 0 1 1 0 1 1
13 10 0 0 1 1 1 1
13 11 0 1 0 1 1 0
13 13 1 0 0 0 1 1
13 14 0 1 0 0 0 0
13 15 0 0 0 0 1 0
13 17 0 0 0 0 1 1
13 18 1 0 1 1 1 1
13 20 0 1 1 0 1 1
13 21 0 0 1 1 1 1
13 22 1 1 0 0 0 0
13 23 0 1 0 0 0 0
13 24 1 1 0 0 0 0
13 25 1 0 0 0 1 0
13 26 0 0 0 0 1 0
13 28 1 0 0 0 1 0
14 1 1 1 0 1 1 0
14 2 1 1 0 0 1 1
14 3 1 0 0 0 1 1
14 5 1 0 0 0 1 1
14 6 1 0 1 0 1 0
14 7 0 0 0 0 1 0
14 9 1 0 0 0 1 1
14 10 0 1 0 1 1 1
14 11 1 1 0 1 1 0
14 12 1 1 0 1 1 1
14 14 1 0 0 0 0 1
14 16 1 1 1 1 1 0
14 17 0 1 1 0 0 1
14 19 0 0 1 1 1 1
14 20 1 1 0 0 0 0
14 21 0 1 0 0 0 0
14 22 1 1 0 0 0 0
14 23 1 0 0 0 1 0
14 24 0 0 0 0 1 1
14 25 1 0 1 1 0 0
14 26 0 0 0 0 1 0
14 27 0 1 1 0 0 0
16 3 1 1 1 0 0 0
16 4 1 0 0 1 0 1
16 5 1 1 0 0 1 0
16 6 0 1 0 1 0 0
17 3 1 0 0 0 1 1
17 4 1 0 1 0 1 0
17 5 1 1 1 1 1 0
17 6 1 0 1 0 0 1
17 8 1 1 0 0 1 0
17 9 1 1 0 1 0 1
17 10 1 1 1 0 0 0
17 11 1 0 0 0 1 0
17 13 1 1 1 1 0 0
17 14 0 1 1 0 1 0
17 15 1 0 1 0 0 1
17 16 1 1 0 0 1 0
17 17 1 0 0 1 0 1
17 19 1 0 0 1 1 0
17 21 1 0 1 0 0 0
17 22 0 1 0 1 0 1
17 23 1 0 1 0 0 0
17 24 1 1 1 0 1 1
17 26 1 1 0 1 0 0
17 27 0 1 1 0 0 1
17 28 1 1 0 0 1 0
17 29 1 0 1 1 0 1
17 30 0 0 0 1 0 0
18 1 1 0 0 1 1 0
18 2 0 1 0 1 1 1
18 3 1 1 1 1 1 0
18 4 0 0 1 0 1 1
18 5 0 0 1 1 0 0
18 6 1 1 1 0 1 1
18 8 1 1 0 1 1 0
18 9 0 1 0 1 0 0
18 11 1 0 0 1 1 0
18 12 1 0 0 0 0 1
18 13 1 0 0 1 1 0
18 14 1 0 0 1 0 1
18 15 0 0 1 0 0 1
19 3 0 0 0 0 1 1
19 4 0 0 1 0 0 0
19 5 0 0 1 1 1 1
19 6 1 0 0 0 0 0
19 7 0 0 0 0 0 1
19 8 0 1 1 0 0 0
19 10 0 0 0 0 1 1
19 11 1 0 1 1 1 1
19 13 0 1 1 0 1 1
19 14 0 0 1 1 1 1
19 15 1 1 0 0 0 0
19 16 1 1 0 0 0 1
19 17 0 0 0 0 1 1
19 18 1 0 1 1 0 1
19 20 0 1 1 0 1 0
19 21 0 0 1 1 1 1
19 22 1 0 0 1 0 0
19 23 0 0 1 1 1 0
19 24 0 0 1 1 0 0
19 25 0 1 1 0 0 0
19 27 0 1 1 0 1 0
19 28 0 0 1 1 1 1
19 29 1 0 0 0 1 0
19 30 0 0 0 0 1 1
20 3 0 0 0 0 1 1
20 4 0 0 1 0 0 0
20 5 0 0 1 1 1 1
20 6 1 1 0 0 0 0
20 7 0 0 0 0 0 1
20 8 0 1 1 0 0 0
20 10 0 0 0 0 1 1
20 11 1 0 1 1 1 1
20 13 0 1 1 0 1 1
20 14 0 0 1 0 0 1
20 15 0 0 1 1 1 1
20 16 1 0 0 1 0 0
20 17 1 1 0 0 0 1
20 18 0 0 0 0 1 1
20 19 1 0 1 1 0 1
20 21 0 0 1 0 0 1
20 22 0 0 1 1 1 1
20 23 1 0 0 0 0 0
20 24 0 0 1 1 1 0
20 25 0 0 1 1 0 0
20 26 0 1 1 0 0 0
21 1 0 0 1 0 0 1
21 2 0 0 1 1 1 1
21 3 1 1 0 0 0 0
21 4 0 0 0 0 1 1
22 3 0 0 0 0 1 1
22 4 0 0 1 0 0 0
22 5 0 0 1 1 1 1
22 6 1 0 0 1 0 0
22 7 0 0 0 0 0 1
22 8 0 1 1 0 0 0
22 10 0 0 0 0 1 1
22 11 1 0 1 1 1 1
22 13 0 1 1 0 1 1
22 14 0 0 1 1 1 1
22 15 1 0 0 1 1 0
22 16 1 1 0 0 0 1
22 17 0 0 0 0 1 1
22 18 1 0 1 1 0 1
22 20 0 0 1 0 0 1
22 21 0 0 1 1 1 1
22 22 1 0 0 1 0 0
22 23 0 0 1 1 1 0
22 24 0 0 1 1 0 0
22 25 0 1 1 0 0 0
22 27 0 1 1 0 1 0
22 28 0 0 1 1 1 1
22 29 1 1 0 1 1 0
22 30 0 0 0 0 1 1
23 3 0 0 0 0 1 1
23 4 0 0 1 0 0 0
23 5 0 0 1 1 1 1
23 6 1 0 0 1 1 0
23 7 0 0 0 0 0 1
23 8 0 1 1 0 0 0
23 10 0 0 0 0 1 1
23 11 1 0 1 1 1 1
23 13 0 1 1 0 1 1
23 14 0 0 1 0 0 1
23 15 0 0 1 1 1 1
23 16 1 0 0 0 1 0
23 17 1 1 0 0 0 1
23 18 0 0 0 0 1 1
23 19 1 0 1 1 0 1
23 21 0 1 1 0 1 0
23 22 0 0 1 1 1 1
23 23 1 1 0 0 0 0
23 24 0 0 1 1 1 0
23 25 0 0 1 1 0 0
23 26 0 1 1 0 0 0
24 1 0 0 1 0 0 1
24 2 0 0 1 1 1 1
24 3 1 1 0 1 0 0
24 4 0 0 0 0 1 0
24 5 0 1 1 0 0 0
26 3 1 1 0 0 1 0
26 4 1 1 0 1 0 1
26 5 1 0 1 1 0 0
26 6 1 0 0 1 0 1
26 8 0 1 1 1 1 0
26 9 0 1 0 0 1 1
26 10 1 1 0 1 1 0
26 11 1 0 1 0 1 0
26 13 1 1 0 0 1 0
26 14 1 1 1 1 1 1
26 16 0 0 0 0 1 1
26 17 1 0 1 1 1 1
26 19 0 1 1 0 1 1
26 20 0 0 1 1 1 1
26 21 1 0 0 0 0 0
26 22 0 1 1 0 0 0
26 23 0 0 0 0 1 1
26 24 1 0 1 1 0 1
26 25 0 0 1 1 0 0
26 26 0 1 1 0 0 0
6 3 0 0 1 1 1 0
7 6 0 1 0 1 1 0
