0.40
42 62 90 112 143 164 195 216 246 268 298 320 350 371 402 423 454 475 506 527 558 578 609 630 661 682 713 734 765 786 816 838 868 889 920 941 971 993 1024 1044 1075 1096 1127 1148 1178 1200 1230 1251 1282 1303 1334 1356 1386 1407 1438 1459 1489 1511 1541 1563 1594 1615 1642 1662
71 91 111 149 170 191 234 255 277 316 337 358 398 419 441 482 503 525 566 586 608 648 669 691 732 753 775 814 835 857 898 919 940 980 1001 1023 1064 1085 1107 1144 1166 1187 1229 1251 1271 1310 1331 1353 1394 1415 1436 1476 1496 1518 1558 1579 1601 1640 1661 1683 1723 1744 1765 1806 1828 1849 1889 1911 1932 1971 1992 2013 2054 2075 2096 2138 2159 2180 2220 2241 2261
2 2 0 0 1 0 0 1
2 3 1 1 1 0 0 0
2 4 0 1 0 0 0 1
2 6 0 0 1 1 0 0
2 7 0 1 0 0 0 1
2 9 0 1 0 1 0 0
2 10 0 0 1 1 0 0
2 11 0 1 1 0 0 1
2 12 0 0 0 0 1 0
2 14 1 0 1 1 1 0
2 15 0 1 0 1 0 0
2 17 1 1 0 1 1 0
2 18 1 0 1 1 0 1
2 20 1 1 0 0 1 0
2 21 0 1 0 1 1 1
2 23 1 0 0 1 1 0
2 24 0 1 0 1 1 1
2 26 1 0 0 0 1 1
2 27 0 1 1 0 0 1
2 28 1 0 0 0 1 1
2 29 1 0 1 0 0 1
3 2 0 1 0 0 1 0
3 3 0 1 1 1 1 0
3 4 0 1 0 1 0 0
3 8 1 1 0 1 1 0
3 9 0 0 1 1 1 1
3 11 1 0 0 0 1 1
3 12 0 0 1 0 1 1
3 13 1 0 1 0 0 0
3 14 0 1 0 0 0 1
3 16 1 0 0 1 1 0
3 18 1 1 1 0 0 0
3 19 0 1 0 1 0 0
3 20 1 1 0 1 1 0
3 21 1 0 0 0 1 0
3 22 0 0 0 0 1 0
3 24 1 1 0 0 0 0
3 25 1 0 0 0 0 1
3 27 1 1 1 0 0 0
3 28 0 1 0 1 0 0
3 29 1 0 0 1 1 1
4 2 1 1 0 0 1 0
4 3 1 0 1 1 0 1
4 4 0 1 1 1 0 0
4 5 0 1 1 0 0 0
4 7 1 0 1 0 0 0
4 8 0 0 1 1 0 1
4 10 1 1 0 1 1 0
4 11 1 0 0 0 1 0
4 12 1 1 0 1 1 0
4 13 0 1 1 1 1 1
4 15 0 1 0 1 0 0
4 16 1 1 0 0 1 0
4 17 1 0 0 0 1 0
4 19 1 0 0 0 1 1
4 20 0 1 0 0 0 0
4 21 1 1 0 1 1 0
4 22 0 1 0 1 0 0
4 24 0 1 0 0 1 0
4 25 0 1 1 1 1 0
4 26 0 1 0 1 0 0
4 27 0 0 0 0 1 0
4 28 0 1 1 0 0 0
5 4 1 0 0 1 0 0
5 5 0 1 0 0 0 1
5 6 1 1 1 0 0 0
5 7 1 0 1 0 0 1
5 9 1 0 1 0 0 1
5 10 0 1 1 1 1 0
5 13 1 0 0 1 1 0
5 15 1 1 1 1 1 0
5 16 0 1 1 0 0 1
5 17 1 0 0 1 1 0
5 18 1 0 1 0 0 1
5 20 1 1 0 0 1 0
5 21 1 0 1 0 1 0
5 23 1 1 0 1 1 0
5 24 0 0 1 1 1 0
5 25 1 0 0 1 1 0
5 26 1 0 1 0 0 1
5 28 1 0 0 0 1 1
6 2 1 0 1 0 1 0
6 3 1 0 1 1 0 0
6 4 0 0 1 0 1 1
6 6 0 1 0 1 1 0
6 7 0 1 1 0 0 0
6 8 1 1 1 1 1 0
6 9 0 1 1 0 0 1
6 11 1 0 0 0 1 1
6 12 0 0 1 1 1 1
6 13 1 1 0 0 1 0
6 14 1 0 1 0 1 0
6 16 0 0 1 1 0 0
6 17 0 1 0 0 1 1
6 19 1 1 0 1 1 0
6 20 1 0 0 0 0 1
6 21 1 1 1 1 1 0
6 22 0 1 1 0 0 1
6 24 0 0 1 1 0 1
6 25 0 1 1 0 0 0
6 26 1 0 0 1 1 0
6 27 0 1 1 0 1 0
6 29 1 0 0 1 1 0
7 2 0 1 0 0 1 0
7 3 0 1 1 0 1 0
7 4 0 1 0 1 0 0
7 5 0 0 0 0 1 0
7 7 1 0 1 0 1 1
7 8 0 1 0 1 0 1
7 10 1 0 1 0 0 0
7 11 1 0 0 1 0 1
7 12 1 0 1 1 0 0
7 13 1 0 0 1 0 1
7 15 1 0 0 1 1 0
7 17 1 1 0 0 1 0
7 18 0 1 1 1 1 1
7 19 1 1 0 0 1 0
7 20 0 1 0 1 0 0
7 22 0 0 1 1 0 0
7 23 0 1 0 0 1 1
7 24 0 0 0 0 1 0
7 26 1 0 1 1 1 0
7 27 0 1 0 1 0 0
7 29 0 1 0 1 0 0
7 30 0 0 1 0 0 0
8 2 1 1 0 0 1 0
8 3 0 1 1 1 1 1
8 4 1 1 0 0 1 0
8 6 1 1 1 0 0 0
8 7 0 1 0 0 0 1
8 9 0 1 0 1 0 0
8 10 1 1 0 0 1 0
8 11 1 0 0 0 1 0
8 13 1 1 1 0 0 0
8 14 0 1 0 1 0 0
8 15 1 0 0 1 1 1
8 17 1 0 1 0 0 0
8 18 1 1 1 1 0 1
8 19 1 0 0 1 1 0
8 20 0 0 1 1 1 1
8 22 1 1 0 0 1 0
8 23 1 0 1 0 1 0
8 25 1 1 0 0 1 0
8 26 1 0 1 1 0 1
8 27 0 1 1 1 0 0
8 29 1 1 1 0 0 0
8 30 0 1 0 1 0 1
9 2 1 0 0 1 0 0
9 3 0 1 0 0 0 1
9 4 1 1 1 0 0 0
9 5 1 0 1 1 0 1
9 7 1 0 0 1 1 0
9 9 1 1 0 1 0 0
9 10 0 1 1 0 0 1
9 11 1 1 0 1 0 0
9 12 0 0 1 0 1 0
9 13 0 0 0 0 1 0
9 15 1 0 0 1 1 0
9 16 1 1 1 0 0 1
9 18 1 0 0 1 1 0
9 19 1 1 1 0 1 1
9 21 0 0 1 1 1 0
9 23 1 0 0 1 1 1
9 24 0 1 1 0 0 0
9 25 1 0 0 1 1 0
9 26 0 1 1 0 1 0
9 28 1 1 1 0 0 0
9 29 1 0 1 1 0 1
9 30 1 1 0 1 1 0
9 31 0 1 0 0 0 1
10 2 0 1 1 1 0 0
10 3 1 1 1 0 0 1
10 4 1 1 0 1 1 0
10 5 0 0 1 1 1 0
10 6 1 1 0 0 1 0
10 7 1 0 0 0 0 1
10 8 0 0 0 0 1 0
10 9 0 1 1 0 0 0
10 12 0 1 0 1 1 0
10 13 0 1 0 1 1 1
10 14 1 1 0 1 1 0
10 15 0 0 1 1 1 0
10 17 0 1 1 1 0 0
10 18 1 1 1 0 0 1
10 19 1 1 0 1 1 0
10 20 0 0 1 1 1 0
10 22 1 1 0 0 1 0
10 23 1 1 1 0 0 1
10 24 1 0 0 0 1 1
10 25 1 0 1 0 0 1
10 28 1 1 0 1 1 0
10 29 1 0 1 1 0 1
11 2 1 0 0 1 1 0
11 3 0 1 0 1 0 1
11 5 1 0 1 1 1 0
11 6 0 1 0 1 0 0
11 8 1 0 1 0 0 0
11 9 0 0 1 1 0 1
11 11 1 0 0 1 0 1
11 12 1 1 0 1 1 0
11 13 1 1 0 0 1 1
11 15 0 0 1 1 0 0
11 16 0 1 0 0 0 0
11 17 1 1 0 1 1 0
11 18 0 0 1 1 1 0
11 20 0 1 1 1 0 0
11 21 1 1 1 0 0 1
11 22 1 1 0 1 1 0
11 23 0 0 1 1 1 0
11 24 1 1 0 0 1 0
11 25 1 0 0 0 0 1
11 27 0 0 1 1 0 0
11 28 0 1 0 0 1 1
11 30 1 0 0 1 1 0
12 2 1 1 0 0 0 0
12 3 1 0 0 1 0 1
12 4 1 1 0 1 1 0
12 5 0 0 1 1 1 0
12 7 1 1 0 1 1 0
12 8 1 1 0 1 1 1
12 9 1 1 0 0 1 0
12 10 0 1 0 1 0 0
12 11 0 0 0 0 1 0
12 13 1 1 1 0 0 0
12 14 0 1 0 1 0 0
12 15 1 0 0 1 1 1
12 17 0 0 0 1 0 0
12 18 0 1 1 1 1 0
12 19 0 0 1 0 1 0
12 21 1 0 1 0 0 0
12 22 0 1 0 0 0 1
12 23 0 1 0 1 0 0
12 25 1 1 0 0 1 0
12 26 0 0 1 0 1 1
12 28 1 1 0 1 0 0
12 30 1 1 0 0 0 0
13 2 1 0 0 1 1 0
13 3 0 1 0 0 0 1
13 5 1 1 0 1 1 0
13 6 1 0 0 0 1 0
13 7 1 1 0 1 1 0
13 8 0 1 1 1 1 1
13 10 0 0 1 1 0 1
13 12 0 0 1 1 0 0
13 13 0 1 0 0 0 0
13 14 1 1 0 1 1 0
13 15 0 0 1 1 1 0
13 17 0 1 1 1 0 0
13 18 1 1 1 0 0 1
13 19 1 1 0 1 1 0
13 20 0 0 1 1 1 0
13 21 1 1 0 0 1 0
13 22 1 0 0 0 0 1
13 24 1 1 0 0 1 1
13 25 1 1 0 1 1 0
13 26 1 1 0 1 1 1
13 28 1 0 0 1 1 0
13 30 1 0 0 1 0 0
13 31 0 1 0 0 0 1
14 2 0 0 1 0 0 1
14 3 1 1 1 0 0 0
14 4 1 0 1 1 0 1
14 6 0 1 0 0 1 0
14 7 0 1 1 1 1 0
14 8 0 1 0 1 0 0
14 9 0 0 0 0 1 0
14 10 0 1 1 0 0 0
15 4 1 0 1 0 1 1
15 5 0 1 0 1 0 1
15 7 1 1 0 1 1 0
15 8 1 0 0 1 0 1
15 9 0 0 1 1 0 0
15 10 1 0 1 0 0 1
15 12 1 0 0 0 1 1
15 13 1 0 0 0 0 0
15 14 1 1 0 1 1 0
15 15 0 1 0 0 1 1
15 17 1 1 0 0 1 0
15 18 0 1 0 0 0 1
15 20 0 0 1 1 0 0
15 21 0 1 1 0 0 0
15 22 1 0 1 0 1 1
15 23 0 1 1 0 1 0
15 25 1 1 0 1 1 0
15 26 0 1 0 1 0 0
15 27 1 1 0 0 1 0
15 28 1 0 0 0 1 0
16 2 1 0 0 0 1 1
16 3 0 1 0 0 0 0
16 4 0 0 0 0 1 0
16 6 0 1 0 1 1 0
16 7 0 0 1 0 1 1
16 8 1 0 1 1 0 0
16 9 0 0 1 0 1 1
16 11 1 1 1 1 1 0
16 12 0 1 1 0 0 1
16 13 1 1 1 1 1 0
16 14 0 1 1 0 0 1
16 16 0 0 1 1 1 0
16 18 0 1 1 1 1 0
16 19 0 1 0 0 1 1
16 20 1 1 0 1 1 0
16 21 1 0 1 0 1 0
16 23 0 1 1 1 0 0
16 24 1 1 1 0 0 1
16 25 1 0 0 0 1 1
16 26 0 1 1 0 0 0
16 27 0 1 1 1 1 0
16 28 1 0 1 0 0 1
16 30 1 1 1 0 0 0
16 31 0 1 0 1 0 1
17 2 1 0 0 0 1 1
17 3 0 1 0 0 0 0
17 4 1 1 0 0 1 0
17 5 1 0 0 1 0 1
17 7 1 0 0 0 1 1
17 8 0 1 0 0 0 1
17 9 1 1 0 1 1 0
17 10 0 1 0 1 0 0
17 11 1 0 0 0 1 1
17 13 1 0 0 1 1 0
17 15 1 0 0 0 1 1
17 16 0 1 0 0 0 1
17 17 1 1 0 1 1 0
17 18 0 1 0 1 0 0
17 19 0 0 0 0 1 0
17 20 0 1 1 0 0 0
17 21 1 0 1 0 1 1
17 22 0 1 0 1 0 1
17 24 1 0 1 0 0 0
17 25 0 1 0 1 0 0
17 26 1 0 1 1 1 0
17 27 1 0 0 1 0 1
17 28 1 1 0 1 1 0
17 29 0 1 0 1 0 0
18 2 1 0 0 0 1 1
18 3 0 1 1 0 0 1
18 4 1 0 0 1 0 0
18 5 0 1 0 0 0 1
18 6 0 0 0 0 1 0
18 8 1 0 1 1 1 0
18 9 0 1 0 1 0 0
18 11 0 1 0 1 0 0
18 12 0 0 1 0 0 0
18 14 1 1 1 1 1 0
18 15 1 0 1 0 0 1
18 16 1 1 0 0 0 0
18 17 1 0 1 0 0 1
18 19 1 1 1 0 0 0
18 20 0 0 1 1 1 0
18 21 1 1 0 1 1 0
18 22 1 0 0 0 1 0
18 23 1 1 1 0 0 0
18 24 0 1 0 0 0 1
18 26 1 0 0 1 0 0
18 27 0 1 0 0 1 1
18 29 1 1 0 0 0 0
18 30 1 0 1 0 0 1
19 2 0 0 1 0 0 1
19 3 0 1 1 1 1 0
19 4 0 1 0 0 1 1
19 6 1 1 0 1 0 0
19 7 0 1 1 0 0 1
19 8 1 1 0 0 1 0
19 9 1 0 1 1 0 1
19 11 1 0 1 0 0 0
19 12 1 1 1 0 0 1
19 14 1 1 1 0 0 0
19 15 0 1 0 1 0 0
19 16 0 1 1 1 1 0
19 17 0 1 0 1 0 0
19 19 0 1 1 1 1 0
19 20 1 0 1 0 0 1
19 21 1 1 0 0 1 0
19 22 1 0 0 0 0 1
19 24 1 0 1 0 0 0
19 25 0 1 0 0 0 1
19 26 0 1 0 1 0 0
19 28 1 0 0 1 1 0
19 29 0 1 0 0 0 1
19 30 1 0 0 1 1 0
19 31 0 1 1 0 1 0
20 2 1 1 0 0 0 0
20 3 1 0 1 0 0 1
20 4 0 1 1 1 1 0
20 5 0 1 0 0 1 1
20 7 1 0 0 1 1 0
20 9 1 1 1 1 0 0
20 10 1 0 0 0 0 1
20 11 1 0 1 1 0 0
20 12 1 0 0 1 0 1
20 14 0 1 1 1 1 0
20 15 1 0 1 0 0 1
20 16 1 1 0 0 1 0
20 17 1 0 0 0 0 1
20 18 0 0 0 0 1 0
20 19 0 1 1 0 0 0
20 20 1 0 1 0 1 1
20 21 0 1 0 1 0 1
20 23 0 0 0 1 1 0
20 24 0 1 1 1 1 0
20 25 1 1 1 0 1 1
20 26 1 0 0 0 0 1
20 28 0 0 1 1 0 1
20 30 1 0 0 0 1 1
20 31 0 1 1 0 0 0
21 2 0 0 1 0 0 1
21 3 0 1 1 1 1 0
21 4 1 0 1 0 0 1
21 5 0 0 0 1 1 0
21 7 0 1 0 1 0 0
21 8 0 0 1 1 0 0
21 9 0 1 1 0 0 1
21 10 0 0 0 0 1 0
21 12 1 0 1 1 1 0
21 13 0 1 0 1 0 0
21 15 1 1 0 1 1 0
21 16 1 0 1 1 0 1
21 18 1 1 1 0 0 0
21 19 0 0 1 1 1 0
21 20 1 1 0 1 1 0
21 21 1 0 0 0 1 0
21 23 0 1 1 1 1 0
21 24 1 1 1 0 1 1
21 25 1 0 0 0 0 1
21 27 1 0 0 1 1 0
21 29 1 1 0 1 1 0
21 30 0 1 0 1 0 0
22 2 0 0 1 0 0 1
22 3 1 1 1 1 1 0
22 4 1 0 1 0 0 1
22 6 0 0 1 1 0 0
22 7 1 0 0 0 0 0
22 8 1 0 0 0 1 1
22 9 0 0 0 0 1 0
22 11 1 1 0 1 1 0
22 12 1 0 0 0 1 0
22 13 0 0 1 1 0 0
22 14 1 0 1 0 0 1
22 16 0 1 1 1 1 0
22 17 1 1 1 0 1 1
22 18 1 0 0 0 0 1
22 20 1 1 1 0 0 0
22 21 0 1 0 1 0 1
22 23 0 1 0 1 1 0
22 24 0 0 1 0 1 1
22 25 1 0 0 0 1 1
22 27 1 0 0 0 1 1
22 28 0 1 1 0 0 0
22 29 0 1 1 1 1 0
22 30 1 0 1 0 0 1
22 31 0 0 0 0 1 0
23 2 1 1 0 0 0 0
23 3 1 0 0 0 0 1
23 5 1 1 0 1 1 0
23 6 1 1 0 0 0 1
23 7 0 1 0 1 0 0
23 8 1 1 0 0 0 0
23 9 1 0 1 0 0 1
23 11 1 1 1 0 0 0
23 12 0 1 0 1 0 0
23 13 1 0 0 1 1 1
23 15 1 0 0 0 1 1
23 16 0 1 1 0 0 0
23 17 0 1 1 1 1 0
23 18 1 0 1 0 0 1
23 20 1 1 1 0 0 0
23 21 0 1 0 1 0 1
23 23 0 1 0 1 1 0
23 24 0 0 1 0 1 1
23 25 1 0 0 0 1 1
23 27 1 1 1 0 0 0
23 28 0 1 0 1 0 0
23 29 0 1 1 1 1 0
23 30 0 1 0 1 0 0
24 2 0 1 1 1 1 0
24 3 1 0 1 0 0 1
24 4 1 1 0 0 1 0
24 5 1 0 0 0 0 1
24 7 1 1 0 0 1 0
24 8 0 1 0 0 0 1
24 10 1 1 1 1 0 0
24 11 1 0 0 0 0 1
24 12 1 0 1 1 0 0
24 13 1 0 0 1 0 1
24 15 0 1 1 1 1 0
24 16 1 0 1 0 0 1
24 17 1 1 0 0 1 0
24 18 1 0 0 0 0 1
24 20 1 0 0 1 1 0
24 22 1 1 0 1 1 0
24 23 1 1 0 1 1 1
24 24 1 1 0 0 1 0
24 25 0 1 0 1 0 0
24 26 0 0 0 0 1 0
24 27 0 1 1 0 0 0
24 28 1 1 0 0 1 0
24 29 0 1 1 1 1 1
24 30 1 1 0 0 1 0
24 31 0 1 0 1 0 0
25 2 0 0 1 0 0 1
25 3 1 1 1 0 0 0
25 4 0 1 0 0 0 1
25 6 1 1 0 0 0 0
25 7 0 0 1 0 1 1
25 8 0 0 1 1 0 0
25 9 0 1 1 0 0 1
25 10 0 0 0 0 1 0
25 12 1 1 0 0 1 0
25 13 1 0 1 1 0 1
25 14 1 1 0 0 1 0
25 15 1 1 0 0 0 1
25 17 1 0 1 1 1 0
25 18 0 1 0 1 0 0
25 20 1 0 0 1 1 0
25 21 0 1 0 1 1 1
25 23 1 0 1 0 0 0
25 24 0 1 0 0 1 1
25 25 1 1 0 1 1 0
25 26 1 0 0 1 0 1
25 28 0 1 1 1 1 0
25 29 1 0 1 0 0 1
25 30 1 1 0 0 1 0
25 31 1 0 0 0 0 1
26 2 1 0 0 1 1 0
26 4 0 1 0 1 1 0
26 5 0 0 1 0 1 1
26 6 1 0 0 0 1 1
26 8 0 1 0 1 0 0
26 9 1 0 0 1 1 0
26 10 1 0 0 0 0 1
26 12 1 1 0 0 1 0
26 13 0 1 0 1 1 1
26 15 1 1 0 0 1 1
26 17 1 1 0 1 1 0
26 18 1 1 0 0 0 1
26 19 0 1 0 1 0 0
26 20 1 1 0 0 0 0
26 21 1 0 1 0 0 1
26 23 1 0 0 1 1 0
26 25 0 1 1 1 1 0
26 26 0 1 0 1 0 0
26 27 1 1 0 1 1 0
26 28 0 1 1 0 1 0
26 29 0 0 0 0 1 0
26 30 0 1 1 0 0 0
27 28 0 0 0 0 0 1
27 29 0 1 0 1 0 0
27 30 0 1 0 1 0 0
27 31 0 1 0 1 0 0
3 6 1 1 0 0 1 1
5 11 0 1 0 1 0 0
8 5 0 1 0 1 0 0
10 11 0 0 0 1 1 0
10 26 0 0 0 1 1 0
12 29 0 1 1 0 0 1
12 31 1 0 0 1 0 1
