0.10
59 80 111 133 163 184 215 236 267 288 319 340 371 392 422 443 474 496 526 547 578 599 630 651 681 703 733 755 785 807 837 859 889 910 941 962 993 1014 1044 1066 1096 1118 1148 1170 1200 1221 1252 1273 1304 1324 1355 1377 1408 1429 1459 1480 1511 1532 1563 1584 1611 1631
69 89 109 147 168 190 229 251 272 315 337 358 395 416 438 480 502 523 561 582 603 647 668 690 726 748 769 811 832 854 892 914 935 978 1000 1021 1058 1080 1101 1144 1165 1186 1226 1247 1269 1310 1332 1353 1391 1413 1433 1471 1491 1511 1554 1576 1598 1636 1656 1676 1719 1741 1762 1801 1822 1844 1886 1908 1930 1968 1989 2010 2053 2075 2096 2134 2156 2176 2214 2234 2254
2 3 1 1 1 0 0 0
2 4 0 1 0 1 0 0
2 6 0 0 1 1 1 1
2 7 1 0 0 1 0 0
2 10 1 1 0 0 1 0
2 11 1 1 1 1 1 1
2 12 1 1 1 1 1 0
2 13 1 0 1 0 0 1
2 15 1 1 0 0 1 0
2 16 1 1 1 0 0 1
2 17 1 0 0 0 1 1
2 18 1 0 1 0 0 1
2 20 0 0 0 0 1 1
2 21 1 0 1 1 1 1
2 23 0 1 1 0 1 1
2 24 0 0 1 0 0 1
2 25 0 0 1 1 1 1
2 26 1 0 0 0 0 0
2 27 0 1 1 0 0 0
2 28 1 1 0 0 0 1
2 29 0 0 0 0 1 1
2 30 1 0 1 1 0 1
3 1 0 1 1 0 1 0
3 2 0 0 1 1 1 1
3 3 1 0 0 0 0 0
3 4 0 0 1 1 1 0
3 5 0 0 1 1 0 0
3 6 0 1 1 0 0 0
3 8 0 0 1 0 0 1
3 9 0 0 1 1 1 1
3 10 1 0 0 0 0 0
3 12 1 0 0 1 1 0
3 14 0 1 1 1 1 0
3 15 1 0 1 0 0 1
3 16 1 1 0 0 1 0
3 17 1 0 1 1 0 1
3 18 0 0 0 0 1 0
3 20 0 0 1 1 0 0
3 21 0 0 1 0 0 0
3 22 1 1 1 1 1 0
3 23 1 0 1 0 0 1
3 25 0 0 0 1 0 0
3 26 0 1 1 1 1 0
3 27 0 0 1 0 1 0
3 29 1 0 0 1 1 0
4 1 1 0 1 0 0 0
4 2 0 1 0 1 0 1
4 3 1 0 1 0 0 0
4 4 1 1 1 0 1 1
4 6 1 1 0 1 0 0
4 7 0 1 1 0 0 1
4 8 1 1 0 0 1 0
4 9 1 0 1 1 0 1
4 10 0 0 0 1 0 0
4 12 1 0 0 1 1 0
4 13 0 1 0 1 1 1
4 14 1 1 1 1 1 0
4 15 0 0 1 0 1 1
4 16 0 0 1 1 0 0
4 17 1 1 1 0 1 1
4 19 1 1 0 1 1 0
4 20 0 1 0 1 0 0
4 22 1 0 0 1 1 0
4 23 0 0 0 0 0 1
4 24 1 0 0 1 1 0
4 25 1 0 0 1 0 1
4 26 0 0 0 0 1 0
4 27 0 1 1 0 0 0
4 28 1 1 1 1 0 0
4 29 0 1 1 0 1 0
4 30 1 0 1 0 0 1
5 1 0 0 1 0 0 1
5 2 1 1 0 0 1 0
5 3 1 0 0 1 0 1
5 5 0 0 0 0 1 1
5 6 1 0 1 1 1 1
5 8 0 1 1 0 1 1
5 9 0 0 1 0 0 1
5 10 0 0 1 1 1 1
5 11 1 0 0 0 0 0
5 12 0 1 1 0 0 0
5 13 0 0 0 0 1 1
5 14 1 0 1 1 0 1
5 15 0 0 1 1 0 0
5 16 0 1 1 0 0 0
5 18 1 1 0 1 1 0
5 19 1 0 0 0 0 1
5 20 1 1 0 1 1 0
5 21 1 0 1 0 1 0
5 23 1 0 1 0 1 1
5 24 0 0 1 0 1 1
5 25 1 0 1 1 0 1
5 27 1 0 0 1 1 0
5 29 1 1 0 0 0 0
5 30 1 0 0 1 0 1
6 1 0 0 1 0 0 1
6 2 1 1 0 0 1 0
6 3 1 1 0 1 1 1
6 5 1 0 1 0 0 0
6 6 0 1 0 0 0 1
6 7 0 1 0 1 0 0
6 9 1 0 0 1 1 0
6 10 0 1 0 0 0 1
6 11 1 0 0 1 1 0
6 12 0 1 1 0 1 0
6 14 1 1 1 1 0 0
6 15 0 1 1 0 1 0
6 16 1 0 1 0 0 1
6 17 1 1 0 0 1 0
6 18 1 0 0 1 0 1
6 20 0 0 0 0 1 1
6 21 1 0 1 1 1 1
6 23 0 1 1 0 1 1
6 24 0 0 1 0 0 1
6 25 0 0 1 1 1 1
6 26 1 0 0 0 0 0
6 27 0 1 1 0 0 0
6 28 1 1 0 0 0 1
6 29 0 0 0 0 1 1
6 30 1 0 1 1 0 1
7 1 0 1 1 0 1 0
7 2 0 0 1 1 1 1
7 3 1 0 0 0 0 0
7 4 0 0 1 1 1 0
7 5 0 0 1 1 0 0
7 6 0 1 1 0 0 0
7 8 0 0 1 0 0 1
7 9 0 0 1 1 1 1
7 10 1 0 0 0 0 0
7 11 0 0 0 0 1 0
7 12 0 0 1 0 0 0
8 3 1 1 0 1 1 0
8 4 1 0 0 0 1 0
8 5 0 0 1 0 0 1
8 7 1 1 0 0 1 0
8 8 1 1 1 0 0 1
8 9 1 0 0 0 1 1
8 10 1 0 1 0 0 1
8 12 0 0 0 0 1 1
8 13 1 0 1 1 1 1
8 15 0 1 1 0 1 1
8 16 0 0 1 0 0 1
8 17 0 0 1 1 1 1
8 18 1 0 0 0 0 0
8 19 0 1 1 0 0 0
8 20 1 1 0 0 0 1
8 21 0 0 0 0 1 1
8 22 1 0 1 1 0 1
8 24 0 1 1 0 1 0
8 25 0 0 1 1 1 1
8 26 1 0 0 0 0 0
8 27 0 0 1 1 1 0
8 28 0 0 1 1 0 0
8 29 0 1 1 0 0 0
9 1 0 0 1 0 0 1
9 2 0 0 1 1 1 1
9 3 1 0 0 0 0 0
9 5 1 0 0 1 1 0
9 7 0 1 1 1 1 0
9 8 1 0 1 0 0 1
9 9 1 1 0 0 1 0
9 10 1 0 1 1 0 1
9 12 0 1 0 1 1 0
9 13 1 0 1 0 0 1
9 15 0 1 1 1 1 0
9 16 1 0 1 0 0 1
9 18 0 0 1 1 1 1
9 19 1 1 0 0 0 0
9 20 1 1 0 1 0 0
9 21 0 0 1 1 1 1
9 22 1 0 0 0 0 0
9 23 0 0 1 0 0 1
9 24 0 0 1 1 1 1
9 25 0 1 0 1 0 0
9 27 0 0 0 0 1 1
9 28 0 0 1 0 0 0
9 29 1 1 0 1 1 0
9 30 1 0 0 1 0 1
10 1 0 0 1 1 1 1
10 2 1 0 0 0 0 0
10 3 1 1 0 0 0 0
10 4 1 0 0 0 1 0
10 5 0 0 1 0 0 1
10 6 1 0 0 0 1 0
10 7 0 0 0 0 0 1
10 8 0 1 1 0 0 0
10 10 0 1 1 1 0 0
10 11 1 0 1 0 1 0
10 13 1 0 0 0 1 1
10 14 0 1 1 0 0 0
10 15 0 0 0 0 1 0
10 16 0 1 1 0 0 0
11 3 1 1 1 1 0 0
11 4 0 1 1 0 1 0
11 5 1 0 1 0 0 1
11 6 1 1 0 0 1 0
11 7 1 0 0 1 0 1
11 9 0 0 0 0 1 1
11 10 1 0 1 1 1 1
11 12 0 1 1 0 1 1
11 13 0 0 1 0 0 1
11 14 0 0 1 1 1 1
11 15 1 0 0 0 0 0
11 16 0 1 1 0 0 0
11 17 1 1 0 0 0 1
11 18 0 0 0 0 1 1
11 19 1 0 1 1 0 1
11 21 0 1 1 0 1 0
11 22 0 0 1 1 1 1
11 23 1 0 0 0 0 0
11 24 0 0 1 1 1 0
11 25 0 0 1 1 0 0
11 26 0 1 1 0 0 0
11 28 0 0 1 0 0 1
11 29 0 0 1 1 1 1
11 30 1 0 0 0 0 0
12 1 1 0 0 1 1 0
12 3 1 0 1 0 0 0
12 4 0 1 0 1 0 1
12 5 1 0 1 0 0 0
12 6 1 1 1 0 1 1
12 8 1 1 0 1 0 0
12 9 0 1 1 0 0 1
12 10 1 1 0 0 1 0
12 11 1 0 1 1 0 1
12 13 1 1 0 0 1 0
12 14 1 0 1 1 0 1
12 15 1 1 0 0 1 0
12 17 0 0 0 1 0 0
12 19 1 0 0 1 1 0
12 20 0 1 0 1 1 1
12 21 1 1 1 1 1 0
12 22 0 0 1 0 1 1
12 23 0 0 1 1 0 0
12 24 1 1 1 0 1 1
12 26 1 0 0 0 1 1
12 28 0 0 0 0 1 1
12 29 1 0 1 1 0 1
13 1 0 1 1 0 1 1
13 2 0 0 1 0 0 1
13 3 0 0 1 1 1 1
13 4 1 0 0 0 0 0
13 5 0 0 0 0 1 0
13 7 1 0 0 1 1 0
13 8 1 0 0 0 0 1
13 9 1 0 0 1 1 0
13 10 1 0 0 1 0 1
13 12 1 0 0 0 1 1
13 14 1 1 0 0 0 1
13 15 0 0 1 0 0 1
13 16 0 0 1 1 1 1
13 17 1 0 0 0 0 0
13 18 0 0 0 0 1 0
13 20 0 0 1 0 0 1
13 21 0 0 1 1 1 1
13 22 1 0 0 0 0 0
13 23 0 0 1 1 1 0
13 24 0 0 0 0 1 0
13 25 0 1 1 0 0 0
14 3 1 1 0 0 0 0
14 4 0 0 1 0 1 0
14 6 1 1 1 1 0 0
14 7 0 1 1 0 1 0
14 8 1 0 1 0 0 1
14 9 1 1 0 0 1 0
14 10 1 0 0 1 0 1
14 12 0 0 0 0 1 1
14 13 1 0 1 1 1 1
14 15 0 1 1 0 1 1
14 16 0 0 1 0 0 1
14 17 0 0 1 1 1 1
14 18 1 0 0 0 0 0
14 19 0 1 1 0 0 0
14 20 0 0 0 0 1 1
14 21 1 0 1 1 0 1
14 22 0 0 1 1 0 0
14 23 0 1 1 0 0 0
14 25 1 1 0 0 1 0
14 26 1 0 1 1 0 1
14 27 1 1 0 0 1 0
14 28 1 1 0 1 0 1
15 1 1 1 1 1 0 0
15 2 1 0 0 0 0 1
15 3 0 1 0 1 0 0
15 5 0 0 1 1 1 1
15 6 1 0 0 0 0 0
15 7 0 0 1 0 0 1
15 8 1 1 0 1 1 0
15 9 0 1 0 0 0 1
15 11 1 0 0 1 1 0
15 12 1 1 1 0 0 1
15 13 0 1 0 1 1 1
15 14 0 0 0 0 1 0
15 16 1 0 1 0 1 1
15 17 0 1 0 1 0 1
15 18 0 1 1 0 0 0
15 20 1 1 0 0 1 0
15 21 1 0 1 1 0 1
15 22 1 0 1 0 1 1
15 23 1 0 1 0 1 0
15 25 1 1 1 1 0 0
15 26 1 0 0 0 0 1
15 27 0 1 0 1 0 0
15 29 0 0 1 1 1 1
15 30 1 0 0 0 0 0
16 1 0 0 1 0 0 1
16 2 1 1 0 1 1 0
16 3 0 1 0 0 0 1
16 5 1 0 0 1 1 0
16 6 1 1 1 0 0 1
16 7 0 1 0 1 1 1
16 8 0 0 0 0 1 0
16 10 1 1 0 1 1 0
16 11 1 1 0 0 1 1
16 13 1 0 0 1 1 0
16 14 0 1 0 0 0 1
16 15 1 0 0 1 1 0
16 16 0 1 1 0 1 0
16 18 1 1 1 1 0 0
16 19 0 1 1 0 1 0
16 20 1 0 1 0 0 1
16 21 1 1 0 0 1 0
16 22 1 0 0 1 0 1
16 24 0 0 0 0 1 1
16 25 1 0 1 1 1 1
17 1 0 1 1 0 1 1
17 2 0 0 1 0 0 1
17 3 0 0 1 1 1 1
17 4 1 0 0 0 0 0
17 5 0 1 1 0 0 0
17 6 1 1 0 0 0 1
17 7 0 0 0 0 1 1
17 8 1 0 1 1 0 1
17 10 0 1 1 0 1 0
17 11 0 0 1 1 1 1
17 12 1 0 0 0 0 0
17 13 0 0 1 1 1 0
17 14 0 0 1 1 0 0
17 15 0 1 1 0 0 0
17 17 0 0 1 0 0 1
17 18 0 0 1 1 1 1
17 19 1 0 0 0 0 0
17 20 0 0 0 0 1 0
17 21 0 1 1 0 0 0
19 3 1 1 0 0 1 0
19 5 1 1 0 0 1 1
19 7 1 0 1 0 0 0
19 8 0 1 0 1 0 0
19 9 0 1 1 1 1 0
19 10 0 0 1 0 1 0
19 12 1 1 1 1 0 0
19 13 1 0 0 0 0 1
19 14 0 1 0 1 0 0
19 15 0 1 0 0 0 0
19 17 1 1 0 1 0 0
19 18 0 1 1 0 0 1
19 19 1 1 0 1 0 0
19 20 0 0 1 0 1 0
19 22 1 0 1 1 0 0
19 23 0 0 1 0 1 0
19 24 0 0 0 0 1 0
19 25 0 0 1 0 0 0
21 3 1 1 0 1 1 0
21 4 0 1 0 1 1 1
21 5 1 0 1 1 1 0
21 6 0 0 1 0 1 0
22 3 0 1 0 1 0 0
22 4 1 1 0 0 0 0
22 5 1 1 1 0 0 1
22 7 1 0 0 1 1 0
22 8 0 1 0 0 0 1
22 9 0 0 0 0 1 0
22 11 1 1 1 1 0 0
22 12 0 1 1 0 1 0
22 13 1 0 1 0 0 1
22 14 1 1 0 0 1 0
22 15 1 0 0 1 0 1
22 17 0 0 0 0 1 1
22 18 1 0 1 1 1 1
22 20 0 1 1 0 1 1
22 21 0 0 0 0 1 1
22 22 1 0 0 0 0 0
22 23 1 1 0 0 0 1
22 24 1 0 1 1 0 1
22 26 0 0 1 0 0 1
22 27 1 1 0 0 1 0
22 28 0 0 1 1 1 0
22 29 0 0 1 1 0 0
22 30 0 1 1 0 0 0
23 1 0 1 1 0 1 0
23 2 1 0 1 0 0 0
23 4 0 0 1 1 0 1
23 6 0 0 0 0 1 1
23 7 1 0 1 1 1 1
23 9 0 1 1 0 1 1
23 10 0 0 0 0 1 1
23 11 1 0 0 0 0 0
23 12 1 0 1 1 0 1
23 13 0 0 1 1 0 0
23 14 0 1 1 0 0 0
23 16 1 1 0 0 1 0
23 17 1 0 0 0 0 1
23 18 0 0 1 1 0 0
23 19 0 1 1 0 1 1
23 21 1 1 0 0 1 0
23 22 1 0 1 1 0 1
23 23 0 1 1 1 1 0
23 24 0 1 0 0 1 1
23 25 0 0 0 0 1 0
23 27 0 1 0 1 1 1
23 28 0 1 1 0 0 0
23 29 0 0 1 1 0 0
24 1 1 1 0 0 0 0
24 2 1 0 1 0 0 1
24 3 0 1 1 1 1 0
24 4 0 1 0 0 1 1
24 5 0 0 0 0 1 0
24 6 0 1 1 0 0 0
24 7 1 1 0 0 0 0
24 8 0 0 1 0 1 0
24 10 1 1 1 1 0 0
24 11 0 1 1 0 1 0
24 12 1 0 1 0 0 1
24 13 1 1 0 0 1 0
24 14 1 0 0 1 0 1
24 16 0 0 0 0 1 1
24 17 1 0 1 1 1 1
24 19 0 1 1 0 1 1
24 20 0 0 0 0 1 1
24 21 1 0 0 0 0 0
24 22 1 0 1 1 0 1
24 23 0 0 1 1 0 0
24 24 0 1 1 0 0 0
24 26 1 1 0 0 1 0
24 27 1 0 1 1 0 1
24 28 1 0 0 0 1 1
24 29 0 1 1 0 0 1
25 1 0 0 1 0 0 1
25 2 0 0 0 0 1 1
25 3 0 0 1 0 0 0
25 4 1 1 0 0 1 0
25 5 1 1 0 1 0 1
25 6 0 0 0 0 0 1
25 7 0 1 1 0 0 0
25 9 1 1 0 0 1 0
25 10 1 0 1 1 0 1
25 11 1 0 1 0 1 1
25 12 1 0 1 0 1 0
25 13 0 0 0 0 1 1
25 14 0 0 1 0 0 0
25 15 1 1 0 0 1 1
25 16 0 1 1 0 0 0
25 17 0 0 0 0 0 1
25 18 0 1 1 0 0 0
25 21 1 0 0 0 0 1
25 22 0 1 0 1 0 0
25 23 0 0 0 0 1 0
25 25 1 0 1 0 0 0
25 26 0 1 0 0 0 1
25 27 0 1 0 1 0 0
25 29 1 0 0 1 1 0
25 30 0 1 0 0 0 1
26 1 0 0 1 0 0 1
26 2 1 0 0 1 1 0
26 3 0 1 1 0 1 0
26 5 1 1 1 1 0 0
26 6 0 1 1 0 1 0
26 7 1 0 1 0 0 1
26 8 1 1 0 0 1 0
26 9 1 0 0 1 0 1
26 11 0 0 0 0 1 1
26 12 1 0 1 1 1 1
26 14 0 1 1 0 1 1
26 15 0 0 0 0 1 1
26 16 1 0 0 0 0 0
26 17 1 1 0 0 0 1
26 18 1 0 1 1 0 1
26 20 0 0 1 0 0 1
26 21 1 1 0 0 1 0
26 22 0 0 1 1 1 0
26 23 0 0 1 1 0 0
26 24 0 1 1 0 0 0
26 26 0 1 1 0 1 0
26 27 1 0 1 0 0 0
26 28 0 0 0 0 1 0
26 29 0 1 1 0 0 0
12 16 1 1 0 1 0 1
19 4 0 1 0 1 0 1
25 20 1 1 1 1 0 0
