0.10
43 63 91 113 143 164 195 216 247 269 298 320 350 373 403 423 454 476 506 526 558 579 610 631 661 683 714 734 765 786 817 839 869 890 921 942 973 994 1024 1047 1077 1097 1128 1149 1180 1201 1232 1253 1284 1305 1335 1357 1387 1409 1439 1460 1491 1513 1543 1564 1594 1616 1643 1663
42 62 82 120 141 163 203 225 246 288 309 331 368 390 410 453 475 497 535 556 577 621 642 663 699 720 741 784 806 827 865 886 907 945 965 985 1030 1051 1072 1115 1136 1157 1196 1218 1239 1280 1301 1322 1361 1383 1403 1445 1466 1487 1529 1550 1571 1611 1632 1653 1694 1716 1737 1775 1797 1818 1861 1883 1904 1941 1963 1984 2026 2048 2069 2107 2129 2150 2192 2214 2234 2272 2292 2312
2 2 1 1 1 1 0 0
2 3 1 0 0 0 0 1
2 4 0 1 0 1 0 0
2 6 1 0 0 1 1 0
2 8 1 1 0 1 0 0
2 9 0 1 1 0 0 1
2 10 1 1 0 0 1 0
2 11 1 0 1 1 0 1
2 12 0 0 0 1 0 0
2 14 1 1 0 1 1 0
2 15 0 0 1 1 0 1
2 16 1 1 1 0 0 0
2 17 0 1 0 1 0 0
2 19 0 0 1 1 1 0
2 21 1 1 0 1 1 0
2 22 0 0 1 0 1 1
2 23 1 1 0 1 1 0
2 24 0 0 1 1 0 1
2 26 0 0 0 0 1 1
2 27 1 1 0 0 1 0
2 28 0 0 0 0 1 0
2 30 0 0 0 0 1 1
2 31 1 0 1 0 0 0
3 2 1 0 0 1 1 0
3 4 0 0 1 1 0 0
3 5 0 1 0 0 0 0
3 7 1 1 1 0 0 0
3 8 0 1 0 1 0 1
3 10 1 1 0 1 1 0
3 11 0 1 1 1 1 1
3 12 1 0 0 1 1 0
3 13 1 0 0 0 0 1
3 14 0 0 0 0 1 0
3 15 0 1 1 0 0 0
4 4 1 1 1 1 0 0
4 5 0 1 1 0 1 0
4 6 1 0 1 0 0 1
4 7 1 1 0 0 1 0
4 8 1 0 0 1 0 1
4 10 0 0 0 0 1 1
4 11 1 0 1 1 1 1
4 13 0 1 1 0 1 1
4 14 0 0 0 0 1 1
4 15 1 0 0 0 0 0
4 16 1 1 0 0 0 1
4 17 1 0 1 1 0 1
4 19 0 0 1 0 0 1
4 20 1 1 0 0 1 0
4 21 0 0 1 1 1 0
4 22 0 0 1 1 0 0
4 23 0 1 1 0 0 0
4 25 0 1 1 0 1 0
4 26 1 0 1 0 0 0
4 28 1 1 0 0 1 1
4 30 0 1 0 1 1 0
4 31 1 0 1 0 0 1
5 2 0 0 1 0 0 1
5 3 1 1 0 0 1 0
5 4 1 1 0 1 0 1
5 6 0 1 1 1 1 0
5 7 0 1 0 0 0 1
5 8 1 0 0 1 1 0
5 9 1 0 0 1 0 1
5 10 0 0 1 0 0 1
6 4 0 0 0 0 1 1
6 5 0 0 1 0 0 0
6 6 0 0 1 1 1 1
6 7 1 0 0 0 0 0
6 8 0 0 0 0 0 1
6 9 0 1 1 0 0 0
6 11 1 0 0 1 1 0
6 12 0 1 1 0 0 1
6 14 0 0 0 0 1 1
6 15 1 0 0 0 0 0
6 17 1 0 1 0 1 0
6 19 0 0 1 1 1 1
6 20 0 1 0 1 1 0
6 22 1 0 0 0 1 1
6 23 0 1 0 0 0 0
6 24 0 0 0 0 1 0
6 26 1 0 1 0 0 0
6 27 0 1 0 1 0 1
6 28 1 0 1 0 0 0
6 29 1 1 1 0 1 1
7 2 1 1 0 0 1 0
7 3 1 0 1 1 0 1
7 4 1 0 0 0 1 1
7 5 0 1 1 0 0 1
7 6 0 0 0 0 1 1
7 8 1 0 0 1 1 0
7 9 0 1 1 0 0 1
7 11 0 0 0 0 1 1
7 12 1 0 0 0 0 0
7 14 0 1 0 1 0 1
7 16 0 0 1 1 1 1
7 17 0 1 0 1 1 0
7 19 1 0 0 0 1 1
7 20 0 1 0 0 0 0
7 21 0 0 0 0 1 0
7 23 1 0 1 0 0 0
7 24 0 1 0 1 0 1
7 25 1 0 1 0 0 0
7 26 1 1 1 0 1 1
7 28 1 1 0 0 1 0
7 29 1 0 1 1 0 1
8 2 0 0 1 0 0 1
8 3 1 1 0 0 1 0
8 4 1 1 0 1 0 1
8 5 0 0 0 0 1 1
9 4 0 0 0 0 1 1
9 5 0 0 1 0 0 0
9 6 0 0 1 1 1 1
9 7 1 1 0 0 0 0
9 8 0 0 0 0 0 1
9 9 0 1 1 0 0 0
9 11 1 0 0 1 1 0
9 12 0 1 0 1 1 1
9 13 1 1 1 1 1 0
9 14 0 0 1 0 1 1
9 15 0 0 1 1 0 0
9 16 1 1 1 0 1 1
9 18 1 0 0 0 1 1
9 20 0 0 1 1 0 0
9 21 0 1 0 0 0 0
9 22 1 1 0 0 1 0
9 23 1 0 0 1 0 1
9 25 0 0 0 0 1 1
9 26 1 0 1 1 0 1
9 28 0 1 1 0 1 1
9 29 0 0 0 0 1 1
9 30 1 1 0 0 1 0
9 31 0 0 0 0 1 1
10 4 0 0 0 0 1 1
10 5 0 0 1 0 0 0
10 6 0 0 1 1 1 1
10 7 1 0 0 1 0 0
10 8 0 0 0 0 0 1
10 9 0 1 1 0 0 0
10 11 1 0 0 1 1 0
10 12 1 0 0 0 0 1
10 13 1 0 0 1 1 0
10 14 1 0 0 1 0 1
10 16 1 0 1 0 1 1
10 17 1 0 1 0 1 0
10 18 1 1 0 0 0 0
10 19 0 0 1 1 1 0
10 21 1 0 0 0 1 1
10 23 1 1 0 0 0 1
10 24 0 0 0 0 1 1
10 25 1 1 0 0 1 0
10 26 0 0 0 0 1 0
11 2 0 0 0 0 1 1
11 3 1 0 1 0 0 0
11 4 0 0 1 1 1 0
11 5 0 0 0 0 1 0
11 6 0 1 1 0 0 0
13 4 1 0 1 0 1 0
13 5 1 0 1 1 0 0
13 6 0 0 1 0 1 1
13 8 1 1 1 0 0 0
13 9 0 1 0 1 0 1
13 11 1 0 1 0 0 0
13 12 1 1 1 0 0 1
13 14 0 1 0 1 0 0
13 15 1 1 0 1 1 0
13 16 0 1 0 0 0 1
13 18 0 0 1 1 0 1
13 20 0 0 1 1 0 0
13 21 0 1 1 0 0 1
13 22 1 0 1 0 0 0
13 23 1 0 0 1 0 1
13 24 0 1 1 1 1 0
13 25 1 0 1 0 0 1
13 27 1 1 0 0 1 1
13 28 1 1 0 1 1 0
13 29 1 1 0 1 1 1
13 31 1 0 0 1 1 0
14 2 0 1 0 0 1 0
14 3 0 1 1 1 1 0
14 4 0 1 0 1 0 0
14 5 0 0 0 0 1 0
14 6 0 1 1 0 0 0
15 4 1 1 1 0 0 0
15 5 0 1 0 1 0 0
15 7 0 0 1 1 1 1
15 8 1 0 0 1 1 0
15 11 0 0 1 1 1 0
15 13 1 1 0 0 1 0
15 14 1 1 0 0 1 1
15 15 1 1 0 1 1 0
15 16 1 0 0 1 0 1
15 18 0 1 0 1 0 0
15 19 1 1 0 1 1 0
15 20 0 1 0 0 0 1
15 22 1 1 1 1 0 1
15 23 0 1 0 0 0 0
15 24 1 1 0 0 1 0
15 25 1 0 0 0 0 1
15 27 1 1 1 1 0 0
15 28 0 0 1 0 1 1
15 29 1 0 0 0 1 1
15 30 0 1 0 1 1 1
16 2 0 0 1 0 0 1
16 3 1 1 1 1 1 0
16 4 0 0 0 0 1 0
16 6 1 0 1 0 1 1
16 7 0 1 0 1 0 1
16 9 1 1 1 1 1 0
16 10 0 1 0 0 0 0
16 12 0 0 1 1 0 0
16 13 0 1 0 0 1 1
16 14 1 1 0 0 1 0
16 15 1 1 0 0 0 1
16 17 1 0 0 0 1 1
16 18 1 0 1 0 0 1
16 19 0 0 1 1 0 0
16 20 0 1 0 0 0 0
16 22 1 1 1 0 0 1
16 23 0 0 1 1 0 0
16 24 0 1 1 0 1 1
16 26 0 1 0 1 0 0
16 27 1 1 0 1 1 0
16 28 0 0 1 0 1 1
16 30 1 0 0 0 1 1
16 31 0 1 0 1 1 1
17 2 0 0 1 0 0 1
17 3 1 1 0 1 1 0
17 4 1 1 0 1 1 1
17 5 0 0 0 0 1 0
17 7 1 0 1 0 1 1
17 8 0 1 0 1 0 1
17 10 1 0 0 0 1 1
17 11 0 1 0 1 1 1
17 12 1 1 0 1 1 0
17 13 1 1 0 1 1 1
17 15 1 0 0 1 1 0
17 17 1 0 0 1 1 0
17 18 1 0 0 0 0 1
17 19 1 0 0 1 1 0
17 20 1 1 0 1 1 1
17 22 1 1 1 0 0 1
17 24 0 1 0 1 0 0
17 25 1 1 0 1 1 0
17 26 0 1 0 0 0 1
17 28 1 1 1 1 0 0
17 29 0 0 1 0 1 1
17 30 1 0 0 0 1 1
17 31 0 1 0 1 1 1
18 2 0 0 1 0 0 1
18 3 0 1 1 1 1 0
18 4 1 1 1 0 1 1
18 5 0 0 0 0 1 0
18 7 1 0 0 0 1 1
18 8 0 0 1 0 0 0
18 10 1 1 1 1 0 0
18 11 0 0 1 0 1 1
18 12 1 1 1 1 1 0
18 13 1 0 1 0 0 1
18 15 1 0 0 1 1 0
18 17 1 1 1 1 0 0
18 18 0 1 1 0 1 0
18 19 1 0 1 0 0 1
18 20 1 1 0 0 1 0
18 21 1 0 0 1 0 1
18 22 1 1 0 0 1 0
18 23 1 0 0 0 0 1
18 25 1 0 0 0 1 1
18 26 0 1 0 1 1 1
18 27 0 0 1 1 0 0
18 28 1 0 1 0 0 1
18 30 1 0 1 0 1 1
18 31 0 1 0 1 0 1
19 2 0 0 1 1 0 1
19 4 1 1 1 1 1 0
19 5 0 1 0 0 0 0
19 7 0 0 1 1 0 0
19 8 0 1 0 0 1 1
19 9 1 1 0 0 1 0
19 10 1 1 0 0 0 1
19 12 1 0 0 1 1 0
19 14 1 0 0 0 1 1
19 15 0 1 0 1 1 1
19 16 1 1 1 1 0 0
19 17 1 0 0 0 0 1
19 19 1 1 0 1 1 0
19 20 0 0 1 1 0 1
19 21 1 1 1 0 0 0
19 22 0 1 0 1 0 0
19 24 0 1 0 1 1 1
19 26 0 0 1 1 1 1
19 27 1 0 0 0 0 0
19 28 0 0 0 0 1 1
19 29 1 0 1 1 0 0
20 2 1 1 1 1 1 0
20 3 1 0 1 0 0 1
20 5 1 0 0 1 1 0
20 6 0 0 1 0 1 0
20 7 1 0 0 1 1 0
20 8 0 1 1 0 1 0
20 10 1 0 1 0 1 1
20 11 0 1 0 1 1 1
20 12 1 1 0 1 1 0
20 13 0 1 1 0 1 0
20 14 0 0 0 0 1 0
20 16 1 1 0 1 1 0
20 17 0 1 1 0 1 0
20 18 1 0 0 1 1 0
20 19 1 0 1 0 0 1
20 21 0 1 0 1 1 1
20 23 0 0 1 1 1 1
20 24 1 0 0 1 0 0
20 25 0 0 0 0 1 1
20 26 1 0 1 1 0 0
20 27 0 0 0 0 1 0
20 29 1 0 0 0 1 1
20 30 0 1 0 1 1 1
21 2 0 0 1 0 0 1
21 3 0 0 1 1 0 0
21 4 1 0 1 0 0 1
21 6 1 1 1 0 0 0
21 7 1 0 1 0 1 0
21 8 1 0 0 1 1 0
21 9 0 1 0 1 0 0
21 11 1 1 1 1 1 0
21 12 1 0 1 0 0 1
21 14 1 1 1 0 0 0
21 15 0 1 0 1 0 0
21 17 1 1 1 1 1 0
21 18 0 1 0 0 0 0
21 20 0 0 1 1 0 0
21 21 0 1 0 0 1 1
21 22 1 1 0 0 1 0
21 23 1 1 0 0 0 1
21 25 0 0 1 1 1 1
21 26 1 0 0 1 0 0
21 27 0 0 0 0 1 1
21 28 1 0 1 1 0 0
21 29 0 0 0 0 1 0
22 2 1 0 0 0 1 1
22 3 0 1 0 1 1 1
22 4 1 1 0 1 1 0
22 5 1 1 0 1 1 1
22 7 1 0 0 0 0 1
22 9 1 0 0 1 1 0
22 10 1 0 1 0 1 0
22 11 1 1 1 1 1 0
22 12 0 1 1 0 0 1
22 13 0 0 0 0 1 0
22 14 0 0 1 0 0 0
23 4 1 1 0 1 1 0
23 5 1 0 0 0 1 0
23 6 0 0 1 0 0 1
23 8 0 1 0 1 1 0
23 9 1 0 1 0 0 1
23 11 0 1 1 1 1 0
23 12 1 0 1 0 0 1
23 14 0 0 1 1 1 1
23 15 1 1 0 0 0 0
23 16 1 1 0 1 0 0
23 17 0 0 1 1 1 1
23 18 1 0 0 0 0 0
23 19 0 0 1 0 0 1
23 20 0 0 1 1 1 1
23 21 1 0 0 0 0 0
23 22 0 1 0 1 1 0
23 24 0 0 0 0 1 1
23 25 0 0 1 0 0 0
23 26 1 1 0 1 1 0
23 27 1 0 0 1 0 1
24 2 0 0 1 1 1 1
24 3 1 0 0 0 0 0
24 4 1 1 0 0 0 0
24 5 1 1 0 1 1 0
24 6 0 0 1 0 0 1
24 7 1 0 0 0 1 0
24 8 0 0 0 0 0 1
24 9 0 1 1 0 0 0
24 11 1 1 0 1 1 0
24 12 1 0 0 1 0 1
24 13 1 1 1 0 0 0
24 14 0 1 0 1 0 0
24 16 0 0 1 1 0 0
24 17 0 1 0 0 0 0
24 18 1 1 0 1 1 0
24 19 0 0 1 1 1 0
24 21 1 0 1 0 1 1
24 22 1 0 1 0 1 0
24 23 1 1 0 0 0 0
24 24 0 0 1 1 1 0
24 25 1 1 0 0 1 0
24 26 0 1 0 1 0 0
24 27 0 0 0 0 1 0
24 29 1 0 0 1 1 0
24 30 1 0 0 1 0 1
25 2 1 1 0 0 0 1
25 3 0 0 1 1 1 1
25 4 1 0 0 0 0 0
25 5 0 0 0 0 1 0
25 7 0 0 1 1 1 1
25 8 1 0 0 1 0 0
25 9 0 0 1 1 1 0
25 11 1 0 0 0 1 1
25 13 0 1 1 1 1 0
25 14 1 0 1 0 0 1
25 15 0 0 1 1 0 0
25 16 0 1 0 0 1 1
25 18 0 0 1 1 0 0
25 19 0 1 0 0 0 1
25 20 1 0 0 1 1 0
25 21 1 1 0 1 1 1
25 23 1 1 1 1 0 0
25 24 0 1 1 0 1 0
25 25 1 0 1 0 0 1
25 26 1 1 0 0 1 0
25 27 1 0 0 1 0 1
25 29 1 0 0 1 1 0
26 2 1 0 0 1 1 0
26 3 1 0 0 0 0 1
26 4 1 0 0 1 1 0
26 5 1 0 0 1 0 1
26 6 0 0 0 0 1 0
26 8 1 1 0 0 0 1
26 9 1 0 0 0 0 0
26 10 1 0 0 1 0 0
26 11 0 0 1 0 0 0
26 13 1 0 1 0 0 0
26 14 0 1 0 0 0 1
26 16 1 0 0 0 1 1
26 17 0 1 0 0 0 1
26 19 0 0 1 1 0 0
26 20 0 1 0 0 0 1
26 21 1 0 0 1 1 0
26 22 1 1 0 1 1 0
26 24 1 1 1 1 0 0
26 25 0 1 1 0 1 0
26 26 1 0 1 0 0 1
26 27 1 1 0 0 1 0
26 28 1 0 0 1 0 1
26 30 1 0 0 1 1 0
26 31 0 1 0 1 1 1
27 29 0 0 1 1 1 1
27 30 1 0 0 0 0 0
27 31 0 1 0 1 0 0
