0.00
59 80 112 132 162 184 214 235 266 288 318 340 370 392 422 443 474 495 525 547 578 599 629 651 681 702 733 754 785 806 837 858 888 910 940 961 992 1013 1043 1065 1095 1117 1147 1169 1199 1220 1251 1272 1302 1324 1355 1375 1406 1428 1458 1479 1510 1531 1562 1583 1610 1630
90 110 130 168 188 209 249 270 292 334 356 377 413 434 456 499 520 542 579 601 622 665 687 709 745 766 787 831 852 874 913 934 955 998 1018 1041 1077 1099 1120 1162 1182 1205 1243 1264 1286 1327 1348 1370 1409 1430 1451 1492 1513 1535 1575 1596 1617 1655 1677 1701 1741 1761 1782 1822 1843 1863 1901 1921 1941 1986 2007 2028 2072 2094 2115 2153 2174 2196 2234 2254 2274
2 3 0 1 1 0 1 0
2 4 0 1 0 0 1 0
2 5 0 1 0 0 1 0
2 6 0 1 0 0 1 0
2 7 0 1 0 0 1 0
2 8 0 1 0 0 1 1
2 9 0 1 0 0 1 0
2 10 0 1 0 0 1 0
2 11 0 1 0 0 1 0
2 12 0 1 0 0 1 0
2 13 0 1 0 0 1 0
2 14 0 1 0 0 1 0
2 15 0 1 0 0 1 0
2 16 0 1 0 0 1 0
2 17 0 1 0 0 1 0
2 18 0 1 0 0 1 0
2 19 0 1 0 0 1 0
2 20 0 1 0 0 1 0
2 21 0 1 0 0 1 0
2 22 0 1 0 0 1 0
2 23 0 1 0 0 1 0
2 24 0 1 0 0 1 0
2 25 0 1 0 0 1 0
2 26 0 1 0 0 1 0
2 27 0 1 0 0 0 0
2 28 0 1 0 0 1 0
2 29 0 1 0 0 1 0
2 30 0 1 0 0 1 1
3 3 1 1 1 0 0 0
3 4 0 0 0 0 1 1
3 5 1 0 1 1 0 1
3 8 0 0 0 1 1 1
3 9 0 0 0 0 1 1
3 10 1 0 1 1 1 1
3 12 0 1 1 0 1 1
3 13 0 0 1 1 1 1
3 14 1 0 0 0 0 0
3 15 0 1 1 0 0 0
3 16 1 1 0 0 0 1
3 17 0 0 0 0 1 1
3 18 1 0 1 1 0 1
3 20 0 0 1 0 0 1
3 21 0 0 1 1 1 1
3 22 1 1 0 1 0 0
3 23 0 0 1 1 1 0
3 24 0 0 1 1 0 0
3 25 0 1 1 0 0 0
3 27 0 1 1 0 1 0
3 28 0 0 1 1 1 1
3 29 1 0 0 1 0 0
3 30 0 0 0 1 1 1
4 3 1 1 1 0 1 0
4 4 0 1 0 0 1 0
4 5 0 1 0 0 1 0
4 6 0 1 0 0 1 0
4 7 0 1 0 0 1 0
4 8 0 1 0 1 1 1
4 9 0 1 0 0 1 0
4 10 0 1 0 0 1 0
4 11 0 1 0 0 1 0
4 12 0 1 0 0 1 0
4 13 0 1 0 0 1 0
4 14 0 1 0 0 1 0
4 15 0 1 0 0 1 0
4 16 0 1 0 0 1 0
4 17 0 1 0 0 1 0
4 18 0 1 0 0 1 0
4 19 0 1 0 0 1 0
4 20 0 1 0 0 1 0
4 21 0 1 0 0 1 0
4 22 0 1 0 0 1 0
4 23 0 1 0 0 1 0
4 24 0 1 0 0 1 0
4 25 0 1 0 0 1 0
4 26 0 1 0 0 1 0
4 27 0 1 0 0 1 0
4 28 0 1 0 0 1 0
4 29 0 1 0 0 1 0
4 30 0 1 0 1 1 1
5 3 1 1 1 0 0 0
5 4 0 0 0 0 1 0
5 5 0 0 0 0 1 0
5 6 0 0 0 0 1 0
5 8 0 0 0 1 1 1
5 10 0 0 0 0 1 0
5 11 0 0 0 0 1 0
5 12 0 0 0 0 1 0
5 30 0 0 0 1 1 1
6 3 1 1 1 0 1 0
6 4 0 1 0 0 1 0
6 5 0 1 0 0 1 0
6 6 0 1 0 0 1 0
6 7 0 1 0 0 1 0
6 8 0 1 0 1 1 1
6 9 0 1 0 0 1 0
6 10 0 1 0 0 1 0
6 11 0 1 0 0 1 0
6 12 0 1 0 0 1 0
6 13 0 1 0 0 1 0
6 14 0 1 0 0 1 0
6 15 0 1 0 0 1 0
6 16 0 1 0 0 1 0
6 17 0 1 0 0 1 0
6 18 0 1 0 0 1 0
6 19 0 1 0 0 1 0
6 20 0 1 0 0 1 0
6 21 0 1 0 0 1 0
6 22 0 1 0 0 1 0
6 23 0 1 0 0 1 0
6 24 0 1 0 0 1 0
6 25 0 1 0 0 1 0
6 26 0 1 0 0 1 0
6 27 0 1 0 0 1 0
6 28 0 1 0 0 1 0
6 29 0 1 0 0 1 0
6 30 0 1 0 1 1 1
7 3 1 1 1 0 0 0
7 4 0 0 1 1 1 1
7 5 1 0 0 1 0 0
7 8 0 0 0 1 1 1
7 30 0 0 0 1 1 1
8 3 1 1 1 0 1 0
8 4 0 1 0 0 1 0
8 5 0 1 0 0 1 0
8 6 0 1 0 0 1 0
8 7 0 1 0 0 1 0
8 8 0 1 0 1 1 1
8 9 0 1 0 0 1 0
8 10 0 1 0 0 1 0
8 11 0 1 0 0 1 0
8 12 0 1 0 0 1 0
8 13 0 1 0 0 1 0
8 14 0 1 0 0 1 0
8 15 0 1 0 0 1 0
8 16 0 1 0 0 1 0
8 17 0 1 0 0 1 0
8 18 0 1 0 0 1 0
8 19 0 1 0 0 1 0
8 20 0 1 0 0 1 0
8 21 0 1 0 0 1 0
8 22 0 1 0 0 1 0
8 23 0 1 0 0 1 0
8 24 0 1 0 0 1 0
8 25 0 1 0 0 1 0
8 26 0 1 0 0 1 0
8 27 0 1 0 0 1 0
8 28 0 1 0 0 1 0
8 29 0 1 0 0 1 0
8 30 0 1 0 1 1 1
9 3 1 1 1 0 0 0
9 4 0 0 1 1 1 1
9 5 1 0 0 1 1 0
9 8 0 0 0 1 1 1
9 30 0 0 0 1 1 1
10 3 1 1 1 0 1 0
10 4 0 1 0 0 1 0
10 5 0 1 0 0 1 0
10 6 0 1 0 0 1 0
10 7 0 1 0 0 1 0
10 8 0 1 0 1 1 1
10 9 0 1 0 0 1 0
10 10 0 1 0 0 1 0
10 11 0 1 0 0 1 0
10 12 0 1 0 0 1 0
10 13 0 1 0 0 1 0
10 14 0 1 0 0 1 0
10 15 0 1 0 0 1 0
10 16 0 1 0 0 1 0
10 17 0 1 0 0 1 0
10 18 0 1 0 0 1 0
10 19 0 1 0 0 1 0
10 20 0 1 0 0 1 0
10 21 0 1 0 0 1 0
10 22 0 1 0 0 1 0
10 23 0 1 0 0 1 0
10 24 0 1 0 0 1 0
10 25 0 1 0 0 1 0
10 26 0 1 0 0 1 0
10 27 0 1 0 0 1 0
10 28 0 1 0 0 1 0
10 29 0 1 0 0 1 0
10 30 0 1 0 1 1 1
11 3 1 1 1 0 0 0
11 4 0 0 1 1 1 1
11 5 1 0 0 0 1 0
11 8 0 0 0 1 1 1
11 30 0 0 0 1 1 1
12 3 1 1 1 0 1 0
12 4 0 1 0 0 1 0
12 5 0 1 0 0 1 0
12 6 0 1 0 0 1 0
12 7 0 1 0 0 1 0
12 8 0 1 0 1 1 1
12 9 0 1 0 0 1 0
12 10 0 1 0 0 1 0
12 11 0 1 0 0 1 0
12 12 0 1 0 0 1 0
12 13 0 1 0 0 1 0
12 14 0 1 0 0 1 0
12 15 0 1 0 0 1 0
12 16 0 1 0 0 1 0
12 17 0 1 0 0 1 0
12 18 0 1 0 0 1 0
12 19 0 1 0 0 1 0
12 20 0 1 0 0 1 0
12 21 0 1 0 0 1 0
12 22 0 1 0 0 1 0
12 23 0 1 0 0 1 0
12 24 0 1 0 0 1 0
12 25 0 1 0 0 1 0
12 26 0 1 0 0 1 0
12 27 0 1 0 0 1 0
12 28 0 1 0 0 1 0
12 29 0 1 0 0 1 0
12 30 0 1 0 1 1 1
13 3 1 1 1 0 0 0
13 4 0 0 1 1 1 1
13 5 1 1 0 1 0 0
13 8 0 0 0 1 1 1
13 30 0 0 0 1 1 1
14 3 1 1 1 0 1 0
14 4 0 1 0 0 1 0
14 5 0 1 0 0 1 0
14 6 0 1 0 0 1 0
14 7 0 1 0 0 1 0
14 8 0 1 0 1 1 1
14 9 0 1 0 0 1 0
14 10 0 1 0 0 1 0
14 11 0 1 0 0 1 0
14 12 0 1 0 0 1 0
14 13 0 1 0 0 1 0
14 14 0 1 0 0 1 0
14 15 0 1 0 0 1 0
14 16 0 1 0 0 1 0
14 17 0 1 0 0 1 0
14 18 0 1 0 0 1 0
14 19 0 1 0 0 1 0
14 20 0 1 0 0 1 0
14 21 0 1 0 0 1 0
14 22 0 1 0 0 1 0
14 23 0 1 0 0 1 0
14 24 0 1 0 0 1 0
14 25 0 1 0 0 1 0
14 26 0 1 0 0 1 0
14 27 0 1 0 0 1 0
14 28 0 1 0 0 1 0
14 29 0 1 0 0 1 0
14 30 0 1 0 1 1 1
15 3 1 1 1 0 0 0
15 4 0 0 1 1 1 1
15 5 1 1 0 1 1 0
15 8 0 0 0 1 1 1
15 30 0 0 0 1 1 1
16 3 1 1 1 0 1 0
16 4 0 1 0 0 1 0
16 5 0 1 0 0 1 0
16 6 0 1 0 0 1 0
16 7 0 1 0 0 1 0
16 8 0 1 0 1 1 1
16 9 0 1 0 0 1 0
16 10 0 1 0 0 1 0
16 11 0 1 0 0 1 0
16 12 0 1 0 0 1 0
16 13 0 1 0 0 1 0
16 14 0 1 0 0 1 0
16 15 0 1 0 0 1 0
16 16 0 1 0 0 1 0
16 17 0 1 0 0 1 0
16 18 0 1 0 0 1 0
16 19 0 1 0 0 1 0
16 20 0 1 0 0 1 0
16 21 0 1 0 0 1 0
16 22 0 1 0 0 1 0
16 23 0 1 0 0 1 0
16 24 0 1 0 0 1 0
16 25 0 1 0 0 1 0
16 26 0 1 0 0 1 0
16 27 0 1 0 0 1 0
16 28 0 1 0 0 1 0
16 29 0 1 0 0 1 0
16 30 0 1 0 1 1 1
17 3 1 1 1 0 0 0
17 4 0 0 1 1 1 1
17 5 1 1 0 0 1 0
17 8 0 0 0 1 1 1
17 30 0 0 0 1 1 1
18 3 1 1 1 0 1 0
18 4 0 1 0 0 1 0
18 5 0 1 0 0 1 0
18 6 0 1 0 0 1 0
18 7 0 1 0 0 1 0
18 8 0 1 0 1 1 1
18 9 0 1 0 0 1 0
18 10 0 1 0 0 1 0
18 11 0 1 0 0 1 0
18 12 0 1 0 0 1 0
18 13 0 1 0 0 1 0
18 14 0 1 0 0 1 0
18 15 0 1 0 0 1 0
18 16 0 1 0 0 1 0
18 17 0 1 0 0 1 0
18 18 0 1 0 0 1 0
18 19 0 1 0 0 1 0
18 20 0 1 0 0 1 0
18 21 0 1 0 0 1 0
18 22 0 1 0 0 1 0
18 23 0 1 0 0 1 0
18 24 0 1 0 0 1 0
18 25 0 1 0 0 1 0
18 26 0 1 0 0 1 0
18 27 0 1 0 0 1 0
18 28 0 1 0 0 1 0
18 29 0 1 0 0 1 0
18 30 0 1 0 1 1 1
19 3 1 1 1 0 0 0
19 4 0 0 1 1 1 1
19 5 0 1 0 1 0 0
19 8 0 0 0 1 1 1
19 30 0 0 0 1 1 1
20 3 1 1 1 0 1 0
20 4 0 1 0 0 1 0
20 5 0 1 0 0 1 0
20 6 0 1 0 0 1 0
20 7 0 1 0 0 1 0
20 8 0 1 0 1 1 1
20 9 0 1 0 0 1 0
20 10 0 1 0 0 1 0
20 11 0 1 0 0 1 0
20 12 0 1 0 0 1 0
20 13 0 1 0 0 1 0
20 14 0 1 0 0 1 0
20 15 0 1 0 0 1 0
20 16 0 1 0 0 1 0
20 17 0 1 0 0 1 0
20 18 0 1 0 0 1 0
20 19 0 1 0 0 1 0
20 20 0 1 0 0 1 0
20 21 0 1 0 0 1 0
20 22 0 1 0 0 1 0
20 23 0 1 0 0 1 0
20 24 0 1 0 0 1 0
20 25 0 1 0 0 1 0
20 26 0 1 0 0 1 0
20 27 0 1 0 0 1 0
20 28 0 1 0 0 1 0
20 29 0 1 0 0 1 0
20 30 0 1 0 1 1 1
21 3 1 1 1 0 0 0
21 4 0 0 0 0 1 0
21 5 0 0 0 0 1 0
21 6 0 0 0 0 1 0
21 8 0 0 0 1 1 1
21 10 0 0 0 0 1 0
21 11 0 0 0 0 1 0
21 12 0 0 0 0 1 0
21 30 0 0 0 1 1 1
22 3 1 1 0 0 1 0
22 4 0 1 0 0 1 0
22 5 0 1 0 0 1 0
22 6 0 1 0 0 1 0
22 7 0 1 0 0 1 0
22 8 0 1 0 1 1 0
22 9 0 1 0 0 1 0
22 10 0 1 0 0 1 0
22 11 0 1 0 0 1 0
22 12 0 1 0 0 1 0
22 13 0 1 0 0 1 0
22 14 0 1 0 0 1 0
22 15 0 1 0 0 1 0
22 16 0 1 0 0 1 0
22 17 0 1 0 0 1 0
22 18 0 1 0 0 1 0
22 19 0 1 0 0 1 0
22 20 0 1 0 0 1 0
22 21 0 1 0 0 1 0
22 22 0 1 0 0 1 0
22 23 0 1 0 0 1 0
22 24 0 1 0 0 1 0
22 25 0 1 0 0 1 0
22 26 0 1 0 0 1 0
22 27 0 1 0 0 1 0
22 28 0 1 0 0 1 0
22 29 0 1 0 0 1 0
22 30 0 1 0 1 1 0
24 3 0 1 0 1 1 0
24 4 1 1 1 0 0 1
24 5 1 1 0 0 1 0
24 6 1 1 1 0 1 1
24 8 1 0 1 1 0 0
24 9 0 0 1 1 1 0
24 10 1 0 0 1 1 0
24 11 1 0 0 1 0 1
24 13 1 1 0 0 1 0
24 14 1 1 1 1 1 1
24 15 0 1 1 1 1 0
24 16 1 0 1 0 0 1
24 17 0 0 0 0 1 0
24 19 1 0 0 1 1 0
24 20 0 1 0 0 0 1
24 21 1 0 0 1 1 0
24 22 0 1 1 0 1 0
24 24 0 0 0 0 1 1
24 25 1 0 1 1 1 1
25 1 0 1 1 0 1 1
25 2 0 0 1 1 1 1
25 3 1 0 0 0 0 0
25 4 0 1 1 0 0 0
25 5 1 1 0 0 0 1
25 6 0 0 0 0 1 1
25 7 1 0 1 1 0 1
25 9 0 0 1 0 0 1
25 10 0 0 1 1 1 1
25 11 1 1 0 1 0 0
25 12 0 0 1 1 1 0
25 13 0 0 1 1 0 0
25 14 0 1 1 0 0 0
25 16 0 1 1 0 1 0
25 17 0 0 1 1 1 1
25 18 1 0 0 1 0 0
25 20 1 0 0 1 1 0
25 22 0 1 1 1 1 0
25 23 1 0 1 0 0 1
25 24 1 1 0 0 1 0
25 25 1 0 1 1 0 1
25 27 0 0 0 0 1 1
25 28 0 0 1 0 0 0
25 29 0 1 1 1 1 0
25 30 1 0 1 0 0 1
26 1 0 0 1 1 1 0
26 2 1 1 0 0 0 0
26 3 1 1 0 1 0 0
26 4 0 0 1 1 1 1
26 5 1 0 0 0 0 0
26 6 0 0 1 0 0 1
26 7 0 0 1 1 1 1
26 8 1 0 0 0 0 0
26 9 1 0 0 0 0 0
26 11 1 1 0 1 1 0
26 12 1 0 0 1 0 1
26 14 0 0 1 1 1 1
26 15 1 0 0 0 0 0
26 16 1 1 0 0 0 0
26 17 0 1 0 1 0 0
26 18 0 0 1 0 0 1
26 19 1 0 0 0 1 0
26 20 0 0 0 0 0 1
26 21 0 1 1 0 0 0
26 22 0 0 0 0 1 0
26 23 0 1 1 0 0 0
