0.20
34 57 88 109 138 159 190 211 239 260 291 312 343 367 396 416 447 469 498 520 550 573 602 622 654 676 706 726 757 778 808 829 861 881 913 935 965 985 1016 1037 1068 1089 1121 1141 1171 1193 1223 1243 1273 1295 1325 1346 1379 1402 1432 1452 1483 1503 1534 1555 1586 1607 1638 1659
80 101 122 162 183 204 244 265 286 326 347 369 408 428 450 490 511 532 573 595 616 656 677 698 738 759 782 822 843 864 903 923 944 984 1005 1026 1067 1088 1109 1149 1170 1191 1230 1251 1273 1312 1333 1355 1395 1416 1438 1478 1499 1520 1560 1581 1602 1642 1663 1684 1724 1745 1766 1806 1827 1848 1888 1909 1930 1971 1991 2012 2052 2073 2094 2134 2155 2176 2216 2237 2258
4 10 0 1 0 1 0 0
4 11 0 1 1 0 0 0
4 12 1 0 1 0 0 1
4 14 1 1 0 1 1 0
4 15 0 0 1 1 1 0
4 16 0 0 1 1 0 1
4 18 1 0 1 0 0 0
4 19 0 1 0 0 0 1
4 21 0 0 1 1 1 1
4 23 1 1 0 0 0 0
4 24 0 0 1 1 1 0
4 25 0 0 1 1 0 0
4 26 0 1 0 0 1 0
5 12 1 0 0 0 1 1
5 13 0 1 0 0 0 0
5 14 1 0 0 1 0 1
5 16 1 1 0 1 1 0
5 17 0 0 1 1 1 0
5 18 1 0 1 0 0 0
5 19 0 1 0 0 0 1
5 20 1 0 0 0 1 1
5 21 1 0 1 0 0 1
7 15 1 0 0 0 1 1
7 17 1 1 0 0 1 0
7 18 0 1 1 1 1 1
9 11 1 1 0 1 1 0
9 12 1 1 0 0 1 1
9 13 1 0 1 1 1 0
9 15 1 1 0 1 1 0
9 19 1 1 0 0 1 0
9 20 1 1 0 1 0 1
9 21 1 0 0 1 0 0
9 22 0 1 0 0 0 1
11 16 0 1 0 1 0 0
13 16 0 0 0 0 0 1
13 17 1 0 0 0 0 0
15 7 1 0 1 0 0 0
15 8 0 1 0 0 0 1
15 9 1 1 1 1 1 0
15 10 0 0 1 1 1 1
15 12 1 1 0 1 1 0
15 13 0 0 1 1 1 0
15 14 1 0 0 1 0 0
15 15 0 1 0 1 0 1
15 17 1 0 0 1 0 1
15 18 1 1 0 1 1 0
15 19 1 1 0 0 1 1
15 20 0 1 1 1 0 0
15 21 1 0 1 0 1 0
16 7 0 0 1 1 0 0
16 8 0 1 0 0 1 1
16 9 1 1 0 0 1 0
16 10 0 1 1 1 1 1
16 12 1 0 0 0 1 1
16 13 1 0 1 0 0 1
16 14 1 1 0 0 1 0
16 15 0 1 1 1 1 1
16 17 1 0 1 0 0 0
16 18 0 1 0 0 0 1
16 19 1 1 1 1 1 0
16 20 0 0 1 1 1 1
16 22 1 1 0 1 1 0
16 23 0 0 1 1 1 0
16 24 1 0 0 1 0 0
16 25 0 1 0 1 0 1
16 27 1 0 0 1 0 1
16 28 1 1 0 1 1 0
16 29 1 1 0 0 1 1
17 9 1 0 1 0 0 0
17 10 0 1 0 1 0 1
17 11 1 1 0 1 0 0
17 12 0 0 1 0 1 0
17 14 0 0 1 1 0 0
17 15 0 1 0 0 1 1
17 16 1 1 0 0 1 0
17 17 1 1 0 0 0 1
17 20 1 1 0 0 0 0
17 21 1 0 0 1 0 1
17 22 0 0 1 1 0 0
17 23 1 0 1 0 0 1
24 9 0 0 1 1 0 0
24 10 0 1 0 0 1 1
24 11 1 1 0 1 1 0
24 12 1 0 1 0 1 0
24 14 1 0 1 1 0 0
24 15 0 1 1 0 0 1
24 16 0 1 0 0 1 0
24 18 1 1 1 1 1 0
24 19 1 0 1 0 0 1
24 20 1 1 0 0 0 0
24 21 1 1 1 0 0 1
24 22 1 0 0 0 1 1
24 23 0 1 0 0 0 1
7 16 1 0 1 0 0 1
9 16 0 1 0 1 0 0
9 14 1 0 0 1 0 1
4 20 1 1 1 1 1 0
