0.30
40 61 91 114 144 165 196 218 248 270 300 322 351 373 402 425 456 477 507 528 560 580 610 631 661 683 714 735 767 788 819 840 869 891 922 943 973 994 1025 1047 1077 1098 1128 1150 1180 1202 1232 1253 1283 1305 1335 1357 1387 1409 1440 1461 1491 1512 1543 1563 1594 1615 1645 1666
26 47 68 108 129 150 190 210 231 270 293 314 356 378 398 435 456 477 520 542 563 601 623 644 687 709 730 766 788 809 852 874 896 934 955 976 1019 1040 1061 1099 1120 1142 1184 1205 1227 1265 1287 1308 1350 1371 1393 1431 1452 1473 1515 1536 1558 1598 1619 1640 1680 1701 1722 1763 1784 1805 1845 1867 1888 1931 1953 1973 2012 2033 2055 2098 2119 2140 2179 2200 2221 2261 2283 2303
3 15 1 1 1 0 0 0
3 20 0 1 0 0 0 0
3 21 0 1 0 0 0 0
3 22 0 1 0 0 0 0
3 24 1 1 1 0 0 0
3 26 0 1 0 0 0 0
3 27 0 1 0 0 0 0
3 28 0 1 0 0 0 0
3 29 0 0 0 1 1 1
4 15 1 1 1 0 1 0
4 16 0 1 0 0 1 0
4 17 0 1 0 0 1 0
4 18 0 1 0 0 1 0
4 19 0 1 0 0 1 0
4 20 0 1 0 0 1 0
4 21 0 1 0 0 1 0
4 22 0 1 0 0 1 0
4 23 0 1 0 0 1 0
4 24 1 1 1 0 1 0
4 25 0 1 0 0 1 0
4 26 0 1 0 0 1 0
4 27 0 1 0 0 1 0
4 28 0 1 0 0 1 0
4 29 0 1 0 1 1 1
5 15 1 1 1 0 0 0
5 24 1 1 1 0 0 0
5 26 1 0 0 1 0 0
5 27 1 1 1 0 0 1
5 28 0 0 1 0 0 1
5 29 0 0 0 1 1 1
6 15 1 1 1 0 1 0
6 16 0 1 0 0 1 0
6 17 0 1 0 0 1 0
6 18 0 1 0 0 1 0
6 19 0 1 0 0 1 0
6 20 0 1 0 0 1 0
6 21 0 1 0 0 1 0
6 22 0 1 0 0 1 0
6 23 0 1 0 0 1 0
6 24 1 1 1 0 1 0
6 25 0 1 0 0 1 0
6 26 0 1 0 0 1 0
6 27 0 1 0 0 1 0
6 28 0 1 0 0 1 0
6 29 0 1 0 1 1 1
7 15 1 1 1 0 0 0
7 24 1 1 1 0 0 0
7 26 0 0 0 1 1 0
7 27 1 1 1 0 0 1
7 28 0 0 1 0 0 1
7 29 0 0 0 1 1 1
8 15 1 1 1 0 1 0
8 16 0 1 0 0 1 0
8 17 0 1 0 0 1 0
8 18 0 1 0 0 1 0
8 19 0 1 0 0 1 0
8 20 0 1 0 0 1 0
8 21 0 1 0 0 1 0
8 22 0 1 0 0 1 0
8 23 0 1 0 0 1 0
8 24 1 1 1 0 1 0
8 25 0 1 0 0 1 0
8 26 0 1 0 0 1 0
8 27 0 1 0 0 1 0
8 28 0 1 0 0 1 0
8 29 0 1 0 1 1 1
9 15 1 1 1 0 0 0
9 24 1 1 1 0 0 0
9 26 0 0 0 1 0 0
9 27 1 1 1 0 0 1
9 28 0 0 1 0 0 1
9 29 0 0 0 1 1 1
10 15 1 1 1 0 1 0
10 16 0 1 0 0 1 0
10 17 0 1 0 0 1 0
10 18 0 1 0 0 1 0
10 19 0 1 0 0 1 0
10 20 0 1 0 0 1 0
10 21 0 1 0 0 1 0
10 22 0 1 0 0 1 0
10 23 0 1 0 0 1 0
10 24 1 1 1 0 1 0
10 25 0 1 0 0 1 0
10 26 0 1 0 0 1 0
10 27 0 1 0 0 1 0
10 28 0 1 0 0 1 0
10 29 0 1 0 1 1 1
11 15 1 1 1 0 0 0
11 24 1 1 1 0 0 0
11 27 1 1 0 0 1 0
11 28 1 1 1 0 0 1
11 29 0 0 0 1 1 1
12 15 0 1 1 0 1 0
12 16 0 1 0 0 1 0
12 17 0 1 0 0 1 0
12 18 0 1 0 0 1 0
12 19 0 1 0 0 1 0
12 20 0 1 0 0 1 0
12 21 0 1 0 0 1 0
12 22 0 1 0 0 1 0
12 23 0 1 0 0 1 0
12 24 1 1 1 0 1 0
12 25 0 1 0 0 1 0
12 26 0 1 0 0 1 0
12 27 0 1 0 0 1 0
12 28 0 1 0 0 1 0
12 29 0 1 0 1 1 1
13 15 1 1 1 0 0 0
13 24 1 1 1 0 0 0
13 27 0 0 0 1 0 0
13 28 1 1 1 0 0 1
13 29 0 0 0 1 1 1
14 15 1 1 1 0 1 0
14 16 0 1 0 0 1 0
14 17 0 1 0 0 1 0
14 18 0 1 0 0 1 0
14 19 0 1 0 0 1 0
14 20 0 1 0 0 1 0
14 21 0 1 0 0 1 0
14 22 0 1 0 0 1 0
14 23 0 1 0 0 1 0
14 24 1 1 1 0 1 0
14 25 0 1 0 0 1 0
14 26 0 1 0 0 1 0
14 27 0 1 0 0 1 0
14 28 0 1 0 0 1 0
14 29 0 1 0 1 1 1
15 15 1 1 1 0 0 0
15 24 1 1 1 0 0 0
15 27 0 0 0 1 1 0
15 28 1 1 1 0 0 1
15 29 0 0 0 1 1 1
16 15 1 1 1 0 1 0
16 16 0 1 0 0 1 0
16 17 0 1 0 0 1 0
16 18 0 1 0 0 1 0
16 19 0 1 0 0 1 0
16 20 0 1 0 0 1 0
16 21 0 1 0 0 1 0
16 22 0 1 0 0 1 0
16 23 0 1 0 0 1 0
16 24 1 1 1 0 1 0
16 25 0 1 0 0 1 0
16 26 0 1 0 0 1 0
16 27 0 1 0 0 1 0
16 28 0 1 0 0 1 0
16 29 0 1 0 1 1 1
17 15 1 1 1 0 0 0
17 24 1 1 1 0 0 0
17 27 1 0 0 1 0 0
17 28 1 1 1 0 0 1
17 29 0 0 0 1 1 1
18 15 1 1 1 0 1 0
18 16 0 1 0 0 1 0
18 17 0 1 0 0 1 0
18 18 0 1 0 0 1 0
18 19 0 1 0 0 1 0
18 20 0 1 0 0 1 0
18 21 0 1 0 0 1 0
18 22 0 1 0 0 1 0
18 23 0 1 0 0 1 0
18 24 1 1 1 0 1 0
18 25 0 1 0 0 1 0
18 26 0 1 0 0 1 0
18 27 0 1 0 0 1 0
18 28 0 1 0 0 1 0
18 29 0 1 0 1 1 1
19 15 1 1 1 0 0 0
19 20 0 1 0 0 0 0
19 21 0 1 0 0 0 0
19 22 0 1 0 0 0 0
19 24 1 1 1 0 0 0
19 26 0 1 0 0 0 0
19 27 0 1 0 0 0 0
19 28 0 1 0 0 0 0
19 29 0 0 0 1 1 1
20 15 1 1 0 0 1 0
20 16 0 1 0 0 1 0
20 17 0 1 0 0 1 0
20 18 0 1 0 0 1 0
20 19 0 1 0 0 1 0
20 20 0 1 0 0 1 0
20 21 0 1 0 0 1 0
20 22 0 1 0 0 1 0
20 23 0 1 0 0 1 0
20 24 1 1 0 0 1 0
20 25 0 1 0 0 1 0
20 26 0 1 0 0 1 0
20 27 0 1 0 0 1 0
20 28 0 1 0 0 1 0
20 29 0 1 0 1 1 0
22 4 1 0 1 0 1 0
22 5 0 1 1 1 0 1
22 7 0 0 0 0 1 0
22 8 1 0 0 0 0 1
22 9 0 0 1 1 0 1
22 10 0 1 1 1 0 0
22 12 1 1 0 1 0 0
22 14 1 1 1 1 0 1
22 15 0 1 1 0 0 0
22 17 0 1 0 0 0 0
22 18 1 0 1 1 0 1
22 19 0 1 1 0 0 0
22 21 0 1 1 0 1 0
22 22 1 0 0 0 0 1
22 23 1 1 0 0 0 1
22 24 0 0 0 1 1 0
22 26 1 0 1 0 0 1
22 27 1 1 0 1 1 0
22 28 0 1 1 0 0 1
22 29 1 1 0 1 1 0
23 5 1 1 0 0 0 1
23 6 1 1 1 1 0 1
23 7 0 1 1 0 0 0
23 9 0 1 0 0 0 0
23 10 1 0 1 1 0 1
23 11 0 1 1 0 0 0
23 12 0 0 1 1 1 0
23 14 1 0 1 1 0 0
23 15 1 1 0 1 0 0
23 17 1 1 0 0 0 1
23 18 1 0 0 1 0 1
23 20 0 1 1 0 1 0
23 21 1 0 0 0 0 1
23 23 1 0 1 1 0 0
23 24 1 0 0 1 0 1
23 25 0 0 1 1 0 0
23 26 1 0 0 1 1 1
23 28 1 1 0 0 0 1
23 29 0 0 0 1 1 0
23 30 0 1 0 1 0 1
23 31 0 1 1 1 0 1
24 2 0 0 0 0 1 1
24 3 1 0 0 0 1 0
24 4 0 1 1 1 0 1
24 6 0 1 0 0 0 0
24 7 0 0 0 0 1 1
24 8 0 0 1 0 0 0
24 9 0 1 0 1 0 0
24 10 0 0 1 0 0 1
24 11 1 0 0 1 0 0
24 12 0 0 0 1 0 0
24 13 0 0 0 1 0 0
24 14 1 1 1 0 0 1
24 16 1 0 1 1 0 0
24 17 1 1 0 1 1 0
24 19 1 0 0 1 0 0
24 20 1 1 1 0 0 1
24 21 0 0 1 0 0 1
24 22 0 0 0 1 0 0
24 23 1 1 1 0 0 1
24 24 1 0 0 1 1 0
24 25 0 0 0 1 1 0
24 26 1 1 1 0 0 1
24 28 0 0 1 1 0 1
24 29 1 1 0 0 1 1
24 30 0 0 0 0 0 1
24 31 0 1 1 0 0 0
25 2 0 1 1 1 1 0
25 3 1 1 0 1 1 0
25 5 0 1 0 0 0 0
25 6 1 0 1 1 0 0
25 7 1 1 0 1 0 0
25 8 0 0 1 0 1 0
25 9 1 1 0 1 1 0
25 11 0 1 0 1 0 0
25 12 1 1 0 1 1 0
25 13 1 0 1 1 0 0
25 14 0 0 0 1 1 1
25 16 0 0 0 0 1 1
25 17 1 0 0 1 0 0
25 18 0 1 0 0 1 0
25 19 0 1 1 1 0 0
25 21 1 0 1 1 0 0
25 22 0 1 0 1 1 0
25 23 1 0 1 0 0 1
25 24 0 0 0 1 0 1
25 26 1 1 1 1 1 1
25 27 0 1 0 1 1 0
25 28 0 0 1 1 0 0
25 29 1 0 0 1 1 1
25 31 1 1 1 1 0 0
26 7 0 0 1 1 0 1
26 8 1 1 0 0 1 1
26 9 0 0 0 0 0 1
26 10 0 1 1 0 0 0
26 12 1 0 1 1 0 1
26 13 0 1 0 1 1 0
26 14 0 0 1 1 0 1
26 15 1 1 0 0 1 1
26 17 1 1 0 1 0 0
26 19 0 0 0 0 1 1
26 20 1 0 0 0 0 1
26 21 1 0 1 1 0 1
26 22 0 1 1 0 0 0
26 23 0 1 1 0 1 1
26 25 1 1 1 1 0 1
26 26 0 1 1 0 0 0
26 28 0 1 0 0 1 1
26 29 1 1 0 1 0 0
26 30 0 0 1 0 1 0
26 31 1 1 0 1 0 0
27 10 0 0 0 0 1 1
27 11 0 1 0 0 0 0
27 12 0 0 0 0 1 1
27 13 0 0 1 0 0 0
27 14 0 1 0 1 0 0
27 15 0 0 1 0 0 1
27 16 0 1 0 1 0 0
27 17 0 0 0 1 0 0
27 18 0 0 0 1 0 0
27 19 1 1 1 0 0 1
27 21 1 0 1 1 0 0
27 22 1 1 0 1 1 0
27 24 1 1 0 1 0 0
27 25 1 1 1 0 0 1
27 26 0 0 1 0 0 1
27 27 0 0 0 1 0 0
27 28 1 1 1 0 0 1
27 29 1 0 0 1 1 0
27 30 0 0 0 1 1 0
27 31 1 1 1 0 0 1
28 2 1 1 0 1 1 0
28 3 1 1 1 0 0 1
