0.10
36 57 87 108 140 161 191 213 244 266 296 317 347 368 399 420 451 472 502 523 554 575 606 627 657 678 709 730 762 782 812 834 864 885 916 937 967 989 1019 1041 1071 1092 1122 1144 1174 1196 1226 1247 1278 1299 1330 1351 1381 1402 1433 1454 1484 1506 1537 1559 1589 1610 1640 1661
56 77 98 138 159 181 220 242 263 303 324 345 385 407 429 471 493 514 552 573 594 637 659 681 717 738 760 803 825 846 884 905 926 969 991 1013 1050 1071 1092 1134 1155 1177 1216 1237 1258 1300 1321 1342 1382 1403 1424 1465 1487 1509 1549 1570 1591 1630 1651 1674 1713 1734 1755 1793 1814 1837 1881 1902 1923 1961 1982 2003 2046 2067 2088 2129 2147 2168 2209 2231 2252 2292 2313 2334
2 6 0 0 0 0 1 1
2 7 0 1 0 0 0 0
2 8 1 0 1 1 0 1
2 9 0 1 0 1 1 0
2 10 0 0 1 1 0 1
2 11 1 1 0 0 1 1
2 13 1 1 0 1 0 0
2 15 0 0 0 1 0 0
2 16 1 1 1 0 0 1
2 17 0 0 1 0 0 1
2 19 0 0 0 0 1 1
2 20 1 0 0 0 0 1
2 21 1 0 1 1 0 1
2 22 0 1 1 0 0 0
2 23 0 1 1 0 1 1
2 25 1 1 1 1 0 1
2 26 0 1 1 0 0 0
2 28 0 1 0 0 0 0
2 29 0 0 0 1 0 0
2 30 1 1 1 0 0 1
2 31 0 1 0 0 1 1
3 18 0 0 1 0 0 1
3 19 1 1 0 0 0 1
3 20 0 0 0 1 1 0
3 21 0 1 0 1 0 0
3 22 0 0 0 1 1 1
3 24 1 0 1 1 0 0
3 25 0 1 0 1 1 0
3 27 0 0 1 0 0 1
3 28 0 1 0 1 0 0
3 29 1 1 0 1 1 0
5 3 0 1 1 0 1 0
5 4 0 1 0 0 1 0
5 5 0 1 0 0 1 0
5 6 0 1 0 0 1 0
5 7 0 1 0 0 1 0
5 8 0 1 0 0 1 0
5 9 0 1 0 0 1 0
5 10 0 1 0 0 1 0
5 11 0 1 0 0 1 0
5 12 0 1 0 0 1 0
5 13 0 1 0 0 1 0
5 14 0 1 1 0 1 0
5 15 0 1 0 0 1 0
5 16 0 1 0 0 1 0
5 17 0 1 0 0 1 0
5 18 0 1 0 0 1 0
5 19 0 1 0 0 1 0
5 20 0 1 0 0 1 0
5 21 0 1 0 0 1 0
5 22 0 1 0 0 1 0
5 23 0 1 0 0 1 0
5 24 0 1 0 0 1 0
5 25 0 1 0 0 1 0
5 26 0 1 0 0 1 0
5 27 0 1 1 0 1 0
5 28 0 1 0 0 1 0
5 29 0 1 0 0 1 0
5 30 0 1 0 0 1 0
5 31 0 1 0 0 1 1
6 3 1 1 1 0 0 0
6 6 0 0 0 0 1 1
6 7 1 0 0 0 0 1
6 8 1 0 1 1 0 1
6 9 0 1 1 0 0 0
6 10 0 1 1 0 1 1
6 12 1 1 1 1 0 1
6 13 0 1 1 0 0 0
6 14 1 1 1 0 0 0
6 15 0 0 0 1 0 0
6 16 1 1 1 0 0 1
6 17 0 1 0 0 1 1
6 19 0 0 0 0 1 1
6 20 1 0 0 0 0 1
6 21 1 0 1 1 0 1
6 22 0 1 1 0 0 0
6 23 0 1 1 0 1 1
6 25 1 1 1 1 0 1
6 26 0 1 1 0 0 0
6 27 1 1 1 0 0 0
6 29 1 0 1 1 0 1
6 30 0 1 1 0 0 0
6 31 0 0 0 1 1 1
7 3 1 1 1 0 0 0
7 11 0 0 0 1 0 0
7 12 1 1 1 0 0 1
7 13 0 0 1 0 0 1
7 14 1 1 1 0 0 0
7 27 1 1 1 0 0 0
7 31 0 0 0 1 1 1
8 3 1 1 1 0 1 0
8 4 0 1 0 0 1 0
8 5 0 1 0 0 1 0
8 6 0 1 0 0 1 0
8 7 0 1 0 0 1 0
8 8 0 1 0 0 1 0
8 9 0 1 0 0 1 0
8 10 0 1 0 0 1 0
8 11 0 1 0 0 1 0
8 12 0 1 0 0 1 0
8 13 0 1 0 0 1 0
8 14 1 1 1 0 1 0
8 15 0 1 0 0 1 0
8 16 0 1 0 0 1 0
8 17 0 1 0 0 1 0
8 18 0 1 0 0 1 0
8 19 0 1 0 0 1 0
8 20 0 1 0 0 1 0
8 21 0 1 0 0 1 0
8 22 0 1 0 0 1 0
8 23 0 1 0 0 1 0
8 24 0 1 0 0 1 0
8 25 0 1 0 0 1 0
8 26 0 1 0 0 1 0
8 27 1 1 1 0 1 0
8 28 0 1 0 0 1 0
8 29 0 1 0 0 1 0
8 30 0 1 0 0 1 0
8 31 0 1 0 1 1 1
9 3 0 1 1 0 0 0
9 10 0 1 0 0 0 0
9 11 0 1 0 0 0 0
9 12 0 1 0 0 0 0
9 14 1 1 1 0 0 0
9 23 0 1 0 0 0 0
9 24 0 1 0 0 0 0
9 25 0 1 0 0 0 0
9 27 1 1 1 0 0 0
9 28 0 1 0 0 0 0
9 29 0 1 0 0 0 0
9 30 0 1 0 0 0 0
9 31 0 0 0 1 1 1
10 3 1 1 1 0 1 0
10 4 0 1 0 0 1 0
10 5 0 1 0 0 1 0
10 6 0 1 0 0 1 0
10 7 0 1 0 0 1 0
10 8 0 1 0 0 1 0
10 9 0 1 0 0 1 0
10 10 0 1 0 0 1 0
10 11 0 1 0 0 1 0
10 12 0 1 0 0 1 0
10 13 0 1 0 0 1 0
10 14 1 1 1 0 1 0
10 15 0 1 0 0 1 0
10 16 0 1 0 0 1 0
10 17 0 1 0 0 1 0
10 18 0 1 0 0 1 0
10 19 0 1 0 0 1 0
10 20 0 1 0 0 1 0
10 21 0 1 0 0 1 0
10 22 0 1 0 0 1 0
10 23 0 1 0 0 1 0
10 24 0 1 0 0 1 0
10 25 0 1 0 0 1 0
10 26 0 1 0 0 1 0
10 27 1 1 1 0 1 0
10 28 0 1 0 0 1 0
10 29 0 1 0 0 1 0
10 30 0 1 0 0 1 0
10 31 0 1 0 1 1 1
11 3 1 1 1 0 0 0
11 14 1 1 1 0 0 0
11 27 1 1 1 0 0 0
11 28 1 0 0 1 0 0
11 29 1 1 1 0 0 1
11 30 0 0 1 0 0 1
11 31 0 0 0 1 1 1
12 3 1 1 1 0 1 0
12 4 0 1 0 0 1 0
12 5 0 1 0 0 1 0
12 6 0 1 0 0 1 0
12 7 0 1 0 0 1 0
12 8 0 1 0 0 1 0
12 9 0 1 0 0 1 0
12 10 0 1 0 0 1 0
12 11 0 1 0 0 1 0
12 12 0 1 0 0 1 0
12 13 0 1 0 0 1 0
12 14 1 1 1 0 1 0
12 15 0 1 0 0 1 0
12 16 0 1 0 0 1 0
12 17 0 1 0 0 1 0
12 18 0 1 0 0 1 0
12 19 0 1 0 0 1 0
12 20 0 1 0 0 1 0
12 21 0 1 0 0 1 0
12 22 0 1 0 0 1 0
12 23 0 1 0 0 1 0
12 24 0 1 0 0 1 0
12 25 0 1 0 0 1 0
12 26 0 1 0 0 1 0
12 27 1 1 1 0 1 0
12 28 0 1 0 0 1 0
12 29 0 1 0 0 1 0
12 30 0 1 0 0 1 0
12 31 0 1 0 1 1 1
13 3 1 1 1 0 0 0
13 14 1 1 1 0 0 0
13 27 1 1 1 0 0 0
13 28 0 0 0 1 1 0
13 29 1 1 1 0 0 1
13 30 0 0 1 0 0 1
13 31 0 0 0 1 1 1
14 3 1 1 1 0 1 0
14 4 0 1 0 0 1 0
14 5 0 1 0 0 1 0
14 6 0 1 0 0 1 0
14 7 0 1 0 0 1 0
14 8 0 1 0 0 1 0
14 9 0 1 0 0 1 0
14 10 0 1 0 0 1 0
14 11 0 1 0 0 1 0
14 12 0 1 0 0 1 0
14 13 0 1 0 0 1 0
14 14 1 1 1 0 1 0
14 15 0 1 0 0 1 0
14 16 0 1 0 0 1 0
14 17 0 1 0 0 1 0
14 18 0 1 0 0 1 0
14 19 0 1 0 0 1 0
14 20 0 1 0 0 1 0
14 21 0 1 0 0 1 0
14 22 0 1 0 0 1 0
14 23 0 1 0 0 1 0
14 24 0 1 0 0 1 0
14 25 0 1 0 0 1 0
14 26 0 1 0 0 1 0
14 27 1 1 1 0 1 0
14 28 0 1 0 0 1 0
14 29 0 1 0 0 1 0
14 30 0 1 0 0 1 0
14 31 0 1 0 1 1 1
15 3 1 1 1 0 0 0
15 14 1 1 1 0 0 0
15 27 1 1 1 0 0 0
15 28 0 0 0 1 0 0
15 29 1 1 1 0 0 1
15 30 0 0 1 0 0 1
15 31 0 0 0 1 1 1
16 3 1 1 1 0 1 0
16 4 0 1 0 0 1 0
16 5 0 1 0 0 1 0
16 6 0 1 0 0 1 0
16 7 0 1 0 0 1 0
16 8 0 1 0 0 1 0
16 9 0 1 0 0 1 0
16 10 0 1 0 0 1 0
16 11 0 1 0 0 1 0
16 12 0 1 0 0 1 0
16 13 0 1 0 0 1 0
16 14 1 1 1 0 1 0
16 15 0 1 0 0 1 0
16 16 0 1 0 0 1 0
16 17 0 1 0 0 1 0
16 18 0 1 0 0 1 0
16 19 0 1 0 0 1 0
16 20 0 1 0 0 1 0
16 21 0 1 0 0 1 0
16 22 0 1 0 0 1 0
16 23 0 1 0 0 1 0
16 24 0 1 0 0 1 0
16 25 0 1 0 0 1 0
16 26 0 1 0 0 1 0
16 27 1 1 1 0 1 0
16 28 0 1 0 0 1 0
16 29 0 1 0 0 1 0
16 30 0 1 0 0 1 0
16 31 0 1 0 1 1 1
17 3 1 1 1 0 0 0
17 14 1 1 1 0 0 0
17 27 1 1 1 0 0 0
17 29 1 1 0 0 1 0
17 30 1 1 1 0 0 1
17 31 0 0 0 1 1 1
18 3 1 1 1 0 1 0
18 4 0 1 0 0 1 0
18 5 0 1 0 0 1 0
18 6 0 1 0 0 1 0
18 7 0 1 0 0 1 0
18 8 0 1 0 0 1 0
18 9 0 1 0 0 1 0
18 10 0 1 0 0 1 0
18 11 0 1 0 0 1 0
18 12 0 1 0 0 1 0
18 13 0 1 0 0 1 0
18 14 1 1 1 0 1 0
18 15 0 1 0 0 1 0
18 16 0 1 0 0 1 0
18 17 0 1 0 0 1 0
18 18 0 1 0 0 1 0
18 19 0 1 0 0 1 0
18 20 0 1 0 0 1 0
18 21 0 1 0 0 1 0
18 22 0 1 0 0 1 0
18 23 0 1 0 0 1 0
18 24 0 1 0 0 1 0
18 25 0 1 0 0 1 0
18 26 0 1 0 0 1 0
18 27 1 1 1 0 1 0
18 28 0 1 0 0 1 0
18 29 0 1 0 0 1 0
18 30 0 1 0 0 1 0
18 31 0 1 0 1 1 1
19 3 1 1 1 0 0 0
19 14 1 1 1 0 0 0
19 27 1 1 1 0 0 0
19 29 0 0 0 1 0 0
19 30 1 1 1 0 0 1
19 31 0 0 0 1 1 1
20 3 1 1 1 0 1 0
20 4 0 1 0 0 1 0
20 5 0 1 0 0 1 0
20 6 0 1 0 0 1 0
20 7 0 1 0 0 1 0
20 8 0 1 0 0 1 0
20 9 0 1 0 0 1 0
20 10 0 1 0 0 1 0
20 11 0 1 0 0 1 0
20 12 0 1 0 0 1 0
20 13 0 1 0 0 1 0
20 14 1 1 1 0 1 0
20 15 0 1 0 0 1 0
20 16 0 1 0 0 1 0
20 17 0 1 0 0 1 0
20 18 0 1 0 0 1 0
20 19 0 1 0 0 1 0
20 20 0 1 0 0 1 0
20 21 0 1 0 0 1 0
20 22 0 1 0 0 1 0
20 23 0 1 0 0 1 0
20 24 0 1 0 0 1 0
20 25 0 1 0 0 1 0
20 26 0 1 0 0 1 0
20 27 1 1 1 0 1 0
20 28 0 1 0 0 1 0
20 29 0 1 0 0 1 0
20 30 0 1 0 0 1 0
20 31 0 1 0 1 1 1
21 3 1 1 1 0 0 0
21 14 1 1 1 0 0 0
21 27 1 1 1 0 0 0
21 29 0 0 0 1 1 0
21 30 1 1 1 0 0 1
21 31 0 0 0 1 1 1
22 3 1 1 1 0 1 0
22 4 0 1 0 0 1 0
22 5 0 1 0 0 1 0
22 6 0 1 0 0 1 0
22 7 0 1 0 0 1 0
22 8 0 1 0 0 1 0
22 9 0 1 0 0 1 0
22 10 0 1 0 0 1 0
22 11 0 1 0 0 1 0
22 12 0 1 0 0 1 0
22 13 0 1 0 0 1 0
22 14 1 1 1 0 1 0
22 15 0 1 0 0 1 0
22 16 0 1 0 0 1 0
22 17 0 1 0 0 1 0
22 18 0 1 0 0 1 0
22 19 0 1 0 0 1 0
22 20 0 1 0 0 1 0
22 21 0 1 0 0 1 0
22 22 0 1 0 0 1 0
22 23 0 1 0 0 1 0
22 24 0 1 0 0 1 0
22 25 0 1 0 0 1 0
22 26 0 1 0 0 1 0
22 27 1 1 1 0 1 0
22 28 0 1 0 0 1 0
22 29 0 1 0 0 1 0
22 30 0 1 0 0 1 0
22 31 0 1 0 1 1 1
23 3 1 1 1 0 0 0
23 14 1 1 1 0 0 0
23 27 1 1 1 0 0 0
23 29 1 0 0 1 0 0
23 30 1 1 1 0 0 1
23 31 0 0 0 1 1 1
24 3 1 1 1 0 1 0
24 4 0 1 0 0 1 0
24 5 0 1 0 0 1 0
24 6 0 1 0 0 1 0
24 7 0 1 0 0 1 0
24 8 0 1 0 0 1 0
24 9 0 1 0 0 1 0
24 10 0 1 0 0 1 0
24 11 0 1 0 0 1 0
24 12 0 1 0 0 1 0
24 13 0 1 0 0 1 0
24 14 1 1 1 0 1 0
24 15 0 1 0 0 1 0
24 16 0 1 0 0 1 0
24 17 0 1 0 0 1 0
24 18 0 1 0 0 1 0
24 19 0 1 0 0 1 0
24 20 0 1 0 0 1 0
24 21 0 1 0 0 1 0
24 22 0 1 0 0 1 0
24 23 0 1 0 0 1 0
24 24 0 1 0 0 1 0
24 25 0 1 0 0 1 0
24 26 0 1 0 0 1 0
24 27 1 1 1 0 1 0
24 28 0 1 0 0 1 0
24 29 0 1 0 0 1 0
24 30 0 1 0 0 1 0
24 31 0 1 0 1 1 1
25 3 1 1 1 0 0 0
25 10 0 1 0 0 0 0
25 11 0 1 0 0 0 0
25 12 0 1 0 0 0 0
25 14 1 1 1 0 0 0
25 23 0 1 0 0 0 0
25 24 0 1 0 0 0 0
25 25 0 1 0 0 0 0
25 27 1 1 1 0 0 0
25 28 0 1 0 0 0 0
25 29 0 1 0 0 0 0
25 30 0 1 0 0 0 0
25 31 0 0 0 1 1 1
26 3 1 1 0 0 1 0
26 4 0 1 0 0 1 0
26 5 0 1 0 0 1 0
26 6 0 1 0 0 1 0
26 7 0 1 0 0 1 0
26 8 0 1 0 0 1 0
26 9 0 1 0 0 1 0
26 10 0 1 0 0 1 0
26 11 0 1 0 0 1 0
26 12 0 1 0 0 1 0
26 13 0 1 0 0 1 0
26 14 1 1 0 0 1 0
26 15 0 1 0 0 1 0
26 16 0 1 0 0 1 0
26 17 0 1 0 0 1 0
26 18 0 1 0 0 1 0
26 19 0 1 0 0 1 0
26 20 0 1 0 0 1 0
26 21 0 1 0 0 1 0
26 22 0 1 0 0 1 0
26 23 0 1 0 0 1 0
26 24 0 1 0 0 1 0
26 25 0 1 0 0 1 0
26 26 0 1 0 0 1 0
26 27 1 1 0 0 1 0
26 28 0 1 0 0 1 0
26 29 0 1 0 0 1 0
26 30 0 1 0 0 1 0
26 31 0 1 0 1 1 0
27 2 1 0 0 1 0 0
27 3 0 0 0 1 0 0
27 4 1 1 1 0 0 1
