0.20
49 70 100 121 152 173 204 226 256 277 307 329 359 381 411 433 463 484 515 536 567 588 618 640 670 691 722 744 774 795 825 847 877 899 929 951 981 1002 1033 1054 1085 1106 1136 1158 1188 1209 1240 1262 1292 1313 1343 1365 1395 1416 1447 1469 1499 1520 1551 1573 1603 1624 1654 1675
38 59 80 120 141 162 202 223 245 284 306 327 369 391 413 450 471 492 535 557 578 616 638 659 703 724 745 783 805 826 868 890 912 954 973 994 1034 1055 1077 1117 1139 1159 1198 1220 1241 1280 1301 1323 1365 1387 1407 1446 1467 1488 1529 1551 1572 1612 1633 1654 1697 1719 1741 1778 1799 1820 1861 1883 1904 1944 1965 1986 2025 2046 2067 2112 2133 2155 2195 2217 2237 2277 2298 2319
3 3 1 0 1 1 0 1
3 4 0 0 0 1 1 1
3 5 0 0 1 1 1 1
3 6 1 1 0 1 1 1
3 8 1 1 0 1 0 0
3 10 0 0 1 1 1 0
3 11 1 0 0 1 1 1
3 12 0 0 1 1 1 1
3 13 1 1 0 1 1 1
3 15 0 1 1 0 1 0
3 16 1 0 0 0 0 1
3 17 0 0 1 0 1 0
3 18 1 0 0 0 0 1
3 20 0 1 1 1 1 1
3 21 0 1 0 1 1 0
3 23 1 0 1 1 0 0
3 24 1 1 0 1 0 1
3 25 1 0 1 1 0 1
3 26 0 0 0 1 1 1
3 28 0 0 1 0 1 0
3 29 1 0 0 1 0 1
3 30 0 1 0 0 0 1
3 31 1 1 0 1 0 1
4 3 0 0 0 0 1 0
4 4 1 0 0 0 0 1
4 6 1 1 0 1 0 0
4 8 1 0 1 1 0 1
4 9 0 1 1 0 0 0
4 11 1 1 0 1 0 0
4 13 0 0 1 1 0 0
4 14 1 1 0 1 0 0
4 16 0 1 0 1 0 1
4 17 1 0 0 0 1 1
4 19 1 1 1 1 1 1
4 20 0 1 0 1 1 0
4 21 1 0 0 0 1 0
4 22 1 1 0 1 1 0
4 24 1 1 1 0 1 0
4 25 1 0 0 0 1 1
4 27 1 0 1 1 0 1
4 28 1 1 0 1 1 0
4 30 1 1 1 1 0 1
4 31 0 1 1 0 0 0
5 4 0 0 1 1 0 0
5 6 1 0 0 0 1 0
5 7 0 1 0 1 1 0
5 8 1 1 1 1 1 0
5 9 1 1 0 1 1 0
5 11 1 1 0 1 0 0
5 13 1 0 1 1 0 0
5 14 1 1 0 1 1 0
5 15 1 0 0 0 0 1
5 17 1 0 1 1 0 1
5 18 0 1 1 0 0 0
5 20 1 0 1 0 0 1
5 22 1 1 1 1 0 1
5 23 0 1 1 0 0 0
5 25 0 1 0 0 0 0
5 26 0 0 1 1 0 0
5 27 1 1 0 1 0 0
5 28 1 1 1 0 1 1
5 29 0 0 0 1 0 1
5 31 0 1 0 1 1 1
6 22 0 0 0 0 0 1
6 23 0 1 0 0 0 0
6 24 0 0 0 0 1 1
6 25 0 1 1 1 0 0
6 26 1 1 0 0 0 1
6 27 0 0 0 1 1 0
6 29 1 0 1 1 0 1
6 30 0 1 1 0 0 1
6 31 0 1 1 1 0 1
7 2 0 1 0 0 0 0
7 3 1 0 1 1 0 0
7 4 1 1 0 1 1 0
7 5 0 0 1 0 0 1
7 6 1 1 0 0 1 0
7 7 0 0 0 1 1 0
7 8 1 1 1 0 0 1
7 10 0 1 1 1 0 0
7 12 1 0 1 1 0 1
7 13 0 0 0 1 1 1
7 14 0 0 1 1 1 1
7 15 1 1 0 1 1 1
7 16 0 0 0 0 1 0
7 17 1 0 1 1 1 1
7 19 1 1 0 1 0 0
7 21 0 0 1 1 1 0
7 22 1 0 0 1 1 1
7 23 0 0 1 1 1 1
7 24 1 1 0 1 1 1
7 26 0 1 1 0 1 0
7 27 1 0 0 0 0 1
7 28 0 0 1 0 1 0
7 29 0 0 0 0 0 1
8 2 0 1 0 1 0 1
8 3 1 1 0 1 1 0
8 4 0 0 1 1 0 0
8 5 1 1 0 1 1 0
8 7 0 0 0 0 1 1
8 8 1 0 1 0 1 0
8 9 0 1 1 1 0 1
8 11 0 1 0 0 0 0
8 12 1 0 1 1 0 0
8 13 1 1 0 1 1 0
8 14 0 0 1 0 0 1
8 15 0 0 1 0 0 1
8 17 0 1 1 1 0 0
8 19 1 0 1 1 0 1
8 20 0 0 0 1 1 1
8 21 0 0 1 1 1 1
8 22 1 1 0 1 1 1
8 24 1 1 0 1 0 0
8 26 0 1 1 1 1 1
8 27 0 1 0 1 1 0
8 29 1 0 1 1 0 0
8 30 1 1 0 1 0 1
8 31 1 0 0 0 1 0
9 2 1 0 1 1 0 0
9 3 1 1 0 1 0 1
9 4 1 0 1 1 0 1
9 5 0 0 0 1 1 1
9 7 0 0 0 0 1 0
9 8 1 0 0 0 1 0
9 9 1 1 0 1 1 0
9 11 0 1 0 0 0 0
9 12 1 0 1 1 0 0
9 13 1 1 0 1 1 0
9 14 0 0 1 0 0 1
9 15 0 0 1 0 0 1
9 17 0 1 1 1 0 0
9 19 1 0 1 1 0 1
9 20 0 0 0 1 1 1
9 21 0 0 1 1 1 1
9 22 1 1 0 1 1 1
9 24 1 1 0 1 0 0
9 26 0 1 1 1 1 1
9 27 0 1 0 1 1 0
9 29 1 0 1 1 0 0
9 30 1 1 0 1 0 1
9 31 1 0 0 0 1 0
10 21 1 1 1 0 1 0
10 23 1 0 1 1 0 1
10 24 0 0 0 1 1 1
10 25 0 0 1 1 1 1
10 26 1 1 0 1 1 1
10 28 1 1 0 1 0 0
10 30 0 1 1 1 1 1
10 31 0 1 0 1 1 0
11 10 0 1 0 0 0 0
11 11 0 0 0 0 1 1
11 12 1 0 0 0 0 1
11 13 1 1 0 0 0 1
11 14 1 0 1 1 0 1
11 15 0 1 1 0 0 0
11 16 0 1 0 0 1 1
11 18 0 0 0 1 0 0
11 19 1 1 1 0 0 1
11 20 0 0 1 1 1 0
11 21 1 1 0 0 1 0
11 22 0 0 0 1 1 0
11 23 1 1 1 0 0 1
11 24 0 1 1 0 1 1
11 26 1 1 1 1 0 1
11 27 0 1 1 0 0 0
12 29 0 0 0 0 1 0
12 30 1 0 0 0 1 0
12 31 1 1 0 1 1 0
13 4 0 0 0 0 1 1
13 5 0 1 0 0 0 0
13 6 1 1 0 0 1 0
13 7 0 0 0 1 1 0
13 8 1 1 1 0 0 1
13 9 0 1 0 0 1 1
13 11 1 0 1 1 0 1
13 12 1 1 0 0 1 0
13 13 1 1 0 1 0 0
13 14 1 1 1 0 0 1
13 15 0 1 0 0 1 1
13 17 0 0 0 0 1 1
13 18 1 0 0 0 0 1
13 19 1 0 1 1 0 1
13 20 0 1 1 0 0 0
13 21 1 1 0 0 1 0
13 22 0 0 0 1 1 0
13 23 1 1 1 0 0 1
13 24 0 1 1 0 1 1
13 26 1 1 1 1 0 1
13 27 0 1 1 0 0 0
14 24 0 0 0 0 1 1
14 25 0 0 1 0 0 1
14 26 1 0 0 1 0 0
14 27 1 1 1 0 0 1
14 28 0 0 1 0 0 1
14 29 0 1 1 0 0 0
15 2 0 0 1 1 1 1
15 3 1 1 0 1 1 1
15 5 1 1 0 1 0 0
15 7 0 1 1 1 1 1
15 8 0 1 0 1 1 0
15 10 1 0 1 1 0 0
15 11 1 1 0 1 0 1
15 12 1 0 1 1 0 1
15 13 0 0 0 1 1 1
15 15 0 0 1 0 1 0
15 16 0 0 0 1 1 1
15 17 0 0 0 0 1 1
15 18 0 1 1 1 0 0
15 19 1 1 0 0 0 1
15 20 0 0 0 1 1 0
15 22 0 0 0 0 1 1
15 23 0 1 1 1 0 0
15 24 0 0 0 0 1 1
15 25 0 0 1 0 0 1
15 26 1 0 0 1 0 0
15 27 1 1 1 0 0 1
15 28 0 0 1 0 0 1
15 29 0 1 1 0 0 0
16 4 1 0 1 1 0 1
16 5 0 1 1 0 0 0
16 7 0 0 1 1 0 1
16 8 0 1 1 1 0 0
16 9 1 0 1 0 1 1
16 10 0 0 0 1 1 0
16 12 1 1 0 1 0 0
16 14 0 0 1 1 1 1
16 15 1 1 0 1 1 1
16 16 1 1 1 0 0 1
16 17 0 1 1 1 0 1
16 19 1 1 1 1 1 1
16 20 0 1 0 1 1 0
16 21 1 0 0 0 1 0
16 22 1 1 0 1 1 0
16 24 1 0 1 0 0 1
16 26 1 1 1 1 0 1
16 27 0 1 1 0 0 0
16 29 1 0 1 1 0 1
16 30 0 0 0 1 1 1
16 31 0 0 1 0 0 1
17 5 0 0 1 0 1 0
17 6 1 1 0 1 1 0
17 7 1 0 0 0 1 0
17 9 1 0 1 0 1 1
17 10 1 0 0 1 0 1
17 12 1 1 0 1 0 0
17 14 1 0 1 1 0 1
17 15 0 1 1 0 0 0
17 17 1 0 1 0 0 1
17 18 1 1 1 0 1 0
17 19 1 1 0 1 0 0
17 21 0 1 0 0 0 0
17 22 1 0 0 0 1 0
17 23 0 1 0 1 1 0
17 24 1 1 1 1 1 0
17 25 1 1 0 1 1 0
17 27 1 1 0 1 0 0
17 29 1 0 1 1 0 0
17 30 1 1 0 1 1 0
17 31 1 0 0 0 0 1
18 2 1 1 1 1 0 1
18 3 0 1 1 0 0 0
18 5 0 0 0 0 1 0
18 6 1 0 0 0 1 0
18 7 1 1 0 1 1 0
18 9 0 1 0 0 0 0
18 10 0 0 0 0 1 0
18 11 1 0 0 0 0 1
18 12 0 0 0 0 1 1
18 13 0 0 1 1 0 0
18 14 1 1 1 0 1 0
18 15 1 1 0 1 0 0
18 17 0 0 1 0 1 0
18 18 1 1 0 1 1 0
18 19 1 0 0 0 1 0
18 21 0 1 1 1 1 0
18 23 0 1 1 1 1 1
18 24 1 1 0 1 0 0
18 26 1 1 1 1 0 1
18 27 0 1 1 0 0 0
18 29 0 1 0 0 0 0
18 30 0 0 0 0 1 0
18 31 1 0 0 0 0 1
19 19 0 0 0 0 1 1
19 20 0 1 0 0 0 0
19 21 0 0 1 1 0 1
19 22 0 1 1 1 0 0
19 23 0 0 1 1 1 1
19 24 0 1 0 1 1 0
19 26 1 1 0 1 0 0
19 28 1 0 1 1 0 1
19 29 0 1 1 0 0 0
19 31 0 1 1 1 0 0
21 26 0 1 0 0 0 1
21 27 1 1 0 1 1 1
21 28 1 1 1 1 1 0
21 29 1 1 0 1 1 0
22 3 0 1 1 1 1 0
22 5 0 0 0 0 1 1
22 6 0 0 1 0 0 1
22 7 1 0 0 1 0 0
22 8 1 1 1 0 0 1
22 9 0 0 1 0 0 1
22 10 0 1 1 0 0 0
22 12 0 0 0 0 1 1
22 13 0 0 1 0 0 1
22 14 0 0 0 1 1 0
22 15 1 1 1 0 0 1
22 16 0 0 1 0 0 1
22 17 0 1 1 0 0 0
22 19 0 0 0 0 1 1
22 20 0 0 1 0 0 1
22 21 0 0 0 1 0 0
22 22 1 1 1 0 0 1
22 23 0 0 1 0 0 1
22 24 0 1 1 0 0 0
22 26 0 0 1 1 0 1
22 27 0 1 1 1 0 0
22 28 0 0 1 1 1 1
22 29 0 1 0 1 1 0
23 19 0 0 0 0 0 1
23 20 0 1 0 0 0 0
23 21 1 0 1 1 0 0
23 22 1 1 0 1 0 0
23 23 0 1 1 0 1 0
23 24 1 1 0 0 1 1
23 25 0 1 1 0 1 0
23 26 1 1 0 1 1 0
23 28 0 0 1 0 1 0
23 29 1 0 0 1 0 1
23 30 0 1 1 0 0 1
23 31 0 1 1 1 0 0
25 2 1 1 1 1 0 0
25 4 0 1 1 1 0 0
25 5 0 1 1 1 1 1
25 6 1 1 0 1 0 0
25 8 0 0 1 1 0 1
25 9 0 1 1 1 0 0
25 10 0 0 1 1 1 1
25 11 0 1 0 1 1 0
25 13 0 1 0 0 0 0
25 14 0 1 1 0 1 0
25 15 1 0 0 0 0 1
25 17 1 0 0 0 1 0
25 18 1 1 0 0 1 1
25 19 0 1 0 0 1 0
25 21 1 1 0 1 0 0
25 23 1 0 1 1 0 0
25 24 1 0 0 1 0 1
25 25 0 0 1 0 1 1
25 26 0 1 1 1 0 0
25 28 1 0 1 0 1 0
25 29 0 1 1 1 0 1
26 5 0 0 1 1 1 1
26 6 0 0 0 1 1 0
26 7 1 0 0 0 1 0
26 8 0 0 0 0 1 1
26 9 0 1 0 0 0 0
26 10 1 1 0 1 0 0
26 12 0 0 0 0 1 1
26 13 0 1 1 1 0 0
26 14 1 1 0 0 0 1
26 15 0 0 0 1 1 0
26 17 0 0 0 0 1 1
26 18 0 1 1 1 0 0
26 19 0 0 0 0 1 1
26 20 1 0 0 1 0 0
26 21 0 0 0 0 1 1
26 22 0 1 0 1 1 1
26 24 1 1 0 1 0 0
26 26 1 0 1 1 0 1
26 27 0 0 0 1 1 1
26 28 1 0 1 1 0 0
26 29 0 0 0 1 1 0
26 30 0 0 0 0 1 1
26 31 0 1 1 1 0 1
27 23 0 0 1 1 0 1
27 24 1 1 0 0 1 0
27 26 0 0 1 1 0 0
27 27 0 1 0 1 1 0
27 29 0 1 0 0 0 0
27 30 0 0 1 0 1 0
27 31 1 1 0 1 0 0
