0.20
25 46 76 97 128 149 180 201 232 253 284 305 335 357 387 408 439 460 491 512 543 564 594 616 646 668 698 719 749 771 801 822 853 874 905 926 957 978 1008 1030 1060 1081 1112 1133 1163 1185 1215 1237 1267 1289 1319 1340 1370 1392 1423 1444 1474 1495 1526 1548 1578 1599 1629 1650 1680 1701
78 99 120 160 183 203 243 265 286 330 351 372 409 430 452 495 517 538 576 598 619 662 684 705 743 764 785 828 849 871 909 931 951 994 1016 1037 1074 1096 1117 1159 1180 1201 1241 1263 1284 1324 1346 1367 1407 1428 1449 1489 1511 1532 1573 1595 1616 1655 1677 1698 1738 1759 1780 1819 1841 1862 1905 1926 1948 1985 2006 2027 2071 2093 2114 2152 2173 2194 2237 2259 2280
2 4 0 0 0 1 0 1
2 5 0 1 1 1 0 0
2 6 1 0 1 1 0 0
2 7 0 1 0 1 1 0
2 8 1 1 0 0 0 1
2 9 1 1 0 1 1 0
2 10 1 1 1 0 1 0
2 11 1 1 0 1 0 0
2 13 1 1 0 1 0 0
2 15 0 0 1 1 0 0
2 16 0 1 0 1 1 0
2 17 1 0 1 1 0 0
2 18 0 0 0 1 1 0
2 19 0 1 0 1 0 1
2 20 1 1 0 1 0 0
2 23 0 0 0 1 0 0
2 24 1 1 1 0 0 1
2 26 1 0 0 0 1 0
2 27 1 1 0 0 1 1
2 28 0 0 0 0 1 1
2 29 0 1 0 0 1 0
3 6 0 0 0 0 0 1
3 7 0 1 0 0 0 0
3 8 1 0 0 0 1 0
3 9 0 1 0 1 1 0
3 10 1 1 1 1 1 0
3 11 1 1 0 1 1 0
3 13 0 0 1 0 1 0
3 14 1 0 0 1 0 1
3 15 0 1 1 0 0 1
3 16 0 1 1 1 0 0
3 18 0 1 1 1 1 0
3 20 1 1 0 1 0 1
3 21 0 1 1 0 0 0
3 23 0 0 1 1 0 1
3 24 0 1 1 1 0 0
3 25 1 0 1 1 0 0
3 26 0 0 0 1 1 0
3 28 1 0 1 0 0 1
3 30 1 1 0 1 0 0
3 31 0 1 1 0 0 0
4 2 1 0 1 1 0 1
4 3 0 1 0 1 1 0
4 5 1 0 0 0 1 0
4 6 0 0 1 0 1 0
4 7 0 0 0 1 0 1
4 9 0 0 0 0 1 1
4 10 0 0 1 0 0 0
4 11 1 1 1 0 1 1
4 12 0 0 0 1 1 1
4 13 0 0 0 0 0 1
4 14 0 1 1 0 0 0
4 16 0 0 0 1 1 0
4 17 1 1 1 0 0 1
4 18 0 0 1 0 0 1
4 19 0 0 0 1 0 0
4 20 1 1 1 0 0 1
4 21 1 0 0 1 1 0
4 22 0 0 0 1 1 0
4 23 1 1 1 0 0 1
4 25 0 0 1 1 0 1
4 26 1 1 0 0 1 1
4 28 0 0 0 0 1 0
4 29 0 1 1 1 1 0
5 4 0 1 0 0 0 0
5 5 1 0 1 1 0 0
5 6 0 0 0 1 1 0
5 8 1 1 0 0 0 1
5 9 1 1 0 0 1 1
5 10 0 0 1 0 0 1
5 11 1 1 0 1 0 1
5 12 0 1 1 0 0 0
5 14 0 1 1 1 1 0
5 16 0 0 1 1 0 0
5 17 0 1 0 1 1 0
5 18 1 0 1 1 0 0
5 19 0 0 0 1 1 0
5 20 0 1 0 1 0 1
5 21 1 1 0 1 0 0
5 23 0 1 0 1 0 1
5 24 1 1 0 1 1 0
5 25 0 0 1 1 0 1
5 26 1 1 0 0 1 0
5 28 0 1 0 0 0 0
5 29 0 0 1 1 0 1
5 30 1 1 0 1 1 1
5 31 0 0 1 0 0 1
6 4 0 0 1 0 1 0
6 5 1 1 0 1 1 0
6 6 1 0 0 0 1 0
6 8 0 1 1 0 1 0
6 9 1 0 0 1 0 0
6 10 0 0 0 0 1 1
6 11 0 1 0 0 0 0
6 12 1 0 1 1 0 0
6 13 1 1 0 1 0 0
6 14 0 0 1 1 0 0
6 15 1 1 0 1 0 0
6 17 0 0 1 0 1 0
6 18 1 1 0 1 1 0
6 19 0 0 1 0 0 1
6 20 0 0 1 0 0 1
6 22 0 1 1 1 1 0
6 24 0 1 0 0 0 1
6 25 1 1 0 0 1 1
6 26 1 0 0 0 0 0
6 28 0 0 1 0 1 0
6 29 1 0 0 1 0 1
6 30 0 1 0 0 0 1
6 31 1 1 0 1 0 1
7 3 0 0 1 1 1 0
7 4 0 0 0 1 1 1
7 5 1 0 1 1 0 1
7 6 0 1 0 1 1 0
7 7 0 0 1 1 0 1
7 8 0 0 0 1 1 0
7 10 0 0 1 1 0 0
7 11 1 1 0 1 0 0
7 12 0 0 1 0 1 0
7 13 1 0 0 0 0 1
7 15 1 0 1 0 0 1
7 17 0 1 0 1 0 0
7 18 1 1 0 1 1 0
7 19 1 0 1 1 0 0
7 20 0 0 0 1 1 1
7 22 0 1 0 0 0 0
7 23 0 1 0 0 0 1
7 24 1 0 0 1 1 0
7 25 0 0 1 1 0 1
7 26 1 1 0 1 1 1
7 28 0 0 1 1 0 0
7 29 1 1 0 1 0 0
7 30 0 0 1 1 0 0
7 31 1 1 0 1 0 0
8 5 1 1 0 0 0 1
8 6 1 1 0 1 1 0
8 7 1 1 1 0 1 0
8 8 1 1 0 1 0 0
8 10 1 1 0 0 0 1
8 11 1 1 0 0 1 1
8 12 0 0 1 0 0 1
8 13 0 0 1 0 0 1
8 15 0 1 0 1 0 1
8 16 0 1 1 1 0 1
8 18 1 0 0 0 1 0
8 19 0 0 1 0 1 0
8 20 0 0 0 1 0 1
8 22 0 1 0 0 0 0
8 23 1 0 1 1 0 0
8 24 1 1 0 1 0 0
8 25 0 0 1 1 0 0
8 26 1 1 0 1 0 0
8 28 0 0 1 0 1 0
8 29 1 1 0 1 1 0
8 31 1 1 0 1 0 0
9 27 0 0 0 0 1 1
9 28 0 1 0 0 0 0
9 29 1 0 1 1 0 0
9 30 0 1 0 1 1 0
9 31 0 0 1 0 0 1
10 4 0 1 0 0 0 0
10 5 1 0 1 1 0 1
10 6 0 1 0 0 0 1
10 7 1 1 0 1 0 1
10 9 1 0 0 1 0 1
10 10 1 1 0 1 0 1
10 11 0 0 1 0 0 0
10 13 1 0 1 0 0 1
10 15 1 1 0 1 0 1
10 16 1 0 0 1 0 1
10 17 0 0 1 0 0 0
10 19 1 1 1 1 1 0
10 20 1 1 0 1 0 0
10 21 1 0 1 1 0 0
10 22 0 1 0 1 1 0
10 24 1 0 1 1 0 1
10 25 0 1 0 1 1 0
10 27 1 1 1 0 1 0
10 28 0 0 0 1 0 0
10 29 0 0 1 1 1 0
11 2 0 1 1 0 1 0
11 3 1 1 0 0 1 1
11 5 0 1 1 1 0 0
11 7 1 0 1 1 0 0
11 8 0 1 0 1 1 0
11 9 1 1 0 0 0 1
11 10 1 1 0 1 1 0
11 11 1 1 1 0 1 0
11 12 1 1 0 1 0 0
11 14 1 1 0 1 0 0
11 16 1 0 1 1 0 0
11 17 1 1 0 1 0 0
11 18 0 0 1 1 0 0
11 19 1 1 0 1 0 0
11 20 1 0 1 1 0 1
11 21 0 0 0 1 1 1
11 23 0 1 1 0 1 0
11 24 1 1 0 0 1 1
11 25 1 0 1 1 0 1
11 26 0 1 0 1 1 0
11 28 0 1 0 1 0 0
11 29 1 1 0 1 1 0
11 30 1 0 1 1 0 0
11 31 0 0 0 1 1 1
12 2 1 1 0 0 0 1
12 3 1 1 0 1 1 0
12 4 1 1 1 0 1 0
12 5 1 1 0 1 0 0
12 7 1 1 0 1 0 0
12 9 0 0 1 1 0 0
12 10 0 1 0 1 1 0
12 11 1 0 1 1 0 0
12 12 0 0 0 1 1 0
12 13 0 1 0 1 0 1
12 14 1 1 0 1 0 0
12 16 1 0 0 0 1 0
12 17 0 1 0 1 0 1
12 18 1 0 0 0 1 1
12 20 0 1 0 0 0 0
12 21 1 0 1 1 0 0
12 22 0 1 0 1 1 0
12 23 1 1 0 0 0 1
12 24 1 1 0 1 1 0
12 25 1 1 1 0 1 0
12 26 1 1 0 1 0 0
12 28 1 1 0 0 0 1
12 29 1 1 0 0 1 1
12 30 1 0 0 0 1 0
12 31 0 0 1 0 0 1
13 24 0 0 1 1 0 1
13 25 0 1 1 1 0 0
13 26 0 1 1 0 1 0
13 27 0 1 1 1 0 1
13 29 1 0 1 1 0 0
13 30 0 1 0 1 1 0
13 31 0 0 1 0 0 1
14 11 0 1 0 0 0 0
14 12 1 1 0 0 0 1
14 13 1 0 0 1 0 0
14 14 1 1 1 0 0 1
14 15 0 0 1 0 0 1
14 17 1 1 0 1 0 1
14 18 0 0 1 1 1 0
14 19 1 1 0 1 0 1
14 20 0 1 1 0 0 0
14 21 0 0 0 0 1 1
14 22 0 0 0 1 0 0
14 23 1 1 1 0 0 1
14 24 0 1 1 0 1 1
14 26 1 1 0 1 0 0
14 27 0 1 1 0 0 0
15 29 0 0 0 0 1 0
15 30 1 0 0 0 1 0
15 31 1 1 0 1 1 0
16 9 0 0 0 0 1 1
16 10 0 1 0 0 0 0
16 11 1 1 0 1 0 1
16 12 0 0 0 0 1 1
16 13 1 0 0 1 0 0
16 14 1 1 1 0 0 1
16 15 0 0 1 0 0 1
16 17 0 0 0 0 1 1
16 18 1 0 0 0 0 1
16 19 1 1 0 1 0 1
16 20 0 1 1 0 0 0
16 21 0 0 0 0 1 1
16 22 0 0 0 1 0 0
16 23 1 1 1 0 0 1
16 24 0 1 1 0 1 1
16 26 1 1 0 1 0 0
16 27 0 1 1 0 0 0
17 24 0 0 0 0 1 1
17 25 0 0 1 0 0 1
17 26 0 0 0 1 1 0
17 27 1 1 1 0 0 1
17 28 0 0 1 0 0 1
17 29 0 1 1 0 0 0
18 3 1 1 1 0 1 0
18 4 1 1 0 1 0 0
18 6 1 1 0 1 0 0
18 8 0 0 1 1 0 0
18 9 0 1 0 1 1 0
18 10 1 0 1 1 0 0
18 11 0 0 0 1 1 0
18 12 0 1 0 1 0 1
18 13 1 1 0 1 0 0
18 15 0 0 1 0 1 0
18 16 0 0 0 1 1 1
18 17 0 0 0 0 1 1
18 18 0 1 1 1 0 0
18 19 1 1 0 0 0 1
18 20 0 0 0 1 1 0
18 22 0 0 0 0 1 1
18 23 0 1 1 1 0 0
18 24 0 0 0 0 1 1
18 25 0 0 1 0 0 1
18 26 0 0 0 1 1 0
18 27 1 1 1 0 0 1
18 28 0 0 1 0 0 1
18 29 0 1 1 0 0 0
19 3 1 1 1 1 1 0
19 4 1 1 0 1 1 0
19 6 1 1 0 1 0 0
19 8 1 0 1 1 0 0
19 9 1 1 0 1 1 0
19 10 1 0 0 0 0 1
19 12 1 1 0 1 0 1
19 13 0 1 1 0 0 0
19 15 0 0 1 1 0 1
19 16 0 1 1 1 0 0
19 17 1 0 1 1 0 0
19 18 0 0 0 1 1 0
19 20 1 0 1 0 0 1
19 22 1 1 0 1 0 0
19 23 0 1 1 0 0 0
19 25 0 0 1 1 0 1
19 26 0 1 1 1 0 0
19 27 1 0 1 1 0 0
19 28 0 1 0 1 1 0
19 29 1 1 0 0 0 1
19 30 1 1 0 1 1 0
19 31 0 0 1 0 0 1
20 2 0 1 1 1 1 1
20 3 1 1 0 1 0 0
20 5 1 1 0 1 0 0
20 6 0 1 0 0 0 0
20 8 0 1 0 0 0 0
20 9 0 0 0 0 1 0
20 10 1 0 0 0 0 1
20 12 0 0 1 0 1 0
20 13 1 1 0 1 1 0
20 14 1 0 0 0 1 0
20 16 1 0 1 0 1 1
20 17 1 0 0 1 0 1
20 19 1 1 0 1 0 0
20 21 1 1 0 1 0 1
20 22 0 1 1 0 0 0
20 24 1 0 1 0 0 1
20 25 1 1 1 0 1 0
20 26 1 1 0 1 0 0
20 28 0 1 0 0 0 0
20 29 1 0 0 0 1 0
20 30 0 1 0 1 1 0
20 31 0 0 1 0 0 1
21 2 0 0 1 1 1 1
21 3 0 1 0 1 1 0
21 5 1 1 0 1 0 0
21 7 1 1 0 1 0 1
21 8 0 1 1 0 0 0
21 10 0 1 1 1 0 0
21 12 1 1 0 1 0 0
21 13 0 1 1 0 0 0
21 15 0 0 0 0 1 0
21 16 1 0 0 0 1 0
21 17 1 1 0 1 1 0
21 19 0 1 0 0 0 0
21 20 0 0 0 0 1 0
21 21 1 0 0 0 0 1
21 22 0 0 0 0 1 1
21 23 0 0 1 1 0 0
21 24 1 1 1 0 1 0
21 25 1 1 0 1 0 0
21 27 0 0 1 0 1 0
21 28 1 1 0 1 1 0
21 29 1 0 0 0 1 0
21 31 0 1 1 1 1 0
22 27 0 0 0 0 1 1
22 28 0 1 0 0 0 0
22 29 0 0 1 1 0 1
22 30 0 1 1 1 0 0
22 31 0 0 1 0 0 1
23 2 1 0 1 1 0 0
23 3 0 1 0 1 1 0
23 5 0 0 1 1 1 0
23 6 1 0 0 1 1 1
23 7 0 0 1 1 1 1
23 8 1 1 0 1 1 1
23 10 0 1 1 0 1 0
23 11 1 0 0 0 0 1
23 12 1 0 0 0 1 0
23 14 0 0 1 0 1 1
23 15 1 1 0 1 1 1
23 16 0 1 1 0 1 0
23 17 1 1 0 1 1 0
23 19 0 1 1 1 1 1
23 20 1 0 0 1 0 1
23 23 0 0 0 1 1 0
23 24 1 1 1 0 0 1
23 26 1 0 0 0 1 0
23 27 1 1 0 0 1 1
23 28 0 0 0 0 1 1
23 29 0 1 0 0 1 0
24 2 0 0 1 1 1 0
24 3 1 1 0 1 1 0
24 5 1 1 1 1 1 1
24 6 0 1 0 1 1 0
24 7 1 0 0 0 1 0
24 8 1 1 0 1 1 0
24 10 0 1 0 0 0 0
24 11 1 0 1 1 0 0
24 12 1 1 0 1 1 0
24 13 0 0 1 0 0 1
24 14 1 1 0 0 1 0
24 15 0 0 0 1 1 0
24 16 1 1 1 0 0 1
24 18 0 1 1 1 0 0
24 20 1 0 1 1 0 1
24 21 0 0 0 1 1 1
24 22 0 0 1 1 1 1
24 23 1 1 0 1 1 1
24 24 1 0 1 1 0 0
24 25 1 1 0 1 0 1
24 27 1 1 0 1 0 0
24 29 1 0 1 0 1 0
24 30 0 1 1 1 0 1
24 31 0 0 1 0 0 1
25 3 1 0 1 1 0 0
25 4 1 1 0 1 0 1
25 5 1 0 1 0 1 1
25 6 1 0 0 1 0 1
25 8 0 1 0 1 0 1
25 9 1 1 0 1 1 0
25 10 0 0 1 1 0 1
25 11 1 1 0 0 1 0
25 12 0 0 0 0 1 1
25 13 0 1 0 0 0 0
25 14 1 0 1 1 0 1
25 15 0 0 0 1 1 1
25 16 0 0 1 1 1 1
25 17 1 1 0 1 1 1
25 19 1 0 1 1 1 0
25 20 1 1 0 1 1 0
25 21 1 1 1 0 0 1
25 22 0 1 1 1 0 1
25 24 1 0 1 1 0 0
25 25 1 1 0 1 0 1
25 26 1 0 1 1 0 1
25 27 0 0 0 1 1 1
25 29 0 1 1 1 1 1
25 30 0 1 0 1 1 0
25 31 0 0 1 0 0 1
26 2 0 1 0 0 0 0
26 3 1 0 1 0 1 1
26 4 0 0 0 1 1 0
26 5 0 0 1 0 0 1
26 6 1 0 1 1 0 1
26 7 0 1 1 0 0 0
26 9 1 0 1 1 1 0
26 10 1 1 0 1 1 0
26 11 1 1 1 0 0 1
26 12 0 1 1 1 0 1
26 14 1 0 1 1 0 1
26 15 0 0 0 1 1 1
26 16 0 0 1 1 1 1
26 17 1 1 0 1 1 1
26 19 1 1 0 1 0 0
26 21 1 0 1 1 0 0
26 22 1 1 0 1 0 1
26 23 1 0 0 0 1 0
26 24 0 0 1 0 1 1
26 25 0 1 1 1 0 0
26 27 1 0 0 0 1 0
26 28 0 0 0 1 1 0
26 30 0 1 1 1 1 1
26 31 1 1 0 1 0 0
27 2 1 0 0 1 0 0
27 3 1 1 1 0 0 1
