0.10
38 58 86 107 138 159 189 211 241 263 293 314 345 366 397 418 448 470 501 521 552 573 603 625 656 677 707 728 759 780 810 833 863 884 914 935 966 987 1017 1038 1070 1091 1122 1143 1173 1194 1225 1246 1277 1297 1329 1350 1381 1401 1432 1454 1485 1506 1535 1558 1587 1607 1634 1654
23 43 68 106 126 146 184 206 227 266 288 309 352 374 395 432 454 475 518 540 561 599 621 642 685 706 728 764 785 806 851 873 894 931 953 974 1017 1039 1059 1098 1119 1140 1184 1205 1226 1265 1286 1307 1349 1370 1392 1431 1452 1473 1511 1531 1551 1597 1619 1639 1678 1700 1721 1762 1783 1804 1844 1865 1886 1929 1951 1972 2009 2031 2052 2095 2117 2138 2175 2196 2218 2260 2282 2302
3 6 0 0 0 0 1 1
3 7 1 0 1 1 1 1
3 9 0 1 1 0 1 1
3 10 0 0 0 0 1 1
3 11 1 0 0 0 0 0
3 12 1 0 1 1 0 1
3 13 0 0 1 1 0 0
3 14 0 1 1 0 0 0
3 16 0 1 1 0 1 0
3 17 1 1 0 0 0 0
3 18 1 0 1 1 0 1
3 20 0 1 1 0 1 0
3 21 1 0 0 1 0 0
3 23 0 0 0 0 1 1
3 24 0 0 1 0 0 0
3 25 0 0 0 0 1 1
3 26 1 0 0 0 0 0
3 27 0 0 0 0 1 0
3 29 0 0 0 0 1 1
3 30 1 1 0 0 0 0
3 31 0 0 0 0 1 0
4 4 0 0 0 0 1 1
4 5 1 0 0 1 0 0
4 7 1 0 0 0 1 1
4 9 1 1 1 1 1 0
4 10 0 1 1 0 0 1
4 11 1 0 0 0 1 1
4 12 1 0 1 0 0 1
4 13 0 0 0 0 1 0
4 15 0 0 0 0 1 1
4 16 1 0 0 0 0 0
4 17 0 0 0 1 0 0
4 18 0 1 1 0 1 1
4 19 0 0 1 1 1 1
4 20 0 1 0 1 1 0
4 21 0 0 0 0 0 1
4 22 0 1 1 0 0 0
5 2 1 0 0 1 1 0
5 4 1 1 0 0 1 0
5 5 1 1 1 0 0 1
5 6 1 0 0 0 1 1
5 7 1 0 1 0 0 1
5 8 0 0 0 0 1 0
5 10 1 1 0 1 1 0
5 11 0 0 1 1 1 0
5 12 1 0 1 0 1 1
5 13 1 0 1 0 1 0
5 15 0 0 0 0 0 1
5 16 1 1 1 0 1 0
5 17 0 1 1 0 0 0
5 18 1 0 0 1 0 0
5 19 0 1 1 0 0 0
5 21 0 0 0 0 0 1
5 22 1 1 0 0 1 0
5 23 1 1 1 0 0 1
5 24 1 0 0 0 1 1
5 25 1 0 1 0 0 1
6 2 0 1 1 0 1 1
6 3 1 1 1 1 1 0
6 4 1 0 1 0 0 1
6 5 1 0 0 0 0 0
6 6 1 0 0 1 1 0
6 7 1 1 1 0 1 0
6 8 1 0 0 0 0 0
6 9 0 1 1 0 1 0
6 10 0 1 0 0 0 0
6 11 1 0 0 1 0 0
6 13 1 1 0 1 0 0
6 14 1 0 1 0 0 1
6 15 1 0 1 1 1 0
6 16 1 0 0 1 0 0
6 17 0 1 1 1 1 0
6 18 0 1 0 1 0 0
6 19 1 0 1 0 1 0
6 20 1 0 1 1 1 0
6 21 0 1 1 0 1 1
6 22 0 0 0 0 1 0
6 23 0 1 1 0 0 0
6 24 1 0 1 0 0 0
6 25 0 1 0 1 0 0
6 26 0 0 1 1 0 0
6 27 0 1 0 0 1 1
6 30 0 0 0 0 1 1
6 31 1 0 1 1 0 1
7 2 1 0 0 0 1 1
7 4 1 0 1 0 1 1
7 5 0 1 1 0 0 0
7 6 1 1 0 0 0 0
7 7 1 0 0 1 0 1
7 8 1 1 1 0 0 0
7 9 1 0 1 1 0 1
7 10 0 0 0 0 1 0
7 12 0 0 0 0 1 1
7 13 1 0 0 0 0 0
7 14 0 0 0 0 1 0
7 16 0 0 0 0 1 1
7 17 1 1 0 0 0 0
7 18 0 0 0 0 1 0
7 20 0 0 0 0 1 1
7 21 1 0 0 1 0 0
7 23 1 1 0 1 0 0
7 24 0 0 1 0 1 1
7 25 1 1 0 0 0 0
7 26 1 0 0 0 1 0
7 28 1 0 0 0 1 1
7 30 1 1 0 0 1 0
7 31 1 1 1 0 0 1
8 2 0 0 1 0 0 1
8 3 1 0 0 0 1 1
8 4 1 0 1 0 0 1
8 6 1 1 0 0 0 0
8 7 0 0 1 1 1 0
8 8 1 0 0 0 1 0
8 9 0 0 1 0 1 0
8 10 1 0 0 0 1 1
8 11 0 1 1 0 0 0
8 13 1 0 0 1 1 0
8 15 1 1 1 0 1 0
8 16 0 1 1 0 0 0
8 18 0 1 1 0 0 0
8 19 1 1 0 0 1 0
8 20 1 0 1 0 0 1
8 22 1 1 0 0 1 0
8 23 0 1 0 1 0 0
8 24 1 0 0 0 1 1
8 25 1 0 1 0 0 1
8 26 0 0 0 1 0 0
8 28 0 1 0 1 0 0
8 29 1 0 0 1 0 0
8 30 0 1 1 0 0 0
9 2 0 0 1 0 0 1
9 3 1 1 0 0 1 0
9 4 1 0 1 1 0 1
9 6 1 1 0 0 1 0
9 7 0 1 0 1 0 0
9 8 1 0 0 0 1 1
9 9 1 0 1 0 0 1
9 11 1 1 0 0 1 0
9 12 0 1 0 0 0 1
9 14 1 1 1 1 1 0
9 15 0 1 1 0 0 1
9 16 1 0 0 0 1 1
9 17 1 0 1 0 0 1
9 18 1 1 0 0 1 0
9 19 1 0 1 1 0 1
9 20 0 0 0 0 1 0
9 21 0 1 1 0 0 0
10 4 1 1 0 0 1 0
10 5 1 0 0 1 0 1
10 6 1 0 1 0 1 1
10 7 0 1 0 1 0 1
10 9 1 0 1 0 1 0
10 10 1 0 1 1 0 0
10 11 0 0 1 0 1 1
10 13 1 1 0 0 1 0
10 14 0 1 1 1 1 1
10 15 1 1 0 0 1 0
10 16 0 1 0 1 0 0
10 17 1 1 0 1 1 0
10 18 1 0 1 0 1 0
10 20 1 0 0 1 1 0
10 22 1 1 0 0 1 0
10 23 1 1 1 0 0 1
10 24 1 0 0 0 1 1
10 25 1 0 1 0 0 1
10 27 1 1 0 0 1 1
10 28 0 0 1 0 0 1
11 2 0 1 0 1 0 0
11 3 1 0 0 1 0 0
11 4 0 1 1 0 0 0
11 6 1 1 0 0 1 0
11 7 1 1 1 0 0 1
11 8 1 0 0 0 1 1
11 9 1 0 1 0 0 1
11 11 0 0 0 0 1 1
11 12 1 0 1 1 1 1
11 14 0 1 1 0 1 1
11 15 0 0 0 0 1 1
11 16 1 0 1 0 0 0
11 17 1 0 1 1 0 1
11 19 0 1 1 0 1 0
11 20 1 1 0 0 0 0
11 22 0 0 0 0 1 1
11 23 0 0 1 0 0 0
11 24 0 0 0 0 1 1
11 25 1 0 1 0 0 0
11 26 0 0 0 0 0 1
12 2 0 0 0 1 0 0
12 3 0 1 1 0 1 1
12 4 0 0 1 1 1 1
12 5 0 1 0 1 1 0
12 6 0 0 0 0 0 1
12 7 0 1 1 0 0 0
12 8 0 0 0 0 1 0
12 10 1 0 1 0 0 0
12 11 0 1 0 1 0 0
12 12 0 0 1 1 0 0
12 13 0 1 0 0 1 1
12 15 1 1 0 0 0 0
12 16 0 1 1 0 1 0
12 17 1 0 1 0 0 0
12 18 1 0 1 0 1 0
12 20 0 0 1 1 0 0
12 21 0 0 1 1 1 1
12 22 1 1 0 0 0 0
12 23 0 1 0 1 0 0
12 24 1 1 1 0 0 0
12 25 0 1 0 1 0 0
12 27 1 1 0 0 1 0
12 28 1 1 1 0 0 1
12 29 1 0 0 0 1 1
12 30 1 0 1 0 0 1
13 2 0 0 0 0 1 1
13 3 1 0 1 1 1 1
13 5 0 1 1 0 1 1
13 6 0 0 0 0 1 1
13 7 1 0 1 0 0 0
13 8 1 0 1 1 0 1
13 10 0 0 0 0 1 1
13 11 0 0 1 0 0 0
13 12 0 0 0 0 1 1
13 13 1 0 1 0 0 0
13 14 0 0 0 1 0 0
13 15 0 1 1 0 1 1
13 16 0 0 1 1 1 1
13 17 0 1 0 1 1 0
13 18 0 0 0 0 0 1
13 19 0 1 1 0 0 0
13 20 0 0 0 0 1 0
13 22 1 1 0 1 0 0
13 23 1 1 1 0 0 1
13 24 1 1 0 0 0 0
13 25 0 1 0 1 0 0
13 26 1 1 1 0 0 0
13 27 0 1 0 1 0 0
13 29 1 1 0 0 1 0
13 30 1 1 1 0 0 1
14 2 0 0 1 0 0 1
14 3 1 0 0 0 1 1
14 4 1 0 1 0 0 1
14 6 0 0 0 0 1 1
14 7 1 0 1 1 1 1
14 9 0 1 1 0 1 1
14 10 0 0 0 0 1 1
14 11 1 0 1 0 0 0
14 12 1 1 0 0 1 1
14 13 1 0 1 1 0 1
14 15 0 0 0 0 1 1
14 16 0 0 1 0 0 0
14 17 0 0 0 0 1 1
14 18 1 0 1 0 0 0
14 19 0 0 0 1 0 0
14 20 0 1 1 0 1 1
14 21 0 0 1 1 1 1
14 22 0 1 0 1 1 0
14 23 0 0 0 0 0 1
14 24 0 1 1 0 0 0
14 26 1 1 0 0 1 0
14 27 0 1 0 0 0 1
14 29 1 1 1 0 1 0
14 30 0 1 1 0 0 0
15 2 0 0 1 0 0 1
15 3 1 0 0 1 0 0
15 4 0 1 1 0 0 0
15 6 1 1 0 0 1 0
15 7 1 1 1 0 0 1
15 8 1 0 0 0 1 1
15 9 1 0 1 0 0 1
15 11 0 0 0 0 1 1
15 12 1 0 1 1 1 1
15 14 0 1 1 0 1 1
15 15 0 0 0 0 1 1
15 16 1 0 0 0 0 0
15 17 1 0 1 1 0 1
15 18 0 0 1 1 0 0
15 19 0 1 1 0 0 0
15 21 0 1 1 0 1 0
15 22 1 1 0 0 0 0
15 23 1 0 1 1 0 1
15 25 0 1 1 0 1 0
15 26 1 0 0 1 0 0
16 2 0 0 0 0 1 1
16 3 0 0 1 0 0 0
16 4 0 0 0 0 1 1
16 5 1 0 0 0 0 0
16 6 0 0 0 1 0 0
16 7 0 1 1 0 1 1
16 8 0 0 1 1 1 1
16 9 0 1 0 1 1 0
16 10 0 0 0 0 0 1
16 11 0 1 1 0 0 0
16 12 0 0 0 0 1 0
16 13 0 1 1 0 0 0
16 14 1 0 1 0 0 0
16 15 0 1 0 0 0 1
16 16 0 1 0 1 0 0
16 18 1 1 0 1 0 0
16 19 0 0 1 0 1 0
16 20 1 1 0 0 1 0
16 21 1 0 0 1 0 1
16 22 0 0 0 0 1 0
16 24 0 0 1 1 0 0
16 25 0 1 0 0 0 1
16 26 1 1 0 0 1 0
16 27 1 0 0 0 1 0
16 29 1 1 0 0 1 0
16 30 1 1 1 0 0 1
17 2 0 0 1 0 0 1
17 3 1 0 0 0 1 1
17 4 1 0 1 0 0 1
17 6 1 0 0 1 1 0
17 8 1 0 1 1 0 0
17 9 1 0 0 0 0 1
17 10 1 1 1 1 1 0
17 11 0 0 1 1 1 1
17 13 1 0 0 1 1 0
17 14 1 1 1 0 1 1
17 16 1 1 0 1 0 0
17 17 1 1 1 0 0 1
17 18 1 0 0 0 0 1
17 19 1 1 1 0 0 0
17 20 0 1 0 0 0 1
17 22 1 1 0 0 1 0
17 23 1 1 1 0 0 1
17 24 1 0 0 0 1 1
17 25 1 0 1 0 0 1
17 27 1 1 0 0 0 0
17 28 0 0 1 1 1 0
17 29 1 0 0 1 1 0
17 30 0 0 1 0 1 0
18 2 0 0 1 0 0 1
18 3 1 0 0 0 1 1
18 4 0 1 1 0 0 0
18 6 0 0 1 1 0 1
18 8 1 0 1 0 1 1
18 9 1 1 0 0 0 0
18 10 1 0 0 1 0 1
18 11 1 1 1 0 0 0
18 12 1 0 1 1 0 1
18 14 1 0 0 1 1 0
18 16 1 1 0 1 1 0
18 17 1 1 0 1 1 1
18 18 1 1 0 0 1 0
18 19 0 1 0 1 0 0
18 20 0 0 0 0 1 0
18 21 0 1 1 0 0 0
20 4 1 1 1 0 0 0
20 5 1 0 0 1 0 1
20 6 1 1 0 0 1 0
20 7 0 1 0 1 0 0
21 4 0 0 1 1 1 1
21 5 1 0 0 0 0 0
21 8 0 1 0 1 0 0
21 9 1 1 0 1 1 0
21 10 0 1 0 0 0 1
21 12 1 1 1 0 0 1
21 13 0 1 0 0 0 0
21 14 0 0 1 1 0 0
21 15 1 0 1 0 0 1
21 17 1 0 0 1 1 0
21 19 1 1 0 1 1 0
21 20 0 1 1 0 1 0
21 22 1 0 0 1 1 0
21 23 0 0 1 0 1 1
21 24 0 0 1 1 0 1
21 26 1 0 0 1 1 0
21 27 0 1 0 1 0 0
21 28 1 0 1 1 0 0
21 29 1 0 0 1 0 1
22 2 1 1 0 0 0 0
22 3 1 1 1 0 0 1
22 4 1 1 0 1 1 0
22 5 1 0 0 0 0 1
22 6 0 0 0 0 1 0
22 8 1 1 0 0 1 0
22 9 1 0 0 0 1 0
22 10 1 1 1 1 1 0
22 11 1 0 1 0 0 1
22 13 0 0 0 1 0 0
22 14 0 1 1 1 1 0
22 15 0 0 1 0 1 0
22 17 1 0 0 1 1 0
22 19 1 1 0 0 0 0
22 20 0 0 1 1 1 0
22 21 1 0 1 1 0 0
22 22 1 0 0 1 0 1
22 23 1 1 0 1 1 0
22 24 0 1 0 1 0 0
22 26 0 0 0 0 0 1
22 27 0 1 1 1 0 0
22 29 0 0 1 1 0 1
23 2 1 1 0 0 0 0
23 3 1 1 1 0 0 1
23 4 1 1 0 1 1 0
23 5 1 0 0 0 0 1
23 7 0 0 0 0 1 1
23 8 1 1 1 0 1 0
23 10 0 0 1 1 0 0
23 11 1 1 0 1 1 0
23 12 1 0 0 1 0 1
23 14 1 0 0 1 1 0
23 16 1 1 0 1 1 0
23 17 1 1 0 1 1 1
23 18 1 1 0 0 1 0
23 19 0 1 0 1 0 0
23 20 1 0 0 0 1 1
23 21 0 1 1 0 0 0
23 22 0 0 0 0 1 0
23 23 0 1 1 0 0 0
24 4 0 0 1 1 1 1
24 5 1 1 0 0 0 0
24 8 0 0 0 0 1 1
24 9 1 0 1 1 1 0
24 10 0 0 1 0 0 1
24 11 0 0 1 1 0 0
24 12 1 0 0 0 0 0
24 14 1 0 1 0 0 0
24 15 1 1 0 0 1 1
24 16 1 0 0 1 1 0
24 17 0 1 0 1 1 1
24 19 1 0 0 1 0 0
24 20 1 1 1 0 0 1
24 21 1 1 0 1 1 0
24 22 1 1 0 1 0 1
24 24 1 1 0 0 0 0
24 25 0 1 0 1 0 0
24 26 0 1 1 1 0 0
24 27 0 1 0 1 0 1
24 28 0 0 0 0 1 0
24 30 1 0 1 1 0 0
24 31 0 1 1 1 0 1
25 2 1 1 1 0 0 0
25 3 1 0 1 1 0 1
25 4 1 0 0 1 1 0
25 5 0 1 0 1 1 1
25 7 0 0 1 1 0 0
25 8 1 1 0 1 1 0
25 9 1 0 0 1 0 1
25 11 1 1 0 1 1 0
25 12 1 1 0 0 0 1
25 13 1 1 0 0 1 0
25 14 1 0 0 0 0 1
25 16 0 1 0 1 0 0
25 17 1 1 1 1 1 0
25 18 0 1 1 0 0 1
25 20 1 1 0 0 0 0
25 21 0 1 0 1 0 0
25 22 0 1 1 1 0 0
25 23 0 1 0 1 0 1
25 24 0 0 0 0 1 0
25 25 0 1 1 0 0 0
25 26 1 1 0 0 1 0
25 27 1 0 0 0 1 0
25 28 1 1 1 1 1 0
25 29 1 0 1 0 0 1
26 2 1 1 0 0 0 0
26 3 0 1 0 1 0 0
26 4 0 1 1 1 0 0
26 5 0 1 0 1 0 1
26 7 1 0 0 1 1 0
26 9 1 1 1 1 1 0
26 10 0 1 1 0 0 1
26 11 1 0 0 1 0 0
26 12 0 1 1 0 0 0
26 13 1 0 0 0 1 1
26 14 1 0 1 0 0 1
26 16 0 0 0 0 1 1
26 17 1 0 1 1 0 0
26 19 0 0 1 1 0 1
26 21 1 0 1 0 0 0
26 22 1 1 0 0 1 1
26 23 1 0 0 1 1 0
26 24 0 1 0 1 1 1
26 25 1 0 0 0 1 1
26 26 1 0 1 0 0 1
26 28 0 0 0 0 1 1
26 29 1 0 1 1 1 0
27 2 0 0 1 1 0 0
27 3 1 1 0 1 1 0
27 4 1 0 0 1 0 1
27 6 1 0 0 1 1 0
27 8 1 1 0 1 1 0
27 9 1 1 0 1 1 1
27 10 1 1 0 0 1 0
27 11 0 1 0 1 0 0
27 12 1 0 0 0 1 1
27 13 0 1 1 0 0 0
27 14 0 0 0 0 1 0
27 15 0 1 1 0 0 0
28 30 0 0 1 1 1 1
28 31 1 0 0 0 1 0
8 17 1 0 0 1 0 0
