0.30
19 40 72 93 123 144 174 197 228 249 278 300 330 352 382 404 433 454 485 507 537 558 588 610 640 662 692 714 744 765 796 816 847 869 899 921 951 972 1003 1023 1055 1076 1107 1128 1158 1180 1210 1231 1261 1283 1314 1334 1364 1385 1415 1436 1466 1487 1517 1538 1568 1589 1619 1640 1670 1691
59 80 105 145 166 187 227 248 269 309 330 352 390 411 433 473 494 515 556 577 598 638 659 680 721 742 765 805 826 847 885 906 927 967 988 1009 1050 1071 1092 1132 1153 1174 1213 1235 1256 1295 1316 1337 1378 1399 1421 1461 1482 1503 1543 1564 1585 1625 1646 1667 1707 1728 1749 1789 1810 1831 1871 1892 1913 1953 1974 1996 2036 2057 2078 2118 2139 2160 2200 2221 2242 2282 2303 2324
4 7 0 1 0 0 1 0
4 8 1 0 0 0 0 1
4 9 1 1 0 0 0 1
4 10 0 0 0 1 1 0
4 12 1 1 1 0 0 1
4 13 1 1 0 1 1 1
4 14 0 0 1 0 1 0
4 15 0 0 0 1 0 1
4 17 1 0 1 0 0 1
4 18 1 1 0 0 0 1
4 19 1 1 0 1 1 0
4 21 0 0 1 1 0 1
4 22 0 0 0 0 1 1
4 23 1 0 0 0 1 0
5 12 0 0 1 1 0 1
5 13 0 1 1 1 0 0
5 14 0 0 1 0 1 0
5 15 0 0 0 1 0 1
5 16 1 1 0 0 0 1
5 17 1 1 0 1 1 0
5 19 1 0 1 1 0 0
5 20 0 0 0 0 1 0
5 21 0 1 1 1 0 0
7 15 1 1 1 0 1 1
7 16 0 1 0 1 1 0
7 17 0 0 1 1 0 1
7 18 0 1 1 1 0 0
9 11 0 0 1 0 1 0
9 12 1 0 0 1 0 0
9 13 1 0 1 1 1 0
9 14 0 1 0 1 1 0
9 17 1 0 0 0 1 0
9 18 1 1 0 1 1 0
9 19 1 0 1 1 0 0
9 20 1 1 0 1 0 1
9 21 0 1 1 1 1 0
9 22 1 1 0 1 1 0
11 17 1 0 0 0 1 0
13 16 0 0 0 1 0 0
13 17 0 0 1 0 0 0
15 12 0 1 0 1 0 1
15 13 1 0 0 0 1 1
15 14 0 1 1 1 1 0
15 15 1 1 0 1 1 0
15 16 1 0 1 1 0 0
15 18 1 0 1 0 1 0
15 19 1 0 0 1 0 0
15 20 1 1 0 0 0 1
15 21 1 1 0 1 1 0
15 23 1 1 1 0 0 1
15 24 1 1 0 1 1 1
15 25 0 0 1 0 1 0
15 26 0 0 0 1 0 1
16 4 0 1 1 1 1 0
16 5 1 1 0 1 1 0
16 6 1 0 1 1 0 0
16 8 1 0 1 0 1 0
16 9 1 0 0 1 0 0
16 10 1 1 0 0 0 1
16 11 1 1 0 1 1 0
16 13 1 1 1 0 0 1
16 14 1 1 0 1 1 1
16 15 0 0 1 0 1 0
16 16 0 0 0 1 0 1
16 18 1 1 1 0 1 1
16 19 0 1 0 1 1 0
16 20 0 0 1 1 0 1
16 21 0 1 1 1 0 0
16 23 1 1 1 0 1 1
16 24 0 1 0 1 1 0
16 25 0 1 1 0 1 0
16 26 1 0 0 0 0 1
17 10 0 0 1 1 0 1
17 11 1 0 0 0 0 1
17 12 1 0 1 1 0 0
17 13 0 0 0 1 1 0
17 16 0 0 1 1 1 0
17 17 0 1 0 1 1 0
17 18 0 1 1 0 1 0
17 19 1 0 0 0 0 1
17 21 0 1 0 0 0 1
17 22 1 0 0 1 1 0
17 23 1 0 1 0 1 0
17 24 0 0 0 1 0 1
24 10 0 0 1 0 1 0
24 11 0 1 1 1 0 0
24 12 0 0 1 1 1 1
24 13 0 0 0 1 1 0
24 14 0 0 1 1 0 1
24 15 1 1 0 1 1 1
24 17 0 1 0 0 1 0
24 18 0 0 1 0 1 1
24 19 1 0 0 1 0 1
24 21 0 1 0 1 0 1
24 22 1 1 0 1 1 0
24 23 0 1 1 0 1 0
24 24 1 0 0 0 0 1
