0.10
51 72 103 124 155 176 206 228 258 280 310 331 363 384 414 435 466 487 518 539 569 591 622 642 673 694 725 746 777 798 828 850 880 902 932 953 984 1006 1036 1057 1088 1109 1140 1160 1191 1213 1243 1265 1295 1316 1346 1368 1398 1420 1451 1473 1503 1524 1556 1577 1608 1630 1661 1682
8 29 50 90 111 132 172 193 214 254 275 296 339 360 381 418 439 461 504 525 546 584 605 627 671 691 713 750 771 792 836 857 878 918 938 960 1002 1022 1045 1082 1103 1124 1166 1187 1209 1247 1269 1290 1330 1352 1374 1414 1434 1455 1496 1517 1538 1579 1601 1622 1661 1681 1704 1745 1766 1786 1827 1847 1868 1908 1929 1950 1990 2011 2032 2076 2098 2120 2158 2178 2200 2240 2261 2282
3 2 0 1 1 0 1 0
3 3 0 1 0 0 1 0
3 4 0 1 0 0 1 0
3 5 0 0 0 0 1 0
3 6 0 1 0 0 1 0
3 7 0 1 0 0 1 0
3 8 0 1 0 0 1 0
3 9 0 1 0 0 1 0
3 10 0 1 0 0 1 0
3 11 0 1 0 0 1 0
3 12 0 1 0 0 1 0
3 13 0 1 0 0 1 0
3 14 0 1 0 0 1 0
3 15 0 1 0 0 1 0
3 16 0 1 0 0 1 0
3 17 0 1 0 0 1 0
3 18 0 1 0 0 1 0
3 19 0 1 0 0 1 0
3 20 0 1 0 0 1 0
3 21 0 1 0 0 1 0
3 22 0 1 0 0 1 0
3 23 0 1 0 0 1 0
3 24 0 1 1 0 1 0
3 25 0 1 0 0 1 0
3 26 0 1 0 0 1 0
3 27 0 1 0 0 1 0
3 28 0 1 0 0 1 0
3 29 0 1 0 0 1 1
4 2 1 1 1 0 0 0
4 3 1 0 0 1 0 0
4 4 1 1 1 0 0 1
4 5 0 1 0 0 1 1
4 7 0 0 0 0 1 1
4 8 1 0 0 0 0 1
4 9 1 1 0 0 0 1
4 10 1 0 0 1 1 0
4 11 1 1 1 0 0 1
4 12 0 0 1 0 0 1
4 14 1 0 1 1 0 1
4 15 0 1 1 0 0 0
4 16 0 0 1 1 1 0
4 17 0 0 0 0 1 1
4 18 0 0 0 1 0 0
4 19 1 1 1 0 0 1
4 20 0 1 1 0 1 1
4 22 1 1 1 1 0 1
4 23 0 1 1 0 0 0
4 24 1 1 1 0 0 0
4 27 1 0 1 1 0 1
4 28 0 1 1 0 0 0
4 29 0 0 0 1 1 1
5 2 1 1 1 0 1 0
5 3 0 1 0 0 1 0
5 4 0 1 0 0 1 0
5 5 0 1 0 0 1 0
5 6 0 1 0 0 1 0
5 7 0 1 0 0 1 0
5 8 0 1 0 0 1 0
5 9 0 1 0 0 1 0
5 10 0 1 0 0 1 0
5 11 0 1 0 0 1 0
5 12 0 1 0 0 1 0
5 13 0 1 0 0 1 0
5 14 0 1 0 0 1 0
5 15 0 1 0 0 1 0
5 16 0 1 0 0 1 0
5 17 0 1 0 0 1 0
5 18 0 1 0 0 1 0
5 19 0 1 0 0 1 0
5 20 0 1 0 0 1 0
5 21 0 1 0 0 1 0
5 22 0 1 0 0 1 0
5 23 0 1 0 0 1 0
5 24 1 1 1 0 1 0
5 25 0 1 0 0 1 0
5 26 0 1 0 0 1 0
5 27 0 1 0 0 1 0
5 28 0 1 0 0 1 0
5 29 0 1 0 1 1 1
6 2 1 1 1 0 0 0
6 20 0 1 0 0 0 0
6 21 0 1 0 0 0 0
6 22 0 1 0 0 0 0
6 24 1 1 1 0 0 0
6 26 0 1 0 0 0 0
6 27 0 1 0 0 0 0
6 28 0 1 0 0 0 0
6 29 0 0 0 1 1 1
7 2 1 1 1 0 1 0
7 3 0 1 0 0 1 0
7 4 0 1 0 0 1 0
7 5 0 1 0 0 1 0
7 6 0 1 0 0 1 0
7 7 0 1 0 0 1 0
7 8 0 1 0 0 1 0
7 9 0 1 0 0 1 0
7 10 0 1 0 0 1 0
7 11 0 1 0 0 1 0
7 12 0 1 0 0 1 0
7 13 0 1 0 0 1 0
7 14 0 1 0 0 1 0
7 15 0 1 0 0 1 0
7 16 0 1 0 0 1 0
7 17 0 1 0 0 1 0
7 18 0 1 0 0 1 0
7 19 0 1 0 0 1 0
7 20 0 1 0 0 1 0
7 21 0 1 0 0 1 0
7 22 0 1 0 0 1 0
7 23 0 1 0 0 1 0
7 24 1 1 1 0 1 0
7 25 0 1 0 0 1 0
7 26 0 1 0 0 1 0
7 27 0 1 0 0 1 0
7 28 0 1 0 0 1 0
7 29 0 1 0 1 1 1
8 2 1 1 1 0 0 0
8 24 1 1 1 0 0 0
8 27 1 0 0 1 0 0
8 28 1 1 1 0 0 1
8 29 0 0 0 1 1 1
9 2 1 1 1 0 1 0
9 3 0 1 0 0 1 0
9 4 0 1 0 0 1 0
9 5 0 1 0 0 1 0
9 6 0 1 0 0 1 0
9 7 0 1 0 0 1 0
9 8 0 1 0 0 1 0
9 9 0 1 0 0 1 0
9 10 0 1 0 0 1 0
9 11 0 1 0 0 1 0
9 12 0 1 0 0 1 0
9 13 0 1 0 0 1 0
9 14 0 1 0 0 1 0
9 15 0 1 0 0 1 0
9 16 0 1 0 0 1 0
9 17 0 1 0 0 1 0
9 18 0 1 0 0 1 0
9 19 0 1 0 0 1 0
9 20 0 1 0 0 1 0
9 21 0 1 0 0 1 0
9 22 0 1 0 0 1 0
9 23 0 1 0 0 1 0
9 24 1 1 1 0 1 0
9 25 0 1 0 0 1 0
9 26 0 1 0 0 1 0
9 27 0 1 0 0 1 0
9 28 0 1 0 0 1 0
9 29 0 1 0 1 1 1
10 2 1 1 1 0 0 0
10 24 1 1 1 0 0 0
10 27 1 1 0 1 0 0
10 28 1 1 1 0 0 1
10 29 0 0 0 1 1 1
11 2 1 1 1 0 1 0
11 3 0 1 0 0 1 0
11 4 0 1 0 0 1 0
11 5 0 1 0 0 1 0
11 6 0 1 0 0 1 0
11 7 0 1 0 0 1 0
11 8 0 1 0 0 1 0
11 9 0 1 0 0 1 0
11 10 0 1 0 0 1 0
11 11 0 1 0 0 1 0
11 12 0 1 0 0 1 0
11 13 0 1 0 0 1 0
11 14 0 1 0 0 1 0
11 15 0 1 0 0 1 0
11 16 0 1 0 0 1 0
11 17 0 1 0 0 1 0
11 18 0 1 0 0 1 0
11 19 0 1 0 0 1 0
11 20 0 1 0 0 1 0
11 21 0 1 0 0 1 0
11 22 0 1 0 0 1 0
11 23 0 1 0 0 1 0
11 24 1 1 1 0 1 0
11 25 0 1 0 0 1 0
11 26 0 1 0 0 1 0
11 27 0 1 0 0 1 0
11 28 0 1 0 0 1 0
11 29 0 1 0 1 1 1
12 2 1 1 1 0 0 0
12 24 1 1 1 0 0 0
12 27 0 1 0 1 0 0
12 28 1 1 1 0 0 1
12 29 0 0 0 1 1 1
13 2 1 1 1 0 1 0
13 3 0 1 0 0 1 0
13 4 0 1 0 0 1 0
13 5 0 1 0 0 1 0
13 6 0 1 0 0 1 0
13 7 0 1 0 0 1 0
13 8 0 1 0 0 1 0
13 9 0 1 0 0 1 0
13 10 0 1 0 0 1 0
13 11 0 1 0 0 1 0
13 12 0 1 0 0 1 0
13 13 0 1 0 0 1 0
13 14 0 1 0 0 1 0
13 15 0 1 0 0 1 0
13 16 0 1 0 0 1 0
13 17 0 1 0 0 1 0
13 18 0 1 0 0 1 0
13 19 0 1 0 0 1 0
13 20 0 1 0 0 1 0
13 21 0 1 0 0 1 0
13 22 0 1 0 0 1 0
13 23 0 1 0 0 1 0
13 24 1 1 1 0 1 0
13 25 0 1 0 0 1 0
13 26 0 1 0 0 1 0
13 27 0 1 0 0 1 0
13 28 0 1 0 0 1 0
13 29 0 1 0 1 1 1
14 2 1 1 1 0 0 0
14 24 1 1 1 0 0 0
14 27 1 0 0 1 1 0
14 28 1 1 1 0 0 1
14 29 0 0 0 1 1 1
15 2 1 1 1 0 1 0
15 3 0 1 0 0 1 0
15 4 0 1 0 0 1 0
15 5 0 1 0 0 1 0
15 6 0 1 0 0 1 0
15 7 0 1 0 0 1 0
15 8 0 1 0 0 1 0
15 9 0 1 0 0 1 0
15 10 0 1 0 0 1 0
15 11 0 1 0 0 1 0
15 12 0 1 0 0 1 0
15 13 0 1 0 0 1 0
15 14 0 1 0 0 1 0
15 15 0 1 0 0 1 0
15 16 0 1 0 0 1 0
15 17 0 1 0 0 1 0
15 18 0 1 0 0 1 0
15 19 0 1 0 0 1 0
15 20 0 1 0 0 1 0
15 21 0 1 0 0 1 0
15 22 0 1 0 0 1 0
15 23 0 1 0 0 1 0
15 24 1 1 1 0 1 0
15 25 0 1 0 0 1 0
15 26 0 1 0 0 1 0
15 27 0 1 0 0 1 0
15 28 0 1 0 0 1 0
15 29 0 1 0 1 1 1
16 2 1 1 1 0 0 0
16 24 1 1 1 0 0 0
16 27 1 1 0 1 1 0
16 28 1 1 1 0 0 1
16 29 0 0 0 1 1 1
17 2 1 1 1 0 1 0
17 3 0 1 0 0 1 0
17 4 0 1 0 0 1 0
17 5 0 1 0 0 1 0
17 6 0 1 0 0 1 0
17 7 0 1 0 0 1 0
17 8 0 1 0 0 1 0
17 9 0 1 0 0 1 0
17 10 0 1 0 0 1 0
17 11 0 1 0 0 1 0
17 12 0 1 0 0 1 0
17 13 0 1 0 0 1 0
17 14 0 1 0 0 1 0
17 15 0 1 0 0 1 0
17 16 0 1 0 0 1 0
17 17 0 1 0 0 1 0
17 18 0 1 0 0 1 0
17 19 0 1 0 0 1 0
17 20 0 1 0 0 1 0
17 21 0 1 0 0 1 0
17 22 0 1 0 0 1 0
17 23 0 1 0 0 1 0
17 24 1 1 1 0 1 0
17 25 0 1 0 0 1 0
17 26 0 1 0 0 1 0
17 27 0 1 0 0 1 0
17 28 0 1 0 0 1 0
17 29 0 1 0 1 1 1
18 2 1 1 1 0 0 0
18 24 1 1 1 0 0 0
18 27 0 1 0 1 1 0
18 28 1 1 1 0 0 1
18 29 0 0 0 1 1 1
19 2 1 1 1 0 1 0
19 3 0 1 0 0 1 0
19 4 0 1 0 0 1 0
19 5 0 1 0 0 1 0
19 6 0 1 0 0 1 0
19 7 0 1 0 0 1 0
19 8 0 1 0 0 1 0
19 9 0 1 0 0 1 0
19 10 0 1 0 0 1 0
19 11 0 1 0 0 1 0
19 12 0 1 0 0 1 0
19 13 0 1 0 0 1 0
19 14 0 1 0 0 1 0
19 15 0 1 0 0 1 0
19 16 0 1 0 0 1 0
19 17 0 1 0 0 1 0
19 18 0 1 0 0 1 0
19 19 0 1 0 0 1 0
19 20 0 1 0 0 1 0
19 21 0 1 0 0 1 0
19 22 0 1 0 0 1 0
19 23 0 1 0 0 1 0
19 24 1 1 1 0 1 0
19 25 0 1 0 0 1 0
19 26 0 1 0 0 1 0
19 27 0 1 0 0 1 0
19 28 0 1 0 0 1 0
19 29 0 1 0 1 1 1
20 2 1 1 1 0 0 0
20 24 1 1 1 0 0 0
20 27 1 0 0 0 1 0
20 28 1 1 1 0 0 1
20 29 0 0 0 1 1 1
21 2 1 1 1 0 1 0
21 3 0 1 0 0 1 0
21 4 0 1 0 0 1 0
21 5 0 1 0 0 1 0
21 6 0 1 0 0 1 0
21 7 0 1 0 0 1 0
21 8 0 1 0 0 1 0
21 9 0 1 0 0 1 0
21 10 0 1 0 0 1 0
21 11 0 1 0 0 1 0
21 12 0 1 0 0 1 0
21 13 0 1 0 0 1 0
21 14 0 1 0 0 1 0
21 15 0 1 0 0 1 0
21 16 0 1 0 0 1 0
21 17 0 1 0 0 1 0
21 18 0 1 0 0 1 0
21 19 0 1 0 0 1 0
21 20 0 1 0 0 1 0
21 21 0 1 0 0 1 0
21 22 0 1 0 0 1 0
21 23 0 1 0 0 1 0
21 24 1 1 1 0 1 0
21 25 0 1 0 0 1 0
21 26 0 1 0 0 1 0
21 27 0 1 0 0 1 0
21 28 0 1 0 0 1 0
21 29 0 1 0 1 1 1
22 2 1 1 1 0 0 0
22 20 0 1 0 0 0 0
22 21 0 1 0 0 0 0
22 22 0 1 0 0 0 0
22 24 1 1 1 0 0 0
22 26 0 1 0 0 0 0
22 27 0 1 0 0 0 0
22 28 0 1 0 0 0 0
22 29 0 0 0 1 1 1
23 2 1 1 0 0 1 0
23 3 0 1 0 0 1 0
23 4 0 1 0 0 1 0
23 5 0 1 0 0 1 0
23 6 0 1 0 0 1 0
23 7 0 1 0 0 1 0
23 8 0 1 0 0 1 0
23 9 0 1 0 0 1 0
23 10 0 1 0 0 1 0
23 11 0 1 0 0 1 0
23 12 0 1 0 0 1 0
23 13 0 1 0 0 1 0
23 14 0 1 0 0 1 0
23 15 0 1 0 0 1 0
23 16 0 1 0 0 1 0
23 17 0 1 0 0 1 0
23 18 0 1 0 0 1 0
23 19 0 1 0 0 1 0
23 20 0 1 0 0 1 0
23 21 0 1 0 0 1 0
23 22 0 1 0 0 1 0
23 23 0 1 0 0 1 0
23 24 1 1 0 0 1 0
23 25 0 1 0 0 1 0
23 26 0 1 0 0 1 0
23 27 0 1 0 0 1 0
23 28 0 1 0 0 1 0
23 29 0 1 0 1 1 0
25 7 1 1 1 1 0 1
25 8 0 1 1 0 0 0
25 10 0 1 0 0 1 1
25 11 1 1 0 1 0 0
25 12 0 0 1 0 1 0
25 13 1 1 0 1 0 0
25 15 0 1 0 0 0 0
25 16 0 0 1 1 0 1
25 17 1 1 0 0 1 1
25 18 1 1 1 1 1 1
25 19 0 1 0 1 1 0
25 21 1 0 1 1 0 0
25 22 1 1 0 1 0 0
25 23 1 1 0 0 0 1
25 24 1 0 0 1 0 1
25 26 0 1 1 1 1 1
25 27 0 1 0 1 1 0
25 28 0 0 1 1 1 1
25 29 1 1 0 0 1 0
26 2 0 0 1 1 0 1
26 3 1 1 0 0 1 1
26 4 0 0 0 0 0 1
26 5 0 1 1 0 0 0
26 7 1 0 1 1 0 1
26 8 0 1 0 1 1 0
26 9 0 0 1 1 0 1
26 10 1 1 0 0 1 1
26 12 1 1 0 1 0 0
26 14 1 0 0 1 0 0
26 15 1 1 1 0 0 1
26 16 0 1 0 0 1 1
26 18 0 0 0 0 1 1
26 19 1 0 0 0 0 1
26 20 1 1 0 0 0 1
26 21 1 0 0 1 1 0
26 22 1 1 1 0 0 1
26 23 0 0 1 0 0 1
26 25 1 0 1 1 0 1
26 26 0 1 1 0 0 0
26 27 0 0 1 1 1 0
26 28 0 0 0 0 1 1
26 29 0 0 0 1 0 0
26 30 1 1 1 0 0 1
26 31 0 1 1 0 1 1
27 9 0 0 0 0 1 1
27 10 0 1 0 0 0 0
27 11 0 0 0 0 1 1
27 12 0 0 1 0 0 0
27 13 0 1 0 1 0 0
27 14 0 0 1 0 0 1
27 15 1 0 0 0 1 0
27 16 0 0 0 1 1 0
27 17 0 0 0 1 0 0
27 18 1 1 1 0 0 1
27 20 1 0 1 1 0 0
27 21 1 1 0 1 1 0
27 23 0 0 0 1 0 0
27 24 0 0 0 1 0 0
27 25 1 1 1 0 0 1
27 26 0 0 1 0 0 1
27 27 0 0 0 1 0 0
27 28 1 1 1 0 0 1
27 29 1 0 0 1 1 0
27 30 0 0 0 1 1 0
27 31 1 1 0 0 0 1
