0.30
60 82 112 134 165 187 217 238 268 292 320 342 372 393 424 445 475 497 526 548 579 600 630 650 682 703 733 757 785 806 837 859 888 908 941 962 993 1014 1044 1064 1095 1117 1149 1169 1199 1221 1251 1274 1304 1324 1351 1376 1406 1427 1459 1479 1506 1526 1553 1573 1600 1620 1648 1668
21 41 61 99 119 139 177 199 220 261 283 304 342 362 382 425 446 467 508 530 551 591 612 633 673 694 716 754 774 794 832 852 872 910 930 950 988 1008 1028 1066 1086 1106 1144 1164 1184 1222 1242 1262 1300 1320 1340 1378 1398 1418 1456 1476 1496 1534 1554 1574 1612 1632 1652 1690 1710 1730 1768 1788 1808 1846 1866 1886 1924 1944 1964 2002 2022 2042 2080 2100 2120 2158 2178 2198 2236 2256 2276
3 1 0 0 1 1 0 0
3 2 1 0 1 0 0 1
3 3 1 1 0 0 0 0
3 4 1 0 0 1 0 1
3 7 1 1 1 0 0 0
3 8 1 1 0 0 0 1
3 9 0 1 0 0 0 0
3 10 1 0 1 0 0 0
3 11 0 0 0 1 1 1
3 12 0 1 0 0 0 0
4 1 1 1 0 1 0 0
4 2 1 0 1 0 0 1
4 3 0 0 1 1 0 0
4 4 1 0 1 0 0 1
4 5 1 1 0 0 0 0
4 6 1 0 0 1 0 1
4 9 0 1 1 1 1 0
4 10 1 0 0 1 0 1
4 11 0 1 0 0 0 0
4 12 1 0 1 0 1 1
4 13 0 1 0 1 0 1
4 14 0 1 1 0 0 0
4 15 1 1 0 1 1 0
4 16 1 1 0 0 0 1
4 17 1 0 0 0 0 0
4 20 1 1 0 0 1 0
4 21 0 1 1 1 1 1
4 22 1 0 0 0 0 0
4 23 1 1 0 0 0 0
4 24 1 1 0 0 0 1
4 25 1 0 0 0 0 0
6 1 1 1 0 0 0 0
6 2 0 0 1 0 1 1
6 3 1 0 0 1 0 0
6 4 0 1 0 0 0 1
6 6 0 0 1 1 0 0
6 7 1 0 1 0 0 1
6 8 1 1 0 0 0 0
6 9 1 0 0 1 0 1
6 12 1 1 1 0 0 0
6 13 0 1 0 1 0 0
6 14 0 0 1 0 0 0
6 15 1 1 0 0 1 0
6 16 0 1 0 1 0 1
6 17 0 0 1 0 0 0
6 18 1 0 0 1 1 0
6 19 0 1 0 0 1 1
6 20 1 0 0 0 0 0
7 1 0 0 1 1 0 0
7 2 1 0 1 0 0 1
7 3 0 0 1 1 1 0
7 5 1 1 0 0 0 0
7 6 1 0 0 1 0 1
7 7 0 0 1 1 0 0
7 8 0 1 0 0 0 1
7 9 0 0 1 0 0 0
7 12 1 1 0 0 1 0
7 13 0 1 1 1 1 1
7 14 1 1 0 0 0 0
7 15 1 1 0 0 0 1
7 18 1 1 1 0 0 0
7 19 0 1 0 1 0 0
7 20 1 1 0 0 1 0
7 21 0 1 0 1 0 1
7 22 1 0 0 1 1 0
7 23 0 1 0 0 1 1
8 12 1 0 1 0 1 1
8 13 1 0 1 0 1 0
8 14 0 0 1 0 0 0
8 15 1 1 0 0 1 0
8 16 1 0 1 1 1 1
8 17 0 1 0 0 0 0
8 18 1 1 1 0 0 0
8 19 1 0 0 0 0 1
8 20 0 1 0 0 0 0
8 23 0 1 1 1 1 0
8 24 1 0 0 1 0 1
8 25 1 0 1 0 1 1
8 26 0 1 0 1 0 1
8 27 1 1 0 1 1 0
8 28 1 1 0 0 0 1
9 12 1 1 1 0 0 0
9 13 1 1 0 0 1 1
9 14 0 1 0 0 0 0
9 15 1 1 1 1 1 0
9 16 0 1 1 0 0 1
9 17 0 1 0 0 0 0
9 18 1 0 1 1 0 0
9 19 1 0 0 0 0 1
9 20 0 1 0 0 0 0
17 30 0 0 0 0 0 0
29 32 0 0 0 0 0 0
