0.10
54 69 98 119 150 171 201 223 253 274 305 327 357 379 409 430 460 482 512 534 564 585 616 638 668 689 720 741 772 793 823 845 875 896 927 948 979 1000 1030 1052 1082 1104 1135 1155 1186 1207 1238 1259 1290 1310 1341 1363 1393 1414 1445 1466 1496 1518 1549 1570 1600 1622 1652 1673
53 74 95 135 156 177 217 240 261 301 322 343 386 407 429 466 487 509 552 573 594 633 654 676 716 737 758 798 819 840 884 906 926 965 986 1007 1050 1072 1093 1131 1152 1173 1216 1238 1259 1298 1320 1341 1381 1403 1424 1464 1485 1506 1546 1568 1589 1630 1651 1672 1711 1733 1754 1795 1817 1838 1877 1900 1921 1961 1982 2003 2043 2065 2086 2129 2151 2172 2209 2231 2252 2292 2313 2334
3 27 0 1 0 0 1 1
3 28 0 0 0 1 0 1
3 29 1 0 0 0 1 1
4 3 0 1 0 0 0 0
4 4 1 0 1 1 0 0
4 5 0 1 0 1 1 0
4 6 0 0 0 0 1 0
4 7 1 0 0 0 0 1
4 9 1 1 0 0 0 1
4 10 1 1 0 0 1 1
4 11 1 0 0 0 1 0
4 13 0 1 1 1 0 0
4 15 1 0 1 1 0 1
4 16 0 1 0 1 1 0
4 17 0 0 1 1 0 1
4 18 1 1 0 0 1 1
4 20 1 1 0 1 0 0
4 22 0 0 1 1 0 1
4 23 0 1 1 1 0 0
4 24 0 0 1 1 1 1
4 25 0 1 0 1 1 0
4 27 0 0 0 0 1 1
4 28 1 0 0 1 0 0
4 29 1 0 0 0 1 0
5 4 0 1 0 0 0 0
5 5 1 0 1 1 0 0
5 6 0 1 0 1 1 0
5 7 1 0 1 0 0 1
5 8 0 0 0 1 0 1
5 9 0 1 1 0 1 1
5 10 0 1 1 1 0 0
5 12 0 1 1 1 0 0
5 14 1 0 1 1 0 1
5 15 0 1 0 1 1 0
5 16 0 0 1 1 0 1
5 17 1 1 0 0 1 1
5 19 1 1 0 1 0 0
5 21 0 0 1 1 0 1
5 22 0 1 1 1 0 0
5 23 0 0 1 1 1 1
5 24 0 1 0 1 1 0
5 26 1 0 0 0 1 0
5 27 0 0 0 1 1 1
5 28 1 0 0 0 1 0
5 29 0 0 0 1 1 0
5 30 0 0 1 1 1 1
5 31 1 0 0 1 1 0
6 4 0 1 1 0 1 1
6 5 1 0 0 0 0 1
6 6 0 0 1 1 0 0
6 7 0 1 0 1 1 0
6 9 0 0 1 0 1 0
6 10 1 0 0 1 0 1
6 11 0 1 1 0 0 1
6 12 0 1 1 1 0 0
6 14 0 1 1 1 0 0
6 16 1 0 1 1 0 1
6 17 0 1 0 1 1 0
6 18 0 0 1 1 0 1
6 19 1 1 0 0 1 1
6 21 1 1 0 1 0 0
6 23 0 0 1 1 0 1
6 24 0 1 1 1 0 0
6 25 0 0 1 1 1 1
6 26 0 1 0 1 1 0
6 28 0 0 0 0 1 1
6 29 1 0 0 1 0 0
6 30 0 0 0 0 1 1
6 31 0 1 0 1 1 1
7 3 0 0 1 1 0 1
7 4 1 1 0 0 1 1
7 6 1 1 0 1 0 0
7 8 0 0 1 1 0 1
7 9 0 1 1 1 0 0
7 10 0 0 1 1 1 1
7 11 0 1 0 1 1 0
7 13 0 0 1 0 1 0
7 14 1 1 0 1 1 0
7 15 1 0 0 0 1 0
7 17 1 1 1 1 1 1
7 18 0 1 0 1 1 0
7 20 1 0 1 1 0 1
7 21 0 1 1 0 0 1
7 22 0 1 1 1 0 1
7 24 0 0 1 0 1 1
7 25 1 1 0 1 1 1
7 26 0 1 1 0 1 0
7 27 1 1 0 0 1 1
7 28 0 0 0 0 0 1
7 29 0 1 0 0 0 0
7 30 0 0 1 0 1 0
7 31 1 1 0 1 0 1
8 27 0 0 0 0 0 1
8 28 0 1 0 0 0 0
8 29 1 0 1 1 0 1
8 30 0 1 0 1 1 0
8 31 0 0 1 0 0 1
10 2 0 1 1 0 1 0
10 3 0 1 0 0 1 0
10 4 0 1 0 0 1 0
10 5 0 1 0 0 1 0
10 6 0 1 0 0 1 0
10 7 0 1 0 0 1 0
10 8 0 1 0 0 1 0
10 9 0 1 0 0 1 0
10 10 0 1 0 0 1 0
10 11 0 1 0 0 1 0
10 12 0 1 0 0 1 0
10 13 0 1 0 0 1 0
10 14 0 1 0 0 1 0
10 15 0 1 0 0 1 0
10 16 0 1 0 0 1 0
10 17 0 1 0 0 1 0
10 18 0 1 0 0 1 0
10 19 0 1 0 0 1 0
10 20 0 1 0 0 1 0
10 21 0 1 0 0 1 0
10 22 0 1 0 0 1 0
10 23 0 1 0 0 1 0
10 24 0 1 0 0 1 0
10 25 0 1 0 0 1 0
10 26 0 1 0 0 1 0
10 27 0 1 0 0 1 0
10 28 0 1 0 0 1 0
10 29 0 1 0 0 1 0
10 30 0 1 0 0 1 0
10 31 0 1 0 0 1 1
11 2 1 1 1 0 0 0
11 4 0 0 1 1 0 0
11 5 0 1 0 1 1 0
11 6 0 0 1 1 0 1
11 7 0 1 1 1 0 0
11 9 0 1 1 1 0 0
11 11 1 0 0 0 0 1
11 12 0 0 1 1 0 0
11 13 0 1 0 1 1 0
11 15 0 1 0 0 1 0
11 16 0 0 0 1 1 1
11 17 0 1 0 0 1 1
11 18 1 1 0 0 1 1
11 20 1 0 1 1 0 1
11 21 0 1 0 1 1 0
11 22 0 0 1 1 0 1
11 23 1 1 0 0 1 1
11 25 0 0 1 0 1 0
11 26 0 1 0 1 1 0
11 27 0 1 0 1 0 0
11 28 1 1 0 1 1 0
11 31 0 0 0 1 1 1
12 2 1 1 1 0 0 0
12 6 0 0 1 0 1 1
12 7 1 0 0 1 1 0
12 9 1 1 0 0 0 1
12 10 0 1 1 0 1 0
12 11 1 0 0 0 0 1
12 13 1 1 0 1 0 0
12 15 0 0 1 1 0 1
12 16 0 1 1 1 0 0
12 17 0 0 1 1 1 1
12 18 0 1 0 1 1 0
12 20 0 1 1 1 1 0
12 21 1 1 0 1 1 0
12 22 1 0 1 1 0 0
12 24 0 0 1 0 1 0
12 25 1 1 0 1 0 0
12 27 0 0 1 0 1 0
12 28 0 1 0 1 1 0
12 29 0 1 0 1 0 0
12 30 1 1 0 1 1 0
12 31 0 0 0 1 1 1
13 2 1 1 1 0 0 0
13 3 1 0 0 1 0 0
13 4 0 0 0 0 1 1
13 5 0 1 0 1 1 1
13 7 1 1 0 1 0 0
13 9 0 0 1 1 1 1
13 10 1 1 0 1 0 0
13 11 1 0 1 1 0 0
13 12 1 1 0 1 1 0
13 14 1 1 1 0 1 0
13 15 0 1 1 1 0 1
13 17 0 1 1 0 1 0
13 18 1 0 0 1 0 0
13 20 1 0 1 1 0 1
13 21 1 1 0 1 1 0
13 23 0 1 1 0 0 1
13 24 1 0 0 1 0 1
13 25 0 1 0 1 0 1
13 26 0 0 0 0 1 1
13 27 0 1 0 0 0 0
13 28 0 1 0 0 0 1
13 29 1 0 0 1 1 0
13 30 0 0 1 0 0 1
13 31 0 0 0 1 1 1
14 2 1 1 1 0 0 0
14 5 0 1 0 0 1 0
14 6 0 0 0 1 1 1
14 7 0 1 0 0 1 1
14 8 1 1 0 0 1 1
14 10 0 0 1 0 1 0
14 11 1 1 0 1 0 0
14 13 0 0 1 1 0 1
14 14 1 1 0 0 1 0
14 15 0 1 1 0 0 1
14 16 0 1 1 1 0 0
14 18 0 0 1 1 0 1
14 19 0 0 0 1 1 0
14 20 0 0 1 1 0 1
14 21 1 0 0 0 0 1
14 23 0 1 1 1 0 0
14 24 1 0 1 0 1 0
14 25 0 0 0 1 0 1
14 27 0 0 1 1 0 1
14 28 0 1 1 1 0 0
14 29 0 0 1 1 1 1
14 30 0 1 0 1 1 0
14 31 0 0 0 1 1 1
15 2 1 1 1 0 0 0
15 8 0 0 1 0 1 0
15 9 0 1 0 1 1 0
15 11 1 0 1 1 0 1
15 12 0 1 0 1 1 0
15 13 0 0 1 1 0 1
15 14 1 1 0 0 1 1
15 16 1 1 0 1 0 0
15 18 0 0 1 1 0 1
15 19 0 1 1 1 0 0
15 20 0 0 1 1 1 1
15 21 0 1 0 1 1 0
15 23 0 0 0 0 1 1
15 24 1 0 0 1 0 0
15 25 0 0 0 0 1 1
15 26 0 1 0 1 1 1
15 28 0 0 1 1 1 1
15 29 0 0 0 1 1 0
15 30 1 0 0 0 1 0
15 31 0 0 0 1 1 1
16 2 1 1 1 0 0 0
16 26 0 0 0 0 1 1
16 27 0 1 0 0 0 0
16 28 1 0 0 0 0 1
16 29 0 0 1 1 0 0
16 30 0 1 0 1 1 0
16 31 0 0 0 1 1 1
17 2 1 1 0 0 1 0
17 3 0 1 0 0 1 0
17 4 0 1 0 0 1 0
17 5 0 1 0 0 1 0
17 6 0 1 0 0 1 0
17 7 0 1 0 0 1 0
17 8 0 1 0 0 1 0
17 9 0 1 0 0 1 0
17 10 0 1 0 0 1 0
17 11 0 1 0 0 1 0
17 12 0 1 0 0 1 0
17 13 0 1 0 0 1 0
17 14 0 1 0 0 1 0
17 15 0 1 0 0 1 0
17 16 0 1 0 0 1 0
17 17 0 1 0 0 1 0
17 18 0 1 0 0 1 0
17 19 0 1 0 0 1 0
17 20 0 1 0 0 1 0
17 21 0 1 0 0 1 0
17 22 0 1 0 0 1 0
17 23 0 1 0 0 1 0
17 24 0 1 0 0 1 0
17 25 0 1 0 0 1 0
17 26 0 1 0 0 1 0
17 27 0 1 0 0 1 0
17 28 0 1 0 0 1 0
17 29 0 1 0 0 1 0
17 30 0 1 0 0 1 0
17 31 0 1 0 1 1 0
19 3 0 0 0 0 1 1
19 4 1 0 0 1 0 0
19 5 0 0 0 0 1 1
19 6 0 1 0 1 1 1
19 8 1 1 0 1 0 0
19 10 0 0 1 1 1 1
19 11 1 1 0 1 0 0
19 12 1 0 1 1 0 0
19 13 1 1 0 1 1 0
19 15 1 1 1 0 1 0
19 16 0 1 1 1 0 1
19 18 1 1 1 1 1 1
19 19 0 1 0 1 1 0
19 21 1 0 1 0 1 0
19 22 0 0 0 1 1 1
19 24 1 0 1 1 0 0
19 25 0 1 0 1 1 0
19 27 0 1 1 0 0 1
19 28 1 0 0 1 0 1
19 29 0 1 0 1 0 1
20 10 0 0 0 0 1 1
20 11 0 1 0 0 0 0
20 12 1 0 1 1 0 1
20 13 0 1 0 1 1 0
20 14 0 0 1 1 0 1
20 15 1 1 0 0 1 1
20 17 1 1 0 1 0 0
20 19 0 0 0 0 1 1
20 20 1 0 0 0 0 1
20 21 1 0 1 1 0 1
20 22 0 1 1 0 0 0
20 23 0 1 1 0 1 1
20 25 1 1 1 1 0 1
20 26 0 1 1 0 0 0
20 28 0 0 1 1 0 1
20 29 0 1 1 1 0 0
20 30 0 0 1 1 1 1
20 31 0 1 0 1 1 0
21 2 1 0 0 0 1 0
21 3 0 0 1 0 1 0
21 4 0 0 0 1 0 1
21 6 1 0 1 1 0 1
21 7 0 1 1 0 0 0
21 9 1 0 1 1 0 1
21 10 0 0 0 1 1 1
21 11 1 0 1 1 0 0
21 12 0 0 0 1 1 0
21 13 0 0 0 0 1 1
21 14 0 1 1 1 0 1
21 16 0 1 1 0 1 0
21 17 1 0 0 0 0 1
21 19 0 0 0 0 1 1
21 20 1 0 0 0 0 1
21 21 1 0 1 1 0 1
21 22 0 1 1 0 0 0
21 23 0 1 1 0 1 1
21 25 1 1 1 1 0 1
21 26 0 1 1 0 0 0
21 28 1 0 1 0 1 0
21 29 0 1 1 1 0 1
22 2 0 0 1 1 0 0
22 3 1 1 1 0 1 0
22 4 1 1 0 1 0 0
22 6 0 0 1 1 0 1
22 7 0 1 1 1 0 1
22 8 1 0 0 0 1 0
22 9 1 1 0 1 1 0
22 11 0 0 0 0 1 1
22 12 0 1 1 1 0 0
22 13 1 1 0 0 0 1
22 14 0 0 0 1 1 0
22 16 1 1 0 0 0 1
22 17 0 0 0 1 1 0
22 18 0 1 0 1 0 0
22 19 0 0 0 1 1 1
22 21 0 1 0 0 0 0
22 22 0 0 1 1 0 1
22 23 0 1 1 1 0 0
22 24 0 0 0 0 1 0
22 25 0 1 1 1 0 0
22 27 1 0 0 0 1 0
22 28 0 1 1 0 0 1
22 29 1 1 0 0 1 0
22 31 0 1 1 1 0 0
23 20 0 0 1 0 0 1
23 21 0 0 0 0 1 1
23 22 0 0 1 0 0 0
23 23 1 1 0 0 0 1
23 24 0 0 0 1 1 0
23 25 1 0 1 1 0 0
23 26 1 1 0 0 1 1
23 27 0 0 0 0 0 1
23 28 0 1 1 0 0 0
23 30 1 0 0 0 0 1
23 31 0 0 1 0 0 1
25 15 0 1 1 0 1 0
25 16 0 1 0 0 1 0
25 17 0 1 0 0 1 0
25 18 0 1 0 0 1 0
25 19 0 1 0 0 1 0
25 20 0 1 0 0 1 0
25 21 0 1 0 0 1 0
25 22 0 1 0 0 1 0
25 23 0 1 0 0 1 0
25 24 0 1 1 0 1 0
25 25 0 1 0 0 1 0
25 26 0 1 0 0 1 0
25 27 0 1 0 0 1 0
25 28 0 1 0 0 1 0
25 29 0 1 0 0 1 1
26 15 1 1 1 0 0 0
26 16 0 0 0 0 1 1
26 17 1 0 0 0 0 1
26 18 1 0 1 1 0 1
26 19 0 1 1 0 0 0
26 20 0 1 1 0 1 1
26 22 1 1 1 1 0 1
26 23 0 1 1 0 0 0
26 24 1 1 1 0 0 0
26 27 1 0 1 1 0 1
26 28 0 1 1 0 0 0
26 29 0 0 0 1 1 1
27 15 1 1 1 0 1 0
27 16 0 1 0 0 1 0
27 17 0 1 0 0 1 0
27 18 0 1 0 0 1 0
27 19 0 1 0 0 1 0
27 20 0 1 0 0 1 0
27 21 0 1 0 0 1 0
27 22 0 1 0 0 1 0
27 23 0 1 0 0 1 0
27 24 1 1 1 0 1 0
27 25 0 1 0 0 1 0
27 26 0 1 0 0 1 0
27 27 0 1 0 0 1 0
27 28 0 1 0 0 1 0
27 29 0 1 0 1 1 1
