0.10
23 44 74 96 127 148 178 200 230 252 282 303 333 355 385 407 437 459 489 511 541 563 593 614 645 666 697 718 748 769 800 821 851 873 903 924 955 976 1007 1028 1059 1080 1111 1132 1162 1184 1214 1236 1266 1288 1318 1339 1369 1391 1422 1443 1473 1494 1525 1547 1577 1599 1629 1650
47 68 89 130 152 173 212 234 255 298 320 341 378 399 420 464 485 506 545 567 588 631 653 674 710 731 752 796 817 838 877 899 920 963 984 1006 1047 1068 1089 1130 1149 1168 1209 1231 1252 1293 1315 1336 1376 1397 1418 1459 1481 1502 1543 1564 1585 1626 1647 1668 1708 1730 1751 1790 1811 1833 1876 1897 1919 1957 1978 1999 2043 2064 2085 2126 2147 2168 2207 2228 2248 2289 2304 2325
2 26 0 1 0 0 0 1
2 27 1 1 0 1 0 1
2 28 1 1 1 0 1 0
2 29 1 1 0 1 1 0
3 2 0 1 0 0 1 1
3 3 1 0 0 1 1 1
3 5 0 1 1 1 1 0
3 6 0 0 0 1 0 1
3 8 0 0 1 0 1 1
3 9 1 0 0 1 1 0
3 10 1 0 1 0 1 1
3 11 0 0 0 1 1 1
3 13 1 1 1 1 0 0
3 15 1 0 0 0 1 0
3 16 0 0 1 0 1 0
3 17 0 0 0 1 0 1
3 19 0 1 1 0 0 1
3 20 1 0 0 1 0 1
3 21 0 1 0 1 0 1
3 23 0 1 0 0 0 0
3 24 0 0 1 0 1 0
3 25 1 1 0 1 0 0
3 27 0 0 1 1 1 1
3 28 0 0 0 1 1 0
3 29 1 0 0 0 1 0
4 5 0 0 1 0 0 0
4 6 0 0 0 1 0 0
4 7 0 1 1 0 0 0
4 8 0 0 0 0 0 1
4 9 0 1 1 0 0 0
4 11 1 0 0 1 0 0
4 12 0 1 0 0 1 1
4 14 1 0 1 1 0 1
4 15 0 0 0 1 1 0
4 16 0 1 0 0 1 1
4 18 0 0 0 0 1 1
4 19 1 0 0 0 0 1
4 20 1 0 1 1 0 1
4 21 0 0 0 1 0 0
4 22 0 1 1 0 0 0
4 23 0 1 1 0 1 1
4 25 1 1 1 1 0 1
4 26 0 1 1 0 0 0
4 28 1 0 1 1 0 0
4 29 0 1 0 1 1 0
4 30 0 0 1 1 0 1
4 31 0 0 1 0 0 1
5 8 0 0 0 0 1 1
5 9 0 1 0 0 0 0
5 10 0 1 1 1 1 1
5 11 1 0 0 0 0 1
5 12 0 1 1 0 0 1
5 13 1 1 0 1 1 1
5 14 1 1 1 0 1 0
5 15 1 1 0 1 0 0
5 17 1 0 1 0 0 1
5 19 1 0 1 1 0 0
5 20 1 1 0 1 0 0
5 21 0 0 1 1 0 0
5 22 1 1 0 1 0 0
5 24 1 1 0 1 0 0
5 26 0 0 0 0 1 1
5 27 0 0 1 0 0 0
5 28 1 1 0 0 1 0
5 29 1 1 1 0 0 1
5 30 0 1 1 0 1 1
5 31 1 0 0 0 0 0
6 6 1 0 1 1 0 1
6 7 0 0 1 1 1 0
6 8 0 0 0 1 0 0
6 9 0 1 1 0 0 0
6 10 0 1 1 0 1 1
6 12 1 0 0 1 0 0
6 13 0 1 0 0 1 1
6 15 1 0 1 1 0 1
6 16 0 0 0 1 1 0
6 17 0 1 0 0 1 1
6 19 0 0 0 0 1 1
6 20 1 0 0 0 0 1
6 21 1 0 1 1 0 1
6 22 0 0 0 1 0 0
6 23 0 1 1 0 0 0
6 24 0 1 1 0 1 1
6 26 1 1 1 1 0 1
6 27 0 1 1 0 0 0
7 7 0 0 0 0 1 1
7 8 1 0 0 0 0 1
7 9 0 0 0 1 1 0
7 10 0 0 1 0 0 1
7 12 1 0 0 1 0 0
7 13 0 0 0 1 0 0
7 14 0 1 1 0 0 0
7 15 1 1 0 1 0 0
7 16 1 1 1 0 0 1
7 17 0 0 0 0 1 1
7 18 0 1 0 0 1 1
7 20 0 0 0 0 1 1
7 21 1 0 0 0 0 1
7 22 1 1 0 0 0 1
7 23 0 0 0 1 0 0
7 24 0 1 1 0 0 0
7 25 0 0 0 1 1 0
7 26 1 1 1 0 0 1
7 27 0 1 1 1 1 0
7 28 0 0 0 1 1 0
7 29 0 1 0 0 1 1
8 23 0 1 0 0 0 0
8 24 0 1 1 0 0 0
8 25 0 0 0 1 0 0
8 26 0 1 1 0 0 0
8 27 1 1 0 1 0 0
8 28 1 1 1 0 0 1
8 29 0 1 1 1 1 0
9 2 1 0 0 1 0 0
9 3 0 1 0 0 1 1
9 5 1 0 1 1 0 1
9 6 0 0 0 1 1 0
9 7 0 1 0 0 1 1
9 9 0 0 0 0 1 1
9 10 1 0 0 0 0 1
9 11 1 0 1 1 0 1
9 12 0 0 0 1 0 0
9 13 0 1 1 0 0 0
9 14 0 1 1 0 1 1
9 16 1 1 1 1 0 1
9 17 0 1 1 0 0 0
9 19 1 0 1 1 0 0
9 20 0 1 0 1 1 0
9 21 0 0 1 1 0 1
9 22 0 1 0 0 1 1
9 23 1 0 0 1 1 1
9 25 0 1 0 0 0 0
9 26 0 0 0 0 0 1
9 27 1 0 0 1 0 0
9 28 0 0 0 1 0 0
9 29 0 0 1 1 1 0
10 3 0 0 1 1 0 0
10 4 1 1 0 1 0 0
10 6 0 1 0 0 0 0
10 7 0 1 1 0 0 0
10 8 0 0 0 1 0 0
10 9 0 1 1 0 0 0
10 10 0 0 0 1 1 0
10 11 1 1 1 0 0 1
10 12 0 1 1 1 1 0
10 13 0 0 0 1 1 0
10 14 0 1 1 0 0 0
10 15 0 0 0 0 1 1
10 16 0 0 1 0 0 1
10 17 0 1 1 0 1 1
10 19 1 0 1 1 0 1
10 20 0 1 1 0 0 0
10 22 0 1 1 1 0 0
10 24 0 1 1 1 1 1
10 25 1 0 0 0 0 1
10 26 0 1 1 0 0 1
10 27 1 1 0 1 1 1
10 28 1 1 1 0 1 0
10 29 1 1 0 1 0 0
10 31 1 1 0 1 0 0
11 2 1 0 0 1 0 0
11 3 0 0 0 1 0 0
11 4 0 1 1 0 0 0
11 5 1 1 0 1 0 0
11 6 1 1 1 0 0 1
11 7 0 0 0 0 1 1
11 9 0 1 0 0 0 0
11 10 0 1 1 0 0 0
11 11 0 0 0 1 0 0
11 12 0 1 1 0 0 0
11 13 0 0 0 1 1 0
11 14 1 1 1 0 0 1
11 15 0 1 1 1 1 0
11 16 0 0 0 1 1 0
11 17 0 1 1 0 0 0
11 18 0 0 0 0 1 1
11 19 0 0 1 0 0 1
11 20 0 0 1 1 1 0
11 22 0 1 1 1 0 0
11 24 1 1 0 0 0 1
11 25 0 0 0 1 1 0
11 26 0 1 0 1 0 1
11 27 0 1 1 1 0 1
11 29 1 0 1 1 0 0
11 30 1 1 0 1 0 0
11 31 0 0 1 0 0 1
12 18 0 0 0 0 1 1
12 19 0 1 0 0 0 0
12 20 1 1 0 0 0 1
12 21 0 1 1 0 0 0
12 22 0 0 0 1 0 0
12 23 0 1 1 0 0 0
12 24 1 1 0 1 0 0
12 25 1 1 1 0 0 1
12 26 0 1 1 1 1 0
12 28 0 0 0 0 1 1
12 29 1 0 0 0 0 1
12 30 0 0 0 1 1 0
12 31 0 0 1 0 0 1
14 2 0 1 1 0 1 0
14 3 0 1 0 0 1 0
14 4 0 1 0 0 1 0
14 5 0 1 0 0 1 0
14 6 0 1 0 0 1 0
14 7 0 1 0 0 1 0
14 8 0 1 0 0 1 0
14 9 0 1 0 0 1 0
14 10 0 1 0 0 1 0
14 11 0 1 0 0 1 0
14 12 0 1 0 0 1 0
14 13 0 1 0 0 1 0
14 14 0 1 0 0 1 0
14 15 0 1 0 0 1 0
14 16 0 1 0 0 1 0
14 17 0 1 0 0 1 0
14 18 0 1 0 0 1 0
14 19 0 1 0 0 1 0
14 20 0 1 0 0 1 0
14 21 0 1 0 0 1 0
14 22 0 1 0 0 1 0
14 23 0 1 0 0 1 0
14 24 0 1 0 0 1 0
14 25 0 1 0 0 1 0
14 26 0 1 0 0 1 0
14 27 0 1 0 0 1 0
14 28 0 1 0 0 1 0
14 29 0 1 0 0 1 0
14 30 0 1 0 0 1 0
14 31 0 1 0 0 1 1
15 2 1 1 1 0 0 0
15 4 1 1 1 0 1 0
15 5 1 1 0 1 0 0
15 7 1 0 1 0 0 1
15 9 0 0 1 1 0 0
15 10 1 1 0 1 0 0
15 11 0 0 1 1 0 0
15 12 1 1 0 1 0 0
15 14 1 0 1 1 0 0
15 15 0 1 0 0 1 0
15 16 0 0 1 1 0 1
15 17 0 1 0 0 1 1
15 18 1 0 0 1 1 1
15 20 0 0 1 1 0 0
15 21 1 1 0 1 0 0
15 22 0 1 1 0 1 1
15 23 0 0 0 1 0 1
15 25 0 1 1 1 0 0
15 27 0 0 1 0 1 0
15 28 1 0 0 0 0 1
15 31 0 0 0 1 1 1
16 2 1 1 0 0 0 0
16 3 0 0 0 0 1 1
16 4 0 1 1 1 0 0
16 5 0 1 1 0 1 0
16 6 1 1 0 1 1 0
16 8 0 1 0 1 0 1
16 9 0 0 1 0 1 1
16 10 1 0 0 0 0 1
16 12 0 1 1 1 1 0
16 13 0 0 0 1 0 1
16 14 1 1 0 0 0 1
16 15 0 0 1 1 0 1
16 16 0 0 0 1 1 0
16 18 0 1 0 0 0 0
16 19 0 0 0 0 1 1
16 20 0 1 1 1 0 0
16 21 0 1 1 0 1 0
16 22 1 1 0 1 1 0
16 24 1 1 0 1 0 0
16 26 0 1 1 1 1 1
16 27 1 0 0 0 0 1
16 28 0 1 1 0 0 1
16 29 1 1 0 1 1 1
16 30 0 0 1 0 0 1
16 31 0 0 0 1 1 1
17 2 1 1 1 0 0 0
17 8 0 0 0 0 1 1
17 9 0 1 0 0 0 0
17 10 0 0 0 0 1 1
17 11 0 1 1 1 0 0
17 12 0 1 1 0 1 0
17 13 1 1 0 1 1 0
17 15 1 0 0 0 1 0
17 16 1 0 0 0 1 0
17 17 1 1 0 1 1 0
17 19 0 0 1 0 1 0
17 20 0 1 0 1 1 0
17 22 1 1 1 0 0 1
17 23 1 1 0 1 1 1
17 24 0 1 0 1 0 1
17 25 1 1 0 1 1 0
17 27 0 1 0 0 1 1
17 28 1 1 0 1 0 0
17 29 1 1 1 0 1 0
17 30 1 1 0 0 1 1
17 31 0 0 0 1 1 1
18 2 1 1 0 0 1 0
18 3 0 1 0 0 1 0
18 4 0 1 0 0 1 0
18 5 0 1 0 0 1 0
18 6 0 1 0 0 1 0
18 7 0 1 0 0 1 0
18 8 0 1 0 0 1 0
18 9 0 1 0 0 1 0
18 10 0 1 0 0 1 0
18 11 0 1 0 0 1 0
18 12 0 1 0 0 1 0
18 13 0 1 0 0 1 0
18 14 0 1 0 0 1 0
18 15 0 1 0 0 1 0
18 16 0 1 0 0 1 0
18 17 0 1 0 0 1 0
18 18 0 1 0 0 1 0
18 19 0 1 0 0 1 0
18 20 0 1 0 0 1 0
18 21 0 1 0 0 1 0
18 22 0 1 0 0 1 0
18 23 0 1 0 0 1 0
18 24 0 1 0 0 1 0
18 25 0 1 0 0 1 0
18 26 0 1 0 0 1 0
18 27 0 1 0 0 1 0
18 28 0 1 0 0 1 0
18 29 0 1 0 0 1 0
18 30 0 1 0 0 1 0
18 31 0 1 0 1 1 0
20 26 0 1 1 1 1 0
20 27 1 1 0 1 1 0
20 28 0 0 1 1 1 1
20 29 1 1 0 0 1 1
21 2 1 0 1 0 0 1
21 3 1 1 0 1 1 0
21 5 1 1 1 0 0 1
21 6 1 1 0 1 1 1
21 7 1 1 1 0 1 0
21 9 0 1 0 0 0 1
21 10 0 0 0 1 1 0
21 11 0 0 0 0 1 0
21 12 0 0 0 1 1 1
21 14 1 1 0 1 0 0
21 16 1 0 0 1 0 1
21 17 0 1 1 0 0 0
21 18 1 1 0 0 1 0
21 19 1 0 0 1 1 0
21 20 1 1 1 0 0 1
21 22 1 1 1 0 1 0
21 24 0 0 1 0 1 1
21 25 1 1 0 1 1 1
21 26 0 1 1 0 1 0
21 27 0 1 1 1 0 1
21 29 1 1 1 1 0 0
22 2 0 0 0 1 0 0
22 3 0 1 0 1 1 0
22 4 1 0 1 0 0 1
22 5 1 1 0 1 1 0
22 7 1 1 1 0 1 0
22 8 1 0 0 0 1 1
22 10 1 0 0 0 1 1
22 11 0 0 1 0 0 0
22 13 1 0 0 0 1 0
22 14 1 1 0 1 1 0
22 15 1 0 1 1 0 0
22 16 1 0 0 1 0 1
22 18 0 0 1 1 0 0
22 19 0 1 0 1 1 0
22 20 1 0 1 0 0 1
22 21 0 1 0 1 1 0
22 23 0 1 0 0 0 0
22 24 1 0 0 0 1 0
22 25 1 1 0 1 0 0
22 26 0 0 1 0 1 1
22 27 1 1 0 1 1 1
22 29 0 0 1 1 0 0
22 30 0 1 0 1 1 0
22 31 0 0 1 0 0 1
23 2 0 0 0 1 1 1
23 3 0 1 1 0 0 0
23 5 0 0 1 0 1 1
23 6 1 1 0 1 0 0
23 7 0 0 0 0 1 1
23 8 0 1 0 0 0 0
23 9 1 1 1 1 1 1
23 10 0 1 0 1 1 0
23 11 1 0 1 1 0 0
23 12 0 0 0 1 1 0
23 14 0 1 0 1 1 1
23 16 1 1 1 1 1 1
23 17 0 1 0 1 1 0
23 18 1 0 1 1 0 0
23 19 0 0 0 1 1 0
23 21 1 1 0 1 0 0
23 23 0 0 0 1 1 1
23 24 0 1 1 0 0 0
23 26 0 0 1 0 1 1
23 27 1 1 0 1 1 1
23 29 1 0 1 1 0 0
23 30 0 0 0 1 1 0
23 31 1 0 0 0 1 0
24 4 1 1 1 0 1 0
24 5 0 1 1 1 0 1
24 7 1 0 0 0 1 1
24 8 0 0 1 0 0 0
24 10 1 0 0 0 1 0
24 11 1 1 0 1 1 0
24 12 1 0 1 1 0 0
24 13 1 0 0 1 0 1
24 15 1 1 0 1 0 0
24 17 1 0 0 0 1 0
24 18 1 1 0 1 0 0
24 19 0 0 1 0 1 1
24 20 1 1 0 1 1 1
24 22 0 1 0 0 0 0
24 23 0 0 0 0 1 0
24 24 0 1 1 1 0 0
24 26 0 1 0 0 1 1
24 27 0 1 1 1 0 0
24 28 0 1 0 1 0 1
24 29 1 1 0 1 0 0
24 31 0 1 1 1 0 0
25 27 0 0 0 0 0 1
25 28 0 1 0 0 0 0
25 29 0 1 0 0 0 1
25 30 1 1 0 1 0 0
25 31 0 0 1 0 0 1
27 2 1 0 0 1 0 0
27 3 0 0 0 1 1 0
27 4 1 1 1 0 0 1
