0.40
29 50 80 101 132 153 184 205 236 257 287 309 339 361 391 412 443 464 495 516 547 568 598 619 650 671 701 723 753 775 805 827 857 878 909 931 961 982 1012 1034 1064 1086 1117 1138 1168 1189 1219 1242 1271 1293 1323 1345 1375 1396 1427 1449 1479 1500 1531 1553 1583 1604 1634 1655 1685 1706
87 108 129 169 189 211 249 270 291 335 356 377 415 435 457 499 522 543 581 601 623 666 688 709 745 766 789 832 853 875 912 933 956 997 1018 1039 1074 1095 1118 1162 1182 1203 1244 1261 1285 1324 1345 1367 1407 1425 1446 1486 1507 1528 1567 1588 1609 1648 1670 1690 1731 1753 1774 1814 1836 1857 1897 1919 1939 1978 1999 2020 2063 2085 2105 2146 2167 2187 2227 2248 2269
2 2 1 1 1 0 0 0
2 15 1 1 1 0 0 0
2 27 1 1 1 0 0 0
2 28 1 0 0 1 0 0
2 29 1 1 1 0 0 1
2 30 0 0 1 0 0 1
2 31 0 0 0 1 1 1
3 2 1 1 1 0 1 0
3 3 0 1 0 0 1 0
3 4 0 1 0 0 1 0
3 5 0 1 0 0 1 0
3 6 0 1 0 0 1 0
3 7 0 1 0 0 1 0
3 8 0 1 0 0 1 0
3 9 0 1 0 0 1 0
3 10 0 1 0 0 1 0
3 11 0 1 0 0 1 0
3 12 0 1 0 0 1 0
3 13 0 1 0 0 1 0
3 14 0 1 0 0 1 0
3 15 1 1 1 0 1 0
3 16 0 1 0 0 1 0
3 17 0 1 0 0 1 0
3 18 0 1 0 0 1 0
3 19 0 1 0 0 1 0
3 20 0 1 0 0 1 0
3 21 0 1 0 0 1 0
3 22 0 1 0 0 1 0
3 23 0 1 0 0 1 0
3 24 0 1 0 0 1 0
3 25 0 1 0 0 1 0
3 26 0 1 0 0 1 0
3 27 1 1 1 0 1 0
3 28 0 1 0 0 1 0
3 29 0 1 0 0 1 0
3 30 0 1 0 0 1 0
3 31 0 1 0 1 1 1
4 2 1 1 1 0 0 0
4 15 1 1 1 0 0 0
4 27 1 1 1 0 0 0
4 28 0 0 0 1 1 0
4 29 1 1 1 0 0 1
4 30 0 0 1 0 0 1
4 31 0 0 0 1 1 1
5 2 1 1 1 0 1 0
5 3 0 1 0 0 1 0
5 4 0 1 0 0 1 0
5 5 0 1 0 0 1 0
5 6 0 1 0 0 1 0
5 7 0 1 0 0 1 0
5 8 0 1 0 0 1 0
5 9 0 1 0 0 1 0
5 10 0 1 0 0 1 0
5 11 0 1 0 0 1 0
5 12 0 1 0 0 1 0
5 13 0 1 0 0 1 0
5 14 0 1 0 0 1 0
5 15 1 1 1 0 1 0
5 16 0 1 0 0 1 0
5 17 0 1 0 0 1 0
5 18 0 1 0 0 1 0
5 19 0 1 0 0 1 0
5 20 0 1 0 0 1 0
5 21 0 1 0 0 1 0
5 22 0 1 0 0 1 0
5 23 0 1 0 0 1 0
5 24 0 1 0 0 1 0
5 25 0 1 0 0 1 0
5 26 0 1 0 0 1 0
5 27 1 1 1 0 1 0
5 28 0 1 0 0 1 0
5 29 0 1 0 0 1 0
5 30 0 1 0 0 1 0
5 31 0 1 0 1 1 1
6 2 1 1 1 0 0 0
6 15 1 1 1 0 0 0
6 27 1 1 1 0 0 0
6 28 0 0 0 1 0 0
6 29 1 1 1 0 0 1
6 30 0 0 1 0 0 1
6 31 0 0 0 1 1 1
7 2 1 1 1 0 1 0
7 3 0 1 0 0 1 0
7 4 0 1 0 0 1 0
7 5 0 1 0 0 1 0
7 6 0 1 0 0 1 0
7 7 0 1 0 0 1 0
7 8 0 1 0 0 1 0
7 9 0 1 0 0 1 0
7 10 0 1 0 0 1 0
7 11 0 1 0 0 1 0
7 12 0 1 0 0 1 0
7 13 0 1 0 0 1 0
7 14 0 1 0 0 1 0
7 15 1 1 1 0 1 0
7 16 0 1 0 0 1 0
7 17 0 1 0 0 1 0
7 18 0 1 0 0 1 0
7 19 0 1 0 0 1 0
7 20 0 1 0 0 1 0
7 21 0 1 0 0 1 0
7 22 0 1 0 0 1 0
7 23 0 1 0 0 1 0
7 24 0 1 0 0 1 0
7 25 0 1 0 0 1 0
7 26 0 1 0 0 1 0
7 27 1 1 1 0 1 0
7 28 0 1 0 0 1 0
7 29 0 1 0 0 1 0
7 30 0 1 0 0 1 0
7 31 0 1 0 1 1 1
8 2 1 1 1 0 0 0
8 15 1 1 1 0 0 0
8 27 1 1 1 0 0 0
8 29 1 1 0 0 1 0
8 30 1 1 1 0 0 1
8 31 0 0 0 1 1 1
9 2 1 1 1 0 1 0
9 3 0 1 0 0 1 0
9 4 0 1 0 0 1 0
9 5 0 1 0 0 1 0
9 6 0 1 0 0 1 0
9 7 0 1 0 0 1 0
9 8 0 1 0 0 1 0
9 9 0 1 0 0 1 0
9 10 0 1 0 0 1 0
9 11 0 1 0 0 1 0
9 12 0 1 0 0 1 0
9 13 0 1 0 0 1 0
9 14 0 1 0 0 1 0
9 15 1 1 1 0 1 0
9 16 0 1 0 0 1 0
9 17 0 1 0 0 1 0
9 18 0 1 0 0 1 0
9 19 0 1 0 0 1 0
9 20 0 1 0 0 1 0
9 21 0 1 0 0 1 0
9 22 0 1 0 0 1 0
9 23 0 1 0 0 1 0
9 24 0 1 0 0 1 0
9 25 0 1 0 0 1 0
9 26 0 1 0 0 1 0
9 27 1 1 1 0 1 0
9 28 0 1 0 0 1 0
9 29 0 1 0 0 1 0
9 30 0 1 0 0 1 0
9 31 0 1 0 1 1 1
10 2 1 1 1 0 0 0
10 15 1 1 1 0 0 0
10 27 1 1 1 0 0 0
10 29 0 0 0 1 0 0
10 30 1 1 1 0 0 1
10 31 0 0 0 1 1 1
11 2 1 1 1 0 1 0
11 3 0 1 0 0 1 0
11 4 0 1 0 0 1 0
11 5 0 1 0 0 1 0
11 6 0 1 0 0 1 0
11 7 0 1 0 0 1 0
11 8 0 1 0 0 1 0
11 9 0 1 0 0 1 0
11 10 0 1 0 0 1 0
11 11 0 1 0 0 1 0
11 12 0 1 0 0 1 0
11 13 0 1 0 0 1 0
11 14 0 1 0 0 1 0
11 15 1 1 1 0 1 0
11 16 0 1 0 0 1 0
11 17 0 1 0 0 1 0
11 18 0 1 0 0 1 0
11 19 0 1 0 0 1 0
11 20 0 1 0 0 1 0
11 21 0 1 0 0 1 0
11 22 0 1 0 0 1 0
11 23 0 1 0 0 1 0
11 24 0 1 0 0 1 0
11 25 0 1 0 0 1 0
11 26 0 1 0 0 1 0
11 27 1 1 1 0 1 0
11 28 0 1 0 0 1 0
11 29 0 1 0 0 1 0
11 30 0 1 0 0 1 0
11 31 0 1 0 1 1 1
12 2 1 1 1 0 0 0
12 15 1 1 1 0 0 0
12 27 1 1 1 0 0 0
12 29 0 0 0 1 1 0
12 30 1 1 1 0 0 1
12 31 0 0 0 1 1 1
13 2 1 1 1 0 1 0
13 3 0 1 0 0 1 0
13 4 0 1 0 0 1 0
13 5 0 1 0 0 1 0
13 6 0 1 0 0 1 0
13 7 0 1 0 0 1 0
13 8 0 1 0 0 1 0
13 9 0 1 0 0 1 0
13 10 0 1 0 0 1 0
13 11 0 1 0 0 1 0
13 12 0 1 0 0 1 0
13 13 0 1 0 0 1 0
13 14 0 1 0 0 1 0
13 15 1 1 1 0 1 0
13 16 0 1 0 0 1 0
13 17 0 1 0 0 1 0
13 18 0 1 0 0 1 0
13 19 0 1 0 0 1 0
13 20 0 1 0 0 1 0
13 21 0 1 0 0 1 0
13 22 0 1 0 0 1 0
13 23 0 1 0 0 1 0
13 24 0 1 0 0 1 0
13 25 0 1 0 0 1 0
13 26 0 1 0 0 1 0
13 27 1 1 1 0 1 0
13 28 0 1 0 0 1 0
13 29 0 1 0 0 1 0
13 30 0 1 0 0 1 0
13 31 0 1 0 1 1 1
14 2 1 1 1 0 0 0
14 15 1 1 1 0 0 0
14 27 1 1 1 0 0 0
14 29 1 0 0 1 0 0
14 30 1 1 1 0 0 1
14 31 0 0 0 1 1 1
15 2 1 1 1 0 1 0
15 3 0 1 0 0 1 0
15 4 0 1 0 0 1 0
15 5 0 1 0 0 1 0
15 6 0 1 0 0 1 0
15 7 0 1 0 0 1 0
15 8 0 1 0 0 1 0
15 9 0 1 0 0 1 0
15 10 0 1 0 0 1 0
15 11 0 1 0 0 1 0
15 12 0 1 0 0 1 0
15 13 0 1 0 0 1 0
15 14 0 1 0 0 1 0
15 15 1 1 1 0 1 0
15 16 0 1 0 0 1 0
15 17 0 1 0 0 1 0
15 18 0 1 0 0 1 0
15 19 0 1 0 0 1 0
15 20 0 1 0 0 1 0
15 21 0 1 0 0 1 0
15 22 0 1 0 0 1 0
15 23 0 1 0 0 1 0
15 24 0 1 0 0 1 0
15 25 0 1 0 0 1 0
15 26 0 1 0 0 1 0
15 27 1 1 1 0 1 0
15 28 0 1 0 0 1 0
15 29 0 1 0 0 1 0
15 30 0 1 0 0 1 0
15 31 0 1 0 1 1 1
16 2 1 1 1 0 0 0
16 11 0 1 0 0 0 0
16 12 0 1 0 0 0 0
16 13 0 1 0 0 0 0
16 15 1 1 1 0 0 0
16 23 0 1 0 0 0 0
16 24 0 1 0 0 0 0
16 25 0 1 0 0 0 0
16 27 1 1 1 0 0 0
16 28 0 1 0 0 0 0
16 29 0 1 0 0 0 0
16 30 0 1 0 0 0 0
16 31 0 0 0 1 1 1
17 2 1 1 0 0 1 0
17 3 0 1 0 0 1 0
17 4 0 1 0 0 1 0
17 5 0 1 0 0 1 0
17 6 0 1 0 0 1 0
17 7 0 1 0 0 1 0
17 8 0 1 0 0 1 0
17 9 0 1 0 0 1 0
17 10 0 1 0 0 1 0
17 11 0 1 0 0 1 0
17 12 0 1 0 0 1 0
17 13 0 1 0 0 1 0
17 14 0 1 0 0 1 0
17 15 1 1 0 0 1 0
17 16 0 1 0 0 1 0
17 17 0 1 0 0 1 0
17 18 0 1 0 0 1 0
17 19 0 1 0 0 1 0
17 20 0 1 0 0 1 0
17 21 0 1 0 0 1 0
17 22 0 1 0 0 1 0
17 23 0 1 0 0 1 0
17 24 0 1 0 0 1 0
17 25 0 1 0 0 1 0
17 26 0 1 0 0 1 0
17 27 1 1 0 0 1 0
17 28 0 1 0 0 1 0
17 29 0 1 0 0 1 0
17 30 0 1 0 0 1 0
17 31 0 1 0 1 1 0
19 8 1 1 1 1 0 1
19 9 0 1 1 0 0 0
19 11 0 0 0 0 1 0
19 12 0 0 1 0 1 0
19 13 1 1 0 1 0 0
19 15 0 1 0 0 0 0
19 16 0 0 1 1 0 1
19 17 1 1 0 0 1 1
19 18 1 1 1 1 1 1
19 19 0 1 0 1 1 0
19 21 1 0 1 1 0 0
19 22 1 1 0 1 0 0
19 23 1 1 0 0 0 1
19 24 1 0 0 1 0 1
19 26 0 1 1 1 1 1
19 27 0 1 0 1 1 0
19 28 0 0 1 1 1 1
19 29 1 1 0 0 1 0
20 4 1 0 1 1 0 1
20 5 0 1 1 0 0 0
20 6 0 0 1 1 1 0
20 7 0 0 0 0 1 1
20 8 0 0 0 1 0 0
20 9 1 1 1 0 0 1
20 10 0 0 1 0 0 1
20 11 0 1 1 0 1 1
20 13 1 1 1 1 0 1
20 14 0 1 1 0 0 0
20 16 0 1 0 0 0 0
20 17 0 0 0 0 1 1
20 18 1 0 0 0 0 1
20 19 1 1 0 0 0 1
20 20 0 0 0 1 0 0
20 21 1 1 1 0 0 1
20 22 0 1 0 0 1 1
20 24 1 0 1 1 0 1
20 25 0 1 1 0 0 0
20 26 0 0 1 1 1 0
20 27 0 0 0 0 1 1
20 28 0 0 0 1 0 0
20 29 1 1 1 0 0 1
20 30 0 0 1 0 0 1
20 31 0 1 1 0 1 1
21 2 1 0 1 1 0 0
21 3 1 1 0 1 1 0
21 5 0 1 0 1 1 0
21 6 1 1 1 0 0 1
21 7 0 0 1 0 0 1
21 8 0 0 0 1 0 0
21 9 1 1 1 0 0 1
21 10 1 0 0 1 1 0
21 11 0 0 0 1 1 0
21 12 1 1 1 0 0 1
21 14 0 0 1 1 0 1
21 15 1 1 0 0 1 1
21 16 0 0 0 0 0 1
21 17 0 1 1 0 0 0
21 19 1 0 1 1 0 1
21 20 0 1 0 1 1 0
21 21 0 0 1 1 0 1
21 22 1 1 0 0 1 1
21 24 1 1 0 1 0 0
21 26 0 0 0 0 1 1
21 27 1 0 0 0 0 1
21 28 1 1 0 0 0 1
21 29 0 0 0 1 0 0
21 30 1 1 1 0 0 1
21 31 0 0 1 0 0 1
22 22 0 0 0 0 1 1
22 23 0 1 0 0 0 0
22 24 0 0 0 0 1 1
22 25 0 0 1 0 0 0
22 26 0 1 0 1 0 0
22 27 0 0 1 0 0 1
22 28 1 0 0 1 0 0
22 29 0 0 0 1 1 0
22 30 0 0 0 1 0 0
22 31 1 1 1 0 0 1
23 3 1 0 1 1 0 1
23 4 0 1 1 0 0 0
23 5 0 0 1 1 1 0
23 6 0 0 0 0 1 1
23 7 0 0 0 1 0 0
23 8 1 1 1 0 0 1
23 9 0 0 1 0 0 1
23 10 0 1 1 0 1 1
23 12 1 1 1 1 0 1
23 13 0 1 1 0 0 0
23 15 1 0 1 1 0 0
23 16 0 1 0 1 1 0
23 17 0 0 1 1 0 1
23 18 0 1 0 0 1 1
23 19 1 0 0 1 1 1
23 21 0 1 0 0 0 0
23 22 0 0 1 1 0 1
23 23 1 1 0 1 1 1
23 24 0 0 1 1 1 1
23 25 0 0 0 1 0 1
23 27 1 0 0 0 1 0
23 28 0 0 1 0 1 0
23 29 0 0 0 1 0 1
24 4 0 1 1 1 0 0
24 6 0 1 1 1 1 1
24 7 1 0 0 0 0 1
24 8 0 1 1 0 0 1
24 9 1 1 0 1 1 1
24 10 1 1 1 0 1 0
24 11 1 1 0 1 0 0
24 13 0 1 0 0 0 0
24 14 1 0 1 1 1 0
24 15 0 1 0 1 1 0
24 16 1 0 1 1 0 1
24 17 0 1 0 1 1 0
24 19 0 1 1 1 1 1
24 20 0 0 0 1 0 1
24 21 1 0 1 0 1 0
24 22 0 0 0 1 0 1
24 24 1 1 0 1 0 0
24 26 0 0 0 0 1 1
24 27 1 0 0 0 0 1
24 28 1 1 0 0 0 1
24 29 0 0 0 1 0 0
24 30 1 1 1 0 0 1
24 31 0 1 0 0 1 1
25 4 0 1 1 1 1 1
25 5 1 0 0 0 0 1
25 6 0 0 1 0 0 1
25 7 1 0 1 1 0 1
25 8 0 1 1 0 0 0
25 10 1 0 1 0 0 1
25 12 0 1 0 1 0 0
25 13 0 0 0 1 0 1
25 15 1 1 0 0 0 1
25 16 1 1 0 0 1 0
25 17 1 1 1 0 0 1
25 19 0 1 0 0 0 0
25 20 0 0 0 1 0 0
25 21 1 1 1 0 0 1
25 22 0 0 1 0 0 1
25 23 0 0 1 1 1 0
25 25 1 0 1 1 0 0
25 26 1 1 0 1 0 0
25 28 0 1 0 1 0 1
25 29 1 1 0 1 1 0
25 30 0 0 1 1 0 0
25 31 1 1 0 1 1 0
26 4 0 1 0 1 0 1
26 5 0 1 1 1 0 1
26 6 1 0 0 0 1 0
26 7 1 1 0 1 1 0
26 9 0 1 0 0 0 1
26 10 1 1 0 0 1 1
26 11 1 0 0 0 0 0
26 13 0 1 0 0 0 1
26 14 0 0 0 1 1 0
26 16 0 1 1 0 0 1
26 17 1 0 0 1 0 1
26 18 0 1 0 1 0 1
26 20 0 1 0 0 0 0
26 21 1 0 1 1 0 0
26 22 0 1 0 1 1 0
26 23 0 0 0 0 1 0
26 24 1 0 0 0 0 1
26 26 1 1 0 1 0 0
26 28 0 0 0 0 1 0
26 29 1 0 0 0 0 1
26 30 1 1 1 0 1 0
26 31 1 1 0 1 1 1
