0.10
43 63 91 111 142 163 194 216 246 267 298 320 350 371 402 423 453 475 505 527 558 578 609 630 661 682 712 734 764 785 816 838 868 889 920 941 972 993 1022 1044 1075 1097 1126 1148 1178 1200 1231 1252 1283 1304 1334 1356 1386 1408 1437 1459 1489 1511 1542 1562 1594 1616 1643 1663
59 79 99 137 158 180 220 240 262 305 327 348 386 406 426 470 492 513 551 572 593 636 658 679 715 737 758 802 823 844 883 904 925 963 983 1003 1047 1069 1089 1132 1153 1174 1214 1235 1256 1297 1319 1340 1379 1400 1422 1462 1483 1505 1546 1567 1588 1626 1646 1666 1710 1731 1752 1791 1813 1834 1877 1899 1919 1957 1977 1997 2042 2064 2085 2122 2144 2165 2208 2230 2250
2 2 0 0 1 0 0 1
2 3 0 0 1 1 1 1
2 4 1 1 0 1 0 0
2 5 1 0 1 1 0 1
2 7 0 1 1 0 1 0
2 8 0 0 1 1 1 1
2 9 1 1 0 0 0 0
2 10 1 0 0 0 0 0
2 12 1 0 0 1 1 0
2 14 0 1 1 1 1 0
2 15 1 0 1 0 0 1
2 16 1 1 0 0 1 0
2 17 1 0 1 1 0 1
2 18 0 0 0 0 1 0
2 20 0 1 1 1 1 0
2 21 0 1 1 0 1 0
2 22 1 1 1 0 0 0
2 23 0 1 0 0 1 0
2 25 0 1 0 1 0 0
2 26 1 1 0 0 0 0
2 27 1 1 1 0 0 1
2 29 1 0 0 1 1 0
2 30 0 1 0 0 0 1
3 2 1 0 1 0 1 1
3 3 0 0 1 0 1 1
3 4 1 0 1 1 0 1
3 6 1 1 0 0 1 0
3 7 1 1 1 1 1 1
3 9 1 1 1 0 1 0
3 10 0 1 1 0 0 0
3 11 1 0 0 1 0 0
3 13 1 1 0 0 1 0
3 14 1 1 1 0 0 1
3 15 1 0 0 0 1 1
3 16 1 0 1 0 0 1
3 18 0 0 0 0 1 1
3 19 1 0 1 1 1 1
3 21 0 1 1 0 1 1
3 22 0 0 0 0 1 1
3 23 1 0 0 0 0 0
3 24 1 0 1 1 0 1
3 25 0 0 1 1 0 0
3 26 0 1 1 0 0 0
3 28 0 1 1 0 1 0
3 29 1 1 0 0 0 0
3 30 1 0 1 1 0 1
4 2 0 1 1 0 1 0
4 3 1 0 0 1 0 0
4 5 0 0 0 0 1 1
4 6 0 0 1 0 0 0
4 7 0 0 0 0 1 1
4 8 1 0 0 0 0 0
4 9 0 0 0 1 0 0
4 10 0 1 1 0 1 1
4 11 0 0 1 1 1 1
4 12 0 1 0 1 1 0
4 13 0 0 0 0 0 1
4 14 0 1 1 0 0 0
4 16 1 0 0 1 1 0
4 18 0 1 1 1 1 0
4 19 1 0 1 0 0 1
4 20 1 1 0 0 1 0
4 21 1 0 1 1 0 1
4 22 0 0 0 0 1 0
4 23 0 1 1 0 0 0
6 4 0 1 1 1 0 0
6 5 1 0 1 0 0 0
6 6 0 1 1 0 1 0
7 4 1 0 1 0 1 0
7 5 1 0 1 1 0 0
7 6 0 0 1 0 1 1
7 8 0 0 1 1 0 0
7 9 1 0 0 1 1 0
7 10 0 1 1 0 1 0
7 11 0 0 0 0 1 0
7 13 1 1 0 0 1 0
7 14 1 0 1 1 0 1
7 16 0 0 0 0 1 1
7 17 1 0 1 1 1 1
7 19 0 1 1 0 1 1
7 20 0 0 0 0 1 1
7 21 1 0 0 0 0 0
7 22 1 1 0 0 0 1
7 23 1 0 1 1 0 1
7 25 0 0 1 0 0 1
7 26 1 1 0 0 1 0
7 27 0 0 1 1 1 0
7 28 0 0 1 1 0 0
7 29 0 1 1 0 0 0
8 2 0 1 1 0 1 0
8 3 1 0 1 0 0 0
8 5 0 0 1 1 0 0
8 6 0 1 0 0 0 1
8 7 1 0 1 1 0 1
8 9 1 0 0 1 1 0
8 11 1 1 0 0 1 0
8 12 1 1 1 0 0 1
8 13 1 0 0 0 1 1
8 14 1 0 1 0 0 1
8 15 0 0 0 0 1 0
8 17 0 1 0 1 1 0
8 18 0 1 0 0 1 1
8 19 0 1 0 1 0 0
8 21 1 0 1 0 0 0
8 22 0 1 1 1 1 1
8 23 1 0 0 1 1 0
8 24 1 0 0 0 0 1
8 26 1 1 0 0 1 0
8 27 1 0 1 1 0 1
8 28 1 0 0 0 0 1
8 30 1 1 1 1 0 0
8 31 0 1 1 0 1 0
9 2 0 0 1 0 0 1
9 3 1 0 1 0 0 1
9 4 1 1 0 0 1 0
9 5 1 0 0 1 0 1
9 7 1 0 0 1 1 0
9 9 1 0 0 1 1 0
9 10 1 0 0 0 0 1
9 11 1 0 0 1 1 0
9 12 1 0 0 1 0 1
9 14 0 1 0 1 1 1
9 16 1 1 0 0 0 1
9 17 0 0 0 0 1 1
9 18 1 1 0 0 1 0
9 19 0 0 0 0 1 0
9 21 0 0 0 0 1 1
9 22 1 0 1 0 0 0
9 23 0 0 1 1 1 0
9 24 0 0 0 0 1 0
9 26 1 1 1 0 1 0
9 27 0 1 1 0 0 0
9 28 1 0 0 1 0 0
9 29 0 1 1 0 0 0
10 2 1 1 0 0 1 0
10 3 1 1 1 0 0 1
10 4 1 0 0 0 1 1
10 5 1 0 1 0 0 1
10 7 0 0 0 0 1 1
10 8 1 0 1 1 1 1
10 10 0 1 1 0 1 1
10 11 0 0 1 1 1 1
10 12 1 0 0 0 0 0
10 13 0 1 1 0 0 0
10 14 0 0 0 0 1 1
10 15 1 0 1 1 0 1
10 16 0 0 1 1 0 0
10 17 0 1 1 0 0 0
10 19 0 0 1 0 0 1
10 20 0 0 1 1 1 1
10 21 1 1 0 1 0 0
10 22 1 0 1 1 0 1
10 24 0 1 1 0 1 0
10 25 0 0 1 1 1 1
10 26 1 1 0 0 0 0
10 27 1 0 0 0 0 0
10 29 1 0 0 0 1 0
11 2 1 0 1 1 1 0
11 3 0 0 1 1 1 1
11 5 1 1 0 0 1 0
11 6 1 1 1 1 1 1
11 7 1 1 1 1 1 0
11 8 0 0 1 1 1 1
11 10 0 0 1 1 0 0
11 11 0 1 0 0 0 1
11 12 1 0 1 1 0 1
11 14 1 0 0 1 1 0
11 16 1 1 0 0 1 0
11 17 1 0 0 0 0 1
11 18 1 0 0 0 1 1
11 19 0 1 1 0 0 0
11 21 1 0 1 1 0 0
11 22 0 0 1 0 1 0
11 23 0 0 0 0 1 0
11 24 0 0 1 0 0 0
13 4 1 1 1 1 0 0
13 5 0 1 1 1 0 1
13 6 1 1 0 1 0 0
13 7 0 1 1 0 0 1
13 9 1 0 1 0 0 0
13 10 0 1 0 0 0 1
13 12 1 0 0 1 1 0
13 13 0 1 0 0 0 1
13 14 0 1 0 0 0 0
14 6 0 0 0 0 1 1
14 7 1 0 1 1 1 1
14 9 0 1 1 0 1 1
14 10 0 0 1 1 1 1
14 11 1 0 0 0 0 0
14 12 0 1 1 0 0 0
14 13 0 0 0 0 1 1
14 14 1 0 1 1 0 1
14 15 0 0 1 1 0 0
14 16 0 1 1 0 0 0
14 18 0 0 1 0 0 1
14 19 0 0 1 1 1 1
14 20 1 1 0 1 0 0
14 21 1 0 1 1 0 1
14 23 0 1 1 0 1 0
14 24 0 0 1 1 1 1
14 25 1 1 0 0 0 0
14 26 1 0 0 0 0 0
15 4 0 1 1 0 1 1
15 5 0 0 1 1 1 1
15 6 1 0 0 0 0 0
15 7 0 1 1 0 0 0
15 8 1 1 0 0 0 1
15 9 1 0 1 1 0 1
15 11 0 0 1 0 0 1
15 12 0 0 1 1 1 1
15 13 1 1 0 1 0 0
15 14 0 0 1 1 1 0
15 15 0 0 1 1 0 0
15 16 0 1 1 0 0 0
15 18 0 1 1 0 1 0
15 19 0 0 1 1 1 1
15 20 1 0 0 1 0 0
15 21 0 0 0 0 1 0
15 22 0 1 1 0 0 0
16 4 1 1 0 0 1 1
16 5 0 1 0 0 0 0
16 7 1 0 0 1 0 0
16 8 0 0 1 0 0 0
16 10 1 0 1 0 0 0
16 11 0 1 0 0 0 1
16 13 0 0 1 1 0 0
16 14 1 0 0 0 0 0
16 15 0 0 0 0 1 0
16 17 1 1 1 1 0 0
16 18 0 1 1 0 1 0
16 19 1 0 1 0 0 1
16 20 1 1 0 0 1 0
16 21 1 0 0 1 0 1
16 23 0 0 0 0 1 1
16 24 1 0 1 1 1 1
16 26 0 1 1 0 1 1
16 27 0 0 1 1 1 1
16 28 1 0 0 0 0 0
16 29 0 1 1 0 0 0
16 30 0 0 0 0 0 1
17 2 0 0 0 0 1 1
17 3 1 0 1 1 0 1
17 4 0 0 1 1 0 0
17 5 0 1 1 0 0 0
17 7 0 0 1 0 0 1
17 8 0 0 1 1 1 1
17 9 1 1 0 1 0 0
17 10 1 0 1 1 0 1
17 12 0 1 1 0 1 0
17 13 0 0 1 1 1 1
17 14 1 1 0 0 0 0
17 15 1 0 0 0 0 0
17 17 1 0 0 1 1 0
17 19 1 0 0 1 1 0
17 20 1 0 0 0 0 1
17 21 1 0 0 1 1 0
17 22 1 0 0 1 0 1
17 24 1 0 0 0 1 1
17 26 1 0 0 1 1 0
17 27 1 0 0 1 0 1
18 2 1 1 0 0 0 1
18 3 0 0 1 1 1 1
18 4 1 1 0 1 0 0
18 5 0 0 0 0 1 0
18 7 0 0 1 1 1 1
18 8 1 0 0 1 0 0
18 9 0 0 1 1 1 0
18 10 0 0 0 0 1 0
18 12 1 0 0 1 1 0
18 13 0 1 0 1 1 1
18 14 1 1 1 1 1 0
18 15 0 0 1 0 1 1
18 16 0 0 1 1 0 0
18 17 1 1 1 0 1 1
18 19 1 0 0 0 1 1
18 21 0 0 1 1 0 0
18 22 0 1 0 0 0 0
18 23 1 1 0 0 1 0
18 24 1 0 0 1 0 1
18 26 0 0 0 0 1 1
18 27 1 0 1 1 0 1
19 2 0 1 1 0 1 1
19 3 0 0 1 1 1 1
19 4 1 1 0 1 0 0
19 5 0 0 0 0 1 0
19 6 0 1 1 0 0 0
21 4 1 0 1 0 1 1
21 5 0 0 1 0 1 1
21 6 1 0 1 1 0 1
21 8 1 1 1 1 0 0
21 9 1 0 0 0 0 1
21 10 0 1 0 1 0 0
21 12 1 1 1 1 0 0
21 13 0 1 1 0 1 0
21 14 1 0 1 0 0 1
21 15 1 1 0 0 1 0
21 16 1 0 0 1 0 1
21 18 0 0 0 0 1 1
21 19 1 0 1 1 1 1
21 21 0 1 1 0 1 1
21 22 0 0 1 1 1 1
21 23 1 0 0 0 0 0
21 24 0 1 1 0 0 0
21 25 0 0 0 0 1 1
21 26 1 0 1 1 0 1
21 27 0 0 1 1 0 0
21 28 0 1 1 0 0 0
21 30 1 0 0 1 1 0
21 31 0 1 0 0 0 1
22 2 0 0 1 0 0 1
22 3 1 0 0 1 1 0
22 4 0 1 1 0 1 0
22 6 1 1 1 1 0 0
22 7 0 1 1 0 1 0
22 8 1 0 1 0 0 1
22 9 1 1 0 0 1 0
22 10 1 0 0 1 0 1
22 12 0 0 0 0 1 1
22 13 1 0 1 1 1 1
22 15 0 1 1 0 1 1
22 16 0 0 1 1 1 1
22 17 1 0 0 0 0 0
22 18 0 1 1 0 0 0
22 19 1 1 0 0 0 1
22 20 0 0 0 0 1 1
22 21 1 0 1 1 0 1
22 23 0 0 1 0 0 1
22 24 0 0 1 1 1 1
22 25 1 1 0 1 0 0
22 26 0 0 1 1 1 0
22 27 0 0 1 1 0 0
22 28 0 1 1 0 0 0
23 2 0 1 1 0 1 0
23 3 0 0 1 1 1 1
23 4 1 0 0 1 0 0
23 5 0 0 0 0 1 0
23 6 0 0 1 0 0 0
25 4 1 1 0 1 1 0
25 5 1 0 0 0 1 0
25 6 1 1 0 0 1 0
25 7 1 1 0 1 0 1
25 8 1 1 1 0 0 0
25 9 0 1 0 1 0 1
25 10 0 0 0 0 1 0
25 12 1 1 1 0 0 0
25 13 0 1 0 1 0 0
25 14 1 0 0 1 1 1
25 16 0 1 1 1 1 0
25 17 1 0 1 0 0 1
25 18 1 1 0 0 1 0
25 19 1 0 1 1 0 1
25 21 1 0 0 1 1 0
25 23 1 0 0 1 1 0
25 24 0 1 0 1 1 1
25 25 1 1 1 1 1 0
25 26 0 0 1 0 1 1
25 27 1 1 0 0 1 0
25 28 1 0 0 0 0 1
25 30 1 1 1 0 0 0
25 31 1 0 0 0 1 0
26 2 0 0 1 0 0 1
26 3 1 1 0 0 0 0
26 4 0 0 1 1 1 0
26 6 0 0 0 0 1 1
26 7 0 0 1 0 0 0
26 8 1 0 1 0 0 0
26 9 1 0 0 0 0 1
26 11 0 1 1 1 1 0
26 12 1 0 0 1 0 1
26 13 1 1 0 0 0 0
26 14 0 0 1 1 1 0
26 15 0 0 0 0 0 1
26 16 0 1 1 0 0 0
26 17 0 0 1 0 0 1
27 29 0 0 1 1 1 1
27 30 1 1 0 0 0 0
27 31 1 0 0 0 0 0
