0.10
45 66 97 118 149 171 201 222 253 274 305 326 356 378 409 431 460 482 512 533 565 585 616 637 668 689 719 740 770 793 823 845 874 896 927 948 978 999 1030 1051 1082 1103 1134 1155 1186 1207 1238 1258 1290 1311 1341 1363 1392 1414 1444 1465 1497 1518 1549 1571 1600 1622 1653 1674
5 27 49 89 111 133 173 196 217 258 279 301 341 362 384 422 443 464 505 527 548 588 610 631 670 692 713 754 776 797 837 859 880 920 941 963 1002 1024 1045 1086 1108 1129 1168 1190 1211 1251 1273 1294 1333 1355 1377 1417 1438 1460 1499 1521 1543 1584 1605 1627 1666 1687 1708 1749 1771 1792 1833 1854 1876 1916 1938 1959 1999 2020 2042 2083 2105 2126 2167 2189 2209 2249 2270 2291
1 18 0 0 0 0 0 0
3 2 1 1 1 0 1 1
3 3 0 1 0 1 1 0
3 4 0 0 1 1 0 1
3 5 0 1 1 1 0 0
3 7 1 1 1 1 0 0
3 9 1 0 0 0 1 0
3 10 1 1 0 1 0 1
3 12 0 1 0 0 0 0
3 13 0 1 1 0 1 0
3 14 0 1 0 1 1 0
3 15 0 1 0 0 0 1
3 16 1 0 0 1 1 0
3 18 1 1 0 1 0 0
3 20 0 1 1 0 0 1
3 21 1 0 0 1 1 0
3 22 0 1 1 0 1 0
3 23 1 1 0 1 1 1
3 25 0 1 0 0 1 1
3 26 1 1 0 1 0 0
3 27 0 0 1 0 1 0
3 28 1 1 0 1 0 0
3 30 1 1 1 0 1 0
3 31 0 1 0 1 1 0
4 2 0 0 1 1 1 0
4 3 0 1 0 1 1 0
4 5 0 0 1 0 1 0
4 6 1 1 0 1 1 0
4 7 1 0 0 0 1 0
4 9 0 0 1 0 1 1
4 10 0 1 1 1 0 0
4 11 1 0 1 0 1 0
4 12 1 0 0 1 0 1
4 14 1 1 1 0 1 0
4 15 0 1 0 1 1 0
4 17 1 0 0 0 1 0
4 18 0 0 0 1 1 1
4 19 1 1 1 0 0 1
4 20 1 1 0 1 0 1
4 22 1 1 0 1 0 0
4 24 1 0 0 0 1 0
4 25 1 1 0 0 1 1
4 26 0 1 0 0 1 0
4 28 1 1 1 0 1 1
4 29 1 1 0 1 1 0
4 30 0 1 0 1 0 0
4 31 1 1 0 1 1 0
5 24 0 0 0 0 1 1
5 25 0 1 0 0 0 0
5 26 0 1 0 1 0 0
5 27 1 1 0 1 1 0
5 28 1 0 1 0 1 0
5 29 1 1 0 0 1 1
5 31 1 1 0 1 0 0
6 2 0 0 0 0 1 0
6 3 0 1 0 0 1 1
6 5 1 0 1 0 0 1
6 6 0 0 0 1 0 1
6 8 1 0 0 0 1 0
6 9 0 0 0 1 0 1
6 10 1 0 0 0 1 0
6 12 0 1 0 0 0 0
6 13 0 0 1 0 1 1
6 14 0 1 0 1 1 0
6 15 1 0 0 0 1 0
6 16 0 0 0 1 0 1
6 18 0 1 1 0 0 1
6 19 1 0 0 1 0 1
6 20 0 1 0 1 0 1
6 22 0 0 1 0 1 1
6 23 1 1 0 0 1 0
6 25 0 1 0 0 0 0
6 26 1 0 1 0 1 0
6 27 0 1 1 1 0 1
6 28 1 0 1 1 0 0
6 29 0 1 0 1 1 0
7 3 1 0 1 0 0 1
7 4 1 0 1 0 1 0
7 5 0 1 0 1 1 0
7 7 1 1 1 0 1 1
7 8 0 1 0 1 1 0
7 9 0 0 1 1 0 1
7 10 0 1 1 1 0 0
7 12 1 0 1 1 0 0
7 13 1 0 0 1 1 1
7 14 0 0 1 0 1 0
7 15 1 0 0 0 0 1
7 17 0 0 1 0 1 0
7 18 1 0 0 1 0 0
7 19 1 0 1 1 1 0
7 20 0 1 0 1 1 0
7 22 1 0 0 0 1 0
7 23 1 1 0 1 1 0
7 24 1 0 1 1 0 0
7 25 1 1 0 1 0 1
7 26 0 1 1 1 1 0
7 27 1 1 0 1 1 0
7 29 0 0 0 0 1 0
7 30 0 1 1 1 1 0
7 31 0 0 1 0 0 1
8 28 0 0 0 0 1 0
8 29 0 1 1 0 0 0
8 30 0 1 0 0 0 1
8 31 0 0 0 1 1 0
9 3 1 1 1 0 1 1
9 4 0 1 0 1 1 0
9 5 0 0 1 1 0 1
9 6 0 1 1 1 0 0
9 8 0 1 1 0 1 0
9 9 1 0 0 0 0 1
9 10 1 0 0 0 1 0
9 12 1 1 0 1 0 0
9 13 0 0 0 0 0 0
9 14 1 1 1 1 1 1
9 15 0 1 0 1 1 0
9 16 1 0 1 1 0 0
9 17 0 0 0 1 1 0
9 19 0 0 1 1 0 1
9 20 0 1 1 1 0 0
9 21 1 1 0 0 0 1
9 22 1 0 0 1 0 1
9 24 0 1 1 1 0 0
9 26 0 0 1 1 0 1
9 27 0 1 1 1 0 0
9 28 0 0 1 1 1 1
9 29 0 1 0 1 1 0
10 4 0 0 1 1 0 0
10 5 1 1 0 1 1 0
10 6 0 0 0 0 0 1
10 7 1 0 0 0 1 0
10 9 0 1 1 0 0 1
10 10 1 0 0 1 0 1
10 11 0 1 0 1 0 1
10 13 0 1 0 0 0 0
10 14 0 0 1 0 1 0
10 15 1 0 0 1 0 0
10 16 1 0 0 0 1 0
10 17 1 1 0 1 1 0
10 19 1 0 1 1 0 0
10 20 1 0 0 1 0 1
10 21 1 0 1 1 0 0
10 22 0 0 0 1 0 1
10 24 1 0 1 0 1 0
10 25 0 1 1 1 0 1
10 27 0 1 0 0 0 0
10 28 1 0 1 0 0 1
10 29 1 1 0 1 1 0
10 30 0 1 1 0 1 0
10 31 1 1 0 1 1 0
11 4 0 0 1 1 1 1
11 5 0 1 0 1 1 0
11 7 1 0 0 0 1 0
11 8 0 0 0 1 1 1
11 9 1 0 0 0 1 0
11 10 0 0 0 1 1 0
11 11 0 0 1 1 1 1
11 12 1 0 0 1 1 0
11 14 0 0 1 0 1 0
11 15 0 1 0 1 1 0
11 17 0 0 1 1 0 1
11 18 0 1 1 1 0 0
11 19 0 0 1 1 1 1
11 20 0 1 0 1 1 0
11 22 0 0 0 0 1 1
11 23 1 0 0 1 0 0
11 24 1 0 0 0 1 0
11 26 0 0 1 0 1 0
11 27 0 0 0 1 1 1
11 28 1 0 0 0 1 0
11 29 0 1 0 1 1 0
11 30 1 1 1 0 1 1
11 31 0 1 0 1 1 0
12 4 0 1 1 0 0 1
12 5 1 0 0 1 0 1
12 6 0 1 0 1 0 1
12 8 0 1 0 0 0 0
12 9 0 0 1 0 1 1
12 10 1 0 0 0 0 1
12 11 1 0 0 0 1 0
12 13 1 1 0 0 0 0
12 14 0 0 1 1 0 1
12 15 0 1 1 1 0 0
12 16 0 0 1 1 1 1
12 17 0 1 0 1 1 0
12 19 0 0 0 0 1 1
12 20 1 0 0 1 0 0
12 21 0 0 0 0 1 1
12 22 0 1 0 1 1 1
12 23 1 1 0 0 0 0
12 25 1 0 1 0 1 0
12 26 0 1 1 1 0 1
12 27 0 0 0 0 1 1
12 28 0 1 0 0 0 0
12 29 0 0 1 1 0 1
12 30 0 1 1 1 0 0
12 31 0 0 1 0 0 1
13 3 1 1 0 0 0 1
13 4 0 1 1 0 1 0
13 5 1 0 0 0 0 1
13 7 0 0 1 0 1 0
13 8 1 1 0 1 1 0
13 9 1 0 0 0 1 0
13 11 0 0 1 1 0 0
13 12 0 0 0 1 1 1
13 14 1 1 0 1 0 0
13 16 0 0 1 1 0 0
13 17 1 1 0 0 1 1
13 18 1 0 1 1 1 0
13 19 1 1 0 1 1 0
13 21 0 0 1 1 0 1
13 22 0 1 1 1 0 0
13 23 0 0 1 1 1 1
13 24 0 1 0 1 1 0
13 26 0 1 1 1 0 0
13 27 0 1 1 0 0 1
13 28 1 1 0 0 1 0
13 30 1 0 1 1 0 1
13 31 1 1 0 1 1 0
14 2 1 0 1 1 0 1
14 3 0 1 0 1 1 0
14 4 0 0 1 1 0 1
14 5 1 1 0 0 1 1
14 7 1 1 0 1 0 0
14 9 0 1 0 0 0 1
14 10 1 1 0 0 1 1
14 11 1 0 0 0 0 0
14 13 1 0 0 0 1 0
14 14 0 1 0 1 1 0
14 15 1 1 1 0 1 1
14 16 0 1 0 1 1 0
14 18 0 1 0 0 0 0
14 19 0 0 1 1 0 1
14 20 0 1 1 1 0 0
14 21 0 0 1 1 1 1
14 22 0 1 0 1 1 0
14 24 1 0 0 1 0 0
14 25 0 0 0 0 1 1
14 26 0 1 0 1 1 1
14 27 0 0 1 0 0 1
14 28 0 0 1 0 0 0
14 29 1 0 1 1 1 1
14 30 1 1 1 0 0 1
14 31 1 1 0 1 1 1
15 4 0 1 0 1 0 0
15 5 0 1 0 1 1 0
15 6 0 1 1 1 1 1
15 7 1 0 0 1 0 1
15 9 0 0 0 0 1 1
15 10 0 1 1 1 0 0
15 11 1 1 0 0 0 1
15 12 0 0 0 1 1 0
15 14 1 0 1 0 1 0
15 15 0 0 0 1 1 1
15 17 0 1 0 0 0 1
15 18 1 1 0 0 1 1
15 19 1 0 0 0 0 0
15 21 1 1 1 1 0 0
15 22 1 0 0 0 1 0
15 23 0 0 0 1 1 1
15 25 0 1 0 0 0 0
15 26 1 0 0 0 0 1
15 27 0 0 1 1 0 0
15 28 0 1 0 1 1 0
15 30 0 0 1 0 1 0
15 31 0 1 0 1 1 0
16 4 0 1 0 1 0 0
16 5 0 1 0 1 1 0
16 6 1 0 0 0 1 0
16 8 1 1 1 0 1 1
16 9 1 1 0 1 1 0
16 10 0 1 0 1 0 0
16 11 1 1 0 1 1 0
16 13 0 1 0 0 0 0
16 14 1 0 0 0 1 0
16 15 0 1 0 1 1 0
16 16 1 1 1 1 1 0
16 17 1 1 0 1 1 0
16 19 1 0 1 1 0 1
16 20 0 0 0 1 1 1
16 21 0 0 1 1 0 1
16 22 0 1 1 1 0 0
16 24 1 1 0 1 0 0
16 26 0 1 1 0 1 0
16 27 1 0 0 0 0 1
16 29 1 0 0 0 1 0
16 30 1 1 0 0 1 1
16 31 0 1 0 0 1 0
17 2 1 1 0 1 0 0
17 4 0 0 1 1 0 1
17 5 0 1 1 1 0 0
17 6 0 0 1 1 1 1
17 7 0 1 0 1 1 0
17 9 1 1 1 0 1 0
17 10 1 1 0 1 0 0
17 12 0 1 0 0 1 1
17 13 1 1 0 1 1 0
17 14 1 0 0 0 1 0
17 15 1 1 0 0 1 1
17 17 0 0 1 1 0 1
17 18 0 0 0 1 1 0
17 19 1 0 0 0 1 0
17 20 0 0 1 1 1 0
17 21 1 1 0 1 1 0
17 23 0 1 0 0 0 0
17 24 1 0 0 0 1 0
17 25 1 1 0 0 1 1
17 26 0 1 0 0 1 0
17 28 1 0 0 0 1 0
17 29 1 1 0 1 1 0
17 30 0 0 0 0 1 0
17 31 0 1 1 1 0 0
18 15 0 0 0 0 1 1
18 16 0 1 0 0 0 0
18 17 1 0 0 0 1 0
18 18 0 0 0 1 1 1
18 19 1 1 1 0 0 1
18 20 1 1 0 1 0 1
18 22 1 1 1 1 0 0
18 23 0 0 0 0 1 1
18 24 0 0 1 1 0 0
18 26 0 0 1 0 1 0
18 27 0 1 0 1 1 0
18 29 0 1 1 1 0 0
18 30 0 1 1 0 0 1
18 31 1 1 0 0 1 0
19 2 1 0 1 1 0 0
19 3 1 1 0 1 1 0
19 5 1 1 1 0 1 0
19 6 0 1 0 1 1 0
19 8 0 0 1 0 1 1
19 9 1 1 0 1 1 1
19 10 0 0 1 0 1 1
19 11 1 1 0 1 1 1
19 13 0 1 1 0 0 1
19 14 1 0 0 1 0 1
19 15 0 1 0 1 0 1
19 17 0 1 0 0 0 0
19 18 0 1 1 0 1 0
19 19 1 0 0 0 0 1
19 21 0 1 0 1 0 1
19 22 0 1 0 1 1 0
19 23 1 1 1 0 0 1
19 24 0 1 1 1 0 0
19 26 0 0 1 0 1 1
19 27 1 1 0 1 1 1
19 28 0 0 0 0 1 1
19 29 1 1 0 0 1 0
20 3 0 1 0 0 0 1
20 4 1 1 0 0 1 1
20 5 1 0 0 0 0 0
20 7 0 1 0 0 0 0
20 8 0 0 1 1 0 0
20 9 0 1 0 1 1 0
20 10 0 0 1 1 0 1
20 11 0 1 0 0 1 1
20 12 0 0 0 0 0 0
20 13 1 1 0 1 0 0
20 15 0 0 0 0 1 1
20 16 1 0 0 0 1 1
20 17 1 0 1 1 0 1
20 18 0 1 0 1 1 0
20 19 0 0 0 0 0 0
20 20 0 1 1 0 1 1
20 21 1 0 0 0 0 1
20 22 0 0 1 1 0 0
20 23 0 1 0 1 1 0
20 25 0 1 0 1 0 0
20 26 0 1 0 1 1 0
20 27 1 0 0 0 1 0
20 29 0 1 0 0 1 1
20 30 1 1 0 1 0 0
20 31 0 0 1 0 0 1
21 3 1 0 1 1 0 1
21 4 0 1 1 0 0 1
21 5 0 1 1 1 0 1
21 6 0 0 0 0 0 1
21 7 0 1 0 0 0 0
21 8 1 1 1 0 0 1
21 9 1 0 0 0 0 1
21 10 0 0 1 0 1 0
21 11 1 1 0 0 1 1
21 13 1 1 0 1 0 0
21 15 0 1 1 0 1 0
21 16 1 1 0 0 1 1
21 17 0 1 1 0 1 0
21 18 1 1 0 1 1 0
21 20 0 0 1 0 1 0
21 21 1 0 0 1 0 1
21 22 0 1 1 0 0 1
21 23 0 1 1 1 0 0
21 25 0 1 1 1 1 0
21 26 1 0 1 0 0 1
21 27 1 1 0 1 1 0
21 29 0 1 1 0 0 1
21 30 1 0 0 1 0 1
21 31 0 0 1 0 0 1
22 3 1 0 1 1 0 0
22 4 0 1 0 1 1 0
22 6 0 1 1 0 1 0
22 7 1 0 0 0 0 1
22 8 0 0 1 0 1 0
22 9 1 0 0 0 0 1
22 11 0 1 1 1 0 0
22 12 0 1 1 0 0 1
22 13 1 1 0 0 1 0
22 15 1 0 1 0 0 1
22 16 0 0 0 1 0 1
22 18 0 0 1 1 0 1
22 19 1 1 0 1 0 0
22 20 1 1 0 0 0 1
22 21 1 1 0 1 1 0
22 23 1 1 0 1 0 0
22 25 1 1 1 0 1 1
22 26 0 1 0 1 1 0
22 27 0 0 1 1 0 1
22 28 0 1 1 1 0 0
22 30 0 1 1 0 1 0
22 31 1 0 0 1 0 0
23 4 1 1 1 0 1 0
23 5 0 1 0 1 1 0
23 7 1 0 1 1 0 1
23 8 1 1 0 1 1 0
23 10 1 0 0 0 1 0
23 11 1 1 0 1 0 1
23 13 0 1 0 0 0 0
23 14 0 0 1 0 1 1
23 15 1 0 0 0 0 1
23 16 1 0 0 0 1 0
23 18 1 1 0 0 0 0
23 19 0 0 0 0 1 1
23 20 1 0 0 0 1 1
23 21 1 0 1 1 0 1
23 22 0 1 0 1 1 0
23 23 1 1 0 0 0 0
23 24 0 0 0 0 0 0
23 25 1 0 1 0 1 0
23 26 0 1 1 1 0 1
23 27 0 0 0 0 0 1
23 28 0 1 0 0 0 0
23 29 1 0 1 1 0 1
23 30 0 1 0 1 1 0
23 31 0 0 1 0 0 1
24 4 0 1 1 1 0 0
24 6 0 0 0 0 1 1
24 7 1 0 0 0 1 1
24 8 1 0 1 1 0 1
24 9 0 1 0 1 1 0
24 11 0 1 0 0 0 0
24 12 1 1 1 0 0 1
24 13 1 1 0 1 0 0
24 14 1 0 1 1 1 1
24 15 0 0 0 1 0 1
24 17 1 0 1 0 0 1
24 18 0 0 0 0 1 1
24 19 1 0 0 0 1 1
24 20 1 0 1 0 1 1
24 21 0 0 0 1 1 1
24 22 0 0 0 0 1 1
24 23 0 1 0 0 0 0
24 24 0 0 1 1 1 1
24 25 0 1 0 0 0 1
24 26 1 1 0 1 0 0
24 28 0 1 0 0 1 1
24 29 1 1 0 1 0 0
24 30 0 0 1 0 1 0
24 31 1 1 0 1 0 0
25 2 0 0 1 1 0 0
25 3 1 0 0 1 1 1
25 5 1 0 1 0 0 1
25 7 0 1 0 0 0 0
25 8 1 0 0 0 1 0
25 9 0 1 0 1 1 0
25 10 1 1 1 1 1 0
25 11 1 1 0 1 1 0
25 13 0 0 1 1 0 1
25 14 0 1 1 1 0 0
25 15 0 0 1 0 1 0
25 16 1 1 0 0 1 1
25 18 0 1 1 0 1 0
25 19 1 0 0 0 0 1
25 20 1 0 0 0 1 0
25 22 1 1 0 1 0 0
25 24 1 0 1 1 0 0
25 25 1 1 0 1 1 0
25 26 1 0 0 0 0 1
25 28 0 0 1 1 0 0
25 29 0 1 0 1 1 0
25 30 0 0 1 1 0 1
25 31 1 1 0 0 1 1
26 2 0 0 1 1 0 1
26 3 1 1 0 0 1 1
26 5 0 1 1 1 0 0
26 6 0 1 0 1 0 0
26 8 1 0 0 0 1 1
26 9 0 0 0 0 1 1
26 10 1 1 1 0 1 0
26 12 0 1 0 0 0 0
26 13 1 0 1 1 0 1
26 14 1 0 0 0 1 0
26 16 1 1 1 1 1 0
26 17 1 0 0 0 0 1
26 18 1 0 1 1 1 1
26 19 0 1 0 1 1 0
26 21 1 0 0 0 0 0
26 22 0 1 1 0 0 1
26 23 1 1 0 1 1 1
26 24 1 1 1 0 1 0
26 25 1 1 0 1 0 0
26 26 0 1 1 1 1 1
26 27 1 0 0 0 0 1
26 29 1 0 0 0 0 0
26 30 1 0 0 0 1 0
26 31 0 0 1 0 0 1
27 3 1 0 0 0 1 0
27 4 0 1 0 1 1 0
27 5 1 1 1 0 1 1
27 6 0 1 0 1 1 0
27 7 0 0 0 0 1 1
27 8 0 1 0 0 0 0
27 9 1 1 1 1 1 0
27 10 0 1 0 1 1 0
27 11 1 0 1 1 0 0
27 12 0 0 0 1 1 0
27 14 0 1 1 0 0 1
27 15 0 0 0 1 1 0
27 16 1 0 0 0 1 0
27 17 1 1 0 1 1 0
27 19 0 1 1 0 1 0
27 20 1 0 0 0 0 1
27 21 1 0 0 0 1 0
27 23 1 1 0 1 0 0
27 25 1 0 1 1 0 0
27 26 1 1 0 1 1 0
27 27 1 0 0 0 0 1
27 29 0 0 1 1 0 0
27 30 0 1 0 1 1 0
27 31 0 0 1 0 0 1
