-0.10
33 53 81 103 133 155 185 207 237 258 289 310 341 362 393 414 444 466 496 518 548 569 600 621 652 674 704 725 755 777 807 828 859 881 911 932 963 984 1014 1036 1066 1087 1118 1140 1169 1191 1221 1243 1273 1295 1325 1346 1376 1398 1429 1450 1480 1501 1532 1554 1584 1606 1633 1653
27 47 67 105 125 145 183 205 226 265 286 308 351 371 392 431 452 474 517 537 559 596 618 640 682 703 724 762 783 804 848 870 890 928 949 971 1012 1033 1054 1092 1112 1134 1176 1197 1219 1257 1278 1300 1341 1362 1384 1422 1443 1463 1501 1521 1541 1583 1604 1625 1664 1686 1707 1748 1769 1790 1829 1850 1871 1914 1936 1957 1995 2016 2037 2080 2101 2122 2162 2183 2204 2242 2262 2282
3 2 1 1 1 0 0 0
3 3 0 0 1 0 0 1
3 4 0 0 1 1 1 1
3 5 1 0 0 1 0 0
3 6 0 0 0 1 1 1
3 18 0 0 0 1 1 1
3 31 0 0 0 1 1 1
4 2 1 1 1 0 1 0
4 3 0 1 0 0 1 0
4 4 0 1 0 0 1 0
4 5 0 1 0 0 1 0
4 6 0 1 0 1 1 1
4 7 0 1 0 0 1 0
4 8 0 1 0 0 1 0
4 9 0 1 0 0 1 0
4 10 0 1 0 0 1 0
4 11 0 1 0 0 1 0
4 12 0 1 0 0 1 0
4 13 0 1 0 0 1 0
4 14 0 1 0 0 1 0
4 15 0 1 0 0 1 0
4 16 0 1 0 0 1 0
4 17 0 1 0 0 1 0
4 18 0 1 0 1 1 1
4 19 0 1 0 0 1 0
4 20 0 1 0 0 1 0
4 21 0 1 0 0 1 0
4 22 0 1 0 0 1 0
4 23 0 1 0 0 1 0
4 24 0 1 0 0 1 0
4 25 0 1 0 0 1 0
4 26 0 1 0 0 1 0
4 27 0 1 0 0 1 0
4 28 0 1 0 0 1 0
4 29 0 1 0 0 1 0
4 30 0 1 0 0 1 0
4 31 0 1 0 1 1 1
5 2 1 1 1 0 0 0
5 3 0 0 1 0 0 1
5 4 0 0 1 1 1 1
5 5 1 1 0 0 0 0
5 6 0 0 0 1 1 1
5 18 0 0 0 1 1 1
5 31 0 0 0 1 1 1
6 2 1 1 1 0 1 0
6 3 0 1 0 0 1 0
6 4 0 1 0 0 1 0
6 5 0 1 0 0 1 0
6 6 0 1 0 1 1 1
6 7 0 1 0 0 1 0
6 8 0 1 0 0 1 0
6 9 0 1 0 0 1 0
6 10 0 1 0 0 1 0
6 11 0 1 0 0 1 0
6 12 0 1 0 0 1 0
6 13 0 1 0 0 1 0
6 14 0 1 0 0 1 0
6 15 0 1 0 0 1 0
6 16 0 1 0 0 1 0
6 17 0 1 0 0 1 0
6 18 0 1 0 1 1 1
6 19 0 1 0 0 1 0
6 20 0 1 0 0 1 0
6 21 0 1 0 0 1 0
6 22 0 1 0 0 1 0
6 23 0 1 0 0 1 0
6 24 0 1 0 0 1 0
6 25 0 1 0 0 1 0
6 26 0 1 0 0 1 0
6 27 0 1 0 0 1 0
6 28 0 1 0 0 1 0
6 29 0 1 0 0 1 0
6 30 0 1 0 0 1 0
6 31 0 1 0 1 1 1
7 2 1 1 1 0 0 0
7 3 0 0 1 0 0 1
7 4 0 0 1 1 1 1
7 5 1 0 0 0 0 0
7 6 0 0 0 1 1 1
7 18 0 0 0 1 1 1
7 31 0 0 0 1 1 1
8 2 1 1 1 0 1 0
8 3 0 1 0 0 1 0
8 4 0 1 0 0 1 0
8 5 0 1 0 0 1 0
8 6 0 1 0 1 1 1
8 7 0 1 0 0 1 0
8 8 0 1 0 0 1 0
8 9 0 1 0 0 1 0
8 10 0 1 0 0 1 0
8 11 0 1 0 0 1 0
8 12 0 1 0 0 1 0
8 13 0 1 0 0 1 0
8 14 0 1 0 0 1 0
8 15 0 1 0 0 1 0
8 16 0 1 0 0 1 0
8 17 0 1 0 0 1 0
8 18 0 1 0 1 1 1
8 19 0 1 0 0 1 0
8 20 0 1 0 0 1 0
8 21 0 1 0 0 1 0
8 22 0 1 0 0 1 0
8 23 0 1 0 0 1 0
8 24 0 1 0 0 1 0
8 25 0 1 0 0 1 0
8 26 0 1 0 0 1 0
8 27 0 1 0 0 1 0
8 28 0 1 0 0 1 0
8 29 0 1 0 0 1 0
8 30 0 1 0 0 1 0
8 31 0 1 0 1 1 1
9 2 1 1 1 0 0 0
9 3 0 0 1 1 1 1
9 4 0 1 0 1 1 0
9 6 0 0 0 1 1 1
9 18 0 0 0 1 1 1
9 31 0 0 0 1 1 1
10 2 1 1 1 0 1 0
10 3 0 1 0 0 1 0
10 4 0 1 0 0 1 0
10 5 0 1 0 0 1 0
10 6 0 1 0 1 1 1
10 7 0 1 0 0 1 0
10 8 0 1 0 0 1 0
10 9 0 1 0 0 1 0
10 10 0 1 0 0 1 0
10 11 0 1 0 0 1 0
10 12 0 1 0 0 1 0
10 13 0 1 0 0 1 0
10 14 0 1 0 0 1 0
10 15 0 1 0 0 1 0
10 16 0 1 0 0 1 0
10 17 0 1 0 0 1 0
10 18 0 1 0 1 1 1
10 19 0 1 0 0 1 0
10 20 0 1 0 0 1 0
10 21 0 1 0 0 1 0
10 22 0 1 0 0 1 0
10 23 0 1 0 0 1 0
10 24 0 1 0 0 1 0
10 25 0 1 0 0 1 0
10 26 0 1 0 0 1 0
10 27 0 1 0 0 1 0
10 28 0 1 0 0 1 0
10 29 0 1 0 0 1 0
10 30 0 1 0 0 1 0
10 31 0 1 0 1 1 1
11 2 1 1 1 0 0 0
11 3 0 0 1 1 1 1
11 4 1 0 0 0 0 0
11 6 0 0 0 1 1 1
11 18 0 0 0 1 1 1
11 31 0 0 0 1 1 1
12 2 1 1 1 0 1 0
12 3 0 1 0 0 1 0
12 4 0 1 0 0 1 0
12 5 0 1 0 0 1 0
12 6 0 1 0 1 1 1
12 7 0 1 0 0 1 0
12 8 0 1 0 0 1 0
12 9 0 1 0 0 1 0
12 10 0 1 0 0 1 0
12 11 0 1 0 0 1 0
12 12 0 1 0 0 1 0
12 13 0 1 0 0 1 0
12 14 0 1 0 0 1 0
12 15 0 1 0 0 1 0
12 16 0 1 0 0 1 0
12 17 0 1 0 0 1 0
12 18 0 1 0 1 1 1
12 19 0 1 0 0 1 0
12 20 0 1 0 0 1 0
12 21 0 1 0 0 1 0
12 22 0 1 0 0 1 0
12 23 0 1 0 0 1 0
12 24 0 1 0 0 1 0
12 25 0 1 0 0 1 0
12 26 0 1 0 0 1 0
12 27 0 1 0 0 1 0
12 28 0 1 0 0 1 0
12 29 0 1 0 0 1 0
12 30 0 1 0 0 1 0
12 31 0 1 0 1 1 1
13 2 1 1 1 0 0 0
13 3 0 0 1 1 1 1
13 4 1 1 0 0 0 0
13 6 0 0 0 1 1 1
13 18 0 0 0 1 1 1
13 31 0 0 0 1 1 1
14 2 1 1 1 0 1 0
14 3 0 1 0 0 1 0
14 4 0 1 0 0 1 0
14 5 0 1 0 0 1 0
14 6 0 1 0 1 1 1
14 7 0 1 0 0 1 0
14 8 0 1 0 0 1 0
14 9 0 1 0 0 1 0
14 10 0 1 0 0 1 0
14 11 0 1 0 0 1 0
14 12 0 1 0 0 1 0
14 13 0 1 0 0 1 0
14 14 0 1 0 0 1 0
14 15 0 1 0 0 1 0
14 16 0 1 0 0 1 0
14 17 0 1 0 0 1 0
14 18 0 1 0 1 1 1
14 19 0 1 0 0 1 0
14 20 0 1 0 0 1 0
14 21 0 1 0 0 1 0
14 22 0 1 0 0 1 0
14 23 0 1 0 0 1 0
14 24 0 1 0 0 1 0
14 25 0 1 0 0 1 0
14 26 0 1 0 0 1 0
14 27 0 1 0 0 1 0
14 28 0 1 0 0 1 0
14 29 0 1 0 0 1 0
14 30 0 1 0 0 1 0
14 31 0 1 0 1 1 1
15 2 1 1 1 0 0 0
15 3 0 0 1 1 1 1
15 4 1 0 0 1 0 0
15 6 0 0 0 1 1 1
15 18 0 0 0 1 1 1
15 31 0 0 0 1 1 1
16 2 1 1 1 0 1 0
16 3 0 1 0 0 1 0
16 4 0 1 0 0 1 0
16 5 0 1 0 0 1 0
16 6 0 1 0 1 1 1
16 7 0 1 0 0 1 0
16 8 0 1 0 0 1 0
16 9 0 1 0 0 1 0
16 10 0 1 0 0 1 0
16 11 0 1 0 0 1 0
16 12 0 1 0 0 1 0
16 13 0 1 0 0 1 0
16 14 0 1 0 0 1 0
16 15 0 1 0 0 1 0
16 16 0 1 0 0 1 0
16 17 0 1 0 0 1 0
16 18 0 1 0 1 1 1
16 19 0 1 0 0 1 0
16 20 0 1 0 0 1 0
16 21 0 1 0 0 1 0
16 22 0 1 0 0 1 0
16 23 0 1 0 0 1 0
16 24 0 1 0 0 1 0
16 25 0 1 0 0 1 0
16 26 0 1 0 0 1 0
16 27 0 1 0 0 1 0
16 28 0 1 0 0 1 0
16 29 0 1 0 0 1 0
16 30 0 1 0 0 1 0
16 31 0 1 0 1 1 1
17 2 1 1 1 0 0 0
17 3 0 0 0 0 1 0
17 4 0 0 0 0 1 0
17 5 0 0 0 0 1 0
17 6 0 0 0 1 1 1
17 8 0 0 0 0 1 0
17 9 0 0 0 0 1 0
17 10 0 0 0 0 1 0
17 18 0 0 0 1 1 1
17 20 0 0 0 0 1 0
17 21 0 0 0 0 1 0
17 22 0 0 0 0 1 0
17 31 0 0 0 1 1 1
18 2 1 1 0 0 1 0
18 3 0 1 0 0 1 0
18 4 0 1 0 0 1 0
18 5 0 1 0 0 1 0
18 6 0 1 0 1 1 0
18 7 0 1 0 0 1 0
18 8 0 1 0 0 1 0
18 9 0 1 0 0 1 0
18 10 0 1 0 0 1 0
18 11 0 1 0 0 1 0
18 12 0 1 0 0 1 0
18 13 0 1 0 0 1 0
18 14 0 1 0 0 1 0
18 15 0 1 0 0 1 0
18 16 0 1 0 0 1 0
18 17 0 1 0 0 1 0
18 18 0 1 0 1 1 0
18 19 0 1 0 0 1 0
18 20 0 1 0 0 1 0
18 21 0 1 0 0 1 0
18 22 0 1 0 0 1 0
18 23 0 1 0 0 1 0
18 24 0 1 0 0 1 0
18 25 0 1 0 0 1 0
18 26 0 1 0 0 1 0
18 27 0 1 0 0 1 0
18 28 0 1 0 0 1 0
18 29 0 1 0 0 1 0
18 30 0 1 0 0 1 0
18 31 0 1 0 1 1 0
20 4 0 1 0 1 1 0
20 5 1 1 1 0 0 1
20 6 1 1 0 0 1 0
20 7 1 1 1 0 1 1
20 9 1 0 1 1 0 0
20 10 0 0 1 1 1 0
20 11 1 0 0 1 1 0
20 12 1 0 0 1 0 1
20 14 1 1 0 0 1 0
20 15 1 1 1 1 1 1
20 16 0 1 1 1 1 0
20 17 1 0 1 0 0 1
20 18 0 0 0 0 1 0
20 20 1 0 0 1 1 0
20 21 0 1 0 0 0 1
20 22 0 1 0 0 0 0
20 24 0 0 0 0 1 1
20 25 1 0 1 1 1 1
21 2 0 1 1 0 1 1
21 3 0 0 1 0 0 1
21 4 0 0 1 1 1 1
21 5 1 0 0 0 0 0
21 6 0 1 1 0 0 0
21 7 1 1 0 0 0 1
21 8 0 0 0 0 1 1
21 9 1 0 1 1 0 1
21 11 0 1 1 0 1 0
21 12 0 0 1 1 1 1
21 13 1 0 0 0 0 0
21 14 0 0 1 1 1 0
21 15 0 0 1 1 0 0
21 16 0 1 1 0 0 0
21 17 0 0 0 0 1 0
21 19 0 0 0 0 1 1
21 20 1 0 1 1 1 1
21 22 0 1 1 0 1 1
21 23 0 0 1 0 0 1
21 24 0 0 1 1 1 1
21 25 1 0 0 0 0 0
21 26 0 1 1 0 0 0
21 27 1 1 0 0 0 1
21 28 0 0 0 0 1 1
21 29 1 0 1 1 0 1
22 2 0 0 1 0 0 1
22 3 0 0 1 1 1 1
22 4 1 0 0 0 0 0
22 5 0 0 1 1 1 0
22 6 0 0 1 1 0 0
22 7 0 1 1 0 0 0
22 9 1 0 0 1 1 0
22 11 0 1 1 1 1 0
22 12 1 0 1 0 0 1
22 13 1 1 0 0 1 0
22 14 1 0 1 1 0 1
22 16 0 0 0 0 1 1
22 17 0 0 1 0 0 0
22 18 0 1 1 1 1 0
22 19 1 0 1 0 0 1
22 21 0 0 1 1 1 1
22 22 1 1 0 0 0 0
22 23 1 1 0 1 0 0
22 24 0 0 1 1 1 1
22 25 1 0 0 0 0 0
22 26 0 0 1 0 0 1
22 27 0 0 1 1 1 1
22 28 1 1 0 0 1 0
22 30 1 1 0 1 1 0
22 31 1 0 0 1 0 1
23 2 0 0 1 1 1 1
23 3 1 0 0 0 0 0
23 4 1 1 0 0 0 0
23 5 1 0 0 1 0 0
23 6 0 0 1 0 0 1
23 7 1 0 0 0 1 0
23 8 0 0 0 0 0 1
23 9 0 1 1 0 0 0
23 10 0 0 0 0 1 0
23 11 0 1 1 0 0 0
24 4 1 0 1 0 0 0
24 5 0 1 0 0 0 1
24 6 0 1 0 1 0 0
24 8 1 0 1 0 0 0
24 9 1 1 1 0 0 1
24 10 1 1 1 1 1 0
24 11 1 0 1 0 0 1
24 12 0 0 0 0 1 0
24 14 1 1 1 1 0 0
24 15 0 1 1 0 1 0
24 16 1 0 1 0 0 1
24 17 1 1 0 0 1 0
24 18 1 0 0 1 0 1
24 20 0 0 0 0 1 1
24 21 1 0 1 1 1 1
24 23 0 1 1 0 1 1
24 24 0 0 1 0 0 1
24 25 0 0 1 1 1 1
24 26 1 0 0 0 0 0
24 27 0 1 1 0 0 0
24 28 1 1 0 0 0 1
24 29 0 0 0 0 1 1
24 30 1 0 1 1 0 1
25 2 0 1 1 0 1 0
25 3 0 0 1 1 1 1
25 4 1 0 0 0 0 0
25 5 0 0 1 1 1 0
25 6 0 0 1 1 0 0
25 7 0 1 1 0 0 0
25 9 1 0 0 1 1 0
25 11 1 0 1 0 0 0
25 12 0 1 0 1 0 1
25 13 1 0 1 0 0 0
25 14 1 1 1 0 1 1
25 16 1 1 0 0 1 0
25 17 1 0 1 1 0 1
25 18 1 1 0 0 1 0
25 19 1 1 0 1 0 1
25 20 0 0 0 0 1 0
25 22 1 0 0 1 1 0
25 23 0 1 0 1 1 1
25 24 1 1 1 1 1 0
25 25 0 0 1 0 1 1
25 26 0 0 1 1 0 0
25 27 1 1 1 0 1 1
25 29 1 0 0 0 1 1
26 2 1 1 0 1 1 0
26 3 1 0 0 0 0 1
26 4 1 1 0 1 1 0
26 5 1 0 1 0 1 0
26 7 1 0 0 1 1 0
26 8 1 0 0 1 0 1
26 10 1 1 0 0 0 1
26 11 0 0 1 0 0 1
26 12 0 0 1 1 1 1
26 13 1 0 0 0 0 0
26 14 0 0 0 0 1 0
26 16 0 0 1 1 1 1
26 17 0 1 0 1 1 0
26 18 0 0 1 1 1 0
26 20 1 0 1 0 0 0
26 21 1 0 0 0 1 0
26 23 0 0 1 1 0 1
26 25 0 0 0 0 1 1
26 26 1 0 1 1 0 1
26 27 0 0 1 0 0 1
26 28 0 0 1 1 0 0
26 29 1 1 1 0 1 1
27 2 1 1 1 1 1 0
27 3 0 1 0 1 1 1
27 4 0 0 1 1 0 0
27 5 0 1 0 0 0 0
27 7 1 0 0 1 1 0
27 9 0 0 1 1 0 0
27 10 0 1 0 0 0 0
27 11 1 1 0 0 1 0
27 12 1 0 0 1 0 1
27 13 0 0 0 0 1 0
27 16 1 0 1 1 0 0
27 17 0 0 1 0 1 1
27 19 1 1 0 0 0 0
27 20 0 0 1 0 1 0
27 22 0 0 0 1 0 0
27 23 0 1 1 1 1 0
27 24 0 0 1 0 1 0
27 26 1 1 0 1 1 0
27 27 0 1 0 1 0 0
27 28 1 0 1 0 1 1
27 29 1 0 1 0 1 0
27 15 1 0 1 0 1 0
