0.30
33 53 81 102 132 153 184 206 236 258 288 309 340 362 392 413 443 465 495 516 547 568 598 620 650 672 702 723 754 775 806 828 858 879 909 931 961 982 1013 1034 1065 1086 1116 1138 1168 1189 1220 1241 1272 1293 1323 1345 1375 1396 1427 1448 1479 1500 1530 1551 1582 1603 1630 1650
67 87 107 145 165 185 223 245 266 306 328 348 386 406 426 469 491 512 556 577 598 636 658 679 722 743 764 801 822 843 887 909 929 967 989 1010 1053 1074 1095 1133 1155 1176 1218 1239 1260 1299 1321 1342 1384 1405 1426 1465 1486 1507 1548 1569 1590 1632 1653 1675 1714 1735 1757 1797 1819 1840 1879 1901 1922 1965 1986 2007 2045 2067 2088 2126 2146 2166 2204 2224 2244 2282 2302 2322
3 4 1 1 0 0 1 0
3 5 0 1 0 1 0 1
3 7 1 1 0 1 1 0
3 8 0 1 0 1 0 0
3 9 1 0 0 1 1 0
3 10 0 1 0 0 0 1
3 12 0 1 0 1 1 0
3 13 1 0 1 0 0 1
3 14 1 1 0 0 1 0
3 15 0 1 0 0 0 1
3 17 1 0 0 1 1 1
3 19 1 0 1 1 0 0
3 20 0 0 1 1 1 0
3 21 1 0 0 1 1 0
3 22 1 0 0 1 0 1
3 23 1 1 0 1 0 0
3 24 0 0 1 0 1 0
3 26 1 1 0 0 1 0
3 27 1 1 1 1 1 1
3 29 0 1 0 1 0 0
3 30 1 1 0 1 1 0
3 31 0 1 0 0 0 1
4 2 1 1 0 0 1 0
4 3 1 1 1 0 0 1
4 4 1 0 0 0 1 1
4 5 1 0 1 0 0 1
4 7 1 0 0 1 1 0
4 9 0 1 1 1 1 0
4 10 1 0 1 0 0 1
4 11 1 1 0 0 1 0
4 12 1 0 1 1 0 1
4 14 1 0 1 1 0 0
4 15 0 0 1 0 1 0
4 16 0 0 0 0 1 0
4 17 0 0 1 0 0 0
6 4 1 0 1 0 0 0
6 5 0 1 0 0 0 1
6 6 0 1 0 1 0 0
6 8 1 0 1 0 0 0
6 9 1 1 1 0 0 1
6 10 1 1 1 1 1 0
6 11 1 0 1 0 0 1
6 12 0 0 0 0 1 0
6 14 1 1 1 0 1 0
6 15 0 1 1 0 0 0
6 16 1 0 0 1 0 0
6 17 0 1 1 0 0 0
6 19 1 1 0 0 1 0
6 20 1 1 1 0 0 1
6 21 1 0 0 0 1 1
6 22 1 0 1 0 0 1
6 24 0 0 0 0 1 1
6 25 1 0 1 1 1 1
6 27 0 1 1 0 1 1
6 28 0 0 0 0 1 1
6 29 1 0 1 1 0 1
6 30 0 0 1 1 0 0
6 31 0 1 1 0 0 0
7 2 1 0 0 1 1 0
7 4 0 1 1 1 1 0
7 5 1 0 1 0 0 1
7 6 1 1 0 0 1 0
7 7 1 0 1 1 0 1
7 9 1 0 0 0 1 1
7 11 0 1 0 1 0 0
7 12 0 1 1 1 1 0
7 13 0 0 1 1 1 0
7 15 1 0 1 0 0 0
7 16 0 0 1 1 0 1
7 17 1 1 0 0 1 0
7 18 1 0 0 1 0 1
7 19 0 0 0 0 1 0
7 21 0 0 0 1 0 0
7 22 0 1 1 1 1 0
7 23 0 0 1 0 1 0
7 25 1 0 0 1 1 0
7 27 1 1 0 0 1 0
7 28 1 0 0 0 0 1
7 29 0 0 1 1 0 0
7 30 0 1 1 0 1 1
8 2 1 1 1 0 0 0
8 3 0 1 1 1 0 1
8 4 0 1 1 1 0 0
8 5 0 1 1 0 0 0
8 6 0 0 1 1 0 1
8 8 0 1 1 1 1 0
8 9 1 1 1 0 1 1
8 11 1 1 1 0 0 0
8 12 1 1 1 0 0 1
8 13 1 0 1 0 0 0
8 14 1 1 0 0 1 1
8 16 1 1 0 0 1 0
8 17 1 0 1 0 1 0
8 19 0 0 1 1 0 0
8 20 0 1 1 0 0 0
8 22 1 0 1 0 0 0
8 23 1 0 0 1 0 1
8 24 1 0 1 0 0 0
8 25 1 1 0 0 1 1
8 27 1 0 0 0 1 1
8 28 0 1 0 0 0 0
8 30 1 0 1 0 0 0
8 31 1 1 0 0 1 1
9 2 1 0 1 0 1 1
9 3 0 1 0 1 0 1
9 5 1 0 1 0 0 0
9 6 0 1 0 0 1 1
9 7 0 0 1 1 0 0
9 8 0 1 0 0 1 1
9 10 0 1 1 1 0 0
9 11 1 0 1 0 1 0
9 13 1 1 0 1 1 0
9 14 1 0 0 0 0 1
9 15 1 1 0 1 1 0
9 16 1 0 1 0 1 0
9 18 1 0 0 1 1 0
9 20 1 1 1 0 0 0
9 21 1 0 1 0 0 1
9 22 1 1 0 0 1 0
9 23 1 0 0 1 0 1
9 24 0 0 0 0 1 0
9 26 0 0 1 1 0 0
9 27 0 0 1 0 0 0
9 28 1 0 0 0 1 1
9 30 0 0 1 1 0 0
9 31 0 1 0 0 0 1
10 2 0 0 1 0 0 1
10 3 0 1 1 1 1 0
10 4 0 0 1 1 1 0
10 6 1 0 1 0 0 0
10 7 0 0 1 1 0 1
10 8 1 1 0 0 1 0
10 9 1 0 0 1 0 1
10 11 1 0 1 0 0 0
10 12 0 1 0 1 0 1
10 13 1 0 1 0 0 0
10 14 1 1 1 0 1 1
10 16 1 1 0 0 1 0
10 17 1 0 1 1 0 1
10 18 1 0 0 0 1 1
10 19 0 1 1 0 0 1
10 20 0 0 0 0 1 0
10 21 0 1 1 0 0 0
10 22 0 0 1 1 0 0
10 23 0 1 0 0 0 1
10 24 0 1 1 1 1 0
10 25 0 0 1 1 1 0
10 27 1 0 1 0 0 0
10 28 0 0 1 1 0 1
10 29 1 1 0 0 1 0
10 30 1 0 0 1 0 1
11 2 1 1 0 1 1 0
11 3 0 0 1 1 1 0
11 4 1 0 1 0 1 1
11 5 1 0 1 0 1 0
11 7 1 1 1 1 0 0
11 8 0 1 1 0 1 0
11 9 1 0 1 0 0 1
11 10 0 1 1 0 0 0
11 11 1 1 0 0 1 0
11 12 1 0 0 1 0 1
11 14 0 0 0 0 1 1
11 15 1 0 1 1 1 1
11 17 0 1 1 0 1 1
11 18 0 0 0 0 1 1
11 19 1 0 1 1 0 1
11 20 0 0 1 1 0 0
11 21 0 1 1 0 0 0
11 22 0 0 0 0 1 0
11 23 0 1 1 0 0 0
11 24 1 0 0 0 1 1
11 25 0 1 0 0 0 0
11 26 1 1 0 1 1 0
11 27 0 1 0 1 0 0
11 29 1 0 0 0 1 1
11 30 0 1 1 0 0 1
11 31 0 0 0 0 1 0
12 2 1 1 1 0 1 0
12 3 0 1 1 0 0 0
12 4 1 0 0 1 0 0
12 5 0 1 1 0 0 0
12 7 1 1 0 0 1 0
12 8 1 1 1 0 0 1
12 9 1 0 0 0 1 1
12 10 1 0 1 0 0 1
12 12 1 0 0 1 1 0
12 14 0 1 1 1 1 0
12 15 1 0 1 0 0 1
12 16 1 1 0 0 1 0
12 17 1 0 1 1 0 1
12 19 1 0 0 1 1 0
12 20 1 1 1 0 1 1
12 21 1 0 0 0 1 1
12 23 1 1 1 1 0 0
12 24 0 1 1 0 1 0
12 25 1 0 1 0 0 1
12 26 0 1 1 0 0 0
12 27 1 1 0 0 1 0
12 28 1 0 0 1 0 1
12 29 0 0 0 0 1 0
13 2 0 0 0 1 0 0
13 3 0 1 1 1 1 0
13 4 0 0 1 0 1 0
13 5 1 0 1 1 0 0
13 6 0 0 1 0 1 1
13 8 1 0 0 1 1 0
13 10 1 0 1 0 0 0
13 11 0 1 0 1 0 1
13 12 1 0 1 0 0 0
13 13 1 1 1 0 1 1
13 15 1 1 0 0 1 0
13 16 1 0 1 0 1 0
13 17 0 0 1 1 0 0
13 18 0 1 0 0 0 1
13 19 0 0 1 0 0 0
13 21 1 1 0 0 1 0
13 22 1 0 1 1 0 1
13 23 1 0 0 0 1 1
13 24 0 1 1 0 0 1
13 26 1 1 0 0 1 0
13 27 1 0 1 0 1 0
13 28 0 0 1 1 0 0
13 29 0 1 0 0 0 1
13 30 0 0 1 0 0 0
14 2 1 1 0 0 1 0
14 3 1 0 1 1 0 1
14 4 1 1 0 0 1 0
14 5 1 1 0 1 0 1
14 6 0 0 0 0 1 0
14 7 0 1 1 0 0 0
14 8 0 1 0 1 0 0
14 9 1 1 0 0 0 0
14 10 1 1 1 0 0 1
14 12 1 0 0 1 1 0
14 13 0 1 0 0 0 1
14 14 0 0 0 0 1 0
14 16 1 1 1 0 1 0
14 17 0 1 1 0 0 0
14 18 1 0 0 1 0 0
14 19 0 1 1 0 0 0
14 21 1 1 0 0 1 0
14 22 1 1 1 0 0 1
14 23 1 0 0 0 1 1
14 24 1 0 1 0 0 1
14 26 0 0 0 0 1 1
14 27 1 0 1 1 1 1
15 2 0 1 1 0 1 1
15 3 0 0 0 0 1 1
15 4 1 0 0 0 0 0
15 5 1 0 1 1 0 1
15 6 0 0 1 1 0 0
15 7 0 1 1 0 0 0
15 9 0 1 1 0 1 0
15 10 1 1 0 0 0 0
15 11 1 0 1 1 0 1
15 13 0 1 1 0 1 0
15 14 1 0 0 1 0 0
15 16 1 0 0 1 1 0
15 18 0 1 1 1 1 0
15 19 1 0 1 0 0 1
15 20 1 1 0 0 1 0
15 21 1 0 1 1 0 1
15 23 1 1 0 1 1 0
15 24 0 0 1 1 1 0
15 25 1 0 1 0 1 1
15 26 1 0 1 0 1 0
15 28 1 1 1 1 0 0
15 29 0 1 1 0 1 0
15 30 1 0 1 0 0 1
16 2 0 0 1 0 0 1
16 3 1 1 0 0 1 0
16 4 1 0 0 1 0 1
16 6 0 0 0 0 1 1
16 7 1 0 1 1 1 1
16 9 0 1 1 0 1 1
16 10 0 0 0 0 1 1
16 11 1 0 0 0 0 0
16 12 1 0 1 1 0 1
16 13 0 0 1 1 0 0
16 14 0 1 1 0 0 0
16 16 0 1 1 0 1 0
16 17 1 1 0 0 0 0
16 18 1 0 1 1 0 1
16 20 0 1 1 0 1 0
16 21 1 0 0 1 0 0
16 22 0 0 0 0 1 0
16 23 0 1 1 0 0 0
17 4 1 1 0 0 1 0
17 5 0 1 0 1 0 1
17 7 1 0 1 0 0 0
17 8 0 1 0 0 0 1
17 9 0 1 0 1 0 0
17 11 1 0 1 0 0 0
17 12 1 1 1 0 0 1
17 13 1 1 1 1 1 0
17 14 1 0 1 0 0 1
17 15 0 0 0 0 1 0
17 17 0 0 0 0 1 1
17 18 1 0 1 1 1 1
17 19 0 0 1 0 0 1
17 20 0 0 1 1 0 0
17 21 1 1 1 0 1 1
17 23 1 0 0 0 1 1
17 25 1 1 1 1 0 0
17 26 0 1 1 0 1 0
17 27 1 0 1 0 0 1
17 28 1 1 0 0 1 0
17 29 1 0 0 1 0 1
18 2 0 0 0 0 1 1
18 3 1 0 1 1 1 1
18 5 0 1 1 0 1 1
18 6 0 0 0 0 1 1
18 7 1 0 1 1 0 1
18 8 0 0 1 1 0 0
18 9 0 1 1 0 0 0
18 11 1 0 0 1 1 0
18 13 1 0 0 1 1 0
18 14 0 1 0 1 1 1
18 15 1 1 1 1 1 0
18 16 0 0 1 0 1 1
18 17 0 0 1 1 0 0
18 18 1 1 1 0 1 1
18 19 0 0 0 0 1 0
18 21 1 1 1 1 0 0
18 22 0 1 1 0 1 0
18 23 1 0 1 0 0 1
18 24 1 1 0 0 1 0
18 25 1 0 0 1 0 1
18 27 0 0 0 0 1 1
18 28 1 0 1 1 1 1
19 2 0 1 1 0 1 1
19 3 0 0 0 0 1 1
19 4 1 0 1 1 0 1
19 5 0 0 1 1 0 0
19 6 0 1 1 0 0 0
19 8 0 0 1 1 0 1
19 10 0 0 0 1 0 0
19 11 0 1 1 1 1 0
19 12 0 0 1 0 1 0
19 14 1 0 0 1 1 0
19 16 1 0 0 1 1 0
19 17 0 1 0 1 1 1
19 18 1 1 1 1 1 0
19 19 0 0 1 0 1 1
19 20 0 0 1 1 0 0
19 21 1 1 1 0 1 1
19 23 1 0 0 1 1 0
19 25 1 1 0 1 1 0
19 26 0 0 1 1 1 0
19 27 1 0 0 1 1 0
19 28 1 0 0 1 0 1
20 2 1 1 0 0 0 1
20 3 0 0 1 1 1 1
20 4 0 1 0 1 1 0
20 5 0 0 0 0 1 0
20 7 0 0 1 1 1 1
20 8 0 1 0 1 1 0
20 9 0 0 1 1 1 0
20 11 1 1 0 1 1 0
20 12 0 0 1 1 1 0
20 13 1 0 1 0 1 1
20 14 1 0 1 0 1 0
20 16 1 1 1 1 0 0
20 17 0 1 1 0 1 0
20 18 1 0 1 0 0 1
20 19 1 1 0 0 1 0
20 20 1 0 0 1 0 1
20 22 0 0 0 0 1 1
20 23 1 0 1 1 1 1
20 25 0 1 1 0 1 1
20 26 0 0 0 0 1 1
20 27 1 0 1 1 0 1
20 28 0 0 1 1 0 0
20 29 0 1 1 0 0 0
20 31 1 0 0 1 1 0
21 2 1 0 0 1 1 0
21 3 1 0 0 0 0 1
21 4 1 0 0 1 1 0
21 5 1 0 0 1 0 1
21 6 0 0 0 0 1 0
21 8 0 0 0 1 0 0
21 9 0 1 1 1 1 0
21 10 0 0 1 0 1 0
21 12 1 0 0 0 1 1
21 14 1 1 1 1 0 0
21 15 0 1 1 0 1 0
21 16 1 0 1 0 0 1
21 17 1 1 0 0 1 0
21 18 1 0 0 1 0 1
21 20 0 0 0 0 1 1
21 21 1 0 1 1 1 1
21 23 0 1 1 0 1 1
21 24 0 0 0 0 1 1
21 25 1 0 1 1 0 1
21 26 0 0 1 1 0 0
21 27 0 1 1 0 0 0
21 29 1 0 0 1 1 0
22 2 1 0 1 0 1 1
22 3 0 1 0 1 1 1
22 4 1 0 0 1 1 0
22 5 0 1 0 1 0 0
22 6 1 0 0 1 1 0
22 7 1 0 0 1 0 1
22 8 0 0 0 0 1 0
22 9 0 1 1 0 0 0
22 10 1 0 0 0 1 1
22 11 0 1 0 0 0 0
22 12 1 1 0 1 1 0
22 13 0 1 0 1 0 0
22 15 1 0 0 0 1 1
22 16 0 1 1 0 0 1
22 17 0 0 0 0 1 0
22 19 1 0 1 1 0 0
22 20 0 1 1 1 0 1
22 21 0 1 1 1 1 0
22 22 0 0 1 1 1 0
22 24 1 1 1 1 0 0
22 25 0 1 1 0 1 0
22 26 1 0 1 0 0 1
22 27 1 1 0 0 1 0
22 28 1 0 0 1 0 1
22 30 1 0 0 1 1 0
22 31 1 1 1 0 1 1
23 2 1 1 0 0 1 1
23 4 1 0 0 1 1 0
23 5 0 1 0 1 1 1
23 6 1 1 1 1 1 0
23 7 0 0 1 0 1 1
23 8 0 0 1 1 0 0
23 9 1 1 1 0 1 1
23 10 0 0 0 0 1 0
23 12 1 1 1 1 0 0
23 13 0 1 1 0 1 0
23 14 1 0 1 0 0 1
23 15 1 1 0 0 1 0
23 16 1 0 0 1 0 1
23 18 0 0 1 1 0 1
23 20 1 0 0 1 1 0
23 21 0 1 0 1 1 1
23 22 1 1 1 1 1 0
23 23 0 0 1 0 1 1
23 24 0 0 1 1 0 0
23 25 1 1 1 0 1 1
23 27 1 0 0 1 1 0
23 29 1 1 0 1 1 0
23 30 0 0 1 1 1 0
24 2 0 0 1 0 0 1
24 3 1 0 0 1 1 0
24 4 1 0 0 1 0 1
24 6 1 1 0 1 1 0
24 7 0 0 1 1 1 0
24 8 1 0 1 0 1 1
24 9 1 0 1 0 1 0
24 11 1 1 1 1 0 0
24 12 0 1 1 0 1 0
24 13 1 0 1 0 0 1
24 14 1 1 0 0 1 0
24 15 1 0 0 1 0 1
24 17 1 0 0 1 1 0
24 19 1 0 0 1 1 0
24 20 1 0 0 0 0 1
24 21 1 0 0 1 1 0
24 22 1 0 0 1 0 1
24 23 0 0 0 0 1 0
24 24 0 1 1 0 0 0
24 25 1 0 0 1 1 0
24 26 1 0 0 0 0 1
24 27 1 0 0 1 1 0
24 28 1 0 0 1 0 1
24 30 1 0 0 0 1 1
25 2 1 1 1 1 0 0
25 3 0 1 1 0 1 0
25 4 1 0 1 0 0 1
25 5 1 1 0 0 1 0
25 6 1 0 0 1 0 1
25 8 1 0 0 1 1 0
25 10 1 0 1 0 1 1
25 11 0 1 0 1 1 1
25 12 1 0 0 1 1 0
25 13 0 1 0 1 0 0
25 14 1 0 0 1 1 0
25 15 1 0 0 1 0 1
25 17 1 1 0 0 1 0
25 18 1 0 1 0 1 0
25 20 1 0 1 0 1 1
25 21 0 1 0 1 1 1
25 22 1 1 0 1 1 0
25 23 0 1 1 0 1 0
25 24 1 0 0 1 1 0
25 25 1 0 0 1 0 1
25 26 0 0 0 0 1 0
25 27 0 1 1 0 0 0
