0.10
39 59 87 108 139 160 191 212 243 265 295 316 347 368 399 420 451 472 503 524 554 575 607 628 658 679 710 731 762 783 813 835 866 887 917 938 969 990 1021 1042 1073 1094 1125 1145 1176 1197 1228 1249 1280 1300 1332 1353 1383 1405 1435 1457 1487 1509 1538 1560 1590 1612 1639 1659
55 75 95 133 155 176 216 238 259 303 324 345 383 403 423 468 489 511 549 570 591 634 656 677 714 735 756 794 814 834 880 901 923 965 987 1007 1045 1067 1088 1131 1153 1174 1213 1235 1256 1297 1318 1340 1378 1398 1418 1460 1481 1502 1542 1564 1585 1625 1646 1667 1707 1728 1749 1788 1810 1831 1874 1896 1917 1955 1976 1997 2039 2061 2083 2121 2141 2161 2207 2228 2247
2 2 0 0 0 0 1 1
2 3 1 0 1 1 0 1
2 5 0 1 1 0 1 1
2 6 0 0 1 0 0 1
2 7 0 0 1 1 1 1
2 8 1 0 0 0 0 0
2 9 0 0 0 0 1 0
2 11 1 0 0 1 1 0
2 12 1 0 0 0 0 1
2 13 1 0 0 1 1 0
2 14 1 0 0 1 0 1
2 16 1 0 0 0 1 1
2 18 1 1 0 0 0 1
2 19 0 0 1 0 0 1
2 20 0 0 1 1 1 1
2 21 1 0 0 0 0 0
2 22 0 0 0 0 1 0
2 24 0 0 1 1 1 1
2 25 0 1 0 1 1 0
2 26 0 0 0 1 1 0
2 27 0 0 0 0 1 1
2 29 1 1 1 1 0 0
2 30 0 1 1 0 1 0
2 31 1 0 1 0 0 1
3 2 0 0 1 0 0 1
3 3 1 1 0 0 1 0
3 4 1 0 0 1 0 1
3 6 0 0 0 0 1 1
3 7 1 0 1 0 1 1
3 9 0 1 1 0 1 1
3 10 0 0 1 0 0 0
3 11 0 0 1 0 1 1
3 12 1 0 0 0 0 0
3 13 0 1 1 0 0 0
3 14 1 1 0 0 0 1
3 15 0 0 0 0 1 1
3 16 1 0 1 1 0 1
3 18 0 0 1 0 0 1
3 19 0 0 1 1 1 1
3 20 1 0 0 0 0 0
3 22 0 0 1 1 0 0
3 23 0 1 1 0 0 0
3 25 1 0 0 1 1 0
3 27 1 0 1 0 0 0
3 28 0 1 0 1 0 1
3 29 1 0 1 0 0 0
3 30 1 1 1 0 1 1
4 2 1 1 0 0 1 0
4 3 1 0 1 1 0 1
4 4 0 0 1 0 0 1
4 5 0 0 1 0 0 1
4 6 0 0 0 0 1 0
4 8 1 0 0 1 1 0
4 9 0 1 0 1 1 1
4 10 1 1 1 1 1 0
4 11 0 0 1 0 1 1
4 12 0 0 1 1 0 0
4 13 1 1 1 0 1 1
4 15 1 0 0 0 1 1
4 17 0 0 1 0 0 1
4 18 0 0 1 0 0 1
4 19 0 0 0 0 1 0
4 21 1 0 0 1 1 0
4 22 1 0 0 0 0 1
4 23 1 0 0 1 1 0
4 24 1 0 0 1 0 1
4 26 1 0 0 0 1 1
4 28 0 0 1 0 0 1
4 29 0 0 1 0 0 1
4 30 0 0 0 0 1 0
4 31 0 1 1 0 0 0
6 4 0 1 1 1 1 0
6 5 0 1 1 0 1 0
6 6 1 1 1 0 0 0
6 7 0 1 0 0 1 0
7 4 1 1 1 1 0 0
7 5 0 1 1 0 1 0
7 6 1 0 1 0 0 1
7 7 1 1 0 0 1 0
7 8 1 0 0 0 0 1
7 10 0 0 0 0 1 1
7 11 1 0 1 1 1 1
7 13 0 1 1 0 1 1
7 14 0 0 1 0 0 1
7 15 0 0 1 1 1 1
7 16 1 0 0 0 0 0
7 17 0 1 1 0 0 0
7 18 1 1 0 0 0 1
7 19 0 0 0 0 1 1
7 20 1 0 1 1 0 1
7 22 0 1 1 0 1 0
7 23 0 0 1 1 1 1
7 24 1 0 0 0 0 0
7 25 0 0 1 1 1 0
7 26 0 0 1 1 0 0
7 27 0 1 1 0 0 0
7 28 0 0 0 0 1 0
7 30 0 0 0 0 1 1
7 31 1 0 1 0 1 1
8 2 0 1 1 0 1 1
8 3 0 0 1 0 0 1
8 4 0 0 1 1 1 1
8 5 1 0 0 0 0 0
8 6 0 1 1 0 0 0
8 7 1 1 0 0 0 1
8 8 0 0 0 0 1 1
8 9 1 0 1 1 0 1
8 11 0 0 1 0 0 1
8 12 0 0 1 1 1 1
8 13 1 0 0 0 0 0
8 14 0 0 1 1 1 0
8 15 0 0 1 1 0 0
8 16 0 1 1 0 0 0
8 18 0 0 1 1 0 1
8 20 1 1 1 1 0 0
8 21 0 1 1 0 1 0
8 22 1 0 1 0 0 1
8 23 1 1 0 0 1 0
8 24 1 0 0 1 0 1
8 26 0 0 0 0 1 1
8 27 1 0 1 1 1 1
9 2 0 1 1 0 1 1
9 3 0 0 1 0 0 1
9 4 0 0 1 1 1 1
9 5 1 0 0 0 0 0
9 6 0 1 1 0 0 0
9 7 0 0 0 0 1 1
9 8 1 0 1 1 0 1
9 9 0 0 1 1 0 0
9 10 0 1 1 0 0 0
9 12 1 1 0 0 1 1
9 14 1 0 0 0 1 1
9 15 0 0 1 0 1 1
9 16 1 0 1 0 0 0
9 17 0 1 0 0 0 1
9 19 1 1 0 1 1 0
9 20 1 1 0 1 1 1
9 21 1 1 0 0 1 0
9 22 0 1 0 0 0 0
9 23 0 0 0 0 1 0
9 24 0 0 1 0 0 0
11 4 1 0 1 0 0 0
11 5 0 1 0 0 0 1
11 6 0 1 0 1 0 0
11 8 1 1 0 1 0 0
11 9 0 0 1 0 1 0
11 10 1 1 0 0 1 0
11 11 1 0 0 1 0 1
11 12 0 0 0 0 1 0
11 14 1 1 0 0 0 0
11 15 0 0 1 0 1 0
11 17 1 1 1 1 0 0
11 18 0 1 1 0 1 0
11 19 1 0 1 0 0 1
11 20 1 1 0 0 1 0
11 21 1 0 0 1 0 1
11 23 0 0 0 0 1 1
11 24 1 0 1 1 1 1
11 26 0 1 1 0 1 1
11 27 0 0 1 0 0 1
11 28 0 0 1 1 1 1
11 29 1 0 0 0 0 0
11 30 0 1 1 0 0 0
11 31 0 0 0 0 0 1
12 2 0 0 0 0 1 1
12 3 1 0 1 1 0 1
12 4 0 0 1 1 0 0
12 5 0 1 1 0 0 0
12 7 1 1 0 0 1 0
12 8 1 0 1 1 0 1
12 9 1 0 1 0 1 1
12 10 1 0 1 0 1 0
12 12 1 1 1 1 0 0
12 13 1 0 0 0 0 0
12 14 0 1 0 1 0 0
12 16 0 0 1 1 1 1
12 17 1 0 0 0 0 0
12 18 0 0 1 0 0 1
12 19 1 1 0 1 1 0
12 20 0 1 0 0 0 1
12 22 1 0 0 1 1 0
12 23 1 1 1 0 0 1
12 24 0 1 0 1 1 1
12 25 0 0 0 0 1 0
12 27 1 1 0 1 1 0
12 28 1 1 0 0 1 1
12 30 1 0 0 1 1 0
12 31 0 1 0 0 0 1
13 2 0 0 1 0 0 1
13 4 0 1 1 0 1 0
13 6 1 1 1 1 0 0
13 7 0 1 1 0 1 0
13 8 1 0 1 0 0 1
13 9 1 1 0 0 1 0
13 10 1 0 0 1 0 1
13 12 0 0 0 0 1 1
13 13 1 0 1 1 1 1
13 15 0 1 1 0 1 1
13 16 0 0 1 0 0 1
13 17 0 0 1 1 1 1
13 18 1 0 0 0 0 0
13 19 0 1 1 0 0 0
13 20 1 1 0 0 0 1
13 21 0 0 0 0 1 1
13 22 1 0 1 1 0 1
13 24 0 1 1 0 1 0
13 25 0 0 1 1 1 1
13 26 1 0 0 0 0 0
13 27 0 0 1 1 1 0
13 28 0 0 1 1 0 0
13 29 0 1 1 0 0 0
13 30 0 0 0 0 1 1
14 2 1 1 0 0 0 0
14 3 0 0 1 0 1 0
14 5 1 1 1 1 0 0
14 6 0 1 1 0 1 0
14 7 1 0 1 0 0 1
14 8 1 1 0 0 1 0
14 9 1 0 0 1 0 1
14 11 0 0 0 0 1 1
14 12 1 0 1 1 1 1
14 14 0 1 1 0 1 1
14 15 0 0 1 0 0 1
14 16 0 0 1 1 1 1
14 17 1 0 0 0 0 0
14 18 0 1 1 0 0 0
14 19 0 0 0 0 1 1
14 20 1 0 1 1 0 1
14 21 0 0 1 1 0 0
14 22 0 1 1 0 0 0
14 24 1 1 0 0 1 0
14 25 1 0 1 1 0 1
14 26 1 1 0 0 1 1
14 27 0 1 1 0 0 0
14 29 1 1 1 1 0 0
14 30 1 0 0 0 0 1
14 31 0 1 0 1 0 0
15 2 0 0 1 1 1 1
15 3 1 0 0 0 0 0
15 4 0 0 1 0 0 1
15 5 1 1 0 1 1 0
15 6 0 1 0 0 0 1
15 8 1 0 0 1 1 0
15 9 1 1 1 0 0 1
15 10 0 1 0 1 1 1
15 11 0 0 0 0 1 0
15 13 1 1 0 1 1 0
15 14 1 1 0 0 1 1
15 16 1 0 0 0 1 0
15 17 0 1 0 0 0 1
15 18 1 0 0 1 1 0
15 19 0 1 1 0 1 0
15 21 1 1 1 1 0 0
15 22 0 1 1 0 1 0
15 23 1 0 1 0 0 1
15 24 1 1 0 0 1 0
15 25 1 0 0 1 0 1
15 27 0 0 0 0 1 1
15 28 1 0 1 1 1 1
16 2 0 1 1 0 1 1
16 3 0 0 1 0 0 1
16 4 0 0 1 1 1 1
16 5 1 0 0 0 0 0
16 6 0 1 1 0 0 0
16 7 1 1 0 0 0 1
16 8 0 0 0 0 1 1
16 9 1 0 1 1 0 1
16 11 0 0 1 0 0 1
16 12 0 0 1 1 1 1
16 13 1 0 0 0 0 0
16 14 0 0 1 1 1 0
16 15 0 0 1 1 0 0
16 16 0 1 1 0 0 0
16 17 0 0 0 0 1 0
16 18 0 1 1 0 0 0
18 4 1 1 1 0 0 0
18 5 1 0 0 1 0 1
18 6 1 1 0 0 1 0
18 7 0 1 0 1 0 0
19 4 1 0 1 0 1 1
19 5 0 1 0 1 0 1
19 7 0 1 1 1 1 0
19 8 0 1 0 0 1 1
19 9 0 1 0 0 0 0
19 10 0 1 0 1 0 0
19 12 0 0 1 1 0 0
19 13 0 1 0 0 0 0
19 14 1 1 0 1 1 0
19 15 0 0 1 1 1 0
19 17 1 0 1 0 1 1
19 18 1 0 1 0 1 0
19 19 1 1 0 0 0 0
19 20 0 0 1 1 1 0
19 21 1 1 0 0 1 0
19 22 0 1 0 1 0 0
19 24 1 0 1 1 1 0
19 25 0 1 1 1 0 1
19 27 1 1 0 0 1 0
19 28 1 1 1 1 1 1
19 29 1 1 1 1 1 0
19 30 1 0 1 0 0 1
20 2 1 1 0 0 1 0
20 3 1 1 0 1 0 1
20 4 1 1 1 0 0 0
20 5 1 0 0 0 1 0
20 7 1 1 1 0 1 0
20 8 0 1 1 0 0 0
20 9 1 0 0 1 0 0
20 10 0 1 1 0 0 0
20 12 1 1 0 0 1 0
20 13 1 1 1 0 0 1
20 14 1 0 0 0 1 1
20 15 1 0 1 0 0 1
20 17 1 0 0 1 1 0
20 19 0 1 1 1 1 0
20 20 1 0 1 0 0 1
20 21 1 1 0 0 1 0
20 22 1 0 1 1 0 1
20 23 0 0 1 0 0 1
21 6 0 0 0 0 1 1
21 7 1 0 1 1 1 1
21 9 0 1 1 0 1 1
21 10 0 0 1 1 1 1
21 11 1 0 0 0 0 0
21 12 0 1 1 0 0 0
21 13 0 0 0 0 1 1
21 14 1 0 1 1 0 1
21 15 0 0 1 1 0 0
21 16 0 1 1 0 0 0
21 17 0 0 0 0 1 0
21 19 0 0 0 0 1 1
21 20 1 0 1 1 1 1
21 22 0 1 1 0 1 1
21 23 0 0 1 1 1 1
21 24 1 0 0 0 0 0
21 25 0 1 1 0 0 0
21 26 1 1 0 0 0 1
21 27 0 0 0 0 1 1
21 28 1 0 1 1 0 1
22 4 0 1 1 0 1 0
22 5 0 0 1 1 1 1
22 6 1 1 0 0 0 0
22 7 0 0 1 1 1 0
22 8 0 0 1 1 0 0
22 9 0 1 1 0 0 0
22 10 0 0 0 0 1 0
22 12 0 0 0 0 1 1
22 13 1 0 1 1 1 1
22 15 0 1 1 0 1 1
22 16 0 0 1 1 1 1
22 17 1 0 0 0 0 0
22 18 0 1 1 0 0 0
22 19 1 1 0 0 0 1
22 20 0 0 0 0 1 1
22 21 1 0 1 1 0 1
22 23 0 0 1 0 0 1
22 24 0 0 1 1 1 1
22 25 1 1 0 0 0 0
22 26 0 0 1 1 1 0
22 27 0 0 1 1 0 0
22 28 0 1 1 0 0 0
23 4 1 1 0 1 1 0
23 5 1 1 0 1 1 1
23 6 1 1 1 1 1 0
23 7 0 0 1 0 1 0
23 9 0 1 1 1 0 0
23 10 1 1 1 0 0 1
23 11 0 1 1 1 1 0
23 12 0 0 1 1 1 0
23 14 1 1 1 1 0 0
23 15 0 1 1 0 1 0
23 16 1 0 1 0 0 1
23 17 1 1 0 0 1 0
23 18 1 0 0 1 0 1
23 20 1 0 0 1 1 0
23 22 1 1 0 0 1 0
23 23 1 0 1 1 0 1
23 24 1 1 0 0 1 0
23 25 1 0 1 0 0 1
23 27 1 1 0 1 1 0
23 28 1 1 0 1 1 1
23 29 1 1 0 0 1 0
23 30 0 1 0 1 0 0
23 31 0 0 0 0 1 0
24 2 1 1 0 0 0 0
24 3 1 0 0 0 0 1
24 5 1 1 0 1 0 0
24 6 0 0 1 0 1 1
24 7 1 1 0 0 0 0
24 8 1 0 0 0 1 0
24 11 0 0 1 0 0 0
24 12 1 1 1 1 1 0
24 13 1 0 1 0 0 1
24 15 0 0 0 1 0 0
24 16 0 1 1 1 1 0
24 17 0 0 1 0 1 0
24 18 1 0 1 1 0 0
24 19 0 0 1 0 1 1
24 21 1 0 0 1 1 0
24 23 1 0 1 0 0 0
24 24 0 1 0 1 0 1
24 25 1 0 1 0 0 0
24 26 1 1 1 0 1 1
24 28 1 1 0 1 0 0
24 29 0 1 1 0 0 1
25 2 0 0 1 0 0 1
25 3 1 1 0 0 1 0
25 4 1 0 1 1 0 1
25 5 0 0 0 1 0 0
25 7 1 0 0 1 1 0
25 8 0 1 0 1 1 1
25 9 1 1 1 1 1 0
25 10 0 0 1 0 1 1
25 11 0 0 1 1 0 0
25 12 1 1 1 0 1 1
25 14 1 1 0 1 1 0
25 15 0 1 0 1 0 0
25 17 1 0 0 1 1 0
25 18 1 0 0 0 0 1
25 19 1 0 0 1 1 0
25 20 1 0 0 1 0 1
25 21 0 0 0 0 1 0
25 22 0 1 1 0 0 0
27 29 0 0 1 1 1 1
27 30 1 0 0 0 0 0
27 31 1 1 0 1 1 0
3 21 0 0 1 1 1 0
13 3 1 0 0 1 1 0
24 10 0 0 1 1 0 0
