0.20
18 39 70 92 123 144 175 196 227 248 279 300 330 351 382 403 434 455 486 507 538 559 589 610 641 662 693 714 744 765 796 817 848 869 900 921 951 973 1003 1024 1055 1075 1107 1128 1159 1180 1210 1232 1263 1283 1313 1335 1366 1387 1418 1439 1469 1491 1522 1543 1574 1595 1626 1647 1678 1699
85 106 127 167 188 210 250 271 292 334 354 376 416 437 459 499 521 542 583 603 625 665 686 707 748 769 791 831 852 874 915 935 957 996 1017 1039 1080 1101 1123 1162 1183 1205 1245 1266 1287 1326 1348 1370 1410 1431 1453 1491 1512 1534 1576 1597 1618 1657 1678 1700 1741 1762 1784 1825 1847 1867 1909 1929 1951 1990 2011 2032 2073 2094 2116 2157 2177 2200 2241 2262 2283
2 7 0 0 1 1 0 1
2 8 0 1 1 1 0 0
2 9 0 0 1 1 1 1
2 10 0 1 0 1 1 0
2 12 0 0 0 0 1 1
2 13 1 0 0 1 0 0
2 14 0 0 0 0 1 1
2 15 0 1 0 1 1 1
2 18 0 0 1 0 1 1
2 19 1 0 0 0 0 1
2 20 0 1 1 1 1 0
2 21 0 0 0 1 1 1
2 22 0 0 0 0 1 0
2 23 0 1 1 1 0 0
2 24 0 0 0 0 1 1
2 25 0 1 0 1 1 1
2 26 1 0 0 0 1 0
2 27 1 1 0 1 0 0
4 14 0 0 1 1 0 1
4 15 0 1 1 1 0 0
4 16 0 0 1 1 1 1
4 17 0 1 0 1 1 0
4 19 0 0 0 0 1 1
4 20 1 0 0 1 0 0
4 21 0 0 0 0 1 1
4 22 0 1 0 1 1 1
4 25 0 0 0 1 0 0
4 26 1 1 1 0 0 1
4 27 1 0 0 1 1 0
4 28 0 0 0 1 1 0
4 29 1 1 1 0 0 1
5 3 0 0 0 0 1 1
5 4 0 1 0 1 1 1
5 6 1 0 1 1 1 1
5 7 1 0 0 0 1 0
5 9 0 0 1 1 1 1
5 10 0 0 0 1 0 1
5 12 1 0 1 1 0 0
5 13 1 1 0 1 0 0
5 14 1 1 1 1 1 0
5 15 1 1 0 1 1 0
5 17 0 0 1 1 0 1
5 18 0 1 1 1 0 0
5 19 0 0 1 1 1 1
5 20 0 1 0 1 1 0
5 22 1 1 1 1 0 0
5 25 0 0 0 1 1 0
5 26 1 1 1 0 0 1
5 27 1 0 0 1 1 0
5 28 0 0 0 1 1 0
5 29 1 1 1 0 0 1
6 24 1 1 1 0 0 1
6 25 1 1 0 1 1 1
6 26 0 0 1 0 1 1
6 27 1 0 0 1 1 0
6 29 0 0 0 0 1 1
6 30 1 0 0 1 0 0
6 31 0 0 1 0 0 1
7 3 0 0 1 1 0 1
7 4 0 1 1 1 0 0
7 5 0 0 1 1 1 1
7 6 0 1 0 1 1 0
7 8 0 0 0 0 1 1
7 9 1 0 0 1 0 0
7 10 0 0 0 0 1 1
7 11 0 1 0 1 1 1
7 13 1 0 1 0 0 1
7 15 1 0 0 0 1 0
7 16 1 1 0 0 1 1
7 17 0 1 0 0 1 0
7 19 1 0 0 0 1 0
7 20 1 1 0 1 1 0
7 21 0 0 0 0 1 0
7 22 0 1 1 1 0 0
7 25 1 0 0 1 0 0
7 26 1 1 1 0 0 1
7 27 1 0 0 1 1 0
7 28 0 0 0 1 1 0
7 29 1 1 1 0 0 1
9 3 1 1 0 1 0 0
9 5 1 1 1 1 1 1
9 6 0 1 0 1 1 0
9 7 1 0 1 1 0 0
9 8 0 0 0 1 1 0
9 10 0 0 1 1 0 1
9 11 0 1 1 1 0 0
9 12 1 1 0 0 0 1
9 13 1 0 0 1 0 1
9 15 0 1 1 1 0 0
9 17 0 0 1 1 0 1
9 18 0 1 1 1 0 0
9 19 0 0 1 1 1 1
9 20 0 1 0 1 1 0
9 22 0 1 0 0 0 0
9 23 0 1 0 0 1 1
9 24 1 1 0 1 0 0
9 25 1 0 0 0 0 1
9 27 0 1 1 0 0 1
9 28 1 0 0 1 0 1
9 29 0 1 0 1 0 1
10 2 0 0 1 1 1 1
10 3 1 0 0 1 1 0
10 5 1 0 1 0 0 1
10 7 0 0 1 1 0 1
10 8 0 1 1 1 0 0
10 9 0 0 1 1 1 1
10 10 0 1 0 1 1 0
10 12 0 0 0 0 1 1
10 13 1 0 0 1 0 0
10 14 1 0 0 0 1 0
10 16 1 1 1 1 0 0
10 18 0 1 0 0 0 0
10 19 1 0 1 0 0 1
10 20 1 1 0 1 1 0
10 21 0 1 1 0 1 0
10 22 1 1 0 1 1 0
10 24 0 1 1 0 1 1
10 25 0 1 0 1 1 0
10 26 0 0 1 1 0 1
10 27 0 1 1 1 0 0
10 29 0 1 1 0 1 0
10 30 1 0 0 0 0 1
10 31 1 0 0 0 1 0
11 4 1 0 0 0 1 0
11 5 1 1 0 0 1 1
11 6 0 1 0 0 1 0
11 8 0 1 0 1 0 0
11 9 0 1 0 1 1 0
11 10 0 1 1 1 1 1
11 11 1 0 0 1 0 1
11 13 0 0 0 0 1 1
11 14 0 1 1 1 0 0
11 15 1 1 0 0 0 1
11 16 0 0 0 1 1 0
11 18 1 0 0 0 1 0
11 19 0 0 1 0 1 0
11 20 0 0 0 1 0 1
11 22 0 0 1 1 0 1
11 23 0 1 1 1 0 0
11 24 0 0 1 1 1 1
11 25 0 1 0 1 1 0
11 27 1 0 0 0 1 0
11 28 0 0 0 1 1 1
11 29 1 0 0 0 1 0
11 30 0 0 0 1 1 0
11 31 0 0 1 0 0 1
12 5 1 1 1 0 1 1
12 6 1 1 0 1 1 0
12 7 0 1 0 1 0 0
12 8 1 1 0 1 1 0
12 10 0 0 1 1 0 0
12 11 0 0 0 1 1 0
12 13 0 1 0 0 0 0
12 14 1 0 0 0 1 0
12 15 0 1 0 1 1 0
12 16 1 1 1 1 1 0
12 17 1 1 0 1 1 0
12 19 1 1 0 1 0 0
12 21 1 0 1 1 0 0
12 22 1 1 0 1 1 0
12 23 1 0 0 0 0 1
12 25 1 0 1 1 0 1
12 26 0 0 0 1 1 1
12 27 1 0 1 1 0 0
12 28 0 0 0 1 1 0
12 30 0 1 1 0 1 0
12 31 1 0 0 0 0 1
13 2 0 0 1 1 0 0
13 3 0 0 0 1 1 1
13 5 0 0 1 1 1 1
13 6 0 0 0 1 0 1
13 8 1 0 1 0 1 0
13 9 0 0 0 1 1 1
13 11 0 0 0 0 1 1
13 12 1 0 1 0 1 0
13 13 0 1 1 1 0 1
13 15 0 1 1 0 0 1
13 16 1 0 0 1 0 1
13 17 0 1 0 1 0 1
13 18 0 0 0 0 1 1
13 19 0 1 0 0 0 0
13 20 1 0 0 0 1 0
13 21 1 1 0 0 1 1
13 22 0 1 0 0 1 0
13 24 1 0 0 0 1 0
13 25 1 1 0 1 1 0
13 26 0 0 0 0 1 0
13 27 0 1 1 1 0 0
13 29 0 1 0 1 0 0
13 30 0 1 0 1 1 0
13 31 1 0 0 0 1 0
14 4 0 0 0 0 1 1
14 5 0 1 0 0 0 0
14 6 1 0 0 0 1 0
14 7 0 1 0 1 1 0
14 8 1 1 1 1 1 0
14 9 1 1 0 1 1 0
14 11 1 1 0 1 0 0
14 13 1 0 1 1 0 0
14 14 1 1 0 1 1 0
14 15 1 0 0 0 0 1
14 17 1 0 1 1 0 1
14 18 0 0 0 1 1 1
14 19 1 0 1 1 0 0
14 20 0 0 0 1 1 0
14 22 0 1 1 0 1 0
14 23 1 0 0 0 0 1
14 25 1 0 0 0 1 0
14 26 1 1 0 0 1 1
14 27 0 1 0 0 1 0
14 29 0 1 0 1 0 0
14 30 0 1 0 1 1 0
14 31 1 0 0 0 1 0
15 3 0 1 0 0 0 0
15 4 1 0 1 1 0 1
15 5 0 1 1 0 0 0
15 7 0 0 1 0 1 1
15 8 1 1 0 1 1 1
15 9 1 1 1 0 0 1
15 10 0 0 0 1 1 1
15 12 1 1 0 1 0 0
15 14 1 0 0 0 1 0
15 15 1 1 0 0 1 1
15 16 0 0 1 0 1 1
15 17 1 0 0 1 1 0
15 18 1 1 1 0 0 1
15 19 1 0 0 0 0 1
15 21 1 0 1 1 0 0
15 22 0 0 0 1 1 0
15 23 1 0 1 0 1 0
15 24 1 1 0 1 1 0
15 26 0 1 0 1 0 1
15 27 1 1 0 1 1 0
15 28 0 0 1 1 0 1
15 29 1 1 0 0 1 0
16 2 1 0 0 0 0 1
16 3 1 1 1 0 1 0
16 4 1 0 0 0 1 1
16 6 1 1 1 0 1 0
16 7 0 1 0 1 1 0
16 9 1 1 1 1 0 1
16 10 0 1 1 0 0 0
16 12 1 0 0 0 1 0
16 13 1 1 0 1 1 0
16 14 1 0 1 1 0 0
16 15 1 0 0 1 0 1
16 16 1 1 0 0 0 1
16 17 0 0 0 1 1 0
16 19 1 1 0 1 0 0
16 21 1 0 0 0 1 0
16 22 1 1 0 0 1 1
16 23 0 0 1 0 1 1
16 24 1 0 0 1 1 0
16 25 1 1 1 0 0 1
16 26 1 0 0 0 0 1
16 28 0 0 1 0 1 0
16 29 1 0 0 1 0 1
16 30 0 1 0 0 0 1
16 31 1 1 0 1 0 1
17 5 1 1 1 1 1 0
17 6 1 1 0 1 1 0
17 8 0 0 1 0 1 0
17 9 1 0 0 1 0 1
17 10 0 1 1 0 0 1
17 11 0 1 1 1 0 0
17 13 0 1 1 1 1 0
17 15 1 0 1 1 0 0
17 16 1 1 0 1 1 0
17 17 1 0 0 0 0 1
17 19 1 0 1 1 0 1
17 20 0 1 1 0 0 0
17 22 1 0 1 0 0 1
17 24 1 1 1 1 0 1
17 25 0 1 1 0 0 0
17 27 0 1 0 0 0 0
17 28 1 0 1 1 0 0
17 29 0 0 0 1 1 0
17 30 1 0 1 0 1 0
17 31 1 1 0 1 1 0
18 27 0 0 0 0 0 1
18 28 0 1 0 0 0 0
18 29 1 0 0 0 1 0
18 30 0 1 0 1 1 0
18 31 0 0 1 0 0 1
19 3 0 1 0 1 0 1
19 4 0 0 0 1 1 1
19 5 1 0 1 1 1 0
19 6 0 1 0 1 1 0
19 8 0 1 0 0 0 0
19 9 0 1 1 0 1 0
19 10 1 0 0 0 0 1
19 12 1 1 1 0 0 1
19 13 1 1 0 1 1 1
19 14 0 1 0 1 0 1
19 15 1 1 0 1 1 0
19 17 0 1 0 1 0 1
19 18 0 0 0 1 1 1
19 19 1 0 1 1 1 0
19 20 0 1 0 1 1 0
19 22 0 0 0 0 1 0
19 23 0 1 1 1 1 0
19 24 0 0 0 0 1 1
19 25 0 1 1 1 0 1
19 27 1 0 0 0 1 0
19 28 1 1 0 0 1 1
19 29 0 0 1 1 0 1
20 2 1 0 1 1 0 0
20 3 0 0 0 1 1 0
20 5 1 1 0 1 0 0
20 7 1 1 0 0 1 1
20 8 0 1 1 0 0 0
20 10 1 0 1 1 0 0
20 11 1 1 0 1 1 0
20 12 0 0 0 0 1 0
20 13 0 1 1 1 0 0
20 15 0 1 0 1 0 1
20 16 0 0 0 1 1 1
20 17 1 0 1 1 1 0
20 18 0 1 0 1 1 0
20 20 1 1 1 0 1 0
20 21 1 0 0 0 1 1
20 23 1 0 0 0 1 1
20 24 0 1 1 0 0 0
20 26 1 0 0 0 1 0
20 27 0 0 0 1 1 1
20 28 1 0 1 0 0 1
20 29 1 1 0 1 1 0
20 31 1 1 0 1 0 0
21 2 0 0 1 0 1 0
21 3 1 0 0 1 0 1
21 4 0 1 1 0 0 1
21 5 0 1 1 1 0 0
21 7 0 1 1 1 1 0
21 9 1 0 1 1 0 0
21 10 1 1 0 1 1 0
21 11 1 0 0 0 0 1
21 13 1 1 0 0 1 1
21 14 0 1 1 0 0 0
21 16 1 0 1 0 0 1
21 18 1 0 0 0 1 1
21 19 0 1 1 0 0 0
21 21 0 1 0 0 0 0
21 22 1 1 1 1 1 1
21 23 0 1 0 1 1 0
21 24 1 0 1 1 0 0
21 25 0 0 0 1 1 0
21 27 0 1 0 1 1 1
21 29 1 1 1 1 1 1
21 30 0 1 0 1 1 0
21 31 0 0 1 0 0 1
22 26 0 0 0 0 0 1
22 27 0 1 0 0 0 0
22 28 1 0 0 0 1 0
22 29 0 1 0 1 1 0
22 30 1 1 1 1 1 0
22 31 1 1 0 1 1 0
23 3 0 1 1 0 0 1
23 4 1 0 0 1 1 1
23 6 0 1 1 0 1 0
23 7 1 0 0 1 0 0
23 9 0 1 0 0 0 0
23 10 0 0 0 0 1 1
23 11 0 0 1 0 0 0
23 12 1 1 1 0 1 1
23 13 0 0 0 1 1 1
23 14 0 0 0 0 0 1
23 15 0 1 1 0 0 0
23 17 0 0 1 1 0 1
23 18 1 1 0 0 1 1
23 19 1 0 1 1 0 0
23 20 0 0 0 1 0 1
23 21 0 0 1 0 1 1
23 22 1 0 0 0 0 1
23 24 0 0 1 1 1 1
23 25 0 0 0 1 0 1
23 27 0 0 0 0 1 1
23 28 1 0 1 0 1 0
23 29 0 1 1 1 0 1
24 3 0 1 0 1 0 1
24 4 1 1 0 1 1 0
24 5 0 1 1 1 1 1
24 6 0 1 1 1 0 1
24 8 0 1 1 0 1 0
24 9 1 0 0 0 0 1
24 10 0 1 1 0 1 0
24 11 0 0 0 1 0 1
24 13 1 0 1 0 1 0
24 14 0 1 1 1 0 1
24 16 0 1 0 0 0 0
24 17 0 0 1 1 0 1
24 18 1 0 0 0 0 1
24 19 1 1 1 0 1 0
24 20 0 1 1 1 0 0
24 22 1 1 0 1 0 0
24 24 0 0 1 1 0 1
24 25 1 1 0 1 1 1
24 26 1 0 1 0 1 1
24 27 1 0 0 1 1 0
24 29 0 1 1 1 1 1
24 30 1 1 0 0 1 1
24 31 0 0 1 0 0 1
25 3 0 0 1 0 1 0
25 4 1 1 0 1 1 0
25 5 0 0 1 0 1 0
25 6 1 1 0 1 1 0
25 8 1 1 0 1 0 0
25 10 1 0 1 1 0 0
25 11 0 1 0 1 1 0
25 12 1 0 1 0 0 1
25 13 0 0 0 1 0 1
25 15 1 1 0 0 0 1
25 16 1 1 0 0 1 1
25 17 0 0 1 0 1 0
25 18 1 0 0 0 0 1
25 20 1 0 1 0 1 0
25 21 0 1 1 1 0 1
25 22 0 0 0 0 1 1
25 23 0 1 0 0 0 0
25 24 1 0 1 1 0 0
25 25 0 1 0 1 1 0
25 26 1 0 1 0 0 1
25 27 0 0 0 1 0 1
25 29 1 1 0 0 0 1
25 30 1 1 0 0 1 1
25 31 1 0 0 0 1 0
26 5 0 1 0 1 1 0
26 6 0 1 1 0 0 0
26 8 0 0 1 1 0 1
26 9 1 1 0 1 0 0
26 10 0 1 0 0 1 1
26 11 1 1 0 1 1 0
26 13 0 0 0 0 1 0
26 14 1 0 0 0 0 1
26 15 0 0 1 1 0 1
26 16 0 1 1 1 0 0
26 18 1 1 0 1 0 0
26 20 0 0 1 1 0 1
26 21 1 0 0 0 0 1
26 22 1 1 1 0 1 0
26 23 0 1 1 1 0 0
26 25 0 1 0 0 0 0
26 26 0 0 1 0 1 1
26 27 0 1 1 1 0 0
26 29 1 0 0 0 0 1
26 30 0 0 0 0 1 1
26 31 1 1 1 0 1 0
27 2 0 0 0 1 0 0
27 3 1 1 1 0 0 1
