0.10
60 81 111 132 163 185 215 237 267 289 319 340 371 392 423 444 475 496 526 548 578 600 630 651 682 703 734 755 785 806 838 858 889 910 941 963 992 1014 1044 1065 1096 1118 1148 1169 1200 1220 1252 1273 1303 1324 1355 1377 1406 1428 1459 1480 1510 1531 1563 1584 1611 1631
95 115 135 173 195 216 258 280 301 340 362 383 422 444 466 506 527 549 589 611 632 672 693 715 755 777 798 838 860 881 922 943 965 1003 1026 1047 1088 1110 1131 1170 1191 1213 1251 1271 1291 1329 1349 1369 1407 1427 1447 1485 1505 1525 1563 1583 1603 1641 1661 1681 1719 1739 1759 1797 1817 1837 1875 1895 1915 1953 1973 1993 2031 2051 2071 2109 2129 2149 2187 2207 2227 2265 2285 2305
2 3 1 1 0 1 1 0
2 4 1 0 1 0 1 0
2 5 1 1 1 0 0 0
2 6 0 1 0 0 0 1
2 8 0 0 1 1 0 0
2 9 0 1 0 0 0 1
2 10 1 1 0 1 1 0
2 11 0 1 0 0 0 1
2 13 1 1 0 0 1 0
2 14 0 1 1 1 1 1
2 15 1 0 1 0 0 0
2 16 0 1 0 1 0 0
2 17 0 0 0 0 1 0
2 19 1 0 1 1 1 0
2 20 0 1 0 1 0 0
2 22 1 1 0 1 1 0
2 23 1 1 0 0 1 1
2 24 0 0 1 1 1 0
2 26 1 1 1 1 1 0
2 27 1 0 1 0 0 1
2 28 0 0 1 1 0 0
2 29 0 1 0 0 1 1
3 1 1 1 0 0 0 0
3 2 0 1 0 1 0 0
3 3 1 0 0 0 1 0
3 5 1 1 1 0 0 0
3 6 0 1 0 0 0 1
3 7 0 0 0 0 1 0
3 9 0 0 1 1 0 0
3 10 0 1 0 0 0 1
3 11 0 1 1 1 1 0
3 12 0 1 1 0 1 0
3 14 0 0 0 0 1 0
3 15 0 0 1 0 0 1
3 16 0 1 0 1 0 0
3 17 0 1 1 0 0 0
3 18 1 0 1 0 0 1
3 20 1 1 0 1 1 0
3 21 0 0 1 1 1 0
3 22 0 0 1 1 0 1
3 24 1 0 1 0 0 0
3 25 0 1 0 0 0 1
3 26 1 1 1 1 1 0
3 27 0 0 1 1 1 1
3 29 1 1 0 0 0 0
3 30 0 0 1 1 1 0
4 1 0 0 1 0 0 1
4 2 0 0 1 1 0 0
4 3 0 1 0 0 1 0
4 5 1 0 0 0 1 1
4 6 0 1 0 0 0 0
4 7 1 0 0 1 0 1
4 9 1 1 0 1 1 0
4 10 0 0 1 1 1 0
4 11 1 0 1 0 0 0
4 12 0 1 0 0 0 1
4 13 1 0 0 0 1 1
4 14 1 0 1 0 0 1
4 15 0 0 0 0 0 1
4 16 0 0 1 0 0 0
4 17 1 0 0 0 1 1
4 18 1 0 1 0 0 1
4 19 1 1 0 0 1 0
4 20 0 1 1 1 1 1
4 21 0 0 1 0 0 1
4 22 0 1 0 0 0 0
4 24 1 1 0 0 0 0
4 25 1 1 1 0 0 1
4 27 1 0 1 1 1 0
4 28 0 1 0 1 0 0
5 1 1 0 1 0 1 1
5 2 1 1 1 0 1 1
5 3 1 1 0 1 1 0
5 4 1 0 1 0 1 0
5 5 1 1 1 0 0 0
5 6 0 1 0 0 0 1
5 8 0 1 1 1 0 0
5 9 1 1 1 0 0 1
5 10 1 0 1 1 1 0
5 11 1 0 0 1 0 1
5 13 1 0 0 1 1 0
5 15 1 1 1 1 1 0
5 16 1 0 1 0 0 1
5 17 0 0 1 1 0 0
5 18 0 1 0 0 1 1
5 20 1 1 0 0 1 0
5 21 0 1 1 1 1 1
5 22 1 1 0 0 1 0
5 23 0 1 0 1 0 0
5 25 1 0 0 0 1 1
5 26 0 0 1 1 1 1
5 27 1 1 0 0 1 0
5 28 1 0 1 0 1 0
5 29 0 0 0 0 1 0
5 30 0 1 1 0 0 0
6 1 1 1 0 0 1 0
6 2 0 1 0 1 1 1
6 3 0 1 0 1 0 0
6 5 0 1 0 1 0 0
6 6 1 1 0 0 1 0
6 7 1 1 0 1 0 1
6 8 0 0 0 0 1 0
6 10 1 0 1 0 1 1
6 11 0 1 0 1 0 1
6 13 0 0 1 1 0 0
6 14 0 1 0 0 0 1
6 16 0 1 1 1 0 0
6 17 1 1 1 0 0 1
6 18 1 0 1 1 1 0
6 19 1 0 0 1 0 1
6 21 1 1 1 0 0 0
6 22 0 1 0 1 0 0
6 23 0 0 0 0 1 0
6 25 1 0 1 1 1 0
6 26 0 1 0 1 0 0
6 28 1 1 0 0 1 0
6 29 0 1 1 1 1 1
7 1 0 0 1 0 0 1
7 2 1 0 0 1 1 0
7 3 0 1 1 0 1 0
7 4 1 1 1 0 0 0
7 5 0 1 0 0 0 1
7 7 1 0 1 1 1 0
7 8 0 0 1 0 1 0
7 9 0 0 1 0 0 0
7 10 1 1 0 0 1 0
7 11 1 0 0 0 1 0
7 13 1 0 0 0 1 1
7 14 1 0 1 0 0 1
7 15 1 1 0 0 1 0
7 16 0 1 1 1 1 1
7 18 0 0 1 1 0 0
7 19 1 0 0 0 0 0
7 20 1 0 0 0 1 1
7 21 0 0 0 0 1 0
7 22 0 0 1 0 0 0
7 23 1 0 0 1 1 0
7 24 0 1 0 1 1 1
7 26 1 0 0 0 1 1
7 27 1 0 1 0 0 1
7 28 1 1 0 0 1 0
7 29 0 1 1 1 1 1
8 1 1 1 0 0 1 1
8 2 1 1 1 0 0 0
8 3 0 1 0 0 0 1
8 5 1 1 0 1 1 0
8 6 1 1 0 0 0 1
8 7 0 1 0 1 0 0
8 8 1 1 0 0 0 0
8 9 1 0 1 0 0 1
8 11 1 0 0 1 1 0
8 13 0 1 0 1 1 0
8 14 0 0 1 0 1 1
8 15 1 0 0 0 1 1
8 17 1 0 1 1 0 0
8 18 0 0 1 0 1 0
8 19 0 0 0 0 1 0
8 20 0 0 1 0 0 0
9 3 1 1 0 1 1 0
9 4 1 1 0 0 0 1
9 5 1 1 0 0 1 0
9 6 1 1 1 0 1 1
9 7 0 0 0 0 1 0
9 9 1 0 1 0 0 1
9 10 1 1 1 0 0 0
9 11 0 1 0 0 1 0
9 13 1 0 0 0 1 1
9 15 1 0 1 1 1 0
9 16 0 1 0 1 0 0
9 18 1 1 0 1 1 0
9 19 0 1 0 1 0 0
9 20 1 1 0 0 1 0
9 21 0 0 1 1 0 1
9 23 1 1 0 0 1 0
9 24 0 1 1 1 1 1
9 25 1 1 0 0 1 0
9 26 0 1 0 1 0 0
9 28 1 1 0 0 1 0
9 29 0 1 0 1 0 1
9 30 1 0 0 0 1 1
10 1 1 0 0 1 0 0
10 2 1 1 1 0 0 1
10 3 1 1 0 1 1 0
10 4 1 1 0 1 0 1
10 6 1 1 0 1 1 0
10 7 0 1 0 0 1 1
10 8 1 0 1 0 1 1
10 9 1 0 1 0 1 0
10 10 0 0 0 0 1 0
10 12 1 0 0 1 1 0
10 13 1 1 1 0 1 1
10 15 1 1 0 0 1 0
10 16 0 1 0 1 0 0
10 17 0 1 1 0 1 1
10 19 1 0 1 1 1 0
10 20 0 1 0 1 0 0
10 22 1 0 1 1 1 0
10 23 0 0 1 1 1 1
10 25 1 0 0 1 1 1
10 27 1 0 0 0 1 1
10 28 1 0 1 0 0 1
10 29 1 1 0 0 1 0
10 30 0 1 1 1 1 1
11 1 1 0 0 1 1 0
11 3 1 0 0 1 0 1
11 4 1 1 0 1 1 0
11 5 0 1 1 0 1 1
11 7 1 0 1 0 0 0
11 8 0 0 1 1 0 1
11 10 1 1 0 1 1 0
11 11 1 1 0 1 1 1
11 12 1 1 1 1 1 0
11 13 0 0 1 0 1 0
11 15 1 0 0 0 1 1
11 16 0 1 1 0 0 0
11 17 1 1 0 1 1 0
11 18 1 0 0 0 1 0
11 19 0 0 0 0 1 0
11 21 1 0 0 1 1 1
11 23 1 0 0 0 1 1
11 24 1 0 1 0 0 1
11 25 1 1 0 0 1 0
11 26 0 1 1 1 1 1
11 28 1 0 0 1 1 0
12 1 0 1 1 1 1 0
12 2 1 1 1 0 1 1
12 3 1 0 1 1 1 0
12 4 0 1 1 0 1 0
12 6 1 0 1 0 0 0
12 7 0 0 1 1 0 1
12 9 0 1 1 1 0 0
12 10 1 0 1 0 0 0
12 11 0 1 1 0 1 0
12 13 0 1 0 0 1 0
12 14 0 1 1 1 1 0
12 15 0 1 0 1 0 0
12 16 0 0 0 0 1 0
12 18 1 0 0 1 1 1
12 20 0 1 1 1 0 0
12 21 1 0 1 0 1 0
12 23 1 1 0 0 1 0
12 24 0 1 1 1 1 1
12 26 1 0 0 1 1 0
12 28 1 0 0 0 1 1
12 29 1 0 1 0 0 1
13 1 0 0 1 0 0 1
13 2 1 1 0 0 1 0
13 3 0 1 1 1 1 1
13 5 0 0 1 1 0 0
13 6 1 0 0 0 0 0
13 7 1 0 0 0 1 1
13 9 1 0 1 0 0 0
13 10 0 0 1 1 0 1
13 12 1 1 0 1 1 0
13 13 1 0 0 0 1 0
13 14 1 1 0 1 1 0
13 15 0 1 1 1 1 1
13 17 0 1 0 0 1 0
13 18 0 1 1 1 1 0
13 19 0 1 0 1 0 0
13 20 0 0 0 0 1 0
13 21 0 1 1 0 0 0
13 22 1 1 1 1 0 1
13 23 0 1 1 0 0 0
13 25 1 0 1 1 1 0
13 26 0 1 0 1 0 0
13 28 1 1 0 1 1 0
13 29 1 1 0 0 0 1
14 1 0 0 1 0 0 1
14 2 1 1 0 0 1 0
14 3 1 1 1 0 1 1
14 5 1 0 1 0 0 0
14 6 0 0 1 1 0 1
14 7 1 0 0 1 1 0
14 8 0 1 0 0 0 1
14 10 1 1 0 1 1 0
14 11 0 0 1 1 1 1
14 12 1 0 0 1 1 0
14 13 0 0 1 0 1 0
14 15 1 0 0 1 1 0
14 17 1 1 0 1 1 0
14 18 1 1 0 0 0 1
14 19 1 1 0 0 0 0
14 20 1 0 1 0 0 1
14 21 0 0 0 0 1 0
14 22 0 1 1 0 0 0
19 29 0 0 0 0 0 0
23 25 0 0 0 0 0 0
