0.10
37 59 89 111 141 162 193 214 244 266 296 318 348 370 401 422 452 473 504 525 556 576 607 628 659 680 711 732 762 784 814 836 867 887 917 939 970 991 1021 1042 1073 1094 1125 1146 1176 1197 1228 1250 1280 1301 1332 1353 1384 1405 1436 1456 1487 1509 1538 1561 1590 1612 1642 1663
70 91 112 152 173 192 232 254 275 318 339 360 398 419 440 484 505 526 563 584 605 648 672 693 733 754 775 813 834 854 892 912 935 976 998 1018 1058 1079 1101 1143 1164 1184 1221 1243 1263 1303 1324 1345 1385 1408 1429 1466 1488 1509 1550 1572 1593 1633 1653 1675 1715 1736 1757 1795 1816 1837 1880 1902 1924 1960 1982 2002 2045 2067 2089 2126 2147 2168 2215 2236 2257
2 2 0 1 1 0 1 0
2 3 0 1 0 0 1 0
2 4 0 1 0 0 1 0
2 5 0 1 0 0 1 0
2 6 0 1 0 0 1 0
2 7 0 1 0 0 1 0
2 8 0 1 0 0 1 0
2 9 0 1 0 0 1 0
2 10 0 1 0 0 1 0
2 11 0 1 0 0 1 0
2 12 0 1 0 0 1 0
2 13 0 1 0 0 1 0
2 14 0 1 0 0 1 0
2 15 0 1 0 0 1 0
2 16 0 1 0 0 1 0
2 17 0 1 0 0 1 0
2 18 0 1 0 0 1 0
2 19 0 1 0 0 1 0
2 20 0 1 0 0 1 0
2 21 0 1 0 0 1 0
2 22 0 1 0 0 1 0
2 23 0 1 0 0 1 0
2 24 0 1 0 0 1 0
2 25 0 1 0 0 1 0
2 26 0 1 0 0 1 0
2 27 0 1 0 0 1 0
2 28 0 1 0 0 1 0
2 29 0 1 0 0 1 0
2 30 0 1 0 0 1 0
3 2 1 1 1 0 0 0
3 5 1 1 0 0 1 1
3 6 0 1 0 0 0 0
3 7 0 0 1 1 0 1
3 9 1 0 0 1 1 0
3 10 1 0 0 1 0 1
3 12 1 1 0 0 0 1
3 13 0 0 0 0 1 1
3 14 1 0 1 1 0 0
3 15 0 0 0 0 1 0
3 17 0 0 0 0 1 1
3 18 1 0 1 1 0 0
3 19 0 0 1 1 0 0
3 20 0 1 1 0 0 0
3 21 0 0 1 1 1 0
3 23 1 1 0 0 1 0
3 24 0 1 0 0 0 1
3 26 0 0 0 1 0 0
3 27 0 1 1 1 1 0
3 28 0 0 1 0 1 0
3 31 0 0 0 1 1 1
4 2 1 1 1 0 0 0
4 3 1 1 0 1 1 0
4 4 1 1 0 1 1 1
4 5 0 0 1 1 0 1
4 7 0 0 0 0 1 1
4 8 1 0 1 1 1 1
4 9 0 0 1 0 0 1
4 10 0 0 1 1 0 0
4 11 1 1 1 0 1 1
4 13 1 0 0 1 1 0
4 15 1 0 0 1 1 0
4 16 0 1 0 1 1 1
4 17 1 1 1 1 1 0
4 18 0 0 1 0 1 1
4 19 1 0 0 1 1 0
4 20 1 0 0 1 0 1
4 22 1 1 0 0 0 1
4 23 0 0 1 0 0 1
4 24 0 0 0 0 1 1
4 25 1 0 1 1 0 0
4 26 0 0 0 0 1 0
4 31 0 0 0 1 1 1
5 2 1 1 1 0 0 0
5 3 0 0 0 0 1 1
5 4 1 0 1 1 0 0
5 5 0 0 1 1 0 0
5 6 0 1 1 0 0 0
5 7 0 0 1 1 1 0
5 9 1 0 0 1 1 0
5 10 1 1 1 0 1 1
5 12 1 0 1 0 1 1
5 15 1 1 1 1 0 0
5 16 0 1 1 0 1 0
5 17 1 0 1 0 0 1
5 18 1 1 0 0 1 0
5 19 1 0 0 1 0 1
5 21 0 0 0 0 1 1
5 22 1 0 1 1 1 1
5 24 0 1 1 0 1 1
5 25 0 0 0 0 1 1
5 26 1 0 1 1 0 1
5 27 0 0 1 1 0 0
5 28 0 1 1 0 0 0
5 31 0 0 0 1 1 1
6 2 1 1 1 0 0 0
6 3 1 0 0 0 1 1
6 4 0 1 1 0 0 1
6 5 0 0 0 0 1 0
6 7 0 1 1 1 0 0
6 8 1 0 1 0 1 0
6 9 0 1 0 1 0 0
6 11 1 1 1 1 0 0
6 12 0 1 1 0 1 0
6 13 1 0 1 0 0 1
6 14 1 1 0 0 1 0
6 15 1 0 0 1 0 1
6 17 0 0 0 0 1 1
6 18 1 0 1 1 1 1
6 20 0 1 1 0 1 1
6 21 0 0 0 0 1 1
6 22 1 0 1 1 0 1
6 23 0 0 1 1 0 0
6 24 0 1 1 0 0 0
6 26 1 1 0 1 1 0
6 27 1 1 0 1 1 1
6 28 0 0 1 1 0 1
6 31 0 0 0 1 1 1
7 2 1 1 1 0 0 0
7 3 0 0 0 0 1 1
7 4 1 0 1 1 1 1
7 5 0 0 1 0 0 1
7 6 0 0 1 1 0 0
7 7 1 1 1 0 1 1
7 9 1 0 0 1 1 0
7 10 0 1 0 1 1 1
7 11 1 1 1 1 1 0
7 12 0 0 1 0 1 1
7 13 0 0 0 0 1 0
7 14 0 1 1 0 0 0
7 31 0 0 0 1 1 1
8 2 1 1 0 0 1 0
8 3 0 1 0 0 1 0
8 4 0 1 0 0 1 0
8 5 0 1 0 0 1 0
8 6 0 1 0 0 1 0
8 7 0 1 0 0 1 0
8 8 0 1 0 0 1 0
8 9 0 1 0 0 1 0
8 10 0 1 0 0 1 0
8 11 0 1 0 0 1 0
8 12 0 1 0 0 1 0
8 13 0 1 0 0 1 0
8 14 0 1 0 0 1 0
8 15 0 1 0 0 1 0
8 16 0 1 0 0 1 0
8 17 0 1 0 0 1 0
8 18 0 1 0 0 1 0
8 19 0 1 0 0 1 0
8 20 0 1 0 0 1 0
8 21 0 1 0 0 1 0
8 22 0 1 0 0 1 0
8 23 0 1 0 0 1 0
8 24 0 1 0 0 1 0
8 25 0 1 0 0 1 0
8 26 0 1 0 0 1 0
8 27 0 1 0 0 1 0
8 28 0 1 0 0 1 0
8 29 0 1 0 0 1 0
8 30 0 1 0 0 1 0
8 31 0 1 0 1 1 0
10 4 1 1 1 0 0 0
10 5 0 1 0 1 0 0
10 7 0 0 1 1 1 1
10 8 1 0 0 0 0 0
10 11 1 0 1 0 1 1
10 12 0 1 0 1 0 1
10 14 0 1 1 1 1 0
10 15 0 1 0 0 1 1
10 16 0 1 0 0 0 0
10 17 0 1 0 1 0 0
10 19 0 0 1 1 0 0
10 20 0 1 0 0 0 0
10 21 1 1 0 1 1 0
10 22 0 0 1 1 1 0
10 24 1 0 1 0 1 1
10 25 1 0 1 0 1 0
10 26 1 1 0 0 0 0
10 27 0 0 1 1 1 0
10 28 1 1 0 0 1 0
10 29 0 1 0 1 0 0
11 2 0 0 1 1 0 0
11 3 0 1 0 0 1 1
11 4 0 0 0 0 1 0
11 6 1 1 0 0 1 0
11 7 1 1 1 1 1 1
11 8 1 1 1 1 1 0
11 9 1 0 1 0 0 1
11 11 1 1 0 0 1 0
11 12 1 1 1 0 0 1
11 13 1 0 0 0 1 1
11 14 1 0 1 0 0 1
11 16 0 0 0 0 1 1
11 17 1 0 1 1 1 1
11 19 0 1 1 0 1 1
11 20 0 0 1 1 1 1
11 21 1 0 0 0 0 0
11 22 0 1 1 0 0 0
11 23 0 0 0 0 1 1
11 24 1 0 1 1 0 1
11 25 0 0 1 1 0 0
11 26 0 1 1 0 0 0
12 2 0 1 1 0 1 1
12 3 0 0 1 1 1 1
12 4 1 1 0 0 0 0
12 5 0 0 0 0 1 1
12 6 1 0 1 1 0 1
12 7 0 0 1 1 0 0
12 8 0 1 1 0 0 0
12 10 1 0 0 1 1 0
12 12 0 1 1 1 1 0
12 13 1 0 1 0 0 1
12 14 1 1 0 0 1 0
12 15 1 0 1 1 0 1
12 16 0 0 0 0 1 0
12 17 0 1 1 0 0 0
13 4 1 1 0 1 1 0
13 5 1 0 0 0 1 0
13 6 0 0 1 0 0 1
13 8 1 1 0 1 0 0
13 9 0 0 1 0 1 1
13 10 1 1 0 0 0 0
13 11 1 0 0 0 1 0
13 13 0 1 1 1 1 0
13 14 1 0 0 1 0 1
13 15 1 1 0 0 0 0
13 16 0 0 1 1 1 0
13 17 0 0 0 0 1 0
13 19 1 0 1 0 1 1
13 20 0 1 0 1 0 1
13 21 0 1 1 0 0 0
13 23 1 1 0 0 1 0
13 24 1 1 1 1 1 1
13 25 1 1 1 1 1 0
13 26 1 0 1 0 0 1
13 28 0 0 0 1 0 0
13 29 0 1 1 1 1 0
13 30 0 0 1 0 1 0
14 2 0 0 1 0 0 1
14 3 1 0 1 1 0 0
14 4 0 0 1 0 1 1
14 6 1 0 0 1 1 0
14 8 0 1 1 1 1 0
14 9 1 0 1 0 0 1
14 10 1 1 0 0 1 0
14 11 1 0 1 1 0 1
14 13 0 0 0 0 1 1
14 14 0 0 1 0 0 0
14 15 0 1 1 1 1 0
14 16 1 0 1 0 0 1
14 18 0 0 1 1 1 1
14 19 1 1 0 0 0 0
14 20 1 1 0 1 0 0
14 21 0 0 1 1 1 1
14 22 1 0 0 0 0 0
14 23 0 0 1 0 0 1
14 24 0 0 1 1 1 1
14 25 1 0 0 0 1 0
14 27 1 1 0 1 1 0
14 28 1 0 0 1 0 1
15 2 0 0 1 1 1 1
15 3 1 0 0 0 0 0
15 4 1 0 0 0 0 0
15 5 1 1 0 1 1 0
15 6 0 0 1 0 0 1
15 7 1 0 0 0 1 0
15 8 0 0 0 0 0 1
15 9 0 1 1 0 0 0
15 10 0 0 0 0 1 0
15 11 0 1 1 0 0 0
17 4 0 1 1 0 1 0
17 5 0 1 0 0 1 0
17 6 0 1 0 0 1 0
17 7 0 1 0 0 1 0
17 8 0 1 0 0 1 1
17 9 0 1 0 0 1 0
17 10 0 1 0 0 1 0
17 11 0 1 0 0 1 0
17 12 0 1 0 0 1 0
17 13 0 1 0 0 1 0
17 14 0 1 0 0 1 0
17 15 0 1 0 0 1 0
17 16 0 1 0 0 1 0
17 17 0 1 0 0 1 0
17 18 0 1 0 0 1 0
17 19 0 1 0 0 1 0
17 20 0 1 0 0 1 1
18 4 1 1 1 0 0 0
18 5 0 0 0 0 1 1
18 6 1 0 1 1 0 1
18 8 0 0 0 1 1 1
18 9 0 0 0 0 1 1
18 10 1 0 1 1 1 1
18 12 0 1 1 0 1 1
18 13 0 0 1 1 1 1
18 14 1 0 0 0 0 0
18 15 0 1 1 0 0 0
18 16 0 0 0 0 1 1
18 17 1 0 1 1 0 1
18 18 0 0 1 1 0 0
18 19 0 1 1 0 0 0
18 20 0 0 0 1 1 1
19 4 1 1 1 0 1 0
19 5 0 1 0 0 1 0
19 6 0 1 0 0 1 0
19 7 0 1 0 0 1 0
19 8 0 1 0 1 1 1
19 9 0 1 0 0 1 0
19 10 0 1 0 0 1 0
19 11 0 1 0 0 1 0
19 12 0 1 0 0 1 0
19 13 0 1 0 0 1 0
19 14 0 1 0 0 1 0
19 15 0 1 0 0 1 0
19 16 0 1 0 0 1 0
19 17 0 1 0 0 1 0
19 18 0 1 0 0 1 0
19 19 0 1 0 0 1 0
19 20 0 1 0 1 1 1
20 4 1 1 1 0 0 0
20 5 0 0 0 0 1 0
20 6 0 0 0 0 1 0
20 7 0 0 0 0 1 0
20 8 0 0 0 1 1 1
20 10 0 0 0 0 1 0
20 11 0 0 0 0 1 0
20 12 0 0 0 0 1 0
20 20 0 0 0 1 1 1
21 4 1 1 1 0 1 0
21 5 0 1 0 0 1 0
21 6 0 1 0 0 1 0
21 7 0 1 0 0 1 0
21 8 0 1 0 1 1 1
21 9 0 1 0 0 1 0
21 10 0 1 0 0 1 0
21 11 0 1 0 0 1 0
21 12 0 1 0 0 1 0
21 13 0 1 0 0 1 0
21 14 0 1 0 0 1 0
21 15 0 1 0 0 1 0
21 16 0 1 0 0 1 0
21 17 0 1 0 0 1 0
21 18 0 1 0 0 1 0
21 19 0 1 0 0 1 0
21 20 0 1 0 1 1 1
22 4 1 1 1 0 0 0
22 5 0 0 1 0 0 1
22 6 0 0 1 1 1 1
22 7 1 0 0 1 1 0
22 8 0 0 0 1 1 1
22 20 0 0 0 1 1 1
23 4 1 1 1 0 1 0
23 5 0 1 0 0 1 0
23 6 0 1 0 0 1 0
23 7 0 1 0 0 1 0
23 8 0 1 0 1 1 1
23 9 0 1 0 0 1 0
23 10 0 1 0 0 1 0
23 11 0 1 0 0 1 0
23 12 0 1 0 0 1 0
23 13 0 1 0 0 1 0
23 14 0 1 0 0 1 0
23 15 0 1 0 0 1 0
23 16 0 1 0 0 1 0
23 17 0 1 0 0 1 0
23 18 0 1 0 0 1 0
23 19 0 1 0 0 1 0
23 20 0 1 0 1 1 1
24 4 1 1 1 0 0 0
24 5 0 0 1 0 0 1
24 6 0 0 1 1 1 1
24 7 1 0 0 1 0 0
24 8 0 0 0 1 1 1
24 20 0 0 0 1 1 1
25 4 1 1 1 0 1 0
25 5 0 1 0 0 1 0
25 6 0 1 0 0 1 0
25 7 0 1 0 0 1 0
25 8 0 1 0 1 1 1
25 9 0 1 0 0 1 0
25 10 0 1 0 0 1 0
25 11 0 1 0 0 1 0
25 12 0 1 0 0 1 0
25 13 0 1 0 0 1 0
25 14 0 1 0 0 1 0
25 15 0 1 0 0 1 0
25 16 0 1 0 0 1 0
25 17 0 1 0 0 1 0
25 18 0 1 0 0 1 0
25 19 0 1 0 0 1 0
25 20 0 1 0 1 1 1
26 4 1 1 1 0 0 0
26 5 0 0 1 0 0 1
26 6 0 0 1 1 1 1
26 7 1 1 0 0 0 0
26 8 0 0 0 1 1 1
26 20 0 0 0 1 1 1
27 30 0 0 1 1 1 1
27 31 0 1 0 1 0 0
2 31 0 1 0 0 1 1
5 13 0 1 0 1 0 1
11 29 0 0 0 0 1 1
11 30 1 0 1 1 1 1
11 27 0 0 0 0 1 0
