-0.20
38 56 90 111 141 163 194 215 245 267 297 319 350 370 401 423 453 474 505 526 557 578 609 630 660 682 713 733 764 785 816 837 867 888 919 940 971 992 1023 1044 1074 1096 1126 1148 1178 1200 1230 1251 1282 1303 1334 1354 1385 1407 1437 1458 1489 1510 1541 1562 1593 1614 1645 1666
25 46 67 108 130 151 193 215 235 278 300 321 358 379 400 445 466 487 525 547 568 609 631 653 691 712 733 776 798 818 857 879 900 942 963 984 1025 1046 1067 1108 1130 1153 1190 1211 1233 1274 1296 1316 1356 1377 1399 1440 1463 1484 1525 1546 1567 1604 1626 1647 1689 1710 1731 1771 1792 1812 1856 1878 1899 1937 1958 1979 2021 2042 2063 2104 2125 2146 2190 2211 2231
2 4 1 1 0 1 1 0
2 5 0 1 0 1 1 1
2 6 1 0 1 1 1 0
2 7 0 0 1 0 1 0
3 5 1 1 0 0 0 0
3 6 1 1 1 0 0 1
3 8 1 0 0 1 1 0
3 9 0 1 0 0 0 1
3 10 0 0 0 0 1 0
3 12 1 0 1 0 1 0
3 13 1 0 1 1 0 0
3 14 0 0 1 0 1 1
3 16 1 0 1 0 0 0
3 17 0 1 0 0 0 1
3 18 0 1 0 1 0 0
3 20 1 0 0 1 1 1
3 22 1 1 1 0 0 0
3 23 0 1 1 1 0 1
3 24 1 1 0 1 0 0
3 25 0 1 1 0 0 1
3 27 1 0 1 0 0 0
3 28 1 1 0 0 1 1
3 30 1 1 1 1 0 0
3 31 0 1 1 0 1 0
4 2 0 0 1 0 0 1
4 3 1 0 1 0 0 1
4 4 1 1 0 0 1 0
4 5 1 0 0 1 0 1
4 7 0 0 0 0 1 1
4 10 0 1 1 0 1 1
4 11 0 0 0 0 1 1
4 12 1 0 0 0 0 0
4 13 1 0 1 1 0 1
4 14 0 0 1 1 0 0
4 15 0 1 1 0 0 0
4 17 0 1 1 0 1 0
4 18 1 1 0 0 0 0
4 19 1 0 1 1 0 1
4 21 0 1 1 0 1 0
4 24 0 0 0 0 1 1
4 25 0 0 1 0 0 0
4 26 0 0 0 0 1 1
4 27 1 0 0 0 0 0
4 28 0 0 0 0 0 1
5 2 0 0 0 1 0 0
5 3 0 1 1 0 1 1
5 4 0 0 1 1 1 1
5 5 0 1 0 1 1 0
5 6 0 0 0 0 0 1
5 7 0 1 1 0 0 0
5 9 1 0 0 1 1 0
5 11 1 0 0 1 1 0
5 12 1 0 0 0 0 1
5 13 1 0 0 1 1 0
5 14 1 0 0 1 0 1
5 16 0 0 1 1 0 1
5 18 1 0 0 1 1 0
5 20 1 1 1 1 1 0
5 21 0 0 1 0 1 1
5 22 0 0 1 1 0 0
5 23 1 1 1 0 1 1
5 24 0 0 0 0 1 0
5 25 0 1 1 0 0 0
6 6 0 0 0 0 1 1
6 7 1 0 1 1 1 1
6 9 0 1 1 0 1 1
6 10 0 0 0 0 1 1
6 11 1 0 0 0 0 0
6 12 1 0 1 1 0 1
6 13 0 0 1 1 0 0
6 14 0 1 1 0 0 0
6 16 0 1 1 0 1 0
6 17 1 1 0 0 0 0
6 18 1 0 1 1 0 1
6 20 0 1 1 0 1 0
6 21 1 0 0 1 0 0
6 23 0 1 1 0 1 1
6 24 0 0 0 0 1 1
6 25 1 0 0 0 0 0
6 26 1 1 0 0 0 1
6 27 1 0 1 1 0 1
7 4 0 1 1 0 1 0
7 5 1 1 0 0 0 0
7 6 1 1 0 0 1 1
7 7 0 0 1 1 1 1
7 8 1 1 0 0 0 0
7 9 0 0 0 0 1 1
7 10 1 0 0 0 0 0
7 11 0 0 1 1 1 0
7 12 0 0 1 1 0 0
7 13 0 1 1 0 0 0
7 15 0 1 1 0 1 0
7 16 0 1 1 0 0 0
7 18 1 0 0 1 1 0
7 19 0 0 0 0 1 1
7 20 1 0 0 0 0 0
7 21 1 0 0 1 0 0
7 23 0 0 1 0 0 1
7 24 1 1 0 0 0 0
7 25 0 0 1 1 0 0
7 26 0 1 1 0 0 0
8 4 1 1 0 0 1 1
8 5 0 0 1 1 1 1
8 6 1 0 0 1 1 0
8 7 0 0 0 0 1 1
8 8 1 0 0 0 0 0
8 9 0 0 0 0 1 1
8 10 0 0 0 0 1 0
9 4 1 1 0 0 0 1
9 5 1 0 0 0 0 0
9 6 1 0 0 1 0 0
9 7 0 0 1 0 0 0
9 8 0 0 0 0 1 0
9 10 1 1 1 1 0 0
9 11 0 1 1 0 1 0
9 12 1 0 1 0 0 1
9 13 1 1 0 0 1 0
9 14 1 0 0 1 0 1
9 16 0 0 0 0 1 1
9 17 1 0 1 1 1 1
9 19 0 1 1 0 1 1
9 20 0 0 0 0 1 1
9 21 1 0 0 0 0 0
9 22 1 0 1 1 0 1
9 23 0 0 1 1 0 0
9 24 0 1 1 0 0 0
9 26 0 1 1 0 1 0
9 27 1 1 0 0 0 0
9 28 1 0 1 1 0 1
9 30 0 1 1 0 1 0
9 31 1 0 0 1 0 0
10 2 1 0 0 1 1 0
10 4 1 0 0 1 1 0
10 5 0 1 0 1 1 1
10 6 1 1 1 1 1 0
10 7 0 0 1 0 1 1
10 8 0 0 1 1 0 0
10 9 1 1 1 0 1 1
10 11 1 0 0 0 1 1
10 13 0 0 0 0 1 1
10 14 1 0 1 1 0 1
10 16 0 1 1 0 1 1
10 17 0 0 1 0 0 1
10 18 0 1 1 0 0 0
10 19 0 0 0 0 1 1
10 20 1 1 0 0 0 0
10 21 1 1 0 0 1 1
10 22 0 0 1 1 1 1
10 23 1 1 0 0 0 0
10 24 0 0 0 0 1 1
10 25 1 0 0 0 0 0
10 26 0 0 0 0 1 1
10 27 0 0 0 0 1 0
10 29 1 0 0 1 1 0
10 30 1 0 0 0 0 1
11 2 0 0 1 0 0 1
11 3 1 0 0 1 1 0
11 6 1 0 1 0 1 1
11 7 1 0 1 0 1 0
11 8 1 1 0 0 0 0
11 11 1 0 0 0 1 1
11 13 1 1 0 0 0 1
11 14 0 0 1 0 0 1
11 15 0 1 1 0 0 0
11 16 0 0 0 0 1 1
11 17 1 1 0 0 0 0
11 18 1 1 0 0 1 1
11 19 0 0 1 1 1 1
11 20 1 1 0 0 0 0
11 21 0 0 0 0 1 1
11 22 1 0 0 0 0 0
11 23 0 0 0 0 1 1
11 24 0 0 0 0 1 0
11 26 0 1 1 0 0 0
11 27 0 0 1 1 1 1
11 28 1 0 0 1 1 0
11 29 0 0 0 0 1 1
11 30 1 0 0 0 0 0
11 31 1 0 0 1 0 0
12 2 0 0 1 0 0 1
12 3 1 1 0 0 0 0
12 4 0 0 1 1 0 0
12 5 0 1 1 0 0 0
12 7 1 1 0 0 1 1
12 8 0 0 1 1 1 1
12 9 1 0 0 1 1 0
12 10 0 0 0 0 1 1
12 11 1 0 0 0 0 0
12 12 0 0 0 0 1 1
12 13 0 0 1 1 1 0
12 14 0 0 0 0 1 0
12 15 0 1 1 0 0 0
14 2 0 1 1 0 1 0
14 3 0 1 0 0 1 0
14 4 0 1 0 0 1 0
14 5 0 1 0 0 1 0
14 6 0 1 0 0 1 0
14 7 0 1 0 0 1 0
14 8 0 1 0 0 1 0
14 9 0 1 0 0 1 0
14 10 0 1 0 0 1 0
14 11 0 1 0 0 1 0
14 12 0 1 0 0 1 0
14 13 0 1 0 0 1 0
14 14 0 1 0 0 1 0
14 15 0 1 0 0 1 0
14 16 0 1 0 0 1 0
14 17 0 1 0 0 1 0
14 18 0 1 0 0 1 0
14 19 0 1 0 0 1 0
14 20 0 1 0 0 1 0
14 21 0 1 0 0 1 0
14 22 0 1 0 0 1 0
14 23 0 1 0 0 1 0
14 24 0 1 0 0 1 0
14 25 0 1 0 0 1 0
14 26 0 1 0 0 1 0
14 27 0 1 0 0 1 0
14 28 0 1 0 0 1 0
14 29 0 1 0 0 1 0
14 30 0 1 0 0 1 0
14 31 0 1 0 0 1 1
15 2 1 1 1 0 0 0
15 5 0 0 1 1 0 0
15 6 0 1 0 0 0 1
15 8 1 0 0 0 1 1
15 10 1 0 1 0 0 0
15 11 0 1 1 0 1 1
15 12 1 0 0 1 1 0
15 13 1 0 0 0 0 1
15 15 1 1 1 1 0 0
15 16 0 1 1 0 1 0
15 17 1 0 1 0 0 1
15 18 0 1 0 0 1 0
15 19 1 0 0 1 0 1
15 21 1 0 0 1 1 0
15 22 1 0 0 0 0 1
15 23 1 0 0 1 1 0
15 24 1 0 0 0 0 1
15 26 0 0 1 1 0 1
15 28 1 0 0 1 1 0
15 29 0 1 0 1 1 1
15 31 0 0 0 1 1 1
16 2 1 1 1 0 0 0
16 3 0 0 1 0 0 1
16 4 1 1 1 1 1 0
16 5 0 0 1 0 1 1
16 6 0 0 1 1 0 0
16 7 1 1 1 0 1 1
16 9 1 0 0 1 1 0
16 11 1 1 0 1 1 0
16 12 0 1 0 0 1 1
16 13 1 0 0 0 1 1
16 14 0 1 1 0 0 0
16 15 0 0 0 0 1 0
16 17 1 1 0 0 0 0
16 18 1 0 1 0 0 1
16 19 0 0 1 1 1 0
16 20 1 0 1 0 0 0
16 21 1 1 0 0 1 1
16 23 0 0 1 1 0 0
16 24 0 1 1 0 0 1
16 25 1 0 1 0 1 0
16 27 1 1 0 1 1 0
16 28 0 1 0 0 1 1
16 29 1 0 0 0 1 1
16 30 0 1 1 0 0 0
16 31 0 0 0 1 1 0
17 2 1 1 1 0 0 0
17 3 0 1 1 1 1 0
17 4 0 1 0 1 1 1
17 5 1 0 0 1 1 0
17 6 0 1 1 0 1 0
17 9 1 0 1 0 1 0
17 10 1 1 1 1 1 0
17 11 0 0 1 1 1 1
17 13 1 1 0 0 1 0
17 14 0 1 0 0 0 1
17 16 1 1 0 1 1 0
17 17 0 1 0 1 0 0
17 18 0 1 0 1 0 0
17 20 1 1 0 1 1 0
17 21 0 1 0 0 1 1
17 22 1 0 0 0 1 1
17 23 0 1 1 0 0 0
17 24 0 0 0 0 1 0
17 25 0 1 1 0 0 0
17 31 0 0 0 1 1 1
18 2 1 1 0 0 1 0
18 3 0 1 0 0 1 0
18 4 0 1 0 0 1 0
18 5 0 1 0 0 1 0
18 6 0 1 0 0 1 0
18 7 0 1 0 0 1 0
18 8 0 1 0 0 1 0
18 9 0 1 0 0 1 0
18 10 0 1 0 0 1 0
18 11 0 1 0 0 1 0
18 12 0 1 0 0 1 0
18 13 0 1 0 0 1 0
18 14 0 1 0 0 1 0
18 15 0 1 0 0 1 0
18 16 0 1 0 0 1 0
18 17 0 1 0 0 1 0
18 18 0 1 0 0 1 0
18 19 0 1 0 0 1 0
18 20 0 1 0 0 1 0
18 21 0 1 0 0 1 0
18 22 0 1 0 0 1 0
18 23 0 1 0 0 1 0
18 24 0 1 0 0 1 0
18 25 0 1 0 0 1 0
18 26 0 1 0 0 1 0
18 27 0 1 0 0 1 0
18 28 0 1 0 0 1 0
18 29 0 1 0 0 1 0
18 30 0 1 0 0 1 0
18 31 0 1 0 1 1 0
20 4 0 1 1 1 1 0
20 5 1 1 1 0 0 1
20 6 1 1 0 1 1 0
20 7 1 1 0 0 1 1
21 4 1 0 0 1 1 1
21 6 1 0 1 0 1 1
21 7 0 1 0 0 1 1
21 8 1 1 1 1 1 0
21 9 0 1 1 0 0 1
21 13 0 0 1 1 1 1
21 14 1 1 0 1 0 0
21 15 0 1 0 1 1 0
21 16 0 0 0 0 1 1
21 19 1 0 0 1 1 0
21 21 1 1 1 0 0 0
21 22 0 1 0 0 0 0
21 23 1 1 0 0 0 0
21 24 0 0 1 0 1 0
21 26 0 1 0 1 1 1
21 27 1 1 1 1 1 0
21 28 0 0 1 1 1 1
21 30 1 1 0 1 1 0
21 31 0 0 1 1 0 1
22 2 0 0 1 0 0 1
22 3 1 1 0 0 1 0
22 4 1 0 0 0 0 1
22 6 1 1 1 1 1 0
22 7 0 1 1 0 0 1
22 8 1 0 0 1 1 0
22 9 0 1 0 1 0 0
22 10 0 0 0 0 1 0
22 12 1 1 0 0 1 0
22 13 0 0 1 1 0 1
22 14 1 1 0 0 1 0
22 15 1 0 0 0 0 1
22 18 1 0 0 1 0 1
22 19 1 1 0 1 1 0
22 22 0 0 0 0 0 1
22 25 0 1 1 1 0 0
22 26 0 1 0 1 1 1
22 29 0 0 1 1 0 1
22 30 1 1 0 0 1 0
22 31 1 0 0 0 0 0
23 2 0 1 0 1 0 0
23 3 1 1 0 0 0 0
23 4 1 0 0 1 0 1
23 6 1 1 1 1 1 0
23 7 0 1 1 0 0 1
23 9 0 0 0 0 1 1
23 10 1 1 1 0 0 0
23 12 1 0 0 1 1 0
23 14 1 1 0 0 0 0
23 15 1 0 0 1 0 1
23 16 1 1 0 0 1 0
23 17 1 1 1 1 1 1
23 19 1 1 1 0 1 0
23 21 1 1 0 0 0 0
23 22 1 0 0 1 0 1
23 23 1 1 0 0 1 0
23 24 1 1 1 1 1 1
23 25 0 0 0 0 1 0
23 26 0 1 1 0 0 0
23 27 1 0 0 1 1 0
23 28 0 1 1 0 0 1
23 30 0 0 0 0 1 1
23 31 1 1 1 0 0 0
24 2 1 0 0 0 1 1
24 4 1 0 0 1 1 0
24 5 1 0 1 0 1 0
24 6 1 0 0 0 1 1
24 7 0 1 1 0 1 0
24 9 1 0 0 0 1 1
24 10 0 1 0 0 0 0
24 11 0 0 0 0 1 0
24 13 1 1 1 1 1 0
24 14 0 1 1 0 0 1
24 20 1 0 1 1 0 0
24 23 0 1 0 1 0 0
24 25 0 0 0 0 0 1
24 26 0 1 1 1 0 0
24 28 1 0 1 0 1 1
25 2 0 0 1 0 0 1
25 3 1 0 0 1 1 0
25 4 0 0 1 0 1 0
25 5 0 0 0 0 1 0
25 6 0 0 1 0 0 0
27 29 0 0 1 1 1 1
27 30 1 1 0 0 0 0
27 31 1 0 0 1 0 0
3 4 0 1 0 1 0 0
4 22 1 0 0 1 0 0
4 8 1 0 1 1 1 1
5 19 0 1 0 1 1 1
7 17 0 0 1 1 1 1
11 4 1 0 0 1 0 1
11 9 0 0 1 1 1 0
24 29 0 1 0 1 1 1
24 22 1 1 0 1 1 0
24 21 1 0 0 1 0 1
24 18 1 0 0 1 1 0
24 16 0 1 0 1 0 0
24 15 1 0 0 1 1 0
22 28 1 1 0 1 1 0
22 23 0 1 1 1 0 0
22 20 0 1 0 1 0 0
22 17 1 0 1 1 0 0
21 11 0 1 0 1 1 1
21 17 1 0 1 1 0 0
17 8 1 1 0 1 1 0
