0.10
48 68 96 117 147 168 199 220 251 272 302 324 354 376 406 428 457 479 510 531 561 581 613 635 665 686 717 738 768 789 820 841 872 893 923 945 975 996 1027 1048 1079 1100 1131 1152 1182 1203 1234 1255 1285 1307 1337 1358 1388 1410 1442 1462 1493 1514 1545 1565 1596 1618 1645 1665
68 88 105 143 163 183 221 244 264 311 331 351 389 409 431 470 491 513 553 574 596 636 657 678 719 739 761 801 822 844 883 904 926 966 987 1008 1047 1068 1090 1130 1152 1173 1211 1233 1254 1294 1315 1337 1376 1398 1419 1460 1481 1502 1541 1562 1584 1625 1646 1667 1706 1727 1749 1789 1810 1832 1872 1894 1915 1956 1976 1998 2037 2058 2080 2120 2141 2162 2203 2224 2245
1 5 0 0 0 0 0 0
1 7 0 0 0 0 0 0
1 8 0 0 0 0 0 0
1 24 0 0 0 0 0 0
1 26 0 0 0 0 0 0
1 29 0 0 0 0 0 0
1 31 0 0 0 0 0 0
3 15 1 0 1 1 0 0
3 16 1 0 1 0 0 1
3 17 1 1 1 0 0 0
3 18 1 0 1 0 0 1
5 2 1 0 0 1 1 0
5 3 0 1 0 1 0 0
5 4 1 1 1 0 1 0
5 5 0 1 1 0 0 0
5 6 1 0 0 0 1 1
5 7 0 1 0 0 0 0
5 8 1 1 1 0 0 0
5 9 1 1 0 0 1 1
5 10 0 0 1 1 0 0
5 11 0 1 1 0 0 1
5 14 1 1 1 0 1 0
5 15 0 1 1 0 0 0
5 16 1 0 0 1 0 0
5 17 0 1 1 0 0 0
5 19 1 1 0 0 1 0
5 20 1 1 1 0 0 1
5 21 1 0 0 0 1 1
5 22 1 0 1 0 0 1
5 23 0 0 0 0 1 0
5 24 0 0 0 0 1 0
5 25 0 0 0 0 1 0
5 26 0 0 0 0 1 0
5 27 0 0 0 0 1 0
5 28 0 0 0 0 1 0
5 29 0 0 0 0 1 0
5 30 0 0 1 1 1 1
5 31 1 0 0 0 0 0
6 4 0 0 1 1 1 1
6 5 1 1 0 0 0 0
6 6 1 1 0 1 0 0
6 7 0 0 1 1 1 1
6 8 1 0 0 0 0 0
6 11 1 1 1 0 1 0
6 12 0 1 1 0 0 0
6 13 1 0 0 1 0 0
6 14 0 1 1 0 0 0
6 16 1 1 0 0 1 0
6 17 1 1 1 0 0 1
6 18 1 0 0 0 1 1
6 19 1 0 1 0 0 1
6 20 0 0 0 0 1 0
6 21 0 0 0 0 1 0
6 22 0 0 0 0 1 0
6 23 0 0 0 0 1 0
6 24 0 0 0 0 1 0
6 25 0 0 0 0 1 0
6 26 0 0 0 0 1 0
6 27 0 0 0 0 1 0
6 28 0 0 0 0 1 0
6 29 0 0 0 0 1 0
6 30 0 0 1 1 1 1
6 31 1 1 0 0 0 0
7 6 1 0 0 0 1 1
7 7 0 1 0 0 0 0
7 8 1 0 0 1 0 1
7 10 0 0 1 1 0 1
7 12 0 1 1 1 1 0
7 13 1 1 1 0 0 1
7 14 1 1 0 1 1 0
7 15 1 1 0 0 1 1
7 18 0 1 1 1 1 0
7 19 0 1 0 1 1 1
7 20 1 0 0 1 0 0
7 21 0 1 0 0 0 1
7 23 0 0 1 1 0 0
7 24 0 1 0 0 0 0
7 25 1 0 1 0 0 1
7 27 1 0 0 1 1 0
8 8 1 0 0 0 1 1
8 9 0 0 1 1 1 1
8 10 0 0 1 1 0 0
8 11 0 1 1 0 0 1
8 13 0 0 1 1 0 1
8 15 0 1 0 0 1 0
8 16 1 0 0 1 1 0
8 17 1 0 1 0 0 1
8 19 1 0 0 1 1 0
8 21 1 1 0 1 1 0
8 22 1 1 0 1 1 1
8 23 1 1 0 0 1 0
8 24 0 1 0 1 0 0
8 25 0 0 0 0 1 0
8 26 0 0 0 0 1 0
8 27 0 0 0 0 1 0
8 28 0 0 0 0 1 0
8 29 0 0 1 1 1 1
8 30 1 1 0 0 0 0
8 31 0 1 0 1 0 0
9 4 0 0 1 1 1 1
9 5 1 1 0 0 0 0
9 6 1 1 0 1 0 0
9 7 0 0 1 1 1 1
9 8 1 1 0 0 0 0
9 11 1 0 0 1 1 1
9 13 1 1 0 0 1 0
9 14 1 1 1 0 0 1
9 15 1 0 0 0 1 1
9 16 1 0 1 0 0 1
9 18 1 1 0 1 1 0
9 19 1 1 0 1 1 1
9 20 1 0 0 1 1 0
9 21 1 0 0 1 0 1
9 23 1 0 1 0 0 0
9 24 1 1 1 0 0 1
9 26 0 1 0 1 0 0
9 27 1 1 1 1 0 1
9 30 0 0 0 0 0 0
10 6 1 1 1 0 1 0
10 7 0 1 1 0 0 0
10 8 1 0 0 1 0 0
10 9 0 1 1 0 0 0
10 11 1 1 0 1 0 0
10 12 0 1 1 0 0 1
10 13 1 1 1 1 1 0
10 14 0 0 1 1 1 1
10 15 0 0 0 0 1 0
10 16 0 0 0 0 1 0
10 17 0 0 0 0 1 0
10 18 0 0 0 0 1 0
10 19 0 0 0 0 1 0
10 20 0 0 0 0 1 0
10 21 0 0 0 0 1 0
10 22 0 0 0 0 1 0
10 23 0 0 0 0 1 0
10 24 0 0 0 0 1 0
10 25 0 0 0 0 1 0
10 26 0 0 0 0 1 0
10 27 0 0 0 0 1 0
10 28 0 0 0 0 1 0
10 29 0 0 1 1 1 1
10 30 1 0 0 1 0 0
10 31 1 0 0 1 0 0
11 6 1 1 0 0 1 0
11 7 1 1 0 0 0 1
11 8 1 1 0 0 1 0
11 9 0 1 0 1 0 0
11 11 1 1 0 1 1 0
11 12 0 1 0 1 0 0
11 13 1 0 0 0 1 1
11 14 1 0 1 0 0 1
11 16 1 0 0 0 0 1
11 17 0 1 1 0 0 0
11 18 1 0 0 1 1 1
11 21 0 1 1 1 1 0
11 22 1 1 1 0 0 1
11 23 0 1 1 1 0 0
11 24 1 0 1 0 1 0
11 26 1 1 1 0 1 0
11 27 0 1 1 0 0 0
11 28 1 0 0 1 0 0
12 8 1 1 0 0 1 0
12 9 1 1 1 0 0 1
12 10 1 0 0 0 1 1
12 11 1 0 1 0 0 1
12 13 1 0 0 1 1 0
12 15 1 1 0 0 1 0
12 16 1 0 0 0 0 1
12 17 0 0 1 1 0 0
12 18 0 0 0 0 1 0
12 19 0 0 0 0 1 0
12 20 0 0 0 0 1 0
12 21 0 0 0 0 1 0
12 22 0 0 0 0 1 0
12 23 0 0 0 0 1 0
12 24 0 0 0 0 1 0
12 25 0 0 0 0 1 0
12 26 0 0 0 0 1 0
12 27 0 0 0 0 1 0
12 28 0 0 0 0 1 0
12 29 0 0 1 1 1 1
12 30 1 0 0 1 1 0
12 31 1 1 0 0 0 0
13 4 0 0 1 1 1 1
13 5 1 1 0 0 0 0
13 6 1 1 0 1 0 0
13 7 0 0 1 1 1 1
13 8 1 0 0 1 0 0
13 11 1 0 0 0 1 1
13 12 0 1 0 0 0 0
13 13 1 1 0 1 1 0
13 14 0 1 0 1 0 0
13 16 0 1 0 0 1 0
13 17 0 1 1 1 1 0
13 18 0 1 0 1 0 0
13 20 0 0 1 1 0 1
13 22 1 1 1 0 1 0
13 23 0 1 1 0 0 0
13 24 1 0 0 1 0 0
13 25 0 1 1 0 0 0
14 6 1 1 0 0 1 0
14 7 1 1 1 0 0 1
14 8 1 0 0 0 1 1
14 9 1 0 1 0 0 1
14 10 0 0 0 0 1 0
14 11 0 0 0 0 1 0
14 12 0 0 0 0 1 0
14 13 0 0 0 0 1 0
14 14 0 0 0 0 1 0
14 15 0 0 0 0 1 0
14 16 0 0 0 0 1 0
14 17 0 0 0 0 1 0
14 18 0 0 0 0 1 0
14 19 0 0 0 0 1 0
14 20 0 0 0 0 1 0
14 21 0 0 0 0 1 0
14 22 0 0 0 0 1 0
14 23 0 0 0 0 1 0
14 24 0 0 0 0 1 0
14 25 0 0 0 0 1 0
14 26 0 0 0 0 1 0
14 27 0 0 0 0 1 0
14 28 0 0 0 0 1 0
14 29 0 0 1 1 1 1
14 30 1 0 0 1 1 0
14 31 1 0 0 1 0 0
15 4 1 0 0 0 1 1
15 5 1 0 1 0 0 1
15 6 1 1 0 0 1 0
15 7 0 1 1 1 1 1
15 9 1 1 0 0 1 0
15 10 1 0 1 0 1 0
15 11 1 0 0 1 1 0
15 12 0 1 0 0 1 1
15 13 0 0 0 0 1 0
15 14 0 0 0 0 1 0
15 15 0 0 0 0 1 0
15 16 0 0 0 0 1 0
15 17 0 0 0 0 1 0
15 18 0 0 0 0 1 0
15 19 0 0 0 0 1 0
15 20 0 0 0 0 1 0
15 21 0 0 0 0 1 0
15 22 0 0 0 0 1 0
15 23 0 0 0 0 1 0
15 24 0 0 0 0 1 0
15 25 0 0 0 0 1 0
15 26 0 0 0 0 1 0
15 27 0 0 0 0 1 0
15 28 0 0 0 0 1 0
15 29 0 0 1 1 1 1
15 30 1 0 0 0 1 0
15 31 0 1 0 1 1 0
16 4 1 1 0 0 1 0
16 5 0 0 1 1 1 0
16 6 1 1 0 1 1 0
16 7 1 0 0 0 1 0
16 8 0 0 0 0 1 0
16 9 0 0 0 0 1 0
16 10 0 0 0 0 1 0
16 11 0 0 0 0 1 0
16 12 0 0 0 0 1 0
16 13 0 0 0 0 1 0
16 14 0 0 0 0 1 0
16 15 0 0 0 0 1 0
16 16 0 0 0 0 1 0
16 17 0 0 0 0 1 0
16 18 0 0 0 0 1 0
16 19 0 0 0 0 1 0
16 20 0 0 0 0 1 0
16 21 0 0 0 0 1 0
16 22 0 0 0 0 1 0
16 23 0 0 0 0 1 0
16 24 0 0 0 0 1 0
16 25 0 0 0 0 1 0
16 26 0 0 0 0 1 0
16 27 0 0 0 0 1 0
16 28 0 0 0 0 1 0
16 29 0 0 1 1 1 1
16 30 1 0 0 0 1 0
16 31 1 0 0 0 0 0
17 4 1 1 0 1 0 0
17 5 1 0 1 0 0 1
17 6 1 1 0 0 1 0
17 7 0 1 0 1 0 0
17 8 0 1 1 1 1 0
17 9 0 1 0 1 0 0
17 11 0 0 1 1 1 1
17 12 1 1 0 0 0 0
17 13 1 1 0 1 0 0
17 14 0 0 0 0 1 0
17 15 0 0 0 0 1 0
17 16 0 0 0 0 1 0
17 17 0 0 0 0 1 0
17 18 0 0 0 0 1 0
17 19 0 0 0 0 1 0
17 20 0 0 0 0 1 0
17 21 0 0 0 0 1 0
17 22 0 0 0 0 1 0
17 23 0 0 0 0 1 0
17 24 0 0 0 0 1 0
17 25 0 0 0 0 1 0
17 26 0 0 0 0 1 0
17 27 0 0 0 0 1 0
17 28 0 0 0 0 1 0
17 29 0 0 1 1 1 1
17 30 1 0 0 0 1 0
17 31 1 0 0 1 0 0
18 2 1 0 0 1 1 0
18 3 0 1 0 1 0 0
18 4 1 1 1 0 1 0
18 5 0 1 1 0 0 0
18 6 1 0 0 0 1 1
18 7 0 1 0 0 0 0
18 8 1 0 1 0 0 0
18 9 0 1 0 1 0 0
18 10 0 0 1 1 0 0
18 11 0 1 1 0 0 1
18 14 1 1 0 0 1 0
18 15 1 0 1 1 0 1
18 16 0 1 1 1 0 0
18 17 0 1 1 0 0 0
18 18 0 0 0 0 1 0
18 19 0 0 0 0 1 0
18 20 0 0 0 0 1 0
18 21 0 0 0 0 1 0
18 22 0 0 0 0 1 0
18 23 0 0 0 0 1 0
18 24 0 0 0 0 1 0
18 25 0 0 0 0 1 0
18 26 0 0 0 0 1 0
18 27 0 0 0 0 1 0
18 28 0 0 0 0 1 0
18 29 0 0 1 1 1 1
18 30 1 0 0 0 1 0
18 31 1 1 0 1 0 0
19 4 0 0 1 1 1 1
19 5 1 1 0 0 0 0
19 6 1 1 0 1 1 0
19 7 0 0 1 1 1 1
19 8 1 0 0 0 0 0
19 11 0 1 1 1 1 0
19 12 1 0 1 0 0 1
19 13 1 1 0 0 1 0
19 14 1 0 0 0 0 1
19 16 1 0 0 1 1 0
19 18 1 1 0 0 1 0
19 19 1 0 1 1 0 1
19 20 0 1 1 1 0 0
19 21 0 1 1 0 0 0
19 22 0 0 0 0 1 0
19 23 0 0 0 0 1 0
19 24 0 0 0 0 1 0
19 25 0 0 0 0 1 0
19 26 0 0 0 0 1 0
19 27 0 0 0 0 1 0
19 28 0 0 0 0 1 0
19 29 0 0 1 1 1 1
19 30 1 0 0 0 1 0
19 31 1 1 0 1 1 0
20 2 0 0 0 0 0 0
20 4 0 0 1 1 1 1
20 5 1 1 0 0 0 0
20 6 1 1 0 1 1 0
20 7 0 0 1 1 1 1
20 8 1 1 0 0 0 0
20 11 1 1 0 0 1 0
20 12 1 0 1 1 0 1
20 13 0 1 1 1 0 0
20 14 0 1 1 0 0 0
20 16 0 1 1 1 0 0
20 17 1 1 1 0 0 1
20 18 1 1 0 1 1 0
20 19 0 0 1 1 1 0
20 20 1 1 0 0 1 0
20 21 1 0 0 0 0 1
20 22 0 0 0 0 1 0
20 23 0 0 0 0 1 0
20 24 0 0 0 0 1 0
20 25 0 0 0 0 1 0
20 26 0 0 0 0 1 0
20 27 0 0 0 0 1 0
20 28 0 0 0 0 1 0
20 29 0 0 1 1 1 1
20 30 1 1 0 1 0 0
20 31 1 0 0 1 1 0
21 6 1 1 0 1 1 0
21 7 1 1 0 1 1 1
21 8 1 1 1 1 1 0
21 9 0 0 1 0 1 0
21 11 0 0 1 1 0 1
21 13 1 0 0 1 0 0
21 14 0 1 0 1 0 1
21 15 1 1 0 0 1 0
21 16 1 0 1 1 0 1
21 19 1 0 1 0 0 0
21 20 0 1 0 1 0 0
21 21 1 0 1 1 0 0
21 22 0 0 1 1 1 0
21 24 1 0 0 1 1 0
22 8 1 1 0 1 0 0
22 9 0 0 1 0 1 1
22 10 1 1 0 0 1 0
22 11 1 0 0 0 0 1
22 13 0 1 1 1 1 0
22 14 1 0 1 0 0 1
22 15 1 1 0 0 1 0
22 16 1 0 0 0 0 1
22 17 0 0 0 0 1 0
22 18 0 0 0 0 1 0
22 19 0 0 0 0 1 0
22 20 0 0 0 0 1 0
22 21 0 0 0 0 1 0
22 22 0 0 0 0 1 0
22 23 0 0 0 0 1 0
22 24 0 0 0 0 1 0
22 25 0 0 0 0 1 0
22 26 0 0 0 0 1 0
22 27 0 0 0 0 1 0
22 28 0 0 0 0 1 0
22 29 0 0 1 1 1 1
22 30 1 1 0 0 1 0
22 31 0 1 0 1 0 0
23 4 0 0 1 1 1 1
23 5 1 1 0 0 0 0
23 6 1 1 0 1 1 0
23 7 0 0 1 1 1 1
23 8 1 0 0 1 0 0
23 11 0 1 0 1 1 1
23 12 0 1 1 0 0 0
23 13 0 1 1 1 0 0
23 14 0 0 0 0 1 0
23 15 0 0 0 0 1 0
23 16 0 0 0 0 1 0
23 17 0 0 0 0 1 0
23 18 0 0 0 0 1 0
23 19 0 0 0 0 1 0
23 20 0 0 0 0 1 0
23 21 0 0 0 0 1 0
23 22 0 0 0 0 1 0
23 23 0 0 0 0 1 0
23 24 0 0 0 0 1 0
23 25 0 0 0 0 1 0
23 26 0 0 0 0 1 0
23 27 0 0 0 0 1 0
23 28 0 0 0 0 1 0
23 29 0 0 1 1 1 1
23 30 0 1 0 1 0 0
23 31 1 1 0 0 0 0
24 6 1 1 0 0 1 0
24 7 1 1 0 0 0 1
24 8 1 1 0 0 1 0
24 9 0 1 0 1 0 0
24 11 1 1 0 1 1 0
24 12 0 1 0 1 0 0
24 13 1 0 0 0 1 1
24 14 1 0 1 0 0 1
24 16 1 0 0 0 0 1
24 17 0 1 1 0 0 0
24 18 1 0 0 1 1 1
24 21 0 1 1 1 1 0
24 22 1 1 1 0 0 1
24 23 0 1 1 1 0 0
24 24 1 0 1 0 1 0
25 8 0 1 0 1 1 1
25 9 0 1 1 0 0 0
25 10 0 1 1 1 0 0
25 12 1 0 0 1 1 0
25 14 1 1 0 0 1 0
25 15 1 0 0 0 0 1
25 16 0 0 1 1 0 0
25 17 0 0 0 0 1 0
25 18 0 0 0 0 1 0
25 19 0 0 0 0 1 0
25 20 0 0 0 0 1 0
25 21 0 0 0 0 1 0
25 22 0 0 0 0 1 0
25 23 0 0 0 0 1 0
25 24 0 0 0 0 1 0
25 25 0 0 0 0 1 0
25 26 0 0 0 0 1 0
25 27 0 0 0 0 1 0
25 28 0 0 1 1 1 1
25 29 1 0 0 0 0 0
25 30 0 1 0 1 1 0
25 31 1 0 0 0 0 0
26 4 1 0 0 0 1 1
26 5 1 0 1 0 0 1
26 6 1 1 0 0 1 0
26 7 0 1 1 1 1 1
26 9 1 1 0 0 1 0
26 10 1 0 1 0 1 0
26 11 1 0 0 1 1 0
26 12 0 1 0 0 1 1
26 13 0 0 0 0 1 0
26 14 0 0 0 0 1 0
26 15 0 0 0 0 1 0
26 16 0 0 0 0 1 0
26 17 0 0 0 0 1 0
26 18 0 0 0 0 1 0
26 19 0 0 0 0 1 0
26 20 0 0 0 0 1 0
26 21 0 0 0 0 1 0
26 22 0 0 0 0 1 0
26 23 0 0 0 0 1 0
26 24 0 0 0 0 1 0
26 25 0 0 0 0 1 0
26 26 0 0 0 0 1 0
26 27 0 0 0 0 1 0
26 28 0 0 1 1 1 1
26 29 1 0 0 0 0 0
26 30 0 1 0 1 1 0
26 31 1 1 0 0 0 0
27 4 1 1 0 0 1 0
27 5 0 0 1 1 1 0
27 6 1 1 0 1 1 0
27 7 1 0 0 0 1 0
27 8 0 0 0 0 1 0
27 9 0 0 0 0 1 0
27 10 0 0 0 0 1 0
27 11 0 0 0 0 1 0
27 12 0 0 0 0 1 0
27 13 0 0 0 0 1 0
27 14 0 0 0 0 1 0
27 15 0 0 0 0 1 0
27 16 0 0 0 0 1 0
27 17 0 0 0 0 1 0
27 18 0 0 0 0 1 0
27 19 0 0 0 0 1 0
27 20 0 0 0 0 1 0
27 21 0 0 0 0 1 0
27 22 0 0 0 0 1 0
27 23 0 0 0 0 1 0
27 24 0 0 0 0 1 0
27 25 0 0 0 0 1 0
27 26 0 0 0 0 1 0
27 27 0 0 0 0 1 0
27 28 0 0 1 0 1 1
27 29 1 0 0 0 0 0
27 30 0 1 0 1 1 0
27 31 1 0 0 1 0 0
