0.20
63 85 115 136 167 188 219 241 271 292 323 344 375 396 426 446 478 499 530 551 582 603 634 655 686 707 737 759 789 811 841 862 893 914 944 966 996 1018 1049 1069 1100 1121 1152 1173 1203 1225 1255 1277 1307 1328 1359 1380 1411 1432 1462 1484 1514 1535 1566 1588 1615 1635
35 55 75 113 133 153 191 214 234 276 297 318 359 380 401 440 461 482 523 545 566 604 627 647 688 710 731 771 793 814 854 876 898 938 959 980 1020 1041 1063 1104 1125 1147 1186 1207 1229 1269 1290 1312 1351 1373 1395 1435 1456 1477 1517 1539 1560 1601 1623 1644 1683 1705 1726 1767 1788 1810 1851 1872 1893 1934 1955 1976 2016 2038 2059 2101 2122 2144 2185 2207 2228 2266 2286 2306
1 14 0 0 0 0 0 0
3 1 1 1 0 0 1 0
3 2 0 1 0 1 1 1
3 4 1 0 0 1 1 0
3 5 0 1 0 0 0 1
3 6 1 0 0 1 1 0
3 7 0 1 1 0 1 0
3 9 1 1 1 1 1 0
3 10 0 1 0 0 1 1
3 11 1 1 0 1 0 0
3 12 0 0 1 0 1 1
3 14 1 0 0 1 1 0
3 16 1 1 0 1 0 0
3 17 0 0 1 0 1 0
3 18 1 1 0 0 1 0
3 19 0 1 0 0 1 1
3 20 0 0 0 0 1 0
3 22 1 0 1 1 1 0
3 23 0 1 0 1 0 0
3 25 1 0 0 1 1 1
3 27 1 0 0 0 1 1
3 28 1 0 1 0 0 1
3 29 1 1 0 0 1 0
3 30 0 1 1 1 1 1
4 1 1 1 0 1 1 0
4 2 1 0 0 0 1 0
4 3 1 1 0 1 1 0
4 4 0 1 1 1 1 1
4 6 0 1 0 0 1 0
4 7 0 1 1 1 1 0
4 8 0 1 0 1 0 0
4 10 1 0 0 1 1 0
4 12 1 0 1 1 1 0
4 13 0 0 1 1 1 1
4 14 1 1 1 0 0 0
4 15 0 1 0 1 0 0
4 17 1 1 0 0 1 0
4 18 0 1 0 1 1 1
4 20 1 0 1 1 0 0
4 21 0 1 0 1 0 1
4 22 1 0 0 0 1 1
4 23 0 1 1 0 0 1
4 25 0 1 0 1 0 0
4 26 1 1 0 1 1 0
4 27 0 1 0 0 0 1
4 29 1 1 0 0 1 0
4 30 1 1 0 0 0 1
5 1 1 0 0 1 1 0
5 3 0 1 1 1 1 0
5 4 0 1 0 1 0 1
5 5 1 1 0 1 1 0
5 6 1 0 0 0 1 0
5 7 0 0 0 0 1 0
5 8 0 1 1 0 0 0
6 3 1 1 0 0 1 0
6 4 1 0 0 1 0 1
6 5 1 0 1 0 1 1
6 6 0 1 0 1 0 1
6 7 0 0 0 0 1 0
6 9 0 1 0 1 1 0
6 10 0 1 1 0 0 1
6 12 1 0 1 0 1 0
6 13 1 0 1 1 0 0
6 14 0 0 1 0 1 1
6 16 1 0 1 0 0 0
6 17 0 1 0 1 0 0
6 18 1 1 0 0 1 0
6 19 0 1 1 0 0 1
6 20 0 0 0 0 1 0
6 22 0 1 0 1 0 0
6 23 1 0 1 0 0 0
6 24 0 1 0 1 0 0
6 26 1 0 1 0 0 0
6 27 0 0 1 1 0 1
6 29 0 1 1 0 1 0
6 30 0 1 0 0 0 0
7 1 0 0 1 0 0 1
7 2 1 1 0 0 1 1
7 3 0 1 0 0 0 0
7 5 1 1 0 1 1 0
7 6 1 1 0 0 1 1
7 7 1 0 1 1 1 0
7 8 1 0 0 1 0 1
7 9 1 1 0 1 1 0
7 10 0 1 0 1 0 0
7 12 1 1 0 0 1 0
7 13 1 1 0 1 0 1
7 14 1 0 0 1 0 0
7 15 0 1 0 0 0 1
7 17 0 0 1 1 0 0
7 18 0 1 0 0 0 1
7 19 1 1 1 1 0 0
7 22 1 0 0 0 1 1
7 23 1 0 1 0 0 1
7 24 1 1 0 0 1 0
7 25 0 1 1 1 1 1
7 27 1 1 0 0 1 0
7 28 0 1 0 1 0 1
7 29 0 0 1 1 0 1
8 1 1 1 0 0 0 0
8 2 0 0 1 0 1 0
8 3 0 0 0 0 1 1
8 4 0 1 0 0 0 0
9 3 1 1 0 0 1 0
9 4 1 1 1 0 0 1
9 5 1 0 0 0 1 1
9 6 1 0 1 0 0 1
9 8 1 0 0 0 1 1
9 10 1 0 1 1 0 0
9 11 0 0 1 1 1 0
9 12 1 0 0 0 1 1
9 13 1 0 1 0 0 1
9 15 1 1 0 0 0 0
9 16 1 0 0 1 0 1
9 17 1 1 0 0 1 0
9 18 1 1 1 1 1 1
9 19 0 0 0 0 0 0
9 20 1 0 0 1 1 0
9 22 0 1 0 1 0 0
9 23 0 0 1 1 0 0
9 24 0 1 0 0 1 1
9 26 1 0 0 0 1 1
9 27 1 0 1 0 0 1
9 28 1 1 0 0 1 0
9 29 0 1 1 1 1 1
10 1 1 1 0 1 1 0
10 2 0 1 0 0 1 1
10 3 1 1 0 1 1 0
10 4 0 0 1 1 0 1
10 5 0 0 0 0 1 0
10 7 1 0 1 0 1 1
10 8 0 1 0 1 0 1
10 10 1 0 1 0 0 0
10 11 1 0 0 1 0 1
10 12 1 0 1 1 0 0
10 13 1 0 0 1 0 1
10 15 1 1 0 1 1 0
10 16 0 1 0 1 0 0
10 17 1 0 0 1 0 0
10 18 0 1 0 0 0 1
10 19 0 0 0 0 1 0
10 21 1 0 1 0 1 0
10 22 1 0 1 1 0 0
10 23 0 0 1 0 1 1
10 25 0 1 0 1 0 0
10 26 0 0 1 0 0 0
10 27 1 1 0 1 1 0
10 28 1 0 0 0 0 1
11 1 1 1 0 0 1 0
11 2 0 1 1 1 1 1
11 3 1 1 0 0 1 0
11 4 0 1 0 1 0 0
11 5 1 1 1 0 0 0
11 6 0 1 0 0 0 1
11 8 0 1 0 1 0 0
11 10 0 1 1 0 0 0
11 12 1 1 0 0 1 0
11 13 1 1 1 0 0 1
11 14 1 0 0 0 1 1
11 15 1 0 1 0 0 1
11 17 1 1 0 0 1 0
11 18 0 1 0 0 0 1
11 20 1 1 0 1 0 0
11 21 1 1 1 0 0 1
11 22 1 1 0 0 0 0
11 23 0 1 0 1 0 0
11 24 1 1 1 0 0 0
11 25 0 1 0 1 0 0
11 27 1 1 0 0 1 0
11 28 1 1 1 0 0 1
12 1 0 0 1 0 0 1
12 2 1 0 0 0 1 1
12 3 1 0 1 0 0 1
12 4 0 0 0 0 1 0
12 5 0 1 1 0 0 0
12 6 1 0 1 0 1 1
12 7 0 1 0 1 0 1
12 9 0 0 0 1 1 0
12 10 1 1 1 0 1 0
12 11 0 1 1 0 0 0
12 12 1 0 0 1 0 0
12 13 0 1 1 0 0 0
12 15 1 1 0 0 1 0
12 16 1 1 1 0 0 1
12 17 1 0 0 0 1 1
12 18 1 0 1 0 0 1
12 19 0 0 0 1 1 0
12 21 0 1 0 1 0 0
12 22 0 0 1 1 0 0
12 23 0 1 1 0 0 1
12 24 0 0 0 0 1 0
12 26 1 0 1 0 1 0
12 27 1 0 1 1 0 0
12 28 0 0 1 0 1 1
13 1 1 1 0 1 1 0
13 2 1 0 1 1 0 1
13 4 0 1 0 1 1 0
13 5 0 0 1 0 1 1
13 6 1 0 0 0 1 1
13 8 1 1 0 0 1 0
13 9 1 1 1 0 0 1
13 10 1 0 0 0 1 1
13 11 1 0 1 0 0 1
13 13 1 1 0 1 1 0
13 14 1 1 0 1 0 1
13 15 0 1 1 1 1 0
13 16 1 0 0 0 0 1
13 18 1 0 0 1 1 0
13 20 1 1 1 0 0 0
13 21 1 0 0 0 0 1
13 23 0 1 0 1 0 0
13 24 1 1 0 1 1 0
13 25 0 1 0 0 0 1
13 27 0 0 1 1 0 0
13 28 0 1 0 0 1 1
13 29 0 0 1 1 1 0
14 1 1 1 1 1 1 0
14 2 0 0 1 1 1 1
14 3 1 1 1 1 0 1
14 4 0 0 0 0 0 1
14 5 0 0 1 0 0 1
14 6 1 1 1 0 1 0
14 7 0 1 1 0 0 0
14 8 1 0 0 1 0 0
14 10 1 1 0 0 1 0
14 11 1 1 1 0 0 1
14 12 1 0 0 0 1 1
14 13 1 0 1 0 0 1
14 14 0 0 0 0 1 0
14 16 1 1 0 0 1 0
14 17 0 1 1 1 1 1
14 18 1 1 0 0 1 0
14 19 0 1 0 1 0 0
14 22 0 1 1 1 1 0
14 23 0 0 1 0 1 0
14 25 1 0 0 1 1 0
14 27 0 1 1 1 1 0
14 28 1 0 1 0 0 1
14 29 1 1 0 0 1 0
14 30 1 0 1 1 0 1
15 1 1 1 0 0 1 0
15 2 0 1 0 0 0 1
15 4 1 1 0 0 1 0
15 5 1 0 0 0 0 1
15 6 0 0 1 1 0 0
15 7 0 0 0 0 1 0
15 9 1 1 1 0 0 0
15 10 0 1 0 1 0 0
15 11 1 0 0 1 1 1
15 14 0 1 1 1 1 0
15 15 0 0 1 0 1 0
15 17 1 1 1 0 0 0
15 18 0 1 0 1 0 1
15 20 1 1 0 0 0 0
15 22 1 0 0 0 1 1
15 23 0 1 1 0 0 0
15 25 1 0 1 1 0 0
15 26 1 1 1 0 1 1
15 27 1 1 0 0 1 0
15 28 1 0 0 0 1 0
16 1 0 1 0 0 1 0
16 2 0 1 1 1 1 0
16 3 0 1 0 1 0 0
16 5 0 0 1 1 0 0
16 6 0 1 0 0 1 1
16 8 1 0 0 1 1 0
16 10 1 0 0 0 1 1
16 11 1 0 1 0 0 1
16 12 1 1 1 0 0 0
16 13 1 0 1 1 0 1
16 15 1 1 0 1 1 0
16 16 1 1 0 1 1 1
16 17 1 1 0 0 1 0
16 18 0 1 0 1 0 0
16 19 0 0 0 0 1 0
16 21 1 1 0 1 1 0
16 22 1 0 0 0 1 0
16 23 1 1 0 1 1 0
16 24 0 1 1 1 1 1
16 26 0 1 0 1 0 0
16 27 1 1 0 0 1 0
16 28 1 0 0 0 1 0
17 1 1 0 0 0 1 1
17 2 0 1 0 0 0 0
17 3 1 1 0 1 1 0
17 4 0 1 0 1 0 0
17 6 0 1 0 0 1 0
17 7 0 1 1 1 1 0
17 8 0 1 0 1 0 0
17 9 0 0 0 0 1 0
17 11 1 1 0 1 1 0
17 12 1 1 0 0 0 1
17 13 0 1 0 1 0 0
17 14 1 1 0 0 0 0
17 15 1 0 1 0 0 1
17 17 0 1 1 1 1 0
17 18 0 1 0 1 0 0
17 19 1 1 0 1 1 0
17 20 0 1 1 0 1 0
17 22 1 0 0 1 1 0
17 23 0 1 0 1 1 1
17 25 1 1 0 0 1 0
17 26 1 1 1 0 0 1
17 27 1 0 0 0 1 1
17 28 1 0 1 0 0 1
17 30 1 0 0 1 1 0
18 1 0 1 0 1 1 0
18 2 0 0 1 0 1 1
18 3 1 0 0 0 1 1
18 5 1 1 0 0 1 0
18 6 0 1 0 0 0 1
18 8 1 0 0 0 0 1
18 9 0 1 1 0 0 0
18 10 1 0 0 1 1 1
18 12 1 0 1 1 1 0
18 13 0 0 1 1 1 1
18 14 1 1 1 0 0 0
18 15 0 1 0 1 0 0
18 16 0 0 0 0 1 0
18 17 0 1 1 0 0 0
19 3 0 1 0 1 1 0
19 4 0 1 1 0 0 0
19 5 1 1 1 1 1 0
19 6 0 1 1 0 0 1
19 8 1 0 0 0 1 1
19 9 0 0 1 1 1 1
19 10 1 1 0 0 1 0
19 11 1 0 1 0 1 0
19 13 0 0 1 1 0 0
19 14 0 1 0 0 1 1
19 15 0 0 0 0 1 0
19 17 1 0 1 0 1 0
19 18 1 0 1 1 0 0
19 19 0 0 1 0 1 1
19 21 1 1 1 1 1 0
19 22 0 1 1 0 0 1
19 23 1 1 1 1 1 0
19 24 0 1 1 0 0 1
19 26 1 1 0 0 1 0
19 27 0 1 0 1 1 1
19 29 1 1 0 1 1 0
19 30 1 0 0 1 0 1
20 1 0 0 1 0 0 1
20 2 1 0 0 1 1 0
20 3 0 1 1 0 1 0
20 5 0 1 0 1 0 0
20 6 1 1 0 0 1 0
20 7 1 0 0 0 1 0
20 9 1 1 0 0 1 0
20 10 1 0 0 0 0 1
20 11 0 0 1 1 0 0
20 12 0 1 1 0 1 1
20 13 0 0 0 0 0 0
20 14 1 1 0 0 1 0
20 15 1 0 1 1 0 1
20 16 0 1 1 1 0 0
20 17 0 1 1 0 0 0
20 19 1 0 0 1 1 0
20 20 0 0 0 0 0 0
20 21 0 1 1 0 1 0
20 22 1 0 1 0 0 1
20 23 1 1 0 0 1 0
20 24 1 0 0 0 0 1
20 25 0 0 0 0 1 0
20 27 0 0 0 1 0 0
20 28 0 1 1 1 1 0
20 29 0 0 1 0 1 0
21 1 0 0 1 0 0 1
21 2 1 0 1 1 0 0
21 3 0 0 1 0 1 1
21 5 1 1 0 1 1 0
21 6 0 0 1 1 0 1
21 7 1 1 0 0 1 1
21 9 1 0 0 0 1 1
21 10 0 0 1 0 1 1
21 11 1 0 1 1 0 0
21 12 0 1 0 0 0 1
21 14 1 1 0 1 1 0
21 15 0 1 0 0 1 1
21 16 0 1 1 1 1 0
21 17 0 1 0 0 1 1
21 19 1 0 0 1 1 0
21 21 0 1 1 1 1 0
21 22 0 1 0 0 0 1
21 23 0 0 1 1 0 0
21 24 0 0 1 1 1 1
21 25 0 0 0 0 1 0
21 26 0 0 1 0 0 0
21 27 1 0 1 0 1 1
21 28 0 0 1 0 1 1
21 29 1 0 1 1 0 1
22 1 1 0 0 1 0 0
22 2 0 1 0 0 1 1
22 4 1 0 0 0 1 1
22 5 1 0 1 0 0 1
22 6 1 1 0 0 1 0
22 7 0 1 1 1 1 1
22 9 1 0 0 1 1 0
22 11 1 1 0 1 1 0
22 12 0 0 1 1 1 0
22 13 1 0 0 1 1 0
22 14 1 0 1 0 0 1
22 16 1 0 1 0 0 0
22 17 0 0 1 1 0 1
22 19 0 1 0 1 1 0
22 20 0 0 1 0 1 1
22 21 1 0 0 0 1 1
22 23 0 0 1 1 0 0
22 24 0 1 0 0 0 1
22 25 0 0 1 1 0 0
22 26 0 1 0 0 1 1
22 28 1 1 0 0 1 0
22 29 1 0 0 1 0 1
23 1 0 0 1 0 0 1
23 2 1 1 0 0 1 0
23 3 1 0 1 1 0 1
23 4 0 0 0 0 1 0
23 5 0 0 1 0 0 0
23 6 1 0 1 0 1 1
23 7 0 1 0 1 0 1
23 8 0 0 0 0 0 0
23 9 0 0 0 1 1 0
23 10 1 1 0 0 1 0
23 11 1 0 1 1 0 1
23 12 0 1 1 1 0 0
23 13 0 1 1 0 0 0
23 14 0 0 0 1 1 0
23 16 0 1 0 1 0 0
23 17 0 0 1 1 0 0
23 18 0 1 1 0 0 1
23 19 0 0 0 0 1 0
23 21 1 0 1 1 1 0
23 22 0 1 0 1 0 0
23 24 1 1 0 1 1 0
23 25 1 0 1 1 0 1
23 27 1 1 0 0 1 0
23 28 0 1 0 1 1 1
24 1 1 0 0 1 1 0
24 2 0 1 0 0 0 1
24 3 1 0 0 1 1 0
24 4 0 1 1 0 1 0
24 6 1 0 0 1 1 0
24 7 0 0 1 0 1 0
24 8 1 1 1 0 0 1
24 9 0 0 0 0 1 0
24 10 0 1 1 0 0 0
24 11 1 1 1 0 0 0
24 12 0 1 1 1 0 1
24 13 0 1 1 1 0 0
24 14 0 1 1 0 0 0
24 17 1 0 1 0 0 0
24 18 1 1 1 1 0 1
24 19 1 0 0 1 1 0
24 20 0 0 1 1 1 1
24 21 0 0 0 0 1 0
24 23 1 1 0 0 1 0
24 24 1 0 1 1 0 1
24 25 0 1 1 1 0 0
24 26 0 1 1 0 0 0
24 28 1 0 0 0 1 1
25 1 0 1 1 1 1 0
25 2 1 0 1 0 0 1
25 3 1 1 0 0 1 0
25 4 1 0 0 0 0 1
25 6 0 0 1 1 0 0
25 7 1 1 0 1 1 0
25 8 1 0 0 1 0 1
25 10 1 0 0 1 1 0
25 12 0 1 0 1 0 0
25 13 0 0 1 1 0 0
25 14 0 1 0 0 1 1
25 16 0 1 1 1 1 0
25 17 0 1 0 0 0 1
25 18 1 0 0 0 1 1
25 19 1 0 1 0 0 1
25 21 1 1 0 1 1 0
25 22 1 1 0 1 1 1
25 23 1 1 0 0 1 0
25 24 0 1 0 1 0 0
25 25 0 0 0 0 1 0
25 27 0 0 1 1 0 1
25 29 1 1 1 1 0 0
25 30 1 0 0 0 0 1
26 1 0 0 1 0 0 1
26 2 0 1 0 1 0 0
26 3 0 0 0 1 0 0
26 5 0 0 1 1 0 0
26 6 1 1 1 0 1 1
26 7 1 0 0 1 1 0
26 8 0 1 0 1 1 1
26 9 1 1 1 1 1 0
26 10 0 0 1 0 1 1
26 11 0 0 0 1 0 0
26 13 1 1 0 0 1 0
26 14 1 1 1 1 0 1
26 15 0 0 1 1 0 0
26 16 1 1 0 1 1 1
26 18 0 1 0 1 0 0
26 19 1 0 1 1 0 1
26 20 0 0 0 0 1 0
26 22 0 1 0 1 1 1
26 23 0 1 1 0 0 0
26 24 0 1 1 1 0 0
26 26 1 0 0 0 1 0
26 27 1 0 0 0 1 1
26 29 0 1 1 1 1 0
26 30 1 0 1 0 0 1
27 1 0 0 1 0 0 1
27 2 1 1 0 0 1 0
27 3 1 0 0 0 0 1
27 5 0 0 1 1 0 0
27 6 1 1 0 1 1 0
27 7 1 0 0 1 0 1
27 9 1 0 0 1 1 0
27 11 0 1 0 1 0 0
27 12 0 0 1 1 0 0
27 13 0 1 0 0 1 1
27 15 1 1 0 1 1 0
27 16 0 1 0 1 0 0
27 17 1 1 0 0 0 0
27 18 0 0 1 0 1 1
27 20 1 1 0 0 0 0
27 21 1 0 0 1 0 1
27 22 1 1 0 0 1 0
27 23 1 1 0 1 1 1
27 24 0 0 0 0 1 0
27 25 0 1 1 0 0 0
27 26 1 1 0 0 1 0
27 27 0 1 1 1 1 1
27 28 1 1 0 0 1 0
27 29 0 1 0 1 0 0
7 20 1 0 0 1 0 1
11 9 1 0 0 1 0 0
14 21 0 0 0 1 0 0
15 13 0 0 0 1 0 0
15 21 0 0 1 1 1 0
24 15 0 0 1 1 0 1
