0.10
37 58 88 110 140 162 192 213 244 266 296 317 348 369 399 421 452 473 503 525 555 576 606 628 658 679 710 731 761 784 813 835 865 886 918 939 969 990 1021 1042 1072 1094 1124 1146 1176 1197 1228 1249 1279 1301 1331 1352 1383 1405 1435 1456 1486 1508 1539 1560 1591 1612 1642 1663
10 31 52 92 113 134 174 196 217 258 279 300 340 361 382 421 442 463 507 528 549 588 609 630 673 695 715 752 774 795 838 860 881 919 940 961 1004 1025 1046 1084 1106 1127 1169 1190 1212 1250 1272 1293 1334 1356 1377 1416 1437 1458 1499 1520 1540 1583 1605 1626 1665 1686 1708 1748 1770 1791 1830 1852 1873 1915 1937 1958 1996 2017 2039 2079 2100 2121 2161 2182 2203 2243 2264 2285
3 2 0 0 1 0 1 0
3 3 1 1 0 1 1 0
3 4 1 0 0 0 1 0
3 6 1 1 1 1 1 1
3 7 0 1 0 1 1 0
3 9 0 1 0 0 0 1
3 10 1 0 0 1 1 0
3 11 1 0 1 1 0 0
3 12 1 1 0 1 0 0
3 13 1 1 0 0 0 1
3 14 1 0 0 1 0 1
3 16 1 1 1 1 0 0
3 18 0 0 1 0 1 0
3 19 0 1 0 1 1 0
3 20 0 0 1 1 0 1
3 21 1 1 0 0 1 0
3 23 0 0 1 0 1 0
3 24 1 1 0 1 0 0
3 25 1 0 0 0 1 0
3 26 1 1 0 1 1 0
3 28 1 0 1 0 1 0
3 29 0 1 0 1 1 0
4 16 0 0 0 0 0 1
4 17 0 1 0 0 0 0
4 18 0 1 0 0 0 1
4 19 1 0 0 1 0 1
4 21 1 0 1 1 0 1
4 22 0 1 0 1 1 0
4 23 0 0 1 1 0 1
4 24 1 1 0 0 1 1
4 26 1 1 0 1 0 0
4 28 0 0 1 1 0 1
4 29 0 1 1 1 0 0
4 30 0 0 1 1 1 1
4 31 0 1 0 1 1 0
6 2 0 0 0 0 1 1
6 3 1 0 0 0 0 1
6 4 1 0 1 1 0 1
6 5 0 1 1 0 0 0
6 6 0 1 1 0 1 1
6 8 1 1 1 1 0 1
6 9 0 1 1 0 0 0
6 11 0 0 1 1 0 1
6 12 0 1 1 1 0 0
6 13 0 0 1 1 1 1
6 14 0 1 0 1 1 0
6 16 0 0 0 0 1 1
6 17 1 0 0 1 0 0
6 18 0 0 0 0 1 1
6 19 0 1 0 1 1 1
6 21 0 1 0 0 0 0
6 22 0 0 1 1 0 1
6 23 1 1 0 1 1 1
6 24 0 0 1 1 1 1
6 25 0 0 0 1 0 1
6 27 1 0 0 0 1 0
6 28 0 0 1 0 1 0
6 29 0 0 0 1 0 1
7 3 0 1 1 0 1 1
7 4 1 0 0 0 0 1
7 5 0 0 1 1 0 0
7 6 0 1 0 1 1 0
7 8 1 1 0 1 0 0
7 10 0 1 0 0 0 1
7 11 1 1 0 0 1 1
7 12 1 0 0 0 0 0
7 14 0 1 0 0 0 0
7 15 1 0 1 1 0 0
7 16 0 1 0 1 1 0
7 17 1 0 1 0 0 1
7 18 0 0 0 1 0 1
7 20 1 1 0 0 0 1
7 21 1 1 0 0 1 1
7 22 1 0 0 0 1 0
7 24 0 1 1 1 0 0
7 26 1 0 1 1 0 1
7 27 0 1 0 1 1 0
7 28 0 0 1 1 0 1
7 29 1 1 0 0 1 1
7 31 1 1 0 1 0 0
8 2 0 1 1 1 1 0
8 3 0 0 0 1 0 1
8 5 0 0 0 0 1 0
8 6 0 1 1 1 0 0
8 8 0 1 1 1 1 0
8 9 0 0 0 1 0 1
8 10 1 0 1 1 0 0
8 11 0 0 0 1 0 1
8 13 0 0 0 0 1 1
8 14 1 0 0 0 0 1
8 16 0 1 0 1 0 1
8 17 0 1 0 1 1 0
8 19 0 1 1 1 1 0
8 20 0 0 0 1 0 1
8 21 0 0 1 1 1 1
8 22 0 0 0 1 1 1
8 24 0 1 1 1 1 1
8 25 1 1 0 0 1 1
8 27 1 0 1 0 0 1
8 28 0 0 0 0 1 1
8 29 1 0 0 0 1 1
8 30 1 0 1 0 1 1
8 31 0 0 0 1 1 1
9 2 0 0 1 0 1 0
9 3 1 0 0 0 0 1
9 5 0 1 1 1 0 0
9 6 0 0 0 0 0 1
9 7 1 0 0 0 0 1
9 9 0 1 0 0 0 0
9 10 1 0 1 1 0 0
9 11 0 1 0 1 1 0
9 12 0 0 1 1 0 1
9 13 0 0 0 1 1 1
9 15 1 1 0 1 0 0
9 17 0 1 0 1 0 1
9 18 1 1 0 1 1 0
9 19 0 0 1 1 0 0
9 20 1 1 0 1 1 0
9 22 0 1 0 1 0 1
9 23 1 0 0 0 1 1
9 25 0 1 1 0 1 0
9 26 1 0 0 0 0 1
9 27 0 1 1 0 1 0
9 28 0 0 0 1 0 1
9 30 1 0 1 0 1 0
9 31 0 1 1 1 0 1
10 3 1 0 1 1 0 0
10 4 0 1 0 1 1 0
10 5 1 0 1 0 0 1
10 6 0 0 0 1 0 1
10 8 1 1 0 0 0 1
10 9 1 1 0 0 1 1
10 10 0 0 1 0 1 0
10 11 1 0 0 0 0 1
10 12 0 0 0 0 1 1
10 13 0 1 0 0 0 0
10 14 0 0 1 0 1 1
10 15 0 1 1 1 0 0
10 16 1 0 1 1 0 1
10 17 0 1 0 1 1 0
10 19 0 1 1 1 1 1
10 20 0 0 0 1 0 1
10 21 1 0 1 0 1 0
10 22 0 0 0 1 0 1
10 24 1 0 1 1 0 0
10 25 0 1 0 1 1 0
10 26 1 0 1 0 0 1
10 27 0 0 0 1 0 1
10 29 1 1 0 0 0 1
10 30 1 1 0 0 1 1
10 31 0 0 1 0 0 1
11 2 0 1 0 0 0 0
11 3 0 0 1 0 1 1
11 4 0 1 1 1 0 0
11 6 1 0 0 0 1 0
11 7 1 1 0 1 1 0
11 8 0 0 0 0 1 0
11 9 0 1 1 1 0 0
11 10 0 0 0 0 1 1
11 11 0 1 0 0 0 0
11 12 0 0 0 0 1 1
11 13 1 0 0 0 0 1
11 14 1 0 1 1 0 1
11 15 0 1 1 0 0 0
11 16 0 1 1 0 1 1
11 18 1 1 1 1 0 1
11 19 0 1 1 0 0 0
11 21 1 0 1 1 0 0
11 22 0 1 0 1 1 0
11 23 0 0 0 0 1 1
11 24 0 0 1 1 0 1
11 25 0 1 0 0 1 1
11 26 1 0 0 1 1 1
11 28 0 1 0 1 0 1
11 29 0 1 1 1 0 1
11 30 1 1 0 0 0 1
11 31 1 1 0 1 1 0
12 4 0 1 0 0 0 0
12 5 1 0 1 1 0 0
12 6 0 1 0 1 1 0
12 7 0 0 0 0 1 1
12 8 0 0 1 1 0 1
12 9 0 1 0 0 1 1
12 10 1 0 0 1 1 1
12 12 0 1 1 1 0 0
12 13 0 1 1 1 1 1
12 14 1 1 0 1 0 0
12 16 1 0 1 1 0 1
12 17 0 1 0 1 1 0
12 18 0 0 1 1 0 1
12 19 1 1 0 0 1 1
12 21 1 1 0 1 0 0
12 23 0 0 1 1 0 1
12 24 0 1 1 1 0 0
12 25 0 0 1 1 1 1
12 26 0 1 0 1 1 0
12 28 0 0 0 0 1 1
12 29 1 0 0 1 0 0
12 30 0 0 0 0 1 1
12 31 0 1 0 1 1 1
13 3 0 0 0 0 0 1
13 4 0 0 1 0 1 0
13 5 1 0 0 0 0 1
13 6 0 1 0 1 0 1
13 7 0 1 0 1 1 0
13 9 0 0 1 0 1 1
13 10 0 1 1 1 0 0
13 11 1 0 1 1 0 1
13 12 0 1 0 1 1 0
13 14 0 0 0 0 0 1
13 15 0 0 1 0 1 0
13 16 1 0 0 0 0 1
13 17 0 1 0 1 0 1
13 18 0 1 0 1 1 0
13 20 0 1 1 1 1 1
13 21 0 0 0 1 0 1
13 22 1 0 1 0 1 0
13 23 0 0 0 1 0 1
13 25 1 1 0 1 0 0
13 27 0 1 1 0 0 1
13 28 1 0 0 1 0 1
13 29 0 1 0 0 0 1
13 30 1 1 0 0 1 1
13 31 1 0 0 0 0 0
14 6 1 1 1 1 0 1
14 7 0 1 1 0 0 0
14 9 0 0 1 1 0 1
14 10 0 1 1 1 0 0
14 11 0 0 1 1 1 1
14 12 0 1 0 1 1 0
14 14 0 0 0 0 1 1
14 15 1 0 0 1 0 0
14 16 0 0 0 0 1 1
14 17 0 1 0 1 1 1
14 19 0 1 0 0 0 0
14 20 0 0 1 0 1 0
14 21 1 1 0 1 0 0
14 23 0 0 1 1 1 1
14 24 0 0 0 1 1 0
14 25 1 0 0 0 1 0
14 26 0 0 0 0 1 1
14 27 0 1 0 0 0 0
14 28 1 0 1 1 1 0
14 29 0 1 0 1 1 0
14 30 1 0 1 1 0 1
14 31 0 1 0 1 1 0
15 3 0 0 1 1 0 1
15 4 0 1 0 0 1 1
15 5 1 0 0 1 1 1
15 7 0 1 0 1 0 1
15 8 0 1 1 1 0 1
15 9 1 1 0 0 0 1
15 10 1 1 0 1 1 0
15 12 1 0 1 1 0 1
15 13 0 1 0 1 1 0
15 14 0 0 1 1 0 1
15 15 1 1 0 0 1 1
15 17 1 1 0 1 0 0
15 19 1 0 0 1 0 0
15 20 0 1 0 0 1 1
15 22 1 0 1 1 0 1
15 23 0 0 0 1 1 0
15 24 0 1 0 0 1 1
15 26 0 0 0 0 1 1
15 27 1 0 0 0 0 1
15 28 1 0 1 1 0 1
15 29 0 0 0 1 0 0
15 30 0 1 1 0 0 0
15 31 0 1 1 0 1 1
16 10 0 0 0 0 1 1
16 11 0 1 0 0 0 0
16 12 1 0 0 1 0 0
16 13 0 1 0 0 1 1
16 15 1 0 1 1 0 1
16 16 0 0 0 1 1 0
16 17 0 1 0 0 1 1
16 19 0 0 0 0 1 1
16 20 1 0 0 0 0 1
16 21 1 0 1 1 0 1
16 22 0 0 0 1 0 0
16 23 0 1 1 0 0 0
16 24 0 1 1 0 1 1
16 26 1 1 1 1 0 1
16 27 0 1 1 0 0 0
16 29 1 0 1 1 0 0
16 30 0 1 0 1 1 0
16 31 0 0 1 0 0 1
17 4 1 0 1 1 0 0
17 5 0 1 0 1 1 0
17 6 0 0 1 1 0 1
17 7 0 1 0 0 1 1
17 8 1 0 0 1 1 1
17 10 0 1 1 1 0 0
17 12 0 1 1 1 1 1
17 13 1 0 0 0 0 1
17 14 0 0 1 0 0 1
17 15 1 1 1 1 0 1
17 16 0 1 1 0 0 0
17 18 0 1 0 0 0 0
17 19 0 0 1 1 0 1
17 20 1 1 0 1 1 1
17 21 0 0 1 1 1 1
17 22 0 0 0 1 0 1
17 24 1 0 0 0 1 0
17 25 0 0 1 0 1 0
17 26 0 0 0 1 0 1
17 28 1 0 1 0 1 0
17 29 0 1 0 1 1 0
18 5 1 1 1 1 0 1
18 6 0 1 1 0 0 0
18 8 1 0 1 1 0 0
18 9 0 1 0 1 1 0
18 10 0 0 1 1 0 1
18 11 0 1 0 0 1 1
18 12 1 0 0 1 1 1
18 14 0 1 0 0 0 0
18 15 0 1 1 1 1 1
18 16 1 0 0 0 0 1
18 17 0 1 1 0 0 1
18 18 1 1 0 1 1 1
18 19 1 1 1 0 1 0
18 20 1 1 0 1 0 0
18 22 1 1 0 1 0 0
18 24 0 0 0 0 1 1
18 25 1 0 0 0 0 1
18 26 1 0 1 1 0 1
18 27 0 1 1 0 0 0
18 28 0 1 1 0 1 1
18 30 1 1 1 1 0 1
18 31 0 1 1 0 0 0
19 5 1 0 1 1 0 0
19 6 1 1 0 1 0 0
19 7 1 1 0 0 0 1
19 8 1 1 0 1 1 0
19 10 1 1 0 1 0 0
19 12 0 1 1 1 1 1
19 13 1 0 0 0 0 1
19 14 0 1 1 0 0 1
19 15 1 1 0 1 1 1
19 16 1 1 1 0 1 0
19 17 1 1 0 1 0 0
19 19 1 1 0 1 0 0
19 21 0 1 0 0 0 1
19 22 1 1 0 0 1 1
19 23 1 0 0 0 0 0
19 25 1 0 1 0 0 1
19 27 0 0 0 0 1 1
19 28 1 0 0 0 0 1
19 29 1 0 1 1 0 1
19 30 0 1 1 0 0 0
19 31 0 1 1 0 1 1
20 2 1 1 0 1 0 0
20 4 0 0 0 0 1 1
20 5 1 0 0 0 0 1
20 6 1 0 1 1 0 1
20 7 0 1 1 0 0 0
20 8 0 1 1 0 1 1
20 10 1 1 1 1 0 1
20 11 0 1 1 0 0 0
20 13 1 0 1 1 0 0
20 14 0 1 0 1 1 0
20 15 0 0 1 1 0 1
20 16 0 1 0 0 1 1
20 17 1 0 0 1 1 1
20 19 0 1 0 1 0 1
20 20 0 1 1 1 0 1
20 21 1 1 0 0 0 1
20 22 1 1 0 1 1 0
20 24 1 1 0 0 0 1
20 25 1 1 0 0 1 0
20 26 1 1 1 0 0 1
20 28 0 1 0 0 0 0
20 29 1 1 0 0 1 0
20 30 1 1 1 0 0 1
20 31 0 0 1 1 1 0
21 4 1 1 0 1 0 0
21 6 0 0 0 0 1 1
21 7 1 0 0 0 0 1
21 8 1 0 1 1 0 1
21 9 0 1 1 0 0 0
21 10 0 1 1 0 1 1
21 12 1 1 1 1 0 1
21 13 0 1 1 0 0 0
21 15 1 0 1 1 0 0
21 16 0 1 0 1 1 0
21 17 0 0 1 1 0 1
21 18 0 1 0 0 1 1
21 19 1 0 0 1 1 1
21 21 0 1 1 1 0 0
21 23 0 1 0 0 0 1
21 24 1 1 0 0 1 1
21 25 1 0 0 0 0 0
21 27 0 1 0 0 0 0
21 28 1 0 1 1 0 0
21 29 1 1 0 1 0 0
21 30 0 0 1 1 0 0
21 31 1 1 0 1 0 0
22 2 0 1 1 1 1 1
22 3 1 1 0 1 0 0
22 5 1 0 1 1 0 0
22 6 0 1 0 1 1 0
22 7 0 0 1 1 0 1
22 8 0 1 0 0 1 1
22 9 1 0 0 1 1 1
22 11 1 1 0 0 0 1
22 12 1 1 0 0 1 1
22 13 1 0 1 0 1 1
22 14 1 0 0 1 0 1
22 16 0 1 0 0 0 0
22 17 0 0 1 0 1 1
22 18 0 1 1 1 0 0
22 20 1 0 0 0 1 0
22 21 1 1 0 1 1 0
22 22 0 0 0 0 1 0
22 23 0 1 1 1 0 0
22 24 0 0 0 0 1 1
22 25 0 1 0 0 0 0
22 26 1 0 1 1 0 0
22 27 1 1 0 1 0 0
22 28 1 0 0 0 1 0
22 29 1 1 0 1 0 0
22 30 1 1 1 0 1 0
22 31 0 1 1 1 0 1
23 3 1 1 0 0 0 1
23 4 1 1 0 1 1 0
23 6 1 1 0 1 0 0
23 8 0 1 1 1 1 1
23 9 1 0 0 0 0 1
23 10 0 1 1 0 0 1
23 11 1 1 0 1 1 1
23 12 1 1 1 0 1 0
23 13 1 1 0 1 0 0
23 15 1 0 1 0 0 1
23 17 1 0 1 1 0 0
23 18 0 1 0 1 1 0
23 19 0 0 1 1 0 1
23 20 0 1 0 0 1 1
23 21 1 0 0 1 1 1
23 23 0 1 0 0 0 0
23 24 0 1 1 1 1 1
23 25 1 0 0 0 0 1
23 26 0 1 1 0 0 1
23 27 1 1 0 1 1 1
23 28 1 1 1 0 1 0
23 29 1 1 0 1 0 0
23 31 0 1 1 1 1 0
24 3 0 1 1 1 0 0
24 5 1 0 1 1 0 0
24 6 1 1 0 1 0 0
24 7 0 0 1 1 0 0
24 8 1 1 0 1 0 0
24 9 0 0 0 0 1 1
24 10 0 1 0 0 0 0
24 11 1 0 1 1 0 0
24 12 1 1 0 1 0 0
24 13 0 0 1 1 0 0
24 14 1 1 0 1 0 0
24 16 1 1 0 1 0 0
24 18 1 0 1 1 0 0
24 19 0 1 0 1 1 0
24 20 0 0 1 1 0 1
24 21 0 1 0 0 1 1
24 22 1 0 0 1 1 1
24 24 0 1 0 1 0 1
24 25 0 1 1 1 0 1
24 26 1 1 0 0 0 1
24 27 1 1 0 1 1 0
24 29 1 0 1 1 0 0
24 30 1 1 0 1 0 0
24 31 0 0 1 0 0 1
25 6 0 0 0 0 1 1
25 7 0 1 0 0 0 0
25 8 1 0 1 1 0 0
25 9 1 1 0 1 0 0
25 10 0 1 0 0 1 1
25 11 1 1 0 1 1 0
25 12 1 1 1 0 1 0
25 13 0 1 1 1 0 1
25 15 0 1 0 1 0 1
25 16 0 1 0 1 1 0
25 18 1 0 1 1 0 0
25 19 1 1 0 1 0 0
25 20 1 0 0 0 1 0
25 21 1 1 0 1 0 0
25 22 1 1 1 0 1 0
25 23 0 1 1 1 0 1
25 25 1 1 0 1 0 0
25 27 1 0 1 1 0 0
25 28 0 1 0 1 1 0
25 29 0 0 1 1 0 1
25 30 0 1 0 0 1 1
25 31 1 0 0 1 1 1
