-0.20
27 49 79 101 132 152 184 205 235 257 286 309 339 360 390 412 442 463 493 514 545 567 596 619 649 670 700 722 752 773 804 825 856 877 907 928 959 981 1011 1032 1062 1084 1114 1135 1166 1187 1217 1239 1269 1291 1321 1342 1373 1394 1425 1446 1476 1498 1528 1551 1581 1602 1632 1653
12 33 54 94 115 136 176 197 218 257 280 300 344 365 386 426 447 468 510 532 552 588 609 630 674 696 717 754 775 796 840 863 883 920 941 962 1009 1030 1051 1091 1112 1133 1170 1193 1213 1252 1273 1294 1336 1359 1380 1417 1438 1460 1502 1524 1545 1585 1606 1627 1667 1688 1709 1748 1770 1790 1831 1853 1874 1916 1937 1958 1998 2019 2040 2082 2103 2124 2162 2184 2205 2245 2266 2287
3 2 0 0 0 0 1 1
3 3 1 0 0 0 0 1
3 4 1 0 1 1 0 1
3 5 0 1 1 0 0 0
3 6 0 1 1 0 1 1
3 8 1 1 1 1 0 1
3 9 0 1 1 0 0 0
3 11 0 0 0 0 1 0
3 12 0 0 1 0 1 0
3 13 1 1 0 1 0 0
3 15 0 1 0 0 0 0
3 16 0 0 1 1 0 1
3 17 1 1 0 0 1 1
3 18 1 1 1 1 1 1
3 19 0 1 0 1 1 0
3 21 1 0 1 1 0 0
3 22 1 1 0 1 0 0
3 23 1 1 0 0 0 1
3 24 1 0 0 1 0 1
3 26 0 1 1 1 1 1
3 27 0 1 0 1 1 0
3 28 0 0 1 1 1 1
3 29 1 1 0 0 1 0
4 3 0 0 1 1 0 1
4 4 1 1 0 0 1 1
4 5 0 0 0 0 0 1
4 6 0 1 1 0 0 0
4 8 1 0 1 1 0 1
4 9 0 1 0 1 1 0
4 10 0 0 1 1 0 1
4 11 1 1 0 0 1 1
4 13 1 1 0 1 0 0
4 15 0 0 0 1 0 0
4 16 1 1 1 0 0 1
4 17 0 0 1 0 0 1
4 19 0 0 0 0 1 1
4 20 1 0 0 0 0 1
4 21 1 0 1 1 0 1
4 22 0 1 1 0 0 0
4 23 0 1 1 0 1 1
4 25 1 1 1 1 0 1
4 26 0 1 1 0 0 0
4 28 0 1 0 0 0 0
4 29 0 0 0 1 0 0
4 30 1 1 1 0 0 1
4 31 0 1 0 0 1 1
5 10 0 0 0 0 1 1
5 11 0 1 0 0 0 0
5 12 0 0 0 0 1 1
5 13 0 0 1 0 0 0
5 14 0 1 0 1 0 0
5 15 0 0 1 0 0 1
5 16 0 0 0 1 0 0
5 17 0 0 0 1 1 0
5 18 0 0 0 1 0 0
5 19 1 1 1 0 0 1
5 21 1 0 1 1 0 0
5 22 1 1 0 1 1 0
5 24 1 1 0 1 1 0
5 25 1 1 1 0 0 1
5 26 0 0 1 0 0 1
5 27 0 0 0 1 0 0
5 28 1 1 1 0 0 1
5 29 1 0 0 1 1 0
5 30 0 0 0 1 1 0
5 31 1 1 1 0 0 1
7 26 0 1 0 0 1 0
7 27 0 0 0 1 1 1
7 28 0 1 0 0 1 1
7 29 1 1 0 0 1 1
8 4 0 1 0 0 0 0
8 5 0 0 0 1 0 0
8 6 1 1 1 0 0 1
8 7 0 1 0 0 1 1
8 9 0 0 0 0 1 1
8 10 1 0 0 0 0 1
8 11 1 0 1 1 0 1
8 12 0 1 1 0 0 0
8 13 0 1 1 0 1 1
8 15 1 1 1 1 0 1
8 16 0 1 1 0 0 0
8 18 1 0 1 1 0 0
8 19 0 1 0 1 1 0
8 20 0 0 1 1 0 1
8 21 0 1 0 0 1 1
8 22 1 0 0 1 1 1
8 24 0 0 0 0 1 1
8 25 0 0 1 0 0 0
8 26 0 0 0 1 0 0
8 27 1 1 1 0 0 1
8 28 0 0 0 0 0 1
8 29 0 1 1 0 0 0
9 2 0 1 1 0 0 1
9 3 1 1 0 1 1 1
9 4 1 1 1 0 1 0
9 5 1 1 0 1 0 0
9 7 1 0 0 0 0 0
9 8 1 0 1 1 0 1
9 9 0 1 0 1 1 0
9 10 0 0 1 0 1 1
9 11 1 0 0 1 1 0
9 13 0 1 1 1 1 1
9 14 0 0 0 1 0 1
9 15 1 0 1 0 1 0
9 16 0 0 0 1 0 1
9 18 1 1 0 1 0 0
9 20 0 0 0 1 0 0
9 21 1 1 1 0 0 1
9 22 0 0 1 0 0 1
9 24 0 0 0 0 1 1
9 25 1 0 0 0 0 1
9 26 1 0 1 1 0 1
9 27 0 1 1 0 0 0
9 28 0 1 1 0 1 1
9 30 1 1 1 1 0 1
9 31 0 1 1 0 0 0
10 11 0 0 0 0 0 1
10 12 0 1 0 0 0 0
10 13 0 0 1 0 1 0
10 14 1 0 0 1 0 1
10 15 0 1 1 0 0 1
10 16 0 1 1 1 0 0
10 18 0 1 1 1 0 0
10 20 0 0 1 0 1 0
10 21 1 1 0 1 1 0
10 23 1 0 1 1 0 0
10 24 1 1 0 1 0 0
10 25 0 0 1 1 0 0
10 26 1 1 0 1 0 0
10 28 1 0 0 0 0 0
10 29 0 1 1 1 1 1
10 30 1 0 0 0 0 1
10 31 0 0 1 0 0 1
11 4 0 1 0 0 0 0
11 5 0 0 0 1 0 0
11 6 1 1 1 0 0 1
11 7 0 1 0 0 1 1
11 9 0 0 0 0 1 1
11 10 1 0 0 0 0 1
11 11 1 0 1 1 0 1
11 12 0 1 1 0 0 0
11 13 0 1 1 0 1 1
11 15 1 1 1 1 0 1
11 16 0 1 1 0 0 0
11 18 1 0 1 1 0 0
11 19 0 1 0 1 1 0
11 20 0 0 1 1 0 1
11 21 0 1 0 0 1 1
11 22 1 0 0 1 1 1
11 24 0 0 0 0 1 1
11 25 0 0 1 0 0 0
11 26 0 0 0 1 1 0
11 27 1 1 1 0 0 1
11 28 0 0 0 0 0 1
11 29 0 1 1 0 0 0
12 3 0 0 0 0 1 1
12 4 1 0 0 0 0 1
12 5 1 0 1 1 0 1
12 6 0 1 1 0 0 0
12 7 0 1 1 0 1 1
12 9 1 1 1 1 0 1
12 10 0 1 1 0 0 0
12 12 1 0 1 1 0 0
12 13 0 1 0 1 1 0
12 14 0 0 1 1 0 1
12 15 0 1 0 0 1 1
12 16 1 0 0 1 1 1
12 18 1 0 1 0 0 1
12 20 0 0 0 1 0 0
12 21 1 1 1 0 0 1
12 22 0 0 1 0 0 1
12 24 0 0 0 0 1 1
12 25 1 0 0 0 0 1
12 26 1 0 1 1 0 1
12 27 0 1 1 0 0 0
12 28 0 1 1 0 1 1
12 30 1 1 1 1 0 1
12 31 0 1 1 0 0 0
13 19 0 0 0 0 0 1
13 20 0 1 0 0 0 0
13 21 1 0 0 0 1 0
13 22 0 1 0 1 1 0
13 23 1 1 1 1 1 0
13 24 1 1 0 1 1 0
13 26 0 0 1 0 1 0
13 27 1 0 0 1 0 1
13 28 0 1 1 0 0 1
13 29 0 1 1 1 0 0
13 31 0 1 1 1 1 0
15 3 0 0 0 0 1 1
15 4 1 0 0 0 0 1
15 5 1 0 1 1 0 1
15 6 0 1 1 0 0 0
15 7 0 1 1 0 1 1
15 9 1 1 1 1 0 1
15 10 0 1 1 0 0 0
15 12 1 0 1 1 0 0
15 13 0 1 0 1 1 0
15 14 0 0 1 1 0 1
15 15 0 1 0 0 1 1
15 16 1 0 0 1 1 1
15 18 0 1 0 0 0 1
15 19 0 0 0 1 1 0
15 21 0 1 0 0 0 0
15 22 1 0 1 1 0 0
15 23 0 1 0 1 1 0
15 24 0 1 0 0 0 1
15 25 1 0 0 1 1 0
15 27 1 0 0 0 1 0
15 28 0 0 1 0 1 0
15 29 0 0 0 1 0 1
16 2 0 1 0 0 1 1
16 3 1 0 0 1 1 1
16 5 0 1 0 0 1 1
16 6 1 1 0 1 0 0
16 7 0 0 1 0 1 0
16 8 1 1 0 1 0 0
16 10 0 1 1 1 1 0
16 11 1 1 0 1 1 0
16 13 0 1 0 0 0 0
16 14 1 1 1 0 1 0
16 15 0 0 1 1 1 1
16 16 1 1 0 1 0 0
16 18 0 0 1 0 1 0
16 19 1 1 0 1 1 0
16 20 0 0 1 0 0 1
16 21 0 0 0 1 0 0
16 22 1 1 1 0 0 1
16 24 1 0 0 0 1 0
16 25 0 0 1 1 0 0
16 26 1 0 0 1 1 1
16 28 0 0 1 0 1 1
16 29 0 1 1 1 0 0
16 30 1 0 1 1 0 1
16 31 0 1 0 1 1 0
17 2 1 1 1 1 0 1
17 3 0 1 1 0 0 0
17 5 1 0 1 1 0 0
17 6 0 1 0 1 1 0
17 7 0 0 1 1 0 1
17 8 0 1 0 0 1 1
17 9 1 0 0 1 1 1
17 11 0 1 0 0 0 1
17 12 0 0 0 1 1 0
17 14 0 1 1 0 0 0
17 15 0 0 0 1 0 0
17 16 1 1 1 0 0 1
17 17 0 1 0 0 1 1
17 19 0 0 0 0 1 1
17 20 1 0 0 0 0 1
17 21 1 0 1 1 0 1
17 22 0 1 1 0 0 0
17 23 0 1 1 0 1 1
17 25 1 1 1 1 0 1
17 26 0 1 1 0 0 0
17 28 1 0 1 1 0 0
17 29 0 1 0 1 1 0
17 30 0 0 1 1 0 1
17 31 0 0 1 0 0 1
18 4 0 1 1 1 1 0
18 5 1 1 0 1 1 0
18 7 0 1 0 0 0 0
18 8 1 1 1 0 1 0
18 9 0 0 1 1 1 1
18 10 1 1 0 1 0 0
18 12 0 0 1 0 1 0
18 13 1 1 0 1 1 0
18 14 0 0 1 0 0 1
18 15 0 0 0 1 0 0
18 16 1 1 1 0 0 1
18 18 1 0 0 0 1 0
18 19 0 0 1 1 0 0
18 20 1 0 0 1 1 1
18 22 1 0 1 1 1 0
18 23 0 1 0 1 1 0
18 24 1 0 1 1 0 1
18 25 0 1 0 1 1 0
18 27 0 0 0 0 1 1
18 28 1 0 0 0 0 1
18 29 1 0 1 1 0 1
18 30 0 1 1 0 0 0
18 31 0 1 1 0 1 1
19 7 0 0 0 0 1 1
19 8 0 1 0 0 0 0
19 9 0 0 0 1 0 0
19 10 1 1 1 0 0 1
19 11 0 0 1 0 0 1
19 13 0 0 0 0 1 1
19 14 1 0 0 0 0 1
19 15 1 0 1 1 0 1
19 16 0 1 1 0 0 0
19 17 0 1 1 0 1 1
19 19 1 1 1 1 0 1
19 20 0 1 1 0 0 0
19 22 1 0 1 1 0 0
19 23 0 1 0 1 1 0
19 24 0 0 1 1 0 1
19 25 0 1 0 0 1 1
19 26 1 0 0 1 1 1
19 28 0 1 0 0 1 1
19 29 1 1 0 1 0 0
19 30 0 0 1 0 1 0
19 31 1 1 0 1 0 0
21 27 0 1 0 0 1 1
21 28 0 0 0 1 0 1
21 29 1 0 0 0 1 1
22 2 1 0 0 0 1 0
22 3 0 0 1 1 0 0
22 4 1 0 0 1 1 1
22 6 0 0 1 0 1 1
22 7 0 1 1 1 0 0
22 8 1 0 1 1 0 1
22 9 0 1 0 1 1 0
22 11 0 0 0 0 1 1
22 12 1 0 0 0 0 1
22 13 1 0 1 1 0 1
22 14 0 1 1 0 0 0
22 15 0 0 0 1 1 0
22 16 1 1 1 0 0 1
22 17 0 1 1 0 1 1
22 19 1 1 1 1 0 1
22 20 0 1 1 0 0 0
22 22 1 0 1 1 0 0
22 23 0 1 0 1 1 0
22 24 0 0 1 1 0 1
22 25 0 1 0 0 1 1
22 26 1 0 0 1 1 1
22 28 0 1 0 0 0 1
22 29 0 0 0 1 1 0
23 4 0 0 1 1 0 1
23 5 0 1 0 0 1 1
23 6 1 0 0 1 1 1
23 8 1 1 0 0 0 1
23 9 1 1 0 0 1 1
23 10 0 0 0 0 0 1
23 11 0 1 0 0 0 1
23 12 1 1 0 1 0 1
23 14 0 1 0 0 1 1
23 15 1 1 0 1 0 0
23 16 0 0 1 0 1 0
23 17 1 1 0 1 0 0
23 19 1 1 1 0 1 0
23 20 0 1 0 1 1 0
23 22 0 1 0 0 0 0
23 23 1 1 1 0 1 0
23 24 0 0 1 1 1 1
23 25 1 1 0 1 0 0
23 27 0 0 1 0 1 0
23 28 1 1 0 1 1 0
23 29 0 0 1 0 0 1
23 30 0 1 0 1 0 0
23 31 1 1 1 0 0 1
24 2 0 0 0 0 0 1
24 3 0 1 0 0 0 0
24 4 0 0 1 0 1 0
24 5 1 1 0 1 0 1
24 7 1 1 1 0 1 0
24 8 0 0 1 1 1 1
24 9 1 1 0 1 0 0
24 11 0 0 1 0 1 0
24 12 1 1 0 1 1 0
24 13 0 0 1 0 0 1
24 14 1 1 0 1 0 0
24 15 0 0 0 0 1 0
24 16 1 0 0 1 0 0
24 17 1 1 1 0 0 1
24 19 1 0 0 0 1 0
24 20 0 0 1 1 0 0
24 21 1 0 0 1 1 1
24 23 1 0 1 1 1 0
24 24 0 1 0 1 1 0
24 25 1 0 1 1 0 1
24 26 0 1 0 1 1 0
24 27 0 0 0 0 0 1
24 28 0 1 0 0 0 0
24 29 1 0 1 1 0 0
24 30 0 1 0 1 1 0
24 31 0 0 1 0 0 1
26 26 1 0 0 0 1 0
26 27 0 1 0 1 1 0
26 28 1 0 1 1 0 0
26 29 0 0 0 1 1 1
27 2 0 0 1 1 0 1
27 3 1 1 0 1 1 1
27 4 1 1 1 1 1 1
27 5 0 1 0 1 1 0
27 7 0 1 0 0 0 0
27 8 0 1 1 0 1 0
27 9 1 0 0 0 0 1
27 11 1 0 0 0 1 0
27 12 0 1 0 1 1 0
27 13 1 1 0 0 0 1
27 14 0 0 0 1 1 0
27 15 0 1 0 1 0 1
27 16 0 1 1 1 0 1
27 18 0 1 0 0 0 1
27 19 1 1 0 1 1 0
27 20 0 0 0 0 1 0
27 21 1 0 0 0 0 1
27 23 1 0 0 0 1 0
27 24 0 0 0 0 1 0
27 25 0 1 1 0 1 0
27 26 1 1 0 0 1 1
27 28 1 0 1 0 1 0
27 29 0 1 1 1 0 1
