0.10
61 82 112 134 164 186 216 237 268 290 320 342 372 394 424 444 476 497 527 549 579 600 631 652 683 703 734 755 786 808 838 859 889 910 941 963 993 1014 1045 1066 1097 1118 1148 1170 1201 1221 1253 1274 1304 1326 1354 1378 1409 1429 1460 1482 1511 1533 1564 1584 1611 1631
64 84 104 142 163 184 224 246 267 309 330 351 389 411 432 474 496 516 555 576 597 639 661 682 720 741 762 805 825 846 884 907 927 970 991 1013 1051 1072 1093 1136 1157 1177 1216 1237 1258 1299 1319 1341 1380 1401 1421 1459 1479 1499 1546 1568 1589 1629 1651 1672 1712 1734 1755 1794 1816 1837 1880 1902 1923 1959 1980 2001 2039 2059 2079 2125 2146 2167 2213 2233 2254
2 3 1 1 1 0 0 0
2 4 0 0 1 0 0 1
2 5 0 0 1 1 1 1
2 6 1 0 0 0 0 0
2 9 0 0 0 1 1 1
2 20 0 0 0 1 1 1
3 3 1 1 1 0 1 0
3 4 0 1 0 0 1 0
3 5 0 1 0 0 1 0
3 6 0 1 0 0 1 0
3 7 0 1 0 0 1 0
3 8 0 1 0 0 1 0
3 9 0 1 0 1 1 1
3 10 0 1 0 0 1 0
3 11 0 1 0 0 1 0
3 12 0 1 0 0 1 0
3 13 0 1 0 0 1 0
3 14 0 1 0 0 1 0
3 15 0 1 0 0 1 0
3 16 0 1 0 0 1 0
3 17 0 1 0 0 1 0
3 18 0 1 0 0 1 0
3 19 0 1 0 0 1 0
3 20 0 1 0 1 1 1
4 3 1 1 1 0 0 0
4 4 0 0 1 0 0 1
4 5 0 0 1 1 1 1
4 6 0 1 0 1 1 0
4 7 0 1 0 0 0 0
4 8 1 0 0 0 1 0
4 9 0 0 0 1 1 1
4 20 0 0 0 1 1 1
5 3 1 1 1 0 1 0
5 4 0 1 0 0 1 0
5 5 0 1 0 0 1 0
5 6 0 1 0 0 1 0
5 7 0 1 0 0 1 0
5 8 0 1 0 0 1 0
5 9 0 1 0 1 1 1
5 10 0 1 0 0 1 0
5 11 0 1 0 0 1 0
5 12 0 1 0 0 1 0
5 13 0 1 0 0 1 0
5 14 0 1 0 0 1 0
5 15 0 1 0 0 1 0
5 16 0 1 0 0 1 0
5 17 0 1 0 0 1 0
5 18 0 1 0 0 1 0
5 19 0 1 0 0 1 0
5 20 0 1 0 1 1 1
6 3 1 1 1 0 0 0
6 4 0 0 1 1 1 1
6 5 0 1 0 1 1 0
6 9 0 0 0 1 1 1
6 20 0 0 0 1 1 1
7 3 1 1 1 0 1 0
7 4 0 1 0 0 1 0
7 5 0 1 0 0 1 0
7 6 0 1 0 0 1 0
7 7 0 1 0 0 1 0
7 8 0 1 0 0 1 0
7 9 0 1 0 1 1 1
7 10 0 1 0 0 1 0
7 11 0 1 0 0 1 0
7 12 0 1 0 0 1 0
7 13 0 1 0 0 1 0
7 14 0 1 0 0 1 0
7 15 0 1 0 0 1 0
7 16 0 1 0 0 1 0
7 17 0 1 0 0 1 0
7 18 0 1 0 0 1 0
7 19 0 1 0 0 1 0
7 20 0 1 0 1 1 1
8 3 1 1 1 0 0 0
8 4 0 0 1 1 1 1
8 5 0 1 0 1 1 0
8 6 0 1 0 0 0 0
8 7 1 0 0 0 1 0
8 9 0 0 0 1 1 1
8 20 0 0 0 1 1 1
9 3 1 1 1 0 1 0
9 4 0 1 0 0 1 0
9 5 0 1 0 0 1 0
9 6 0 1 0 0 1 0
9 7 0 1 0 0 1 0
9 8 0 1 0 0 1 0
9 9 0 1 0 1 1 1
9 10 0 1 0 0 1 0
9 11 0 1 0 0 1 0
9 12 0 1 0 0 1 0
9 13 0 1 0 0 1 0
9 14 0 1 0 0 1 0
9 15 0 1 0 0 1 0
9 16 0 1 0 0 1 0
9 17 0 1 0 0 1 0
9 18 0 1 0 0 1 0
9 19 0 1 0 0 1 0
9 20 0 1 0 1 1 1
10 3 1 1 1 0 0 0
10 4 0 0 1 1 1 1
10 5 1 0 0 0 0 0
10 9 0 0 0 1 1 1
10 20 0 0 0 1 1 1
11 3 1 1 1 0 1 0
11 4 0 1 0 0 1 0
11 5 0 1 0 0 1 0
11 6 0 1 0 0 1 0
11 7 0 1 0 0 1 0
11 8 0 1 0 0 1 0
11 9 0 1 0 1 1 1
11 10 0 1 0 0 1 0
11 11 0 1 0 0 1 0
11 12 0 1 0 0 1 0
11 13 0 1 0 0 1 0
11 14 0 1 0 0 1 0
11 15 0 1 0 0 1 0
11 16 0 1 0 0 1 0
11 17 0 1 0 0 1 0
11 18 0 1 0 0 1 0
11 19 0 1 0 0 1 0
11 20 0 1 0 1 1 1
12 3 1 1 1 0 0 0
12 4 0 0 1 1 1 1
12 5 1 0 0 0 0 0
12 6 0 1 0 0 0 0
12 7 1 0 0 0 1 0
12 9 0 0 0 1 1 1
12 20 0 0 0 1 1 1
13 3 1 1 1 0 1 0
13 4 0 1 0 0 1 0
13 5 0 1 0 0 1 0
13 6 0 1 0 0 1 0
13 7 0 1 0 0 1 0
13 8 0 1 0 0 1 0
13 9 0 1 0 1 1 1
13 10 0 1 0 0 1 0
13 11 0 1 0 0 1 0
13 12 0 1 0 0 1 0
13 13 0 1 0 0 1 0
13 14 0 1 0 0 1 0
13 15 0 1 0 0 1 0
13 16 0 1 0 0 1 0
13 17 0 1 0 0 1 0
13 18 0 1 0 0 1 0
13 19 0 1 0 0 1 0
13 20 0 1 0 1 1 1
14 3 1 1 1 0 0 0
14 4 0 0 1 1 1 1
14 5 1 1 0 0 0 0
14 9 0 0 0 1 1 1
14 20 0 0 0 1 1 1
15 3 1 1 1 0 1 0
15 4 0 1 0 0 1 0
15 5 0 1 0 0 1 0
15 6 0 1 0 0 1 0
15 7 0 1 0 0 1 0
15 8 0 1 0 0 1 0
15 9 0 1 0 1 1 1
15 10 0 1 0 0 1 0
15 11 0 1 0 0 1 0
15 12 0 1 0 0 1 0
15 13 0 1 0 0 1 0
15 14 0 1 0 0 1 0
15 15 0 1 0 0 1 0
15 16 0 1 0 0 1 0
15 17 0 1 0 0 1 0
15 18 0 1 0 0 1 0
15 19 0 1 0 0 1 0
15 20 0 1 0 1 1 1
16 3 1 1 1 0 0 0
16 4 0 0 0 0 1 0
16 5 0 0 0 0 1 0
16 6 0 0 0 0 1 0
16 9 0 0 0 1 1 1
16 11 0 0 0 0 1 0
16 12 0 0 0 0 1 0
16 13 0 0 0 0 1 0
16 20 0 0 0 1 1 1
17 3 1 1 0 0 1 0
17 4 0 1 0 0 1 0
17 5 0 1 0 0 1 0
17 6 0 1 0 0 1 0
17 7 0 1 0 0 1 0
17 8 0 1 0 0 1 0
17 9 0 1 0 1 1 0
17 10 0 1 0 0 1 0
17 11 0 1 0 0 1 0
17 12 0 1 0 0 1 0
17 13 0 1 0 0 1 0
17 14 0 1 0 0 1 0
17 15 0 1 0 0 1 0
17 16 0 1 0 0 1 0
17 17 0 1 0 0 1 0
17 18 0 1 0 0 1 0
17 19 0 1 0 0 1 0
17 20 0 1 0 1 1 0
19 3 1 1 0 1 1 0
19 4 1 1 0 1 1 1
19 5 1 1 1 1 1 0
19 6 0 0 1 0 1 0
20 3 1 1 0 0 1 0
20 4 1 1 1 0 0 1
20 5 1 0 0 0 1 1
20 6 1 0 1 0 0 1
20 9 1 0 1 1 1 1
20 11 0 1 1 0 1 1
20 12 0 0 1 1 1 1
20 13 1 0 0 0 0 0
20 14 0 1 1 0 0 0
20 15 0 0 0 0 1 1
20 16 1 0 1 1 0 1
20 17 0 0 1 1 0 0
20 18 0 1 1 0 0 0
20 19 0 0 0 0 1 0
20 21 0 0 0 0 1 1
20 22 1 0 1 1 1 1
20 24 0 1 1 0 1 1
20 25 0 0 1 1 1 1
20 26 1 1 0 0 0 0
20 27 0 0 0 0 1 1
20 28 1 0 1 1 0 1
20 29 0 0 1 1 0 0
20 30 0 1 1 0 0 0
21 1 1 0 0 1 1 0
21 3 0 1 1 1 1 0
21 4 1 0 1 0 0 1
21 5 1 1 0 0 1 0
21 6 1 0 1 1 0 1
21 8 0 0 1 1 0 1
21 10 1 1 0 0 1 0
21 11 1 1 1 0 0 1
21 12 1 0 0 0 1 1
21 13 1 0 1 0 0 1
21 15 0 0 0 0 1 1
21 16 1 0 1 1 1 1
21 18 0 1 1 0 1 1
21 19 0 0 0 0 1 1
21 20 1 0 1 1 0 1
21 21 0 0 1 1 0 0
21 22 0 1 1 0 0 0
21 24 0 0 0 0 1 1
21 25 0 0 1 0 0 0
21 26 0 1 1 1 1 0
21 27 1 0 1 0 0 1
22 1 0 0 1 1 1 1
22 2 1 1 0 0 0 0
22 3 1 1 0 1 0 0
22 4 0 0 1 1 1 1
22 5 1 0 0 0 0 0
22 6 0 0 1 0 0 1
22 7 0 0 1 1 1 1
22 8 1 0 0 0 1 0
22 10 0 0 1 1 0 0
22 11 0 1 0 0 1 1
22 13 1 0 0 1 1 0
22 15 1 1 0 0 1 0
22 16 0 0 1 1 0 1
22 17 1 1 0 0 1 0
22 18 1 0 0 1 0 1
22 20 0 1 1 1 1 0
22 21 1 0 1 0 0 1
22 22 1 1 0 0 1 0
22 23 1 0 0 0 0 1
22 24 0 0 0 0 0 1
22 25 0 1 1 0 0 0
22 27 1 0 0 1 1 0
22 29 0 1 1 1 1 0
23 1 0 0 1 0 0 1
23 2 1 1 0 0 1 0
23 3 1 0 1 1 0 1
23 5 1 1 0 0 1 0
23 6 1 0 1 1 0 1
23 7 1 1 0 0 0 0
23 8 0 1 0 1 0 0
23 9 0 0 0 0 1 0
23 11 1 1 0 0 1 1
23 13 1 0 0 0 1 1
23 14 0 0 1 0 1 1
23 15 1 0 1 1 0 0
23 16 0 1 0 0 0 1
23 18 1 1 0 1 1 0
23 19 0 1 0 0 1 1
23 20 0 1 1 1 1 0
23 21 0 1 0 0 1 1
23 22 1 0 0 1 1 0
23 23 1 0 0 1 0 1
23 25 1 1 0 0 1 0
23 26 0 1 0 0 0 1
23 28 1 1 0 0 0 0
23 29 1 0 1 0 0 1
24 1 0 0 1 0 0 1
24 2 0 1 1 1 1 0
24 3 0 1 0 0 1 1
24 4 1 0 0 1 1 0
24 5 1 0 0 1 0 1
24 6 0 0 0 0 1 0
24 7 0 0 1 0 0 0
26 3 0 1 1 1 1 0
26 4 1 1 1 0 0 1
26 5 1 1 0 1 1 0
26 6 1 1 0 0 1 1
27 28 0 0 1 1 1 1
27 29 1 0 0 0 0 0
27 30 1 0 0 0 0 0
20 8 0 0 0 0 1 1
22 30 1 0 1 0 0 1
