0.20
41 63 93 115 145 167 197 220 250 272 302 324 353 373 404 425 456 478 508 529 559 581 612 632 663 685 715 736 766 787 818 840 870 892 922 944 975 996 1026 1047 1076 1100 1129 1149 1180 1201 1231 1253 1283 1304 1334 1356 1386 1409 1438 1460 1490 1512 1543 1564 1595 1616 1646 1667
35 56 72 112 133 154 194 216 237 278 300 321 361 382 403 442 464 485 525 547 568 607 629 650 690 711 733 773 794 815 855 876 897 937 958 979 1019 1040 1061 1101 1122 1143 1183 1204 1225 1265 1286 1307 1347 1368 1389 1429 1450 1471 1511 1532 1553 1593 1614 1635 1675 1696 1717 1757 1778 1799 1839 1860 1881 1921 1942 1963 2003 2024 2045 2085 2106 2127 2167 2188 2209 2249 2270 2291
3 20 0 0 0 0 1 0
3 21 1 1 1 0 0 0
3 22 0 0 0 1 0 1
3 23 0 0 0 0 1 0
3 24 0 0 1 1 1 0
3 25 0 0 0 1 1 1
3 28 1 0 1 1 0 0
3 29 0 0 0 1 1 0
3 30 0 0 1 1 0 1
3 31 1 0 0 0 0 1
4 7 0 0 0 1 0 0
4 8 0 0 1 1 1 0
4 9 0 0 0 1 1 0
4 10 0 0 0 1 0 0
4 11 1 1 1 0 1 1
4 12 0 1 0 1 1 0
4 15 0 0 0 1 0 0
4 16 0 0 1 1 1 0
4 17 1 1 0 1 1 0
4 18 0 0 0 0 1 1
4 19 1 0 1 0 1 0
4 20 0 1 1 1 0 1
4 21 0 0 0 0 1 0
4 22 1 0 1 1 0 0
4 23 1 1 0 0 1 1
4 26 1 0 1 1 0 0
4 27 0 0 0 1 1 0
4 28 0 0 1 1 0 1
4 29 1 0 0 0 0 1
4 30 0 0 1 1 0 1
4 31 1 0 0 1 1 0
6 12 0 0 0 1 0 0
6 13 0 1 1 0 1 0
6 14 1 1 0 1 0 0
6 15 0 0 0 0 0 1
6 16 1 0 1 0 1 0
6 17 0 1 0 1 1 0
6 18 0 0 0 0 0 1
6 19 1 0 0 0 1 0
6 20 0 0 0 1 1 1
6 23 1 0 1 1 0 0
6 24 0 0 0 1 1 0
6 25 0 0 1 1 0 1
6 26 1 0 0 0 0 1
6 28 0 0 1 0 1 0
6 29 1 0 0 1 0 0
6 30 0 1 1 0 0 1
6 31 0 0 0 1 1 0
7 9 0 1 1 0 1 0
7 10 1 1 0 1 0 0
7 11 1 0 1 0 1 0
7 12 0 1 0 1 1 0
7 13 1 0 0 0 1 0
7 14 0 0 0 1 1 1
7 17 0 0 1 1 1 0
7 18 0 0 0 1 1 0
7 19 1 1 1 0 1 1
7 20 0 1 0 1 1 0
7 23 0 0 0 0 0 1
7 24 0 0 1 0 1 0
7 25 1 0 0 0 0 1
7 26 1 0 1 1 0 0
7 27 0 0 0 1 1 0
7 29 1 1 0 0 0 1
7 30 0 0 1 1 0 1
7 31 1 0 0 0 0 1
8 4 0 0 1 1 1 0
8 5 1 1 0 1 1 0
8 6 1 0 1 0 1 0
8 7 0 1 1 1 0 1
8 8 1 0 1 1 0 0
8 9 1 1 0 0 1 1
8 12 0 0 0 0 1 0
8 13 0 0 1 1 0 0
8 14 0 0 0 1 1 1
8 15 0 0 0 0 1 0
8 16 1 1 1 1 0 1
8 17 0 1 0 1 1 0
8 18 0 0 0 0 0 1
8 19 0 1 0 1 0 1
8 20 0 1 1 1 0 1
9 12 0 0 0 0 1 0
9 13 0 0 1 1 0 0
9 14 1 0 0 1 0 1
9 15 0 0 0 0 1 0
9 16 0 0 1 0 1 1
9 17 1 1 0 1 1 1
9 18 0 0 0 0 1 0
9 19 0 1 1 1 1 0
9 20 0 0 0 1 1 1
17 2 0 0 0 0 0 0
