0.10
26 46 74 96 126 147 178 199 230 251 282 304 334 355 386 407 437 459 489 510 541 562 592 613 645 666 696 717 748 769 800 822 852 873 903 924 955 976 1006 1028 1058 1080 1110 1132 1161 1183 1214 1235 1265 1286 1317 1339 1369 1390 1421 1442 1472 1494 1525 1546 1577 1597 1624 1644
21 41 61 99 119 139 177 198 219 258 280 301 344 365 386 425 446 467 505 525 545 588 609 630 674 695 716 754 774 794 837 859 880 919 940 961 1003 1025 1046 1084 1106 1127 1165 1185 1205 1249 1269 1290 1331 1353 1374 1413 1434 1455 1496 1518 1539 1580 1601 1622 1662 1684 1705 1745 1766 1787 1827 1848 1870 1913 1935 1955 1993 2013 2033 2078 2099 2121 2158 2179 2200 2238 2258 2278
3 4 1 1 0 0 1 0
3 5 1 1 1 1 1 1
3 6 1 1 1 1 1 0
3 7 1 0 1 0 0 1
3 9 1 1 0 0 1 0
3 10 1 1 1 0 0 1
3 11 1 0 0 0 1 1
3 12 1 0 1 0 0 1
3 14 0 0 0 0 1 1
3 15 1 0 1 1 1 1
3 17 0 1 1 0 1 1
3 18 0 0 1 0 0 1
3 19 0 0 0 0 1 1
3 20 1 0 1 1 0 1
3 21 0 0 1 1 0 0
3 22 0 1 1 0 0 0
3 25 0 0 0 0 1 1
3 26 1 0 1 1 1 1
4 2 0 1 1 0 1 1
4 3 0 0 1 0 0 1
4 4 0 0 1 1 1 1
4 5 1 0 0 0 0 0
4 6 0 1 1 0 0 0
4 7 0 0 0 0 1 1
4 8 1 0 1 1 0 1
4 9 0 0 1 1 0 0
4 10 0 1 1 0 0 0
4 11 0 0 0 0 1 0
4 13 0 0 0 0 1 1
4 14 1 0 1 1 1 1
4 16 0 1 1 0 1 1
4 17 0 0 1 0 0 1
4 18 0 0 1 1 1 1
4 19 1 1 0 0 0 0
4 20 0 0 0 0 1 1
4 21 1 0 1 1 0 1
4 22 0 0 1 1 0 0
4 23 0 1 1 0 0 0
4 25 1 0 0 1 1 0
4 27 0 1 1 1 1 0
4 28 1 0 1 0 0 1
4 29 1 1 0 0 1 0
4 30 1 0 1 1 0 1
4 31 0 0 0 0 1 0
5 2 1 1 0 0 0 0
5 3 1 0 0 0 0 1
5 5 1 0 1 0 0 0
5 6 0 1 1 0 1 0
5 7 1 1 1 0 0 0
5 8 0 0 1 1 0 1
5 10 0 0 1 1 0 0
5 11 0 1 0 0 0 1
5 12 1 1 0 0 1 0
5 13 1 0 0 0 1 0
5 15 1 1 1 1 0 0
5 16 0 1 1 0 1 0
5 17 1 0 1 0 0 1
5 18 1 1 0 0 1 0
5 19 1 0 0 1 0 1
5 21 1 1 0 0 1 1
5 23 1 0 0 0 1 1
5 24 0 0 1 0 1 1
5 25 1 0 1 1 0 0
5 26 0 1 0 0 0 1
5 28 1 1 0 1 1 0
5 29 0 1 0 0 1 1
5 30 0 1 1 1 1 0
5 31 0 1 0 0 1 1
6 2 0 0 1 0 0 1
6 3 1 0 0 1 1 0
6 4 1 0 0 1 0 1
6 6 1 1 0 0 1 0
6 7 0 1 0 0 0 1
6 9 1 1 0 0 0 0
6 10 1 0 1 0 0 1
6 11 0 1 1 1 1 0
6 12 0 1 0 0 1 1
6 13 1 0 0 1 1 0
6 14 1 0 0 1 0 1
6 15 0 0 0 0 1 0
6 16 0 1 1 0 0 0
8 4 1 0 1 1 1 0
8 5 0 1 0 1 0 0
8 7 1 1 0 0 1 0
8 8 1 1 1 1 1 1
8 9 1 1 1 1 1 0
8 10 1 0 1 0 0 1
8 12 1 0 0 1 1 0
8 14 0 1 1 1 1 0
8 15 1 0 1 0 0 1
8 16 1 1 0 0 1 0
8 17 1 0 1 1 0 1
8 19 0 0 1 1 0 1
8 21 0 1 1 1 1 0
8 22 1 0 1 0 0 1
8 24 0 0 1 1 1 1
8 25 1 1 0 0 0 0
8 26 1 1 0 1 0 0
8 27 0 0 1 1 1 1
8 28 1 0 0 0 0 0
8 29 0 0 1 0 0 1
8 30 0 0 1 1 1 1
8 31 1 1 0 1 0 0
9 2 0 0 0 0 1 1
9 3 0 0 1 0 0 0
9 4 1 1 0 1 1 0
9 5 1 0 0 1 0 1
9 7 0 0 1 1 1 1
9 8 1 0 0 0 0 0
9 9 1 0 0 0 0 0
9 10 0 1 0 1 0 0
9 11 0 0 1 0 0 1
9 12 1 0 0 0 1 0
9 13 0 0 0 0 0 1
9 14 0 1 1 0 0 0
9 16 1 1 0 0 1 0
9 17 1 0 1 1 0 1
9 18 0 1 1 1 1 0
9 19 0 1 0 0 1 1
9 21 1 0 1 1 0 0
9 22 0 0 1 0 1 0
9 23 0 0 0 0 1 0
9 24 0 0 1 0 0 0
11 4 1 0 0 1 1 0
11 5 0 1 0 1 1 1
11 6 1 1 0 0 0 0
11 7 0 1 0 1 0 0
11 9 1 1 1 1 0 0
11 10 0 1 1 0 1 0
11 11 1 0 1 0 0 1
11 12 1 1 0 0 1 0
11 13 1 0 0 1 0 1
11 15 0 0 0 0 1 1
11 16 1 0 1 1 1 1
11 18 0 1 1 0 1 1
11 19 0 0 0 0 1 1
11 20 1 0 1 1 0 1
11 21 0 0 1 1 0 0
11 22 0 1 1 0 0 0
11 24 1 1 0 0 1 0
11 25 0 1 0 0 0 1
11 27 0 0 0 0 1 1
11 28 1 0 1 1 1 1
12 2 0 1 1 0 1 1
12 3 0 0 1 0 0 1
12 4 0 0 0 0 1 1
12 5 1 0 1 1 0 1
12 6 0 0 1 1 0 0
12 7 0 1 1 0 0 0
12 8 0 0 0 0 1 0
12 10 0 0 0 1 0 0
12 11 0 1 1 1 1 0
12 12 0 0 1 0 1 0
12 13 1 0 1 1 0 0
12 14 0 0 1 0 1 1
12 16 1 1 0 1 1 0
12 17 1 1 0 1 1 1
12 18 0 0 1 1 0 1
12 20 0 0 0 0 1 1
12 21 1 0 1 1 0 1
12 22 0 0 1 0 0 1
12 23 0 0 1 1 0 0
12 24 1 1 1 0 1 1
12 26 1 0 0 1 1 0
12 27 0 1 0 1 1 1
12 28 1 1 1 1 1 0
12 29 0 0 1 0 1 1
13 2 1 0 1 1 0 0
13 3 0 0 1 0 1 0
13 4 0 0 0 0 1 0
13 5 0 0 1 0 0 0
13 6 0 1 0 1 0 0
13 7 1 1 0 0 0 0
13 8 1 1 1 0 0 1
13 10 1 0 0 1 1 0
13 11 0 1 0 0 0 1
13 12 0 0 0 0 1 0
13 14 1 1 1 1 0 0
13 15 0 1 1 0 1 0
13 16 1 0 1 0 0 1
13 17 1 1 0 0 1 0
13 18 1 0 0 1 0 1
13 20 0 0 0 0 1 1
13 21 1 0 1 1 1 1
13 23 0 1 1 0 1 1
13 24 0 0 0 0 1 1
13 25 1 0 0 0 0 0
13 26 1 0 1 1 0 1
13 27 0 0 1 1 0 0
13 28 0 1 1 0 0 0
13 30 1 1 0 0 1 0
13 31 0 1 0 0 0 1
14 2 0 0 0 0 1 1
14 3 1 0 1 1 1 1
14 5 0 1 1 0 1 1
14 6 0 0 1 0 0 1
14 7 0 0 0 0 1 1
14 8 1 0 0 0 0 0
14 9 1 0 1 1 0 1
14 10 0 0 1 1 0 0
14 11 0 1 1 0 0 0
14 13 1 0 1 1 1 0
14 14 0 1 0 0 0 1
14 15 0 0 0 0 1 0
14 16 0 0 1 0 0 0
16 4 1 1 0 1 1 0
16 5 0 1 0 1 1 1
16 6 1 0 1 1 1 0
16 7 0 0 1 0 1 0
17 4 0 1 0 1 0 0
17 5 1 1 0 0 0 0
17 6 1 1 1 0 0 1
17 8 1 0 0 1 1 0
17 9 0 1 0 0 0 1
17 10 0 0 0 0 1 0
17 12 1 1 1 1 0 0
17 13 0 1 1 0 1 0
17 14 1 0 1 0 0 1
17 15 1 1 0 0 1 0
17 16 1 0 0 1 0 1
17 18 0 0 0 0 1 1
17 19 1 0 1 1 1 1
17 21 0 1 1 0 1 1
17 22 0 0 0 0 1 1
17 23 1 0 0 0 0 0
17 24 1 0 1 1 0 1
17 25 0 0 1 1 0 0
17 26 0 1 1 0 0 0
17 28 1 0 0 1 1 0
17 30 1 0 0 1 1 0
17 31 0 1 0 1 1 1
18 2 0 0 1 0 0 1
18 3 1 1 1 1 1 0
18 4 0 0 1 0 1 1
18 5 0 0 1 1 0 0
18 6 1 1 1 0 1 1
18 8 1 0 0 0 1 1
18 10 0 0 0 0 1 1
18 11 1 0 1 1 1 1
18 12 0 0 1 0 0 1
18 13 0 0 1 1 0 0
18 14 1 1 1 0 1 1
18 15 0 0 0 0 1 0
18 17 1 0 0 1 1 0
18 18 1 0 0 0 0 1
18 19 1 0 0 1 1 0
18 20 1 0 0 1 0 1
18 22 1 0 0 0 1 1
18 24 1 1 1 1 0 1
18 25 0 1 0 0 0 0
18 26 1 0 0 1 1 0
18 27 1 0 0 1 0 1
18 28 0 0 0 0 1 0
18 29 0 1 1 0 0 0
18 30 1 0 0 1 1 0
18 31 0 1 1 0 0 1
19 2 0 0 0 0 1 1
19 3 1 0 0 0 0 0
19 5 1 0 1 0 1 0
19 7 0 0 1 1 1 1
19 8 0 1 0 1 1 0
19 10 1 0 0 0 1 1
19 11 0 1 0 0 0 0
19 12 0 0 0 0 1 0
19 14 1 1 1 1 0 0
19 15 0 1 1 0 1 0
19 16 1 0 1 0 0 1
19 17 1 1 0 0 1 0
19 18 1 0 0 1 0 1
19 20 1 0 0 1 1 0
19 22 1 0 1 0 0 0
19 23 0 1 0 1 0 1
19 24 1 0 1 0 0 0
19 25 1 1 1 0 1 1
19 27 1 1 0 0 1 0
19 28 1 0 1 1 0 1
19 29 1 0 0 0 1 1
19 30 0 1 1 0 0 1
19 31 0 0 0 0 1 0
20 2 1 0 0 1 1 0
20 3 1 0 0 0 0 1
20 4 1 0 0 1 1 0
20 5 1 0 0 1 0 1
20 7 1 0 0 0 1 1
20 9 1 1 1 1 0 0
20 10 0 1 1 0 1 0
20 11 1 0 1 0 0 1
20 12 1 1 0 0 1 0
20 13 1 0 0 1 0 1
20 15 1 0 0 1 1 0
20 17 1 0 1 0 1 1
20 18 0 1 0 1 1 1
20 19 1 0 0 1 1 0
20 20 0 1 0 1 0 0
20 21 1 0 0 1 1 0
20 22 1 0 0 1 0 1
20 23 0 0 0 0 1 0
20 25 0 0 0 0 1 1
20 26 1 0 0 0 0 0
20 28 0 1 1 1 1 1
20 29 0 1 1 0 0 0
21 2 1 0 0 1 1 0
21 3 0 0 1 0 1 0
21 4 0 0 0 0 1 0
21 6 1 1 1 1 0 0
21 7 0 1 1 0 1 0
21 8 1 0 1 0 0 1
21 9 1 1 0 0 1 0
21 10 1 0 0 1 0 1
21 12 1 0 0 1 1 0
21 14 1 0 1 0 0 0
21 15 0 1 0 1 0 1
21 16 1 0 1 0 0 0
21 17 1 1 1 0 1 1
21 19 0 1 1 1 1 1
21 20 0 1 1 0 0 0
21 22 1 1 0 0 1 0
21 23 0 0 1 1 1 0
21 24 0 0 0 0 1 1
21 26 1 0 0 1 1 0
21 27 0 1 1 0 0 1
21 29 0 0 0 0 1 1
21 30 1 0 0 0 0 0
22 2 0 1 0 1 0 1
22 4 0 0 1 1 1 1
22 5 0 1 0 1 1 0
22 7 1 0 0 0 1 1
22 8 0 1 0 0 0 0
22 9 0 0 0 0 1 0
22 11 1 1 1 1 0 0
22 12 0 1 1 0 1 0
22 13 1 0 1 0 0 1
22 14 1 1 0 0 1 0
22 15 1 0 0 1 0 1
22 17 1 0 0 1 1 0
22 19 1 0 1 0 0 0
22 20 0 1 0 1 0 1
22 21 1 0 1 0 0 0
22 22 1 1 1 0 1 1
22 24 1 1 0 0 1 0
22 25 1 0 1 1 0 1
22 26 0 0 1 0 0 1
22 27 0 0 1 0 0 1
22 28 0 0 0 0 1 0
22 30 1 0 0 1 1 0
22 31 1 0 0 0 0 1
23 2 0 0 1 0 0 1
23 3 1 0 0 1 1 0
23 4 1 0 0 1 0 1
23 6 1 0 0 0 1 1
23 8 1 1 1 1 0 0
23 9 0 1 1 0 1 0
23 10 1 0 1 0 0 1
23 11 1 1 0 0 1 0
23 12 1 0 0 1 0 1
23 14 1 0 0 1 1 0
23 16 1 0 1 0 1 1
23 17 0 1 0 1 1 1
23 18 0 0 1 0 0 1
23 19 0 0 1 0 0 1
23 20 1 0 0 1 1 0
23 21 1 0 0 1 0 1
23 22 0 0 0 0 1 0
23 24 0 0 0 0 1 1
23 25 1 0 0 0 0 0
23 27 0 1 1 1 1 1
23 28 0 1 1 0 0 0
24 2 1 0 0 1 1 0
24 3 0 0 1 0 1 0
24 4 0 0 0 0 1 0
24 6 1 1 1 1 0 0
24 7 0 1 1 0 1 0
24 8 1 0 1 0 0 1
24 9 1 1 0 0 1 0
24 10 1 0 0 1 0 1
24 12 1 0 0 1 1 0
24 14 1 0 1 0 0 0
24 15 0 1 0 1 0 1
24 16 1 0 1 0 0 0
24 17 1 1 1 0 1 1
24 19 0 1 1 1 1 1
24 21 0 0 1 0 0 1
24 22 0 0 1 0 0 1
24 23 0 0 0 0 1 0
24 24 0 1 1 0 0 0
26 4 1 1 1 0 0 0
26 5 0 1 0 1 0 0
26 7 0 0 1 1 1 1
26 8 1 1 0 0 0 0
26 11 1 0 1 0 1 1
26 12 0 1 0 1 0 1
26 14 0 1 1 1 1 0
26 15 0 1 0 0 1 1
26 16 0 1 0 0 0 0
26 17 0 1 0 1 0 0
26 19 0 0 1 1 0 0
26 20 0 1 0 0 0 0
26 21 1 1 0 1 1 0
26 22 0 0 1 1 1 0
26 24 1 0 1 0 1 1
26 25 1 0 1 0 1 0
26 26 1 1 0 0 0 0
26 27 0 0 1 1 1 0
26 28 1 1 0 0 1 0
26 29 0 1 0 1 0 0
27 2 0 0 1 1 0 0
27 3 0 1 0 0 1 1
27 4 0 0 0 0 1 0
27 6 1 1 0 0 1 0
27 7 1 1 1 1 1 1
27 8 1 1 1 1 1 0
27 9 1 0 1 0 0 1
27 11 1 1 1 0 1 0
27 12 0 1 1 0 0 0
27 13 1 0 0 1 0 0
27 14 0 1 1 0 0 0
27 16 1 1 0 0 1 0
27 17 1 1 1 0 0 1
27 18 1 0 0 0 1 1
27 19 1 0 1 0 0 1
27 21 0 0 0 0 1 1
27 22 1 0 1 1 1 1
27 24 0 1 1 0 1 1
27 25 0 0 0 0 1 1
27 26 1 0 1 1 0 1
27 27 0 0 1 1 0 0
27 28 0 1 1 0 0 0
3 23 0 0 0 0 1 0
