0.10
20 42 72 94 124 146 176 198 228 250 280 301 331 353 383 406 436 457 487 509 539 560 590 612 643 664 694 716 746 768 798 820 850 871 901 923 953 975 1005 1027 1057 1079 1109 1131 1161 1182 1213 1234 1265 1286 1316 1338 1368 1390 1420 1441 1472 1493 1524 1545 1575 1597 1627 1648
37 58 72 112 133 155 194 216 237 280 302 323 363 384 405 447 469 490 528 549 570 613 635 656 693 714 736 776 797 818 858 880 901 944 965 986 1025 1045 1067 1109 1131 1152 1192 1213 1235 1276 1297 1318 1358 1379 1400 1439 1461 1481 1520 1542 1563 1603 1625 1645 1685 1707 1728 1767 1789 1809 1852 1874 1895 1934 1955 1975 2018 2040 2061 2101 2122 2143 2184 2205 2226 2266 2287 2310
2 2 0 0 1 1 0 1
2 3 0 1 0 0 1 1
2 4 1 0 0 1 1 1
2 6 0 1 1 0 0 0
2 7 1 1 0 0 0 0
2 8 1 1 0 0 1 0
2 9 1 1 1 0 0 1
2 11 0 1 0 0 0 0
2 12 0 0 0 1 0 0
2 13 1 1 1 0 0 1
2 14 0 0 1 0 0 1
2 15 0 0 1 1 1 0
2 17 0 1 1 1 0 0
2 19 1 0 1 1 0 0
2 20 1 1 0 1 0 0
2 21 0 0 1 1 0 0
2 22 1 1 0 1 0 0
2 24 0 1 0 0 0 0
2 25 0 0 0 1 0 0
2 26 1 1 1 0 0 1
2 27 0 0 1 0 0 1
2 28 0 1 1 0 1 1
2 30 1 0 1 1 0 1
2 31 0 1 1 0 0 0
3 3 0 1 1 1 1 1
3 4 0 0 0 1 0 1
3 5 1 0 1 0 1 0
3 6 0 0 0 1 0 1
3 8 1 1 0 1 0 0
3 10 0 0 0 0 1 1
3 11 1 0 0 0 0 1
3 12 1 1 0 0 0 1
3 13 0 0 0 1 0 0
3 14 1 1 1 0 0 1
3 15 0 0 1 0 0 1
3 17 1 0 1 1 0 1
3 18 0 1 1 0 0 0
3 19 0 0 1 1 1 0
3 20 0 0 0 0 1 1
3 21 0 0 0 1 0 0
3 22 0 1 1 0 0 1
3 23 0 0 0 0 0 1
3 24 0 1 1 0 1 1
3 26 0 1 1 1 0 1
3 27 0 1 1 0 0 0
3 29 1 0 1 1 0 0
3 30 0 1 0 1 1 0
3 31 0 0 1 0 0 1
4 2 0 0 0 0 1 1
4 3 0 1 0 0 0 0
4 4 0 0 1 0 0 1
4 5 0 0 1 0 0 1
4 7 0 1 1 1 0 0
4 9 1 0 1 1 0 0
4 10 1 1 0 1 0 0
4 11 0 0 1 1 0 0
4 12 1 1 0 1 0 0
4 14 0 1 0 0 0 0
4 15 0 0 1 0 0 1
4 16 0 0 1 0 0 1
4 18 0 1 1 1 0 0
4 20 0 1 1 1 1 1
4 21 1 0 0 0 0 1
4 22 0 1 1 0 0 1
4 23 1 1 0 1 1 1
4 24 1 1 1 0 1 0
4 25 1 1 0 1 0 0
4 27 0 1 0 0 0 0
4 28 0 0 1 0 0 1
4 29 0 0 1 0 0 1
4 30 1 0 1 1 0 1
4 31 0 1 0 1 1 0
6 26 0 1 0 0 1 0
6 27 0 0 0 1 1 1
6 28 0 1 0 0 1 1
6 29 1 1 0 0 1 1
7 2 0 1 1 1 0 1
7 3 0 1 1 0 0 0
7 5 0 1 0 0 0 0
7 6 0 0 0 0 1 1
7 7 1 0 0 0 0 1
7 8 1 1 0 0 0 1
7 9 0 0 0 1 0 0
7 10 1 1 1 0 0 1
7 11 0 1 0 0 1 1
7 13 1 0 1 1 0 1
7 14 0 1 1 0 0 0
7 15 0 0 1 1 1 0
7 16 0 0 0 0 1 1
7 17 0 0 0 1 0 0
7 18 1 1 1 0 0 1
7 19 0 0 1 0 0 1
7 20 0 1 1 0 1 1
7 22 1 1 1 1 0 1
7 23 0 1 1 0 0 0
7 25 0 0 1 1 0 0
7 26 0 1 0 1 1 0
7 27 0 0 1 1 0 1
7 28 0 1 0 0 1 1
7 29 1 0 0 1 1 1
8 6 1 1 1 1 0 1
8 7 0 1 1 0 0 0
8 9 1 0 1 1 0 0
8 10 0 1 0 1 1 0
8 11 0 0 1 1 0 1
8 12 0 1 0 0 1 1
8 13 1 0 0 1 1 1
8 15 1 0 1 0 0 1
8 17 0 0 0 0 1 1
8 18 1 0 0 0 0 1
8 19 1 1 0 0 0 1
8 20 0 0 0 1 0 0
8 21 1 1 1 0 0 1
8 22 0 0 1 0 0 1
8 24 1 0 1 1 0 1
8 25 0 1 1 0 0 0
8 26 0 0 1 1 1 0
8 27 0 0 0 0 1 1
8 28 0 0 0 1 0 0
8 29 1 1 1 0 0 1
8 30 0 0 1 0 0 1
8 31 0 1 1 0 1 1
9 9 0 0 0 0 0 1
9 10 0 1 0 0 0 0
9 11 0 0 0 0 1 0
9 12 0 1 0 1 1 0
9 13 1 1 1 1 1 0
9 14 1 1 0 1 1 0
9 16 0 0 1 0 1 0
9 17 0 0 0 1 0 1
9 18 0 1 1 0 0 1
9 19 0 1 1 1 0 0
9 21 0 1 1 1 1 0
9 23 0 0 0 0 1 1
9 24 1 0 0 0 0 1
9 25 1 0 1 1 0 1
9 26 0 1 1 0 0 0
9 27 0 0 0 0 1 1
9 28 0 0 0 1 0 0
9 29 1 1 1 0 0 1
9 30 0 0 1 0 0 1
9 31 0 1 1 0 1 1
11 2 0 0 1 0 0 0
11 3 0 0 0 0 1 1
11 4 0 0 0 1 0 0
11 5 1 1 1 0 0 1
11 6 0 0 1 0 0 1
11 7 0 1 1 0 1 1
11 9 1 1 1 1 0 1
11 10 0 1 1 0 0 0
11 12 1 0 1 1 0 0
11 13 0 1 0 1 1 0
11 14 0 0 1 1 0 1
11 15 0 1 0 0 1 1
11 16 1 0 0 1 1 1
11 18 0 1 0 0 0 1
11 19 0 0 0 1 1 0
11 21 0 1 0 0 0 0
11 22 1 0 1 1 0 0
11 23 0 1 0 1 1 0
11 24 0 1 0 0 0 1
11 25 1 0 0 1 1 0
11 27 1 0 0 0 1 0
11 28 0 0 1 0 1 0
11 29 0 0 0 1 0 1
12 2 0 0 1 0 1 0
12 3 1 1 0 1 0 0
12 5 0 1 1 1 1 0
12 6 1 1 0 1 1 0
12 8 0 1 0 0 0 0
12 9 1 1 1 0 1 0
12 10 0 0 1 1 1 1
12 11 1 1 0 1 0 0
12 13 0 0 1 0 1 0
12 14 1 1 0 1 1 0
12 15 0 0 1 0 0 1
12 16 0 0 0 1 0 0
12 17 1 1 1 0 0 1
12 19 1 0 0 0 1 0
12 20 0 0 0 1 0 0
12 21 1 0 0 1 1 1
12 23 0 1 0 1 0 1
12 24 0 1 1 1 0 1
12 25 1 0 1 1 0 1
12 26 0 1 0 1 1 0
12 28 0 0 0 0 1 1
12 29 1 0 0 0 0 1
12 30 1 0 1 1 0 1
12 31 0 1 1 0 0 0
13 3 0 1 1 0 0 0
13 4 0 0 0 0 1 1
13 5 1 0 0 0 0 1
13 6 1 1 0 0 0 1
13 7 0 0 0 1 0 0
13 8 1 1 1 0 0 1
13 9 0 1 0 0 1 1
13 11 1 0 1 1 0 1
13 12 0 1 1 0 0 0
13 13 0 0 1 1 1 0
13 14 0 0 0 0 1 1
13 15 0 0 0 1 0 0
13 16 1 1 1 0 0 1
13 17 0 0 1 0 0 1
13 18 0 1 1 0 1 1
13 20 1 1 1 1 0 1
13 21 0 1 1 0 0 0
13 23 1 0 1 1 0 0
13 24 0 1 0 1 1 0
13 25 0 0 1 1 0 1
13 26 0 1 0 0 1 1
13 27 1 0 0 1 1 1
13 29 0 1 0 0 1 1
13 30 1 1 0 1 0 0
13 31 0 0 1 0 0 1
14 2 1 0 0 0 1 0
14 3 0 0 1 1 0 0
14 4 1 0 0 1 1 1
14 6 0 0 0 0 1 1
14 7 0 1 1 1 1 0
14 8 1 0 1 1 0 1
14 9 0 1 0 1 1 0
14 11 0 0 0 0 1 1
14 12 1 0 0 0 0 1
14 13 1 0 1 1 0 1
14 14 0 1 1 0 0 0
14 15 0 0 0 0 1 1
14 16 0 0 0 1 0 0
14 17 1 1 1 0 0 1
14 18 0 0 1 0 0 1
14 19 0 1 1 0 1 1
14 21 1 1 1 1 0 1
14 22 0 1 1 0 0 0
14 24 1 0 1 1 0 0
14 25 0 1 0 1 1 0
14 26 0 0 1 1 0 1
14 27 0 1 0 0 1 1
14 28 1 0 0 1 1 1
14 30 0 1 0 0 0 1
14 31 0 0 0 1 1 0
15 5 1 1 1 1 0 1
15 6 0 1 1 0 0 0
15 8 1 0 1 1 0 0
15 9 0 1 0 1 1 0
15 10 0 0 1 1 0 1
15 11 0 1 0 0 1 1
15 12 1 0 0 1 1 1
15 14 0 1 0 0 1 1
15 15 1 1 0 1 0 0
15 16 0 0 1 0 1 0
15 17 0 1 0 1 0 0
15 19 0 1 1 1 1 0
15 20 1 1 0 1 1 0
15 22 0 1 0 0 0 0
15 23 1 1 1 0 1 0
15 24 0 0 1 1 1 1
15 25 1 1 0 1 0 0
15 27 0 0 1 0 1 0
15 28 1 1 0 1 1 0
15 29 0 0 1 0 0 1
15 30 0 0 0 1 0 0
15 31 1 1 1 0 0 1
16 15 0 0 0 0 1 1
16 16 0 1 0 0 0 0
16 17 0 0 0 0 1 1
16 18 1 0 0 0 0 1
16 19 1 1 0 0 0 1
16 20 0 0 0 1 0 0
16 21 1 1 1 0 0 1
16 22 0 0 1 0 0 1
16 24 1 0 1 1 0 1
16 25 0 1 1 0 0 0
16 26 0 0 1 1 1 0
16 27 0 0 0 0 1 1
16 28 0 0 0 1 0 0
16 29 1 1 1 0 0 1
16 30 0 0 1 0 0 1
16 31 0 1 1 0 1 1
18 26 1 0 0 0 1 0
18 27 0 1 0 1 1 0
18 28 1 0 1 1 0 0
18 29 0 0 0 1 1 1
19 3 0 0 1 1 0 1
19 4 1 1 0 1 1 1
19 5 1 1 1 1 1 1
19 6 0 1 0 1 1 0
19 8 1 0 1 0 1 1
19 9 1 1 0 1 0 1
19 11 1 0 0 0 1 0
19 12 0 1 0 1 1 0
19 13 1 1 0 0 0 1
19 14 0 0 0 1 1 0
19 15 0 1 0 1 0 1
19 16 0 1 1 1 0 1
19 18 1 1 0 0 0 1
19 19 1 1 0 1 1 0
19 20 0 0 0 0 1 0
19 21 1 0 0 0 0 1
19 23 1 0 0 0 1 0
19 24 0 0 0 0 1 0
19 25 0 1 1 0 1 0
19 26 1 1 0 0 1 1
19 28 1 0 1 0 1 0
19 29 0 1 1 1 0 1
20 10 0 0 1 0 0 1
20 11 1 0 1 1 0 1
20 12 0 1 0 1 1 0
20 13 0 0 1 1 0 1
20 14 1 1 0 0 1 1
20 16 1 1 0 1 0 0
20 18 0 0 1 1 0 1
20 19 0 1 1 1 0 0
20 20 0 0 1 1 1 1
20 21 0 1 0 1 1 0
20 23 0 0 0 0 1 1
20 24 1 0 0 1 0 0
20 25 0 0 0 0 1 1
20 26 0 1 0 1 1 1
20 28 0 1 0 1 0 0
20 29 0 0 0 1 1 1
20 30 1 0 1 1 1 0
20 31 0 1 0 1 1 0
21 5 1 0 1 1 0 1
21 6 0 1 1 0 0 0
21 7 0 0 1 1 1 0
21 8 0 0 0 0 1 1
21 9 0 0 0 1 0 0
21 10 1 1 1 0 0 1
21 11 0 1 1 0 1 1
21 13 1 1 1 1 0 1
21 14 0 1 1 0 0 0
21 16 0 1 0 0 0 0
21 17 0 0 0 0 1 1
21 18 1 0 0 0 0 1
21 19 1 0 1 1 0 1
21 20 0 1 1 0 0 0
21 21 0 0 0 0 1 1
21 22 0 0 0 1 0 0
21 23 1 1 1 0 0 1
21 24 0 1 1 0 1 1
21 26 1 1 1 1 0 1
21 27 0 1 1 0 0 0
22 5 0 0 0 0 1 1
22 6 1 0 0 0 0 1
22 7 1 1 0 0 0 1
22 8 0 0 0 1 1 0
22 9 1 1 1 0 0 1
22 10 0 0 1 0 0 1
22 12 1 0 1 1 0 1
22 13 0 1 1 0 0 0
22 14 0 0 1 1 1 0
22 15 0 0 0 0 1 1
22 16 0 0 0 1 0 0
22 17 1 1 1 0 0 1
22 18 0 1 1 0 1 1
22 20 1 1 1 1 0 1
22 21 0 1 1 0 0 0
22 23 0 1 0 0 0 0
22 24 0 0 0 0 1 1
22 25 1 0 0 0 0 1
22 26 1 1 0 0 0 1
22 27 0 0 0 1 1 0
22 28 1 1 1 0 0 1
22 29 0 1 0 0 1 1
23 2 0 1 0 0 0 0
23 3 1 0 0 0 1 0
23 4 0 1 0 1 1 0
23 5 1 1 1 1 1 0
23 6 1 1 0 1 1 0
23 8 0 0 1 1 0 1
23 9 0 1 0 1 1 0
23 10 1 0 1 1 0 1
23 11 0 1 0 1 1 0
23 13 1 1 0 1 0 0
23 15 1 0 1 1 0 0
23 16 0 1 0 1 1 0
23 17 0 0 1 1 0 1
23 18 0 1 0 0 1 1
23 19 1 0 0 1 1 1
23 21 1 1 0 0 0 1
23 22 1 1 0 0 1 1
23 23 0 0 1 1 1 1
23 24 1 0 0 0 1 1
23 26 0 1 0 0 0 1
23 27 1 1 0 1 1 1
23 28 1 1 1 1 1 0
23 29 1 1 0 1 1 0
24 4 0 0 1 0 1 1
24 5 1 0 0 1 1 0
24 7 0 1 1 1 1 1
24 8 0 0 0 1 0 1
24 9 1 0 1 0 1 0
24 10 0 0 0 1 0 1
24 12 1 1 0 1 0 0
24 14 0 1 1 0 0 1
24 15 1 0 0 1 0 1
24 16 0 1 0 0 0 1
24 17 1 1 0 0 1 1
24 18 1 0 0 0 0 0
24 20 0 0 1 1 0 1
24 21 1 1 0 1 1 1
24 22 0 0 0 0 0 1
24 23 1 0 0 0 0 1
24 25 0 1 0 1 0 0
24 26 0 0 0 1 1 0
24 27 0 1 1 0 0 1
24 28 1 0 0 1 1 0
24 30 0 0 1 1 0 0
24 31 0 0 0 1 1 0
25 11 0 0 0 0 1 1
25 12 0 1 0 0 0 0
25 13 1 0 1 1 0 0
25 14 1 1 0 1 0 0
25 15 0 0 1 1 0 0
25 16 1 1 0 1 0 0
25 18 1 0 0 0 1 0
25 19 1 1 0 1 1 0
25 21 0 1 1 1 1 1
25 22 1 0 0 0 0 1
25 23 0 1 1 0 0 1
25 24 1 1 0 1 1 1
25 25 1 1 1 0 1 0
25 26 1 1 0 1 0 0
25 28 1 0 0 0 0 0
25 29 1 0 1 1 0 1
25 30 0 1 0 1 1 0
25 31 0 0 1 0 0 1
27 2 1 1 0 1 1 0
27 3 0 0 0 1 0 0
27 4 1 1 1 0 0 1
