0.10
27 47 75 96 126 147 179 200 230 250 282 304 334 355 386 407 438 459 490 511 541 562 592 614 644 666 696 717 748 769 799 821 851 873 903 924 955 977 1007 1027 1058 1080 1110 1131 1161 1183 1213 1234 1265 1286 1317 1338 1368 1389 1421 1442 1471 1493 1523 1544 1575 1597 1624 1644
95 115 135 173 194 215 254 276 297 340 361 382 420 440 460 506 528 549 585 606 627 671 693 714 750 772 793 838 859 880 917 938 959 1005 1026 1047 1085 1105 1125 1168 1189 1210 1248 1270 1290 1333 1355 1376 1414 1435 1456 1499 1521 1542 1580 1600 1620 1661 1683 1705 1745 1766 1787 1828 1849 1870 1913 1934 1955 1993 2013 2033 2077 2099 2120 2159 2181 2202 2240 2260 2280
2 4 0 1 0 1 1 0
2 5 1 1 1 0 0 1
2 6 1 1 0 0 1 0
2 7 1 1 1 0 1 1
2 9 1 0 1 1 0 0
2 10 0 0 1 1 1 0
2 11 1 0 0 1 1 0
2 12 1 0 0 1 0 1
2 14 1 1 0 0 1 0
2 15 1 1 1 1 1 1
2 16 0 1 1 1 1 0
2 17 1 0 1 0 0 1
2 18 0 0 0 0 1 0
2 20 1 0 0 1 1 0
2 21 0 1 0 0 0 1
2 22 0 1 0 0 0 0
2 24 0 0 0 0 1 1
2 25 1 0 1 1 1 1
2 27 0 1 1 0 1 1
2 28 0 0 0 0 1 1
2 29 1 0 1 1 0 1
2 30 0 0 1 1 0 0
2 31 0 1 1 0 0 0
3 2 0 1 1 0 1 0
3 3 0 0 1 1 1 1
3 4 1 0 0 0 0 0
3 5 0 0 0 0 1 0
3 7 0 0 0 0 1 1
3 8 1 0 1 1 1 1
3 10 0 1 1 0 1 1
3 11 0 0 0 0 1 1
3 12 1 0 1 1 0 1
3 13 0 0 1 1 0 0
3 14 0 1 1 0 0 0
3 16 0 0 1 0 0 1
3 17 0 0 1 1 1 1
3 18 1 0 0 0 0 0
3 20 1 0 0 1 1 0
3 22 0 1 1 1 1 0
3 23 1 0 1 0 0 1
3 24 1 1 0 0 1 0
3 25 1 0 1 1 0 1
3 27 0 0 0 0 1 1
3 28 0 0 1 0 0 0
3 29 0 1 1 1 1 0
3 30 1 0 1 0 0 1
4 2 0 0 1 1 1 1
4 3 1 1 0 0 0 0
4 4 1 1 0 1 0 0
4 5 0 0 1 1 1 1
4 6 1 0 0 0 0 0
4 7 0 0 1 0 0 1
4 8 0 0 1 1 1 1
4 9 1 1 0 1 1 0
4 11 1 1 0 1 1 0
4 12 1 0 0 1 0 1
4 14 0 0 1 1 1 1
4 15 1 0 0 0 0 0
4 16 1 1 0 0 0 0
4 17 1 0 0 0 0 0
4 18 0 0 1 0 0 1
4 19 1 0 0 0 1 0
4 20 0 0 0 0 0 1
4 21 0 1 1 0 0 0
4 22 0 0 0 0 1 0
4 23 0 1 1 0 0 0
6 4 0 1 1 1 1 0
6 5 0 1 1 0 1 0
6 6 1 1 1 0 0 0
6 7 0 1 0 0 1 0
7 4 0 0 0 0 1 1
7 5 0 0 1 0 0 0
7 6 0 0 1 1 1 1
7 7 1 0 0 0 0 0
7 8 0 0 0 0 0 1
7 9 0 1 1 0 0 0
7 11 1 1 1 1 0 0
7 12 0 1 1 0 1 0
7 13 1 0 1 0 0 1
7 14 1 1 0 0 1 0
7 15 1 0 0 1 0 1
7 17 0 0 0 0 1 1
7 18 1 0 1 1 1 1
7 20 0 1 1 0 1 1
7 21 0 0 0 0 1 1
7 22 1 0 1 1 0 1
7 23 0 0 1 1 0 0
7 24 0 1 1 0 0 0
7 26 0 1 1 0 1 0
7 28 1 0 0 0 0 0
7 29 0 0 0 0 1 0
8 2 0 0 0 0 1 1
8 3 1 0 1 1 1 1
8 5 0 1 1 0 1 1
8 6 0 0 0 0 1 1
8 7 1 0 1 1 0 1
8 8 0 0 1 1 0 0
8 9 0 1 1 0 0 0
8 11 0 0 1 0 0 1
8 12 0 0 1 1 1 1
8 13 1 0 0 0 0 0
8 15 1 0 0 1 1 0
8 17 1 0 1 0 0 0
8 18 0 1 0 1 0 1
8 19 1 0 1 0 0 0
8 20 1 1 1 0 1 1
8 22 1 1 0 1 0 0
8 23 0 1 1 0 0 1
8 24 1 1 0 0 1 0
8 25 1 0 1 1 0 1
8 26 0 0 0 1 0 0
8 28 1 0 0 1 1 0
8 29 0 1 0 1 1 1
8 30 1 1 1 1 1 0
8 31 0 0 1 0 1 1
9 2 0 0 1 0 0 1
9 3 0 0 1 1 0 0
9 4 1 1 1 0 1 1
9 5 0 0 0 1 0 0
9 7 1 0 0 1 1 0
9 8 1 0 0 0 0 1
9 9 1 0 0 1 1 0
9 10 1 0 0 1 0 1
9 12 1 1 0 1 1 0
9 13 0 1 0 0 0 1
9 15 1 0 0 0 1 1
9 17 1 0 0 0 1 1
9 18 0 0 1 0 1 1
9 19 1 0 1 1 0 0
9 20 0 1 0 0 0 1
9 21 0 0 0 0 1 0
9 22 0 0 1 0 0 0
10 4 0 0 0 0 1 1
10 5 0 0 1 0 0 0
10 6 0 0 1 1 1 1
10 7 1 1 0 0 0 0
10 8 0 0 0 0 0 1
10 9 0 1 1 0 0 0
10 11 1 1 1 1 0 0
10 12 0 1 1 0 1 0
10 13 1 0 1 0 0 1
10 14 1 1 0 0 1 0
10 15 1 0 0 1 0 1
10 17 0 0 0 0 1 1
10 18 1 0 1 1 1 1
10 20 0 1 1 0 1 1
10 21 0 0 0 0 1 1
10 22 1 0 1 1 0 1
10 23 0 0 1 1 0 0
10 24 0 1 1 0 0 0
10 26 0 1 1 0 1 0
10 27 0 0 1 1 1 1
10 28 1 0 0 0 0 0
10 29 0 0 0 0 1 0
11 2 0 0 0 0 1 1
11 3 1 0 1 1 1 1
11 5 0 1 1 0 1 1
11 6 0 0 0 0 1 1
11 7 1 0 1 1 0 1
11 8 0 0 1 1 0 0
11 9 0 1 1 0 0 0
11 11 0 0 1 0 0 1
11 12 0 0 1 1 1 1
11 13 1 0 0 0 0 0
11 15 0 0 1 1 0 1
11 17 1 1 1 1 0 0
11 18 0 1 1 0 1 0
11 19 1 0 1 0 0 1
11 20 1 1 0 0 1 0
11 21 1 0 0 1 0 1
11 23 0 0 0 0 1 1
11 24 1 0 1 1 1 1
11 26 0 1 1 0 1 1
11 27 0 0 0 0 1 1
11 28 1 0 1 1 0 1
11 29 0 0 1 1 0 0
11 30 0 1 1 0 0 0
12 2 1 1 0 0 1 1
12 4 1 0 0 0 1 1
12 5 0 0 1 0 1 1
12 6 1 0 1 1 0 0
12 7 0 1 0 0 0 1
12 9 1 1 0 1 1 0
12 10 1 1 0 1 1 1
12 11 1 1 0 0 1 0
12 12 0 1 0 1 0 0
12 13 0 0 0 0 1 0
12 14 0 0 1 0 0 0
14 4 1 0 1 0 0 0
14 5 0 1 0 0 0 1
14 6 0 1 0 1 0 0
14 8 1 1 0 1 0 0
14 9 0 0 1 0 1 0
14 10 1 1 0 0 1 0
14 11 1 0 0 1 0 1
14 12 0 0 0 0 1 0
14 14 1 1 0 0 0 0
14 15 0 0 1 0 1 0
14 17 1 1 1 1 0 0
14 18 0 1 1 0 1 0
14 19 1 0 1 0 0 1
14 20 1 1 0 0 1 0
14 21 1 0 0 1 0 1
14 23 0 0 0 0 1 1
14 24 1 0 1 1 1 1
14 26 0 1 1 0 1 1
14 27 0 0 0 0 1 1
14 28 1 0 1 1 0 1
14 29 0 0 1 1 0 0
14 30 0 1 1 0 0 0
15 2 1 1 0 0 1 0
15 3 1 0 1 1 0 1
15 4 1 0 0 0 1 1
15 5 0 1 1 0 0 1
15 7 1 1 1 1 0 0
15 8 1 0 0 0 0 1
15 9 0 1 0 1 0 0
15 11 0 0 1 1 1 1
15 12 1 0 0 0 0 0
15 13 0 0 1 0 0 1
15 14 1 1 0 1 1 0
15 15 0 1 0 0 0 1
15 17 1 0 0 1 1 0
15 18 1 1 1 0 0 1
15 19 0 1 0 1 1 1
15 20 0 0 0 0 1 0
15 22 1 1 0 1 1 0
15 23 1 1 0 0 1 1
15 25 1 0 0 1 1 0
15 26 0 1 0 0 0 1
15 27 1 0 0 1 1 0
15 28 0 1 1 0 1 0
15 30 1 1 1 1 0 0
15 31 0 1 1 0 1 0
16 2 0 0 1 0 0 1
16 3 1 0 1 0 0 1
16 4 1 1 0 0 1 0
16 5 1 0 0 1 0 1
16 7 0 0 0 0 1 1
16 8 1 0 1 1 1 1
16 10 0 1 1 0 1 1
16 11 0 0 0 0 1 1
16 12 1 0 1 1 0 1
16 13 0 0 1 1 0 0
16 14 0 1 1 0 0 0
16 16 0 1 1 0 1 0
16 17 0 0 1 1 1 1
16 18 1 0 0 0 0 0
16 19 0 0 0 0 1 1
16 21 1 1 0 0 0 0
16 22 0 0 1 0 1 0
16 24 1 1 1 1 0 0
16 25 0 1 1 0 1 0
16 26 1 0 1 0 0 1
16 27 1 1 0 0 1 0
16 28 1 0 0 1 0 1
16 30 0 0 0 0 1 1
16 31 1 0 1 1 1 1
17 2 0 1 1 0 1 1
17 3 0 0 0 0 1 1
17 4 1 0 1 1 0 1
17 5 0 0 1 1 0 0
17 6 0 1 1 0 0 0
17 8 1 1 0 0 1 0
17 9 1 0 1 1 0 1
17 10 1 1 0 0 1 0
17 11 1 1 0 1 0 1
17 13 1 1 1 1 0 0
17 14 1 0 0 0 0 1
17 15 0 1 0 1 0 0
17 17 0 0 1 1 1 1
17 18 1 0 0 0 0 0
17 19 0 0 1 0 0 1
17 20 1 1 0 1 1 0
17 21 0 1 0 0 0 1
17 23 1 0 0 1 1 0
17 24 1 1 1 0 0 1
17 25 0 1 0 1 1 1
17 26 0 0 0 0 1 0
17 28 1 1 0 1 1 0
17 29 1 1 0 0 1 1
18 2 1 0 0 1 1 0
18 3 0 1 0 0 0 1
18 4 1 0 0 1 1 0
18 5 0 1 1 0 1 0
18 7 1 1 1 1 0 0
18 8 0 1 1 0 1 0
18 9 1 0 1 0 0 1
18 10 1 1 0 0 1 0
18 11 1 0 0 1 0 1
18 13 0 0 0 0 1 1
18 14 1 0 1 1 1 1
18 16 0 1 1 0 1 1
18 17 0 0 0 0 1 1
18 18 1 0 1 1 0 1
18 19 0 0 1 1 0 0
18 20 0 1 1 0 0 0
18 22 0 0 1 0 0 1
18 23 0 0 1 1 1 1
18 24 1 0 0 0 0 0
18 25 0 0 0 0 1 0
18 26 0 1 1 0 0 0
20 4 0 1 1 1 0 0
20 5 1 0 1 0 0 0
20 6 0 1 1 0 1 0
21 4 1 1 0 0 0 0
21 5 0 0 1 0 1 0
21 7 1 1 1 1 0 0
21 8 0 1 1 0 1 0
21 9 1 0 1 0 0 1
21 10 1 1 0 0 1 0
21 11 1 0 0 1 0 1
21 13 0 0 0 0 1 1
21 14 1 0 1 1 1 1
21 16 0 1 1 0 1 1
21 17 0 0 1 1 1 1
21 18 1 1 0 0 0 0
21 19 0 0 0 0 1 1
21 20 1 0 1 1 0 1
21 21 0 0 1 1 0 0
21 22 0 1 1 0 0 0
21 24 1 1 0 0 1 0
21 25 1 0 1 1 0 1
21 26 1 0 0 0 1 1
21 27 0 1 1 0 0 1
21 29 1 1 1 1 0 0
21 30 1 0 0 0 0 1
21 31 0 1 0 1 0 0
22 2 0 0 1 1 1 1
22 3 1 0 0 0 1 0
22 4 0 0 1 0 0 1
22 5 1 1 0 1 1 0
22 6 0 1 0 0 0 1
22 8 1 0 0 1 1 0
22 9 1 1 1 0 0 1
22 10 0 1 0 1 1 1
22 11 0 0 0 0 1 0
22 13 1 1 0 0 1 0
22 14 0 1 0 1 1 1
22 16 1 0 0 1 1 0
22 17 0 1 0 0 0 1
22 18 1 0 0 1 1 0
22 19 0 1 1 0 1 0
22 21 1 0 1 1 1 0
22 22 0 0 1 0 1 0
22 23 0 0 1 0 0 0
22 24 0 1 1 1 1 0
22 25 0 0 1 1 1 0
22 27 1 1 1 1 0 0
22 28 0 1 1 0 1 0
22 29 1 0 1 0 0 1
23 2 0 0 1 0 0 1
23 3 1 1 0 0 1 0
23 4 1 0 0 1 0 1
23 5 0 0 0 0 1 0
23 6 0 0 1 0 0 0
23 7 1 1 0 0 1 0
23 8 1 0 1 1 0 1
23 9 1 1 0 0 1 0
23 10 1 1 0 1 0 1
23 12 1 1 1 1 0 0
23 13 1 0 0 0 0 1
23 14 0 1 0 1 0 0
23 16 0 0 1 1 1 1
23 17 1 0 0 1 0 0
23 18 0 1 0 0 0 0
23 19 1 0 0 1 1 0
23 20 0 0 1 0 0 1
23 21 1 1 0 1 1 0
23 22 0 1 0 0 0 1
23 24 1 0 0 1 1 0
23 25 1 1 1 0 0 1
23 26 0 1 0 1 1 1
23 28 1 0 1 1 1 0
23 29 0 1 0 0 0 1
23 30 0 0 0 0 1 0
23 31 0 0 1 0 0 0
25 4 1 1 1 0 0 0
25 5 1 0 0 1 0 1
25 6 1 1 0 0 1 0
25 7 0 1 0 1 0 0
26 4 1 0 1 0 1 1
26 5 0 1 0 1 0 1
26 7 0 1 1 1 1 0
26 8 0 1 0 0 1 1
26 9 0 1 0 0 0 0
26 10 0 1 0 1 0 0
26 12 0 0 1 1 0 0
26 13 0 1 0 0 0 0
26 14 1 1 0 1 1 0
26 15 0 0 1 0 1 0
26 17 1 0 1 0 1 1
26 18 1 0 1 0 1 0
26 19 1 1 0 0 0 0
26 20 0 0 1 1 1 0
26 21 1 1 0 0 1 0
26 22 0 1 0 1 0 0
26 24 0 0 1 1 0 0
26 25 0 1 0 0 1 1
26 26 0 0 0 0 1 0
26 28 1 1 0 0 1 0
26 29 1 1 1 1 1 1
26 30 1 1 1 1 1 0
26 31 1 0 1 0 0 1
7 27 0 0 1 1 1 1
