0.10
38 58 86 107 137 158 189 211 241 263 293 315 346 366 397 418 449 470 501 522 552 574 604 626 656 677 708 729 760 782 811 833 863 884 915 936 967 988 1018 1040 1070 1092 1123 1144 1174 1196 1226 1247 1278 1299 1329 1351 1381 1402 1433 1455 1485 1506 1537 1558 1589 1609 1636 1656
60 80 100 138 159 181 219 239 259 306 327 348 386 408 429 470 492 513 554 575 597 636 657 679 720 741 762 802 823 845 886 907 928 968 990 1010 1052 1073 1095 1134 1155 1177 1217 1238 1260 1299 1320 1342 1383 1404 1426 1466 1487 1508 1549 1570 1592 1631 1653 1674 1715 1736 1758 1799 1820 1842 1883 1904 1926 1964 1986 2007 2048 2069 2090 2132 2153 2175 2213 2233 2253
1 12 0 0 0 0 0 0
2 12 1 1 0 0 0 0
2 13 0 0 1 0 1 1
2 14 1 0 0 1 0 0
2 15 0 1 0 0 0 1
2 17 1 0 0 1 1 0
2 18 0 1 1 0 1 0
2 19 1 1 0 0 0 1
2 20 0 0 1 0 0 0
4 4 1 0 1 0 0 0
4 5 1 1 0 0 0 1
4 6 0 1 0 1 0 1
4 8 1 0 0 1 1 0
4 10 0 1 1 1 1 0
4 11 0 1 0 0 1 1
4 12 1 1 0 0 1 0
4 13 0 1 1 1 1 1
4 14 0 0 0 0 1 0
4 16 1 1 0 0 1 0
4 17 1 1 0 0 0 1
4 18 1 1 0 0 1 0
4 19 0 1 1 1 1 1
4 20 1 0 1 0 0 0
4 21 0 1 0 1 0 0
4 23 1 1 0 0 1 1
4 24 0 1 1 0 0 0
4 26 1 0 1 0 0 0
4 27 0 1 0 1 0 0
4 28 1 0 0 0 1 1
4 29 0 0 1 0 0 0
5 2 1 1 1 0 0 0
5 3 0 1 0 0 0 1
5 4 0 0 0 0 1 0
5 5 0 1 1 0 0 0
6 4 1 0 1 1 1 0
6 5 0 1 0 0 0 0
6 7 1 1 0 1 1 0
6 8 1 0 1 1 0 1
6 9 0 0 1 1 1 0
6 11 1 1 0 0 1 0
6 12 0 1 1 1 1 1
6 13 1 1 0 0 1 0
6 14 0 1 0 1 0 0
6 16 1 0 0 1 1 0
6 18 0 0 1 1 0 0
6 19 0 1 0 0 0 1
6 20 1 1 0 0 0 0
6 21 0 0 1 0 1 1
6 23 1 0 0 0 1 0
6 24 1 0 1 0 0 1
6 26 1 0 0 0 1 1
6 28 1 0 1 0 1 0
6 29 1 0 1 1 0 0
6 30 0 0 1 0 1 1
7 2 1 1 0 1 1 0
7 3 0 0 1 0 1 1
7 4 1 1 0 1 1 0
7 5 0 0 1 1 0 1
7 7 0 0 0 0 1 0
7 8 0 0 1 0 0 1
7 9 1 0 1 0 0 0
7 10 1 1 1 1 0 1
7 11 0 1 0 1 1 0
7 12 0 1 1 0 0 0
7 13 0 0 1 1 0 0
7 14 0 1 1 0 0 0
7 16 0 1 0 1 0 0
7 17 0 1 1 0 0 0
7 18 1 0 1 0 0 1
7 20 1 1 0 1 1 0
7 21 0 0 1 1 1 0
7 22 0 0 1 1 0 1
7 24 1 0 0 0 1 1
7 25 1 0 1 0 0 1
7 26 1 1 0 0 1 0
7 27 0 1 1 1 1 1
7 29 1 0 1 0 0 0
7 30 0 1 0 0 0 1
8 2 0 0 1 0 0 1
8 3 1 1 1 1 1 0
8 4 0 0 1 1 1 1
8 6 1 1 0 0 0 0
8 7 0 0 1 1 1 0
8 8 0 0 1 1 0 0
8 9 0 1 0 0 1 0
8 11 0 0 0 0 1 1
8 12 0 0 1 0 0 0
8 13 1 0 0 0 1 1
8 14 0 1 0 0 0 0
8 15 1 0 0 1 0 1
8 16 0 1 1 0 0 0
8 17 1 1 0 1 1 0
8 18 0 1 1 0 1 0
8 19 0 0 0 0 0 1
8 20 0 1 1 0 0 0
8 21 0 0 1 0 0 1
8 22 0 1 0 0 0 0
8 24 1 1 0 0 0 0
8 25 1 0 0 1 0 1
8 26 1 1 0 0 1 0
8 27 1 0 0 0 1 0
8 29 1 0 0 1 1 0
9 2 1 0 0 0 1 1
9 3 0 1 0 0 0 0
9 4 1 0 0 1 0 1
9 6 1 1 0 1 1 0
9 7 0 0 1 1 1 0
9 8 1 0 1 0 0 0
9 9 0 1 0 0 0 1
9 11 1 0 1 0 0 1
9 12 0 0 0 0 1 0
9 14 0 0 1 1 0 0
9 15 0 1 0 0 0 1
9 17 1 0 0 0 1 1
9 20 0 1 0 1 0 0
9 22 1 0 1 0 1 1
9 23 0 1 0 1 0 1
9 25 1 0 1 0 0 0
9 26 0 1 0 1 0 0
9 27 0 0 1 0 0 1
9 28 1 1 0 1 1 0
9 29 1 1 0 0 1 1
9 30 1 0 1 1 1 0
9 31 1 0 0 1 0 1
10 2 0 0 1 0 0 1
10 3 1 1 0 1 1 0
10 4 0 1 0 1 0 0
10 6 0 0 1 1 1 0
10 8 1 1 0 0 1 0
10 9 0 1 1 1 1 1
10 10 1 1 0 0 1 0
10 11 0 1 0 1 0 0
10 13 1 0 0 1 1 0
10 15 1 1 1 0 0 0
10 16 1 1 0 0 1 1
10 17 1 0 0 1 0 0
10 18 0 1 0 0 0 1
10 20 1 0 0 0 1 1
10 21 1 0 1 0 0 1
10 22 1 1 0 0 1 0
10 23 0 1 1 1 1 1
10 25 1 1 0 1 1 0
10 26 0 0 1 1 1 0
10 27 1 0 1 0 0 0
10 28 0 1 0 0 0 1
10 29 1 0 0 0 1 1
10 30 1 0 1 0 0 1
11 2 0 0 1 1 0 0
11 3 0 1 0 0 1 1
11 5 1 0 0 1 1 0
11 7 1 0 1 0 1 1
11 8 0 1 0 1 1 1
11 9 1 1 0 0 1 0
11 10 1 1 1 0 1 1
11 12 0 1 0 1 0 0
11 13 1 0 0 1 0 0
11 14 0 1 0 0 0 1
11 15 0 0 0 0 1 0
11 16 0 1 1 0 0 0
12 6 1 0 1 0 0 0
12 7 1 0 0 1 0 1
12 8 1 0 1 0 0 1
12 9 0 0 1 0 0 0
12 10 1 0 0 1 0 0
12 11 0 1 0 0 0 1
12 13 0 1 0 1 0 0
12 15 0 0 0 0 1 0
12 17 0 0 1 1 0 0
12 18 0 1 0 0 0 1
12 19 1 0 0 1 0 0
12 20 0 1 0 0 0 1
12 22 1 0 0 0 1 1
12 23 1 0 1 0 0 1
12 25 1 1 0 1 1 0
12 26 1 0 1 1 0 1
12 28 1 1 0 1 1 0
12 29 0 1 0 1 0 0
12 30 1 1 0 0 1 0
12 31 0 0 1 1 0 1
13 2 1 1 0 0 0 0
13 3 1 1 1 0 0 1
13 5 1 0 1 1 1 0
13 6 0 1 0 1 0 0
13 8 1 1 1 1 1 0
13 9 0 0 1 1 1 1
13 10 1 0 1 0 1 1
13 11 1 0 1 0 1 0
13 13 0 0 0 1 1 0
13 14 1 1 0 1 1 0
13 15 1 1 0 1 1 1
13 16 1 1 1 1 1 0
13 17 0 0 1 0 1 0
13 18 0 0 0 1 1 0
13 20 0 0 0 1 1 0
13 21 0 1 1 1 0 0
13 22 1 0 1 0 0 0
13 23 0 1 1 0 1 0
13 24 0 0 0 1 1 0
13 26 0 0 0 1 1 0
13 27 0 1 1 1 1 0
13 28 1 1 1 0 0 1
13 29 1 1 0 1 1 0
13 30 1 1 0 0 1 1
13 31 0 0 0 1 1 0
14 3 0 1 1 1 1 0
14 4 0 1 1 0 1 0
14 5 1 1 1 0 0 0
14 6 0 1 0 0 1 0
14 7 0 0 0 1 1 0
14 9 0 0 0 1 1 0
14 10 1 1 0 1 1 0
14 11 0 1 0 1 1 1
14 12 1 0 1 1 1 0
14 13 0 0 1 0 1 0
14 14 0 0 0 1 1 0
14 16 0 0 1 1 0 0
14 18 0 0 1 1 0 0
14 19 1 1 1 0 1 1
14 20 0 0 0 0 1 0
14 21 0 1 1 0 0 0
14 22 1 0 0 1 0 0
14 23 0 1 0 0 1 1
14 25 1 0 0 0 1 1
14 26 0 0 1 0 1 1
14 27 1 1 0 0 0 0
14 28 1 0 0 1 0 1
14 30 1 0 0 1 1 0
15 2 1 0 0 0 1 1
15 3 0 1 0 0 0 0
15 4 1 1 0 1 1 0
15 5 0 1 0 1 0 0
15 7 0 1 0 0 1 0
15 8 0 1 1 1 1 0
15 9 0 1 0 1 0 0
15 11 1 1 1 1 1 0
15 12 1 0 1 0 0 1
15 13 1 1 0 1 0 0
15 14 0 0 1 0 1 0
15 15 0 0 0 0 1 0
15 17 1 0 1 0 1 1
15 18 0 1 0 1 0 1
15 20 1 0 0 0 1 1
15 21 1 0 1 0 0 1
15 22 1 1 0 0 1 0
15 23 0 1 1 1 1 1
15 25 1 0 0 1 1 0
15 27 1 1 0 0 1 0
15 28 0 1 0 1 0 1
15 29 1 0 1 1 0 1
16 2 1 1 1 0 0 0
16 3 0 1 0 1 0 0
16 5 1 1 1 1 1 0
16 6 0 0 1 1 1 1
16 7 1 1 0 1 0 0
16 8 0 0 1 0 1 1
16 9 1 1 1 1 0 0
16 10 0 1 0 0 0 1
16 11 1 1 1 0 0 0
16 12 0 1 1 0 0 1
16 13 0 0 0 0 1 0
16 15 1 0 1 0 0 0
16 16 0 0 1 1 0 1
16 18 0 1 1 1 1 0
16 19 1 1 1 0 0 1
16 20 0 1 1 1 0 0
16 21 1 0 1 0 1 0
16 22 0 0 0 1 0 0
16 24 1 1 0 1 0 0
16 25 0 0 1 0 1 0
16 26 1 1 0 0 1 0
16 27 1 0 0 1 0 1
16 29 1 0 0 0 1 1
16 30 1 0 1 0 0 1
17 2 0 0 1 0 0 1
17 3 1 1 0 0 1 0
17 6 1 0 0 1 1 0
17 8 0 1 1 0 1 0
17 9 0 1 1 0 0 0
17 10 1 0 1 1 0 0
17 11 0 1 0 1 0 0
17 12 0 0 0 0 1 1
17 14 1 0 1 1 1 0
17 15 0 1 0 1 0 0
17 17 1 1 0 0 1 0
17 18 0 1 0 1 0 1
17 19 0 0 1 1 1 0
17 21 1 0 0 1 1 1
17 23 1 1 0 0 1 0
17 24 0 1 1 1 1 1
17 25 1 0 0 1 1 0
17 26 0 1 1 0 1 0
17 28 1 0 0 1 1 0
17 30 1 1 0 0 0 0
17 31 0 0 1 0 1 1
18 2 0 0 1 0 0 1
18 3 1 1 1 0 0 0
18 4 1 0 0 0 0 1
18 6 1 0 1 0 0 0
18 7 0 0 1 1 0 1
18 9 1 1 0 1 1 0
18 10 1 0 0 0 1 0
18 11 1 1 0 1 1 0
18 12 0 1 1 1 1 1
18 14 0 0 0 1 1 0
18 15 1 1 0 1 0 0
18 16 1 0 1 0 0 1
18 17 1 1 0 0 1 0
18 18 0 1 0 1 0 0
18 20 1 1 0 1 1 0
18 21 0 1 0 0 1 1
18 22 1 1 0 1 1 0
18 23 1 0 1 0 0 1
18 24 0 0 0 1 1 0
18 26 0 0 0 1 1 0
18 27 1 0 1 0 1 1
18 28 0 1 0 0 1 1
18 29 1 1 0 0 1 0
18 30 0 1 0 0 0 1
19 2 0 0 0 1 1 1
19 3 0 1 1 0 0 0
19 4 1 0 0 1 1 1
19 5 0 0 0 1 1 0
19 7 0 0 0 1 1 0
19 8 0 1 1 1 1 0
19 9 1 0 1 0 1 0
19 10 1 1 0 1 1 0
19 11 0 1 1 0 1 1
19 14 1 1 1 0 0 1
19 15 0 1 1 1 0 0
19 16 1 0 1 0 1 0
19 17 0 0 0 1 1 0
19 19 1 0 0 1 1 0
19 20 0 0 1 1 1 1
19 22 1 1 0 0 0 0
19 23 1 0 1 0 0 1
19 24 0 1 1 1 1 0
19 25 0 1 0 0 1 1
19 27 1 0 0 1 0 0
19 28 0 0 1 1 1 1
19 29 1 0 0 1 0 0
19 30 0 1 1 0 0 0
20 2 1 0 0 1 1 0
20 4 0 1 0 0 1 0
20 5 0 1 1 1 1 0
20 6 0 1 0 1 0 0
20 7 0 0 0 0 1 1
20 9 1 0 1 1 1 0
20 10 0 1 0 0 0 0
20 12 1 0 1 0 0 0
20 13 0 1 0 0 0 1
20 14 0 1 0 1 0 0
20 16 1 1 0 0 1 1
20 18 1 1 0 0 1 0
20 19 1 1 1 1 0 1
20 20 1 0 1 0 1 1
20 21 0 1 0 0 0 1
20 23 1 0 0 1 1 0
20 24 0 1 0 0 0 1
20 26 1 1 0 1 1 0
20 27 1 1 0 0 0 1
20 28 1 1 0 0 1 0
20 29 1 0 0 0 0 1
21 2 0 0 0 1 1 0
21 3 1 0 0 0 1 1
21 4 1 0 1 0 0 1
21 5 1 1 0 0 1 0
21 6 0 1 1 1 1 1
21 8 1 1 0 0 1 0
21 9 1 0 1 0 1 0
21 10 1 0 0 1 1 0
21 11 0 1 0 0 1 1
21 12 0 0 0 1 1 0
21 13 0 0 0 0 1 1
21 15 0 1 0 1 1 0
21 16 1 0 1 0 0 1
21 17 1 1 0 1 1 0
21 18 1 0 1 0 1 0
21 20 1 1 0 0 1 1
21 22 1 1 0 0 1 0
21 23 1 0 0 0 0 1
21 24 1 0 1 0 0 0
21 25 0 0 1 1 0 1
21 26 0 0 0 0 1 0
21 28 1 0 1 1 1 0
21 29 0 1 0 1 0 0
21 31 1 0 0 0 1 0
22 2 1 0 1 0 0 0
22 3 0 1 0 0 0 1
22 4 0 1 0 1 0 0
22 6 1 0 0 1 1 0
22 7 0 1 1 0 1 0
22 9 0 0 0 1 1 0
22 10 0 1 1 1 1 1
22 11 0 1 1 0 0 0
22 12 1 0 0 1 1 0
22 13 1 0 1 0 0 1
22 15 0 0 1 1 0 1
22 17 0 1 1 1 0 0
22 18 1 0 1 0 0 0
22 19 0 1 1 0 1 0
22 20 0 0 0 1 1 0
22 22 0 0 0 1 1 0
22 23 1 1 0 1 1 0
22 24 1 1 0 1 1 1
22 25 1 1 1 1 1 0
22 26 0 0 1 0 1 0
22 28 0 0 1 1 0 1
22 30 1 0 0 1 0 0
22 31 0 1 0 1 0 1
23 2 0 0 1 0 0 1
23 3 1 1 0 0 1 0
23 4 1 0 1 1 0 1
23 5 0 0 0 1 1 0
23 8 1 0 0 0 1 1
23 9 0 1 0 0 0 0
23 10 1 0 0 1 0 1
23 12 0 0 1 1 0 1
23 13 0 0 0 0 0 0
23 15 1 1 1 0 0 1
23 16 1 1 0 1 1 0
23 17 1 1 0 0 1 1
23 18 0 0 0 1 1 0
23 20 0 0 0 1 1 0
23 21 1 1 0 0 1 0
23 22 1 1 0 0 0 1
23 23 1 1 0 0 1 0
23 24 0 1 0 1 0 0
23 26 1 1 0 0 1 0
23 27 0 1 0 1 0 0
23 28 1 0 0 0 1 1
23 29 1 0 1 0 0 1
24 2 1 0 0 0 0 1
24 3 0 1 1 0 0 0
24 4 1 0 0 1 1 1
24 5 0 0 0 1 1 0
24 7 0 0 1 1 0 0
24 8 0 1 0 0 0 1
24 9 1 1 0 0 1 0
24 10 1 0 0 0 1 0
24 12 1 1 0 0 1 0
24 13 1 1 1 1 0 1
24 14 1 1 0 0 1 0
24 15 0 1 1 1 1 1
24 18 0 1 1 1 0 1
24 19 0 1 0 1 1 0
24 20 0 1 0 0 1 1
24 22 0 0 1 1 0 0
24 23 0 1 0 0 1 1
24 25 1 0 1 0 0 0
24 26 0 0 1 1 0 1
24 28 1 0 1 0 0 0
24 29 1 1 1 0 0 1
24 30 1 0 1 0 0 0
24 31 1 1 1 0 0 1
25 2 1 1 0 1 1 0
25 3 0 0 1 1 1 1
25 5 1 1 0 1 1 0
25 6 0 1 1 0 1 1
25 7 1 0 1 0 0 0
25 8 1 0 1 0 1 0
25 10 1 0 0 1 1 0
25 12 1 0 0 0 1 1
25 13 1 0 1 0 0 1
25 14 1 1 0 0 1 0
25 15 0 1 1 1 1 1
25 17 1 0 0 0 1 1
25 18 0 1 1 0 0 0
25 19 1 1 0 1 1 0
25 20 1 0 0 0 1 0
25 21 0 0 0 0 1 0
25 22 0 1 1 0 0 0
25 23 0 1 1 1 1 0
25 24 0 1 0 0 1 1
25 25 1 1 0 1 1 0
25 26 1 0 1 0 1 0
25 28 0 1 1 1 1 0
25 29 1 1 1 0 0 1
26 2 0 0 1 0 0 1
26 3 0 1 1 1 0 0
26 4 1 0 1 0 1 0
26 5 0 0 0 1 0 0
26 7 1 1 1 1 1 0
26 8 0 1 1 0 0 1
26 9 1 0 0 0 1 1
26 10 0 1 1 0 0 0
26 11 0 0 0 0 1 0
26 13 1 1 0 0 1 0
26 14 1 0 1 1 0 1
26 15 1 1 0 0 1 0
26 16 1 1 0 0 0 1
26 19 0 1 0 1 0 0
26 21 1 0 0 1 1 0
26 23 1 0 0 1 0 0
26 24 0 1 0 0 1 1
26 25 1 0 1 1 0 0
26 26 1 0 0 0 0 1
26 28 1 0 0 1 0 0
26 29 0 1 0 1 0 1
26 30 0 0 1 1 0 0
26 31 0 1 1 0 0 0
27 30 0 0 0 0 0 1
27 31 0 1 0 0 0 0
9 10 1 0 0 0 1 1
9 19 1 0 1 1 1 0
12 4 0 0 1 1 0 1
12 14 1 0 1 1 0 1
14 2 0 0 0 1 1 0
17 4 0 1 1 1 1 1
19 13 0 1 1 1 1 0
26 18 1 0 1 1 1 0
23 7 0 0 0 1 1 0
23 14 0 1 1 1 1 0
24 17 1 0 1 1 1 0
