0.10
21 42 73 94 125 147 176 197 228 249 281 301 331 352 384 405 435 456 487 508 539 559 590 611 642 663 693 715 745 766 797 819 850 870 901 922 953 974 1005 1025 1056 1077 1107 1129 1159 1180 1211 1232 1263 1285 1315 1336 1367 1388 1419 1440 1470 1491 1522 1544 1575 1596 1627 1648
56 77 98 138 159 180 223 244 266 306 326 348 387 408 430 470 492 514 555 575 597 638 658 680 721 742 764 803 824 846 887 908 930 969 990 1012 1053 1074 1096 1135 1155 1177 1218 1239 1260 1299 1320 1342 1383 1404 1425 1465 1485 1507 1547 1569 1590 1629 1650 1672 1712 1733 1754 1795 1816 1838 1878 1899 1921 1960 1981 2002 2043 2064 2085 2126 2148 2169 2209 2231 2251 2291 2312 2333
2 4 0 0 1 1 0 1
2 5 0 1 1 1 0 0
2 6 0 0 1 0 1 1
2 7 0 1 1 1 0 0
2 9 1 1 1 0 1 0
2 10 1 1 0 1 0 0
2 12 1 1 1 0 1 0
2 13 0 1 0 1 1 0
2 15 1 0 1 1 0 1
2 16 1 1 0 1 1 0
2 18 1 0 0 0 1 0
2 19 1 1 0 1 0 1
2 21 0 1 0 0 0 0
2 22 0 0 1 0 1 1
2 23 1 0 0 0 0 1
2 24 1 0 0 0 1 0
2 26 0 0 1 0 1 0
2 27 1 0 0 0 0 1
2 29 0 0 1 0 1 0
2 30 0 0 0 1 1 1
2 31 0 0 1 0 0 1
3 4 1 1 1 1 0 0
3 5 1 0 0 0 1 0
3 6 0 0 0 1 1 1
3 8 0 0 1 1 0 0
3 9 0 0 0 1 1 0
3 11 0 1 0 0 0 0
3 12 0 1 0 1 0 0
3 13 1 1 0 1 1 0
3 14 1 0 0 0 1 0
3 15 0 0 0 1 1 1
3 17 1 1 0 1 0 0
3 19 0 0 1 0 1 0
3 20 0 0 0 1 0 1
3 21 0 1 1 0 0 1
3 22 0 1 1 1 0 0
3 24 1 1 1 0 0 1
3 25 1 1 0 1 1 0
3 27 0 1 1 1 1 0
3 29 1 0 0 0 1 0
3 30 1 1 0 0 1 1
3 31 0 1 0 0 1 0
4 5 0 0 0 0 1 1
4 6 0 1 0 0 0 0
4 7 1 0 0 0 1 0
4 8 1 1 0 0 1 1
4 9 0 1 0 0 1 0
4 11 1 0 0 0 1 0
4 12 1 1 0 1 1 0
4 13 0 0 0 0 1 0
4 14 0 1 1 1 0 0
4 16 0 1 0 1 0 0
4 17 0 1 0 1 1 0
4 18 1 0 0 0 1 0
4 20 1 1 1 0 1 1
4 21 1 1 0 1 1 0
4 22 0 1 0 1 0 0
4 23 1 1 0 1 1 0
4 25 1 0 1 0 0 1
4 26 0 0 0 1 0 1
4 28 0 0 0 0 1 1
4 29 1 0 0 0 1 1
4 30 1 0 1 1 0 1
4 31 0 1 0 1 1 0
5 5 0 1 1 1 0 0
5 7 0 0 1 1 0 1
5 8 1 1 0 1 0 0
5 9 1 1 0 0 0 1
5 10 1 1 0 1 1 0
5 12 0 1 0 1 0 1
5 13 0 1 0 1 1 0
5 15 0 0 1 1 0 1
5 16 1 1 0 1 0 0
5 17 0 0 1 0 1 1
5 18 1 1 0 1 1 1
5 20 1 1 0 1 0 0
5 22 1 0 0 0 1 0
5 23 1 1 0 0 1 1
5 24 0 0 1 1 0 1
5 26 0 0 1 1 0 1
5 27 0 0 0 1 1 1
5 28 0 0 1 0 1 0
5 29 1 0 0 1 0 0
6 4 1 1 0 1 0 0
6 6 0 1 0 0 1 1
6 7 1 1 0 1 0 0
6 8 0 0 0 0 1 1
6 9 1 0 1 0 0 1
6 11 0 0 1 0 1 1
6 12 1 1 0 1 1 1
6 13 0 0 1 1 0 0
6 14 1 1 0 1 1 0
6 16 0 1 1 0 1 0
6 17 1 0 0 0 0 1
6 19 0 1 0 1 0 1
6 20 0 1 0 1 1 0
6 21 1 1 1 0 0 1
6 22 0 1 1 1 0 0
6 24 0 0 1 0 1 1
6 25 1 1 0 1 1 1
6 26 0 0 0 0 1 1
6 27 1 1 0 0 1 0
6 29 0 1 1 0 0 1
6 30 1 0 0 1 0 1
6 31 0 1 0 1 0 1
7 3 0 0 0 0 0 1
7 4 1 0 0 0 1 0
7 6 1 0 0 0 1 0
7 7 1 1 0 1 0 1
7 9 0 1 0 0 0 0
7 10 0 1 1 0 1 0
7 11 1 0 0 0 0 1
7 13 1 0 0 0 1 0
7 14 0 1 0 1 1 0
7 15 1 1 1 0 1 1
7 16 0 1 0 1 1 0
7 18 1 1 0 1 0 0
7 20 1 0 1 1 0 0
7 21 1 0 0 1 0 1
7 22 1 0 1 1 0 0
7 23 0 0 0 1 0 1
7 25 1 0 1 0 1 0
7 26 0 1 1 1 0 1
7 28 0 1 0 0 0 0
7 29 1 0 0 0 1 0
7 30 0 1 0 0 1 1
7 31 0 1 0 0 1 0
8 3 1 0 1 0 1 0
8 4 0 0 0 1 1 1
8 6 1 0 0 0 1 1
8 7 1 0 1 1 0 1
8 8 0 1 0 1 1 0
8 10 0 1 0 1 0 1
8 11 0 1 0 1 1 0
8 13 1 1 1 0 0 1
8 14 1 1 0 1 0 0
8 15 1 0 1 1 1 1
8 16 0 0 0 1 0 1
8 18 1 1 1 1 0 0
8 19 1 0 0 0 1 0
8 20 0 0 0 1 1 1
8 22 0 1 0 1 0 0
8 23 0 1 0 1 1 0
8 24 1 0 0 0 1 0
8 26 0 0 1 0 1 0
8 27 0 0 0 1 1 1
8 28 1 0 0 0 1 0
8 29 0 1 0 1 1 0
8 30 1 1 1 0 1 1
8 31 0 1 0 1 1 0
9 2 0 0 1 0 1 0
9 3 1 1 0 1 1 0
9 4 1 0 1 1 0 1
9 5 0 0 0 1 1 1
9 7 0 1 0 0 1 1
9 8 1 1 0 1 0 0
9 9 0 0 0 0 1 1
9 10 1 1 1 1 0 0
9 12 1 1 0 0 0 1
9 14 0 1 1 1 1 1
9 15 1 1 0 1 0 0
9 17 0 0 1 1 1 1
9 18 1 1 0 1 0 0
9 20 0 1 0 0 0 0
9 21 0 1 0 0 0 1
9 22 1 0 0 1 1 0
9 23 0 0 1 0 1 1
9 24 1 0 0 1 1 0
9 26 1 1 0 1 0 0
9 28 1 0 1 1 0 1
9 29 0 0 0 1 1 1
9 30 0 0 1 0 1 0
9 31 1 0 0 1 0 0
10 4 1 0 1 1 0 1
10 5 1 1 0 1 1 0
10 7 1 1 0 0 0 0
10 8 0 0 1 1 0 1
10 9 0 1 1 1 0 0
10 10 0 0 1 1 1 1
10 11 0 1 0 1 1 0
10 13 1 1 0 0 0 1
10 14 1 1 0 1 1 0
10 15 0 0 1 1 1 1
10 16 1 0 0 0 1 1
10 18 1 1 0 0 0 1
10 19 1 1 0 1 1 0
10 20 1 1 1 0 1 0
10 21 1 1 0 0 1 0
10 22 1 1 0 0 0 0
10 24 0 0 0 0 1 1
10 25 0 1 0 0 0 0
10 26 0 0 1 1 0 0
10 27 0 1 0 1 1 0
10 28 1 1 0 0 0 1
10 29 1 1 0 1 1 0
10 30 0 0 1 1 1 1
10 31 1 0 0 0 1 1
11 3 1 1 0 1 0 0
11 5 0 1 1 0 1 0
11 6 1 0 0 0 0 1
11 8 0 0 1 1 0 0
11 9 0 1 0 1 1 0
11 10 1 1 0 0 0 1
11 11 1 1 0 1 1 0
11 12 0 0 1 1 1 1
11 13 1 0 0 0 1 1
11 15 1 1 0 0 0 1
11 16 1 1 0 1 1 0
11 17 0 0 0 0 1 0
11 18 1 0 0 0 0 1
11 20 0 1 1 1 1 0
11 21 1 1 0 1 1 0
11 22 1 0 1 1 0 0
11 24 1 0 1 0 0 1
11 25 0 0 0 1 0 1
11 27 1 0 0 0 1 0
11 28 1 1 0 1 0 1
11 30 1 0 1 0 1 0
11 31 1 1 0 1 0 0
12 2 1 0 1 1 0 0
12 3 0 0 0 1 1 0
12 4 0 0 1 0 1 1
12 5 1 0 0 1 1 0
12 7 0 1 1 0 0 1
12 8 0 1 0 1 1 0
12 10 1 0 0 0 1 0
12 11 0 0 1 0 1 0
12 12 0 0 0 1 0 1
12 14 0 1 0 0 0 1
12 15 1 1 0 0 1 1
12 16 1 0 0 0 0 0
12 18 1 1 1 1 0 0
12 19 1 0 0 0 1 0
12 20 0 0 0 1 1 1
12 22 0 1 0 0 0 0
12 23 1 0 0 0 1 0
12 24 0 1 0 1 1 0
12 25 1 1 1 1 1 0
12 26 1 1 0 1 1 0
12 28 1 1 0 0 0 1
12 29 1 1 0 1 1 0
12 30 1 0 1 1 0 0
12 31 0 0 0 1 1 0
13 2 0 0 1 0 1 0
13 3 1 0 0 1 0 0
13 5 1 1 0 1 0 0
13 7 1 1 1 1 1 0
13 8 1 1 0 1 1 0
13 9 0 1 1 1 1 0
13 11 0 0 1 1 0 0
13 12 0 1 0 1 1 0
13 13 1 1 0 0 0 1
13 14 1 1 0 1 1 0
13 15 0 0 1 1 1 1
13 16 1 0 0 0 1 1
13 18 1 1 0 0 0 1
13 19 1 1 0 1 1 0
13 20 0 0 0 0 1 0
13 21 1 0 0 0 0 1
13 23 1 0 1 0 0 1
13 25 1 1 1 0 1 1
13 26 1 1 0 1 1 0
13 27 0 1 0 1 0 0
13 28 1 1 0 1 1 0
13 30 0 0 1 0 1 0
13 31 1 1 0 1 0 0
14 23 0 0 0 0 1 1
14 24 0 1 0 0 0 0
14 25 1 0 0 0 1 0
14 26 1 1 0 0 1 1
14 27 0 1 0 0 1 0
14 29 1 0 1 1 0 1
14 30 0 0 0 1 1 1
14 31 0 0 1 0 0 1
15 5 0 1 0 1 0 0
15 6 0 1 0 1 1 0
15 7 1 0 0 0 1 0
15 8 1 1 0 1 1 0
15 10 0 1 0 0 1 1
15 11 0 1 1 1 0 1
15 12 0 0 0 0 1 1
15 13 1 0 0 0 0 1
15 15 0 0 1 0 1 0
15 16 0 1 0 1 1 0
15 18 0 1 1 0 1 0
15 19 1 1 0 1 1 0
15 20 0 0 0 1 0 0
15 21 0 1 1 1 0 0
15 23 0 0 1 1 0 1
15 24 1 0 0 0 0 1
15 25 1 0 1 1 0 0
15 26 1 1 0 1 1 0
15 28 1 0 1 0 1 0
15 29 0 1 1 1 0 1
16 2 1 0 1 0 1 0
16 3 0 0 0 1 1 1
16 5 0 0 1 1 0 1
16 6 1 1 0 0 1 1
16 7 0 0 0 0 1 1
16 8 0 1 1 1 0 0
16 9 0 0 1 1 1 1
16 10 1 0 0 0 1 1
16 12 0 1 0 1 0 1
16 13 1 1 0 1 1 0
16 14 0 1 1 0 1 0
16 15 1 1 0 0 1 1
16 17 1 1 0 0 0 1
16 19 0 0 1 0 1 1
16 20 1 1 0 1 1 1
16 21 0 0 1 0 1 1
16 22 1 1 0 1 1 1
16 24 0 1 1 0 0 1
16 25 1 0 0 1 0 1
16 26 0 1 1 0 0 1
16 27 1 1 0 0 1 0
16 29 0 1 0 0 0 0
16 30 0 0 0 0 1 0
16 31 0 1 1 1 0 0
17 4 1 0 0 0 1 0
17 5 1 1 0 1 1 0
17 6 1 0 1 1 0 0
17 7 1 1 0 1 0 1
17 8 1 0 0 0 1 0
17 9 0 0 0 1 0 1
17 11 1 0 1 0 1 0
17 12 0 1 1 1 0 1
17 13 0 0 0 0 1 1
17 14 0 1 0 0 0 0
17 15 1 0 0 0 1 0
17 16 1 1 0 1 1 0
17 17 0 0 1 0 1 0
17 18 0 1 1 1 0 0
17 20 1 1 0 1 0 0
17 22 0 1 1 1 0 0
17 23 1 0 0 0 1 0
17 24 1 1 0 1 1 0
17 25 0 0 1 0 1 0
17 26 0 1 1 1 0 0
17 28 1 0 1 1 0 0
17 29 0 1 0 1 1 0
17 30 0 0 0 0 1 0
17 31 0 1 1 1 0 0
18 3 0 0 1 1 0 1
18 4 0 0 0 1 1 0
18 6 0 1 1 0 1 0
18 7 1 0 0 1 0 0
18 9 0 0 1 0 1 0
18 10 0 0 0 1 1 1
18 11 0 1 0 1 0 0
18 12 1 1 0 1 1 0
18 13 1 1 0 0 0 1
18 14 0 0 0 1 1 1
18 16 0 0 1 1 0 1
18 17 0 0 0 1 1 0
18 18 0 0 1 1 0 1
18 19 1 1 0 1 1 1
18 21 0 0 0 0 0 1
18 22 1 0 0 0 1 0
18 24 1 0 0 0 1 0
18 25 1 1 0 1 0 1
18 27 0 1 0 0 0 0
18 28 0 0 1 0 1 0
18 29 1 0 0 1 0 0
18 30 0 0 1 0 1 1
18 31 0 1 1 1 0 0
19 2 0 1 0 0 1 1
19 3 1 1 0 1 0 0
19 4 0 0 1 0 1 0
19 5 1 1 0 1 0 0
19 7 1 0 0 0 1 0
19 8 0 0 1 0 1 0
19 9 0 0 0 1 0 1
19 11 0 0 1 1 0 0
19 12 0 1 0 1 1 0
19 13 0 0 1 1 0 1
19 14 1 1 0 0 1 1
19 16 1 0 0 0 1 0
19 17 1 1 0 0 1 1
19 18 1 0 0 0 1 0
19 19 0 0 0 1 1 1
19 21 0 0 1 1 1 1
19 22 0 0 0 1 0 1
19 24 1 0 1 1 0 1
19 25 0 1 0 1 1 0
19 26 0 0 1 0 1 1
19 27 1 0 0 1 1 0
19 29 0 1 1 0 1 0
19 30 1 1 0 0 1 1
19 31 0 0 1 0 0 1
20 2 0 0 0 0 1 1
20 3 0 1 1 1 0 0
20 5 1 0 1 0 0 1
20 7 0 0 1 1 0 0
20 8 0 1 1 1 1 1
20 9 1 1 0 0 1 1
20 10 1 1 0 0 0 0
20 12 1 0 1 0 1 0
20 13 0 1 1 1 0 1
20 14 0 0 0 0 1 1
20 15 0 1 0 0 0 0
20 16 0 0 1 1 0 0
20 17 0 1 0 1 1 0
20 18 0 0 1 1 0 1
20 19 1 1 0 0 1 1
20 21 1 0 1 1 0 0
20 22 1 0 0 1 0 1
20 23 0 0 1 1 0 0
20 24 1 0 0 1 1 1
20 26 1 1 0 1 0 0
20 28 0 1 1 0 1 0
20 29 1 1 0 0 1 1
20 30 0 0 1 1 0 1
20 31 0 0 0 1 1 0
21 3 1 0 0 0 1 0
21 4 1 1 0 1 1 0
21 6 1 1 0 1 0 0
21 8 0 0 1 1 0 0
21 9 0 1 1 1 1 1
21 10 1 1 0 0 1 1
21 12 0 1 0 1 0 0
21 13 1 1 0 1 1 0
21 14 1 1 0 0 0 1
21 15 0 0 0 1 1 1
21 17 1 0 1 1 0 1
21 18 1 1 0 1 1 0
21 20 1 0 0 0 1 0
21 21 1 1 0 1 0 1
21 23 0 1 0 0 0 0
21 24 0 0 1 0 1 1
21 25 1 0 0 0 0 1
21 26 1 0 0 0 1 0
21 28 1 1 0 0 0 0
21 29 0 0 1 1 0 1
21 30 1 1 0 0 1 1
21 31 0 0 1 0 0 1
22 2 0 1 0 0 0 0
22 3 0 0 1 1 0 1
22 4 1 1 0 0 1 1
22 5 0 0 0 0 1 1
22 6 0 1 1 1 0 0
22 8 0 1 1 1 0 0
22 9 0 1 1 0 0 1
22 10 1 1 0 0 1 0
22 12 1 0 1 0 1 0
22 13 0 0 0 1 1 1
22 15 0 0 1 1 0 0
22 16 0 1 1 1 1 1
22 17 1 1 0 0 1 1
22 19 0 0 1 1 0 1
22 20 1 0 0 0 0 1
22 21 0 1 0 1 0 0
22 22 1 1 0 1 1 0
22 24 0 1 0 0 0 0
22 25 0 1 1 1 0 0
22 26 0 0 0 1 0 0
22 27 1 0 0 0 0 1
22 29 0 0 1 1 0 1
22 30 1 1 0 1 1 1
22 31 0 0 1 0 0 1
23 3 1 0 0 0 1 0
23 4 1 1 0 0 1 1
23 5 1 0 0 0 1 0
23 6 0 0 0 1 1 1
23 8 0 1 1 1 0 0
23 9 0 1 1 0 0 1
23 10 1 1 0 0 1 0
23 12 1 0 1 0 1 0
23 13 0 0 0 1 1 1
23 15 0 0 1 1 0 1
23 16 1 1 0 0 1 1
23 17 0 0 0 0 1 1
23 18 0 1 1 1 0 0
23 20 1 1 1 1 0 0
23 21 1 0 0 0 1 0
23 22 0 0 0 1 1 1
23 24 0 0 1 1 0 1
23 25 0 0 0 1 1 0
23 26 1 0 0 0 1 0
23 27 0 0 1 1 1 0
23 28 1 1 0 1 1 0
23 30 0 0 1 1 0 0
23 31 0 0 0 1 1 0
24 2 1 0 0 0 1 0
24 3 0 1 0 1 1 0
24 4 1 1 1 0 1 1
24 5 0 1 0 1 1 0
24 6 0 0 0 0 1 1
24 7 0 1 0 0 0 0
24 8 1 0 0 0 1 0
24 9 0 1 0 1 1 0
24 10 1 1 1 1 1 0
24 11 1 1 0 1 1 0
24 13 1 1 0 1 0 0
24 15 0 0 1 1 0 0
24 16 0 1 0 1 1 0
24 17 0 0 1 1 0 1
24 18 1 1 0 0 1 1
24 20 1 0 1 1 0 0
24 21 1 0 0 1 0 1
24 22 0 0 1 1 0 0
24 23 1 0 0 1 1 1
24 25 0 0 1 0 1 0
24 26 0 1 0 1 1 0
24 28 0 0 1 1 0 0
24 29 0 1 0 1 1 0
24 30 0 0 1 1 0 1
24 31 1 1 0 0 1 1
25 2 0 0 1 1 0 0
25 3 0 1 0 1 1 0
25 4 0 0 1 1 0 1
25 5 1 1 0 0 1 1
25 7 1 0 1 1 0 0
25 8 1 1 0 1 1 0
25 9 0 1 1 0 1 0
25 10 0 0 0 1 0 1
25 12 1 1 1 0 1 0
25 13 1 1 0 1 0 0
25 15 1 0 0 0 1 0
25 16 1 1 0 1 0 1
25 18 0 0 1 1 1 0
25 19 0 1 0 1 1 0
25 20 1 0 1 1 0 1
25 21 0 1 0 1 1 0
25 23 0 1 0 0 0 0
25 24 0 0 1 0 1 1
25 25 1 0 0 0 0 1
25 26 0 1 1 0 0 1
25 27 0 0 0 1 1 0
25 29 0 0 1 0 1 0
25 30 0 0 0 1 1 1
25 31 0 0 1 0 0 1
26 3 0 0 0 0 1 1
26 4 0 1 0 0 0 0
26 5 0 1 0 0 1 1
26 6 1 1 0 1 1 0
26 7 1 0 0 0 1 0
26 8 1 1 0 0 1 1
26 10 1 1 0 1 0 0
26 12 0 0 1 1 0 1
26 13 0 0 0 1 1 0
26 14 1 0 0 0 1 0
26 15 0 0 1 1 1 0
26 16 1 1 0 1 1 0
26 18 0 1 1 1 1 0
26 20 1 1 1 0 1 0
26 21 0 1 0 1 1 0
26 23 0 0 1 1 0 0
26 24 1 1 0 1 0 0
26 25 1 0 0 0 1 0
26 27 0 1 1 1 0 0
26 28 0 1 1 0 0 1
26 29 1 1 0 0 1 0
26 31 1 1 0 1 0 0
27 2 1 0 0 0 1 0
27 3 1 0 0 0 1 0
27 4 1 0 0 0 1 0
27 5 0 0 1 0 0 0
