-0.20
46 66 94 115 146 166 198 219 249 271 302 323 354 375 405 427 457 479 509 530 561 582 613 634 664 685 716 737 768 789 820 841 871 892 923 944 975 996 1027 1048 1079 1100 1130 1152 1182 1203 1234 1255 1286 1307 1337 1359 1389 1411 1441 1463 1493 1514 1544 1566 1595 1619 1646 1666
54 74 94 132 154 176 214 234 254 300 320 342 382 403 425 464 486 507 549 570 592 630 650 670 714 735 757 797 818 839 880 902 923 962 983 1004 1046 1067 1089 1128 1149 1171 1211 1232 1254 1292 1314 1335 1376 1397 1419 1457 1478 1499 1541 1563 1585 1624 1645 1666 1707 1728 1750 1789 1811 1832 1874 1896 1917 1956 1977 1999 2039 2060 2081 2123 2144 2165 2207 2227 2249
2 6 1 0 0 1 1 0
2 7 0 1 0 1 0 0
2 8 1 1 1 0 1 0
2 9 0 1 1 0 0 0
2 10 1 0 0 0 1 1
2 11 0 1 0 0 0 0
2 12 1 1 1 0 0 0
2 13 1 1 0 0 1 1
2 14 0 0 1 1 0 0
2 15 0 1 1 0 0 1
2 18 1 1 1 0 1 0
2 19 0 1 1 0 0 0
2 20 1 0 0 1 0 0
2 21 0 1 1 0 0 0
2 23 1 1 0 0 1 0
2 24 1 1 1 0 0 1
2 25 1 0 0 0 1 1
2 26 1 0 1 0 0 1
4 4 0 0 1 1 1 1
4 5 1 1 0 0 0 0
4 6 1 1 0 1 0 0
4 7 0 0 1 1 1 1
4 8 1 0 0 0 0 0
4 11 1 1 1 0 1 0
4 12 0 1 1 0 0 0
4 13 1 0 0 1 0 0
4 14 0 1 1 0 0 0
4 16 1 1 0 0 1 0
4 17 1 1 1 0 0 1
4 18 1 0 0 0 1 1
4 19 1 0 1 0 0 1
5 4 0 0 1 1 1 1
5 5 1 1 0 0 0 0
5 6 1 1 0 1 0 0
5 7 0 0 1 1 1 1
5 8 1 1 0 0 0 0
5 11 1 0 0 1 1 1
5 13 1 1 0 0 1 0
5 14 1 1 1 0 0 1
5 15 1 0 0 0 1 1
5 16 1 0 1 0 0 1
5 18 1 1 0 1 1 0
5 19 1 1 0 1 1 1
5 20 1 0 0 1 1 0
5 21 1 0 0 1 0 1
5 23 1 0 1 0 0 0
5 24 1 1 1 0 0 1
5 26 0 1 0 1 0 0
5 27 1 1 1 1 0 1
5 29 1 1 1 0 1 0
5 30 0 1 1 0 0 0
6 2 0 0 1 0 0 1
6 3 1 0 0 1 0 0
6 4 0 1 1 0 0 0
6 6 1 1 0 1 0 0
6 7 0 1 1 0 0 1
6 8 1 1 1 1 1 0
6 9 0 0 1 1 1 1
7 4 0 0 1 1 1 1
7 5 1 1 0 0 0 0
7 6 1 1 0 1 0 0
7 7 0 0 1 1 1 1
7 8 1 0 0 1 0 0
7 11 1 0 0 0 1 1
7 12 0 1 0 0 0 0
7 13 1 1 0 1 1 0
7 14 0 1 0 1 0 0
7 16 0 1 0 0 1 0
7 17 0 1 1 1 1 0
7 18 0 1 0 1 0 0
7 20 0 0 1 1 0 1
7 22 1 1 1 0 1 0
7 23 0 1 1 0 0 0
7 24 1 0 0 1 0 0
7 25 0 1 1 0 0 0
7 27 1 1 0 0 1 0
7 28 1 1 1 0 0 1
7 29 1 0 0 0 1 1
7 30 1 0 1 0 0 1
9 4 1 0 1 0 1 0
9 5 1 0 1 1 0 0
9 6 0 0 1 0 1 1
9 8 0 0 1 1 0 0
9 9 1 0 0 1 1 0
9 10 0 1 1 0 1 0
9 11 0 0 0 0 1 0
9 13 1 1 0 0 1 0
9 14 1 1 1 0 0 1
9 15 1 0 0 0 1 1
9 16 1 0 1 0 0 1
9 18 1 0 0 0 1 1
9 21 0 0 1 1 1 0
9 22 1 0 0 0 1 1
9 23 1 0 1 0 0 1
9 25 1 1 0 0 0 0
9 26 1 0 0 1 0 1
9 27 1 1 0 0 1 0
9 28 1 1 1 1 1 1
9 30 1 0 0 1 1 0
10 2 0 1 0 1 0 0
10 3 0 0 1 1 0 0
10 4 0 1 0 0 1 1
10 6 1 0 0 0 1 1
10 7 1 0 1 0 0 1
10 8 1 1 0 0 1 0
10 9 0 1 1 0 1 1
10 11 1 1 0 1 1 0
10 12 0 1 0 0 1 1
10 13 1 1 0 1 1 0
10 14 0 0 1 1 0 1
10 15 0 0 0 0 1 0
10 17 1 0 0 1 1 1
10 19 0 1 0 1 0 0
10 20 1 0 0 1 0 0
10 21 0 1 1 0 0 0
10 23 1 1 0 0 1 0
10 24 1 1 1 0 0 1
10 25 1 0 0 0 1 1
10 26 1 0 1 0 0 1
10 28 0 0 1 1 0 1
10 30 1 1 0 1 0 0
10 31 1 1 1 0 0 1
11 2 0 0 1 0 0 1
11 3 1 1 0 0 0 0
11 4 0 1 0 1 0 0
11 5 1 1 1 0 0 0
11 6 0 1 0 1 0 0
11 8 1 1 0 0 1 0
11 9 1 1 1 0 0 1
11 10 1 0 0 0 1 1
11 11 1 0 1 0 0 1
11 13 1 0 1 0 0 0
11 14 0 1 0 0 0 1
11 15 0 1 0 1 0 0
11 17 1 1 0 0 0 0
11 18 0 0 1 1 1 0
11 19 1 0 0 0 1 1
11 20 0 1 1 0 0 0
11 22 1 0 1 1 0 0
11 23 1 1 1 0 1 1
11 24 1 1 0 0 1 0
11 25 1 0 0 0 1 0
11 27 0 1 0 0 1 0
11 28 0 1 1 1 1 0
11 29 0 1 0 1 0 0
12 2 0 0 1 1 0 0
12 3 0 1 0 0 1 1
12 5 1 1 0 0 0 0
12 6 1 0 0 1 0 1
12 7 1 1 1 0 0 0
12 8 1 0 1 1 0 1
12 10 0 0 1 1 0 0
12 11 1 1 0 1 1 0
12 12 1 0 0 1 0 1
12 14 1 0 0 1 1 0
12 16 1 1 0 1 1 0
12 17 1 1 0 1 1 1
12 18 1 1 0 0 1 0
12 19 0 1 0 1 0 0
12 20 0 0 0 0 1 0
12 22 1 1 0 0 0 0
12 23 1 0 0 0 0 1
12 25 1 1 0 1 1 0
12 26 1 0 0 0 1 0
12 27 1 1 0 1 1 0
12 28 0 1 1 1 1 1
13 2 0 1 0 1 0 0
13 3 1 1 0 0 1 0
13 4 1 0 0 0 1 0
13 6 1 0 0 0 1 1
13 7 0 1 0 0 0 0
13 9 0 1 0 1 0 0
13 11 0 1 0 0 1 0
13 12 0 1 1 1 1 0
13 13 0 1 0 1 0 0
13 14 0 0 0 0 1 0
13 15 0 1 1 0 0 0
13 16 1 0 1 0 1 0
13 17 1 0 1 1 0 0
13 18 0 0 1 0 1 1
13 20 1 0 1 0 1 1
13 21 0 1 0 1 0 1
13 22 0 1 1 0 0 0
13 24 1 1 1 0 0 0
13 25 0 1 0 1 0 1
13 27 1 0 1 0 0 0
13 28 1 1 1 0 0 1
13 30 1 1 1 0 0 0
13 31 1 0 0 0 0 1
14 2 0 1 0 1 0 0
14 3 1 1 0 0 1 0
14 4 1 0 0 0 1 0
14 6 0 1 0 0 1 0
14 7 0 1 1 1 1 0
14 8 0 1 0 1 0 0
14 10 0 0 1 1 0 0
14 11 0 1 0 0 1 1
14 13 1 1 0 0 0 0
14 14 1 0 0 1 0 1
14 15 1 1 1 0 0 0
14 16 1 0 1 1 0 1
14 18 0 0 1 1 0 0
14 19 1 1 0 1 1 0
14 20 1 0 0 1 0 1
14 22 1 0 0 1 1 0
14 24 1 1 0 1 1 0
14 25 1 1 0 1 1 1
14 26 1 1 0 0 1 0
14 27 0 1 0 1 0 0
14 28 0 0 0 0 1 0
14 29 0 1 1 0 0 0
15 4 0 1 0 1 1 0
15 5 1 0 1 0 0 1
15 6 1 1 0 1 1 0
15 7 1 0 1 0 1 0
15 9 1 1 0 1 1 0
15 10 0 1 0 1 0 1
15 11 1 1 0 0 0 0
15 12 1 0 0 1 0 1
15 14 0 0 1 1 0 0
15 15 0 0 1 1 1 1
15 16 1 1 0 1 0 0
15 17 0 1 1 0 0 1
15 18 0 1 1 1 1 0
15 19 0 1 0 1 0 0
15 21 1 0 0 1 1 0
15 23 1 1 1 0 0 0
15 24 0 0 1 1 1 1
15 25 1 1 1 1 1 0
15 26 0 1 1 0 0 1
15 28 0 0 0 0 1 1
15 29 1 0 1 1 0 1
15 30 0 0 0 0 1 0
16 2 1 0 1 1 1 0
16 3 0 0 1 0 1 0
16 4 1 0 1 1 0 0
16 5 0 1 0 0 0 1
16 7 0 0 1 1 0 0
16 8 0 0 1 1 1 1
16 9 1 1 0 1 0 0
16 10 0 1 1 0 0 1
16 11 0 1 1 1 1 0
16 12 0 1 0 1 0 0
16 14 1 0 0 1 1 0
16 16 1 1 0 0 0 0
16 17 0 0 1 1 1 0
16 18 1 0 1 1 0 0
16 19 1 0 0 1 0 1
16 20 1 1 0 1 1 0
16 21 0 1 0 1 0 0
16 23 0 0 0 0 1 1
16 24 1 0 1 1 1 1
16 26 1 1 0 0 1 0
16 27 0 1 0 1 1 1
16 29 0 1 1 1 0 0
16 30 0 1 0 1 1 1
16 31 0 0 1 1 0 0
17 2 1 1 0 1 1 0
17 3 0 1 0 1 0 1
17 4 1 1 0 0 0 0
17 5 1 0 0 1 0 1
17 6 0 0 0 0 1 0
17 8 0 0 0 0 1 1
17 9 1 0 1 1 1 1
17 11 0 0 1 1 0 1
17 13 0 0 0 0 1 1
17 14 1 0 1 1 0 1
17 16 0 0 1 1 0 0
17 17 1 1 0 1 1 0
17 18 1 0 0 1 0 1
17 20 1 1 0 0 1 1
17 22 1 0 0 0 1 1
17 23 0 0 1 0 1 1
17 24 1 0 1 1 0 0
17 25 0 1 0 0 0 1
17 27 1 1 0 1 1 0
17 28 1 1 0 1 1 1
18 2 0 0 1 0 0 1
18 3 1 1 0 0 1 0
18 4 0 1 0 1 0 0
18 5 0 0 0 0 1 0
18 6 0 0 1 0 0 0
19 4 1 0 1 0 0 1
19 5 0 1 1 1 1 0
19 6 0 1 0 1 0 0
19 8 1 0 1 0 1 1
19 9 0 1 1 0 0 0
19 10 1 1 0 0 1 1
19 11 0 1 0 0 0 0
19 13 1 1 0 0 1 0
19 14 1 1 0 1 0 1
19 15 1 1 1 0 0 0
19 16 1 0 1 0 1 0
19 18 1 1 0 1 1 0
19 19 1 0 1 0 1 0
19 20 1 1 1 1 1 0
19 21 0 0 1 1 1 1
19 23 0 0 1 1 0 0
19 24 0 1 0 0 1 1
19 25 0 0 0 0 1 0
19 27 1 1 0 0 1 0
19 28 1 1 0 1 0 1
19 29 1 1 1 0 0 0
19 30 1 0 1 0 1 0
20 2 1 0 0 1 1 0
20 4 1 1 0 1 1 0
20 5 0 0 1 1 0 1
20 6 1 1 1 0 0 0
20 7 0 1 0 1 0 0
20 9 0 0 0 0 1 1
20 10 0 1 1 1 0 0
20 12 0 1 1 1 0 0
20 13 0 1 0 1 1 1
20 15 1 1 0 0 1 0
20 16 1 1 0 1 0 1
20 17 1 1 1 0 0 0
20 18 1 0 1 0 1 0
20 20 1 0 0 0 1 1
20 21 0 1 0 0 0 0
20 22 1 1 0 1 1 0
20 23 1 0 0 1 0 1
20 25 0 0 0 0 1 1
20 26 0 1 1 1 1 0
20 28 1 0 0 1 1 0
20 30 1 1 0 0 0 0
20 31 1 0 0 1 0 1
21 2 0 0 1 0 0 1
21 3 1 1 0 0 1 0
21 4 1 1 1 1 1 1
21 6 1 1 1 0 1 0
21 8 1 1 0 0 0 0
21 9 1 0 0 1 0 1
21 10 1 1 0 0 1 0
21 11 1 1 1 1 1 1
21 12 0 0 0 0 1 0
21 14 0 0 0 0 1 1
21 15 0 1 1 1 0 0
21 17 0 0 1 1 0 1
21 19 0 0 0 0 1 1
21 20 0 1 1 1 1 0
21 22 0 0 1 1 0 0
21 23 1 1 0 1 1 0
21 24 1 0 0 1 0 1
21 26 1 1 0 0 1 1
21 28 1 0 0 0 1 1
21 29 0 0 1 0 1 1
21 30 1 0 1 1 0 0
21 31 0 1 0 0 0 1
22 2 1 1 0 1 1 0
22 3 1 1 0 1 1 1
22 4 1 1 0 0 1 0
22 5 0 1 0 1 0 0
22 6 0 0 0 0 1 0
22 7 0 0 1 0 0 0
23 4 1 0 1 0 1 1
23 5 0 1 0 1 0 1
23 6 0 1 1 0 0 0
23 8 1 0 1 0 0 0
23 9 1 1 1 0 0 1
23 11 0 0 1 1 0 0
23 12 0 1 1 0 0 1
23 13 1 0 1 0 0 0
23 14 1 0 0 1 0 1
23 15 0 1 1 1 1 0
23 16 1 0 1 0 0 1
23 18 0 0 0 0 1 1
23 19 0 0 1 0 0 0
23 20 1 1 1 0 0 0
23 21 0 1 1 1 1 1
23 22 0 0 0 0 0 1
23 23 0 1 1 0 0 0
23 24 0 0 0 0 1 0
23 26 1 0 0 1 0 0
23 27 0 1 0 0 1 1
23 29 1 1 1 1 0 0
23 30 0 0 1 0 1 1
24 2 0 0 1 0 0 1
24 3 0 1 1 1 1 0
24 4 1 1 1 0 1 1
24 6 1 1 0 1 0 0
24 7 0 1 1 1 0 1
24 8 1 1 1 1 1 0
24 9 1 0 1 0 0 1
24 11 1 0 0 1 1 0
24 13 1 0 0 0 1 1
24 14 0 1 0 1 1 1
24 15 0 0 1 1 0 0
24 16 1 0 1 0 0 1
24 17 0 0 0 0 1 0
24 19 1 0 1 0 1 1
24 20 0 1 0 1 0 1
24 22 1 0 1 0 0 0
24 23 0 1 0 0 1 1
24 24 0 0 1 1 0 0
24 25 0 1 0 0 1 1
24 27 1 0 1 0 1 1
24 28 1 1 1 0 1 1
24 29 1 1 0 1 1 0
24 30 1 0 1 0 1 0
25 2 0 1 0 1 0 0
25 3 0 1 1 1 1 0
25 4 0 0 1 1 1 0
25 6 1 0 1 0 0 0
25 7 0 0 1 1 0 1
25 8 1 1 0 0 1 0
25 9 1 0 0 1 0 1
25 10 0 0 0 0 1 0
25 11 0 1 1 0 0 0
25 12 1 0 1 0 1 1
25 13 0 1 0 1 0 1
25 15 0 0 1 1 0 0
25 16 0 1 0 0 0 1
25 17 0 1 1 1 1 0
25 18 0 0 1 1 1 0
25 20 1 0 1 0 0 0
25 21 0 0 1 1 0 1
25 22 1 1 0 0 1 0
25 23 1 0 0 1 0 1
25 25 1 0 0 1 1 0
25 27 1 1 0 1 1 0
25 28 0 1 0 0 0 1
25 29 1 1 0 1 1 0
25 30 0 1 0 0 0 1
26 2 0 1 0 1 1 1
26 3 0 1 1 0 0 0
26 4 0 0 1 1 0 0
26 6 1 0 0 0 1 1
26 7 0 1 1 0 0 1
26 8 0 0 0 0 1 0
26 10 1 0 0 0 1 1
26 11 0 1 0 1 1 1
26 12 0 0 1 1 0 0
26 13 1 0 1 0 0 1
26 15 1 0 0 1 1 0
26 17 1 0 0 0 1 1
26 18 1 0 1 0 0 1
26 19 0 0 1 1 0 0
26 20 0 1 0 0 0 0
26 22 1 1 0 1 1 0
26 23 0 1 1 0 1 0
26 24 1 0 0 1 1 0
26 25 1 0 1 0 0 1
26 27 0 0 0 0 1 1
26 28 1 1 0 0 1 0
27 30 0 0 1 1 1 1
27 31 1 0 0 0 0 0
9 20 1 0 1 1 0 0
13 8 1 1 0 1 1 0
