-0.10
68 88 115 135 163 185 215 237 268 289 319 341 371 393 423 444 475 495 527 548 578 599 630 651 682 703 734 755 785 807 837 858 889 910 940 962 992 1014 1044 1064 1091 1111 1138 1158 1185 1205 1233 1247 1274 1294 1321 1341 1368 1388 1416 1436 1463 1483 1510 1530 1558 1578 1605 1625 1652 1672
25 45 65 103 123 143 181 201 222 261 282 303 346 368 388 424 446 467 512 535 555 591 613 634 677 700 721 756 777 798 842 863 885 922 943 965 1007 1028 1049 1087 1108 1129 1173 1194 1215 1253 1274 1294 1335 1356 1376 1414 1434 1454 1492 1518 1539 1581 1602 1623 1663 1684 1705 1745 1766 1787 1826 1847 1868 1912 1933 1953 1991 2012 2033 2076 2098 2119 2156 2177 2198 2236 2256 2276
3 3 1 1 1 0 1 0
3 4 0 1 0 0 1 0
3 5 0 1 0 0 1 0
3 6 0 1 0 0 1 0
3 7 0 1 0 1 1 1
3 8 0 1 0 0 1 0
3 9 0 1 0 0 1 0
3 10 0 1 0 0 1 0
3 11 0 1 0 0 1 0
3 12 0 1 0 0 1 0
3 13 0 1 0 0 1 0
3 14 0 1 0 0 1 0
3 15 0 1 0 0 1 0
3 16 0 1 0 0 1 0
3 17 0 1 0 0 1 0
3 18 0 1 0 0 1 0
3 19 0 1 0 1 1 1
4 3 1 1 1 0 0 0
4 4 0 0 1 0 0 1
4 5 0 0 1 1 1 1
4 6 1 0 0 0 0 0
4 7 0 0 0 1 1 1
4 19 0 0 0 1 1 1
5 3 1 1 1 0 1 0
5 4 0 1 0 0 1 0
5 5 0 1 0 0 1 0
5 6 0 1 0 0 1 0
5 7 0 1 0 1 1 1
5 8 0 1 0 0 1 0
5 9 0 1 0 0 1 0
5 10 0 1 0 0 1 0
5 11 0 1 0 0 1 0
5 12 0 1 0 0 1 0
5 13 0 1 0 0 1 0
5 14 0 1 0 0 1 0
5 15 0 1 0 0 1 0
5 16 0 1 0 0 1 0
5 17 0 1 0 0 1 0
5 18 0 1 0 0 1 0
5 19 0 1 0 1 1 1
6 3 1 1 1 0 0 0
6 4 0 0 1 1 1 1
6 5 0 1 0 1 1 0
6 7 0 0 0 1 1 1
6 19 0 0 0 1 1 1
7 3 1 1 1 0 1 0
7 4 0 1 0 0 1 0
7 5 0 1 0 0 1 0
7 6 0 1 0 0 1 0
7 7 0 1 0 1 1 1
7 8 0 1 0 0 1 0
7 9 0 1 0 0 1 0
7 10 0 1 0 0 1 0
7 11 0 1 0 0 1 0
7 12 0 1 0 0 1 0
7 13 0 1 0 0 1 0
7 14 0 1 0 0 1 0
7 15 0 1 0 0 1 0
7 16 0 1 0 0 1 0
7 17 0 1 0 0 1 0
7 18 0 1 0 0 1 0
7 19 0 1 0 1 1 1
8 3 1 1 1 0 0 0
8 4 0 0 1 1 1 1
8 5 1 0 0 0 0 0
8 7 0 0 0 1 1 1
8 19 0 0 0 1 1 1
9 3 1 1 1 0 1 0
9 4 0 1 0 0 1 0
9 5 0 1 0 0 1 0
9 6 0 1 0 0 1 0
9 7 0 1 0 1 1 1
9 8 0 1 0 0 1 0
9 9 0 1 0 0 1 0
9 10 0 1 0 0 1 0
9 11 0 1 0 0 1 0
9 12 0 1 0 0 1 0
9 13 0 1 0 0 1 0
9 14 0 1 0 0 1 0
9 15 0 1 0 0 1 0
9 16 0 1 0 0 1 0
9 17 0 1 0 0 1 0
9 18 0 1 0 0 1 0
9 19 0 1 0 1 1 1
10 3 1 1 1 0 0 0
10 4 0 0 1 1 1 1
10 5 1 1 0 0 0 0
10 7 0 0 0 1 1 1
10 19 0 0 0 1 1 1
11 3 1 1 1 0 1 0
11 4 0 1 0 0 1 0
11 5 0 1 0 0 1 0
11 6 0 1 0 0 1 0
11 7 0 1 0 1 1 1
11 8 0 1 0 0 1 0
11 9 0 1 0 0 1 0
11 10 0 1 0 0 1 0
11 11 0 1 0 0 1 0
11 12 0 1 0 0 1 0
11 13 0 1 0 0 1 0
11 14 0 1 0 0 1 0
11 15 0 1 0 0 1 0
11 16 0 1 0 0 1 0
11 17 0 1 0 0 1 0
11 18 0 1 0 0 1 0
11 19 0 1 0 1 1 1
12 3 1 1 1 0 0 0
12 4 0 0 1 1 1 1
12 5 1 0 0 1 0 0
12 7 0 0 0 1 1 1
12 19 0 0 0 1 1 1
13 3 1 1 1 0 1 0
13 4 0 1 0 0 1 0
13 5 0 1 0 0 1 0
13 6 0 1 0 0 1 0
13 7 0 1 0 1 1 1
13 8 0 1 0 0 1 0
13 9 0 1 0 0 1 0
13 10 0 1 0 0 1 0
13 11 0 1 0 0 1 0
13 12 0 1 0 0 1 0
13 13 0 1 0 0 1 0
13 14 0 1 0 0 1 0
13 15 0 1 0 0 1 0
13 16 0 1 0 0 1 0
13 17 0 1 0 0 1 0
13 18 0 1 0 0 1 0
13 19 0 1 0 1 1 1
14 3 1 1 1 0 0 0
14 4 0 0 1 1 1 1
14 5 1 0 0 1 1 0
14 7 0 0 0 1 1 1
14 19 0 0 0 1 1 1
15 3 1 1 1 0 1 0
15 4 0 1 0 0 1 0
15 5 0 1 0 0 1 0
15 6 0 1 0 0 1 0
15 7 0 1 0 1 1 1
15 8 0 1 0 0 1 0
15 9 0 1 0 0 1 0
15 10 0 1 0 0 1 0
15 11 0 1 0 0 1 0
15 12 0 1 0 0 1 0
15 13 0 1 0 0 1 0
15 14 0 1 0 0 1 0
15 15 0 1 0 0 1 0
15 16 0 1 0 0 1 0
15 17 0 1 0 0 1 0
15 18 0 1 0 0 1 0
15 19 0 1 0 1 1 1
16 3 1 1 1 0 0 0
16 4 0 0 0 0 1 0
16 5 0 0 0 0 1 0
16 6 0 0 0 0 1 0
16 7 0 0 0 1 1 1
16 9 0 0 0 0 1 0
16 10 0 0 0 0 1 0
16 11 0 0 0 0 1 0
16 19 0 0 0 1 1 1
17 3 1 1 0 0 1 0
17 4 0 1 0 0 1 0
17 5 0 1 0 0 1 0
17 6 0 1 0 0 1 0
17 7 0 1 0 1 1 0
17 8 0 1 0 0 1 0
17 9 0 1 0 0 1 0
17 10 0 1 0 0 1 0
17 11 0 1 0 0 1 0
17 12 0 1 0 0 1 0
17 13 0 1 0 0 1 0
17 14 0 1 0 0 1 0
17 15 0 1 0 0 1 0
17 16 0 1 0 0 1 0
17 17 0 1 0 0 1 0
17 18 0 1 0 0 1 0
17 19 0 1 0 1 1 0
19 3 0 1 1 0 1 0
19 4 0 1 0 0 1 0
19 5 0 1 0 0 1 0
19 6 0 1 0 0 1 0
19 7 0 1 0 0 1 0
19 8 0 1 0 0 1 0
19 9 0 1 0 0 1 1
19 10 0 1 0 0 1 0
19 11 0 1 0 0 1 0
19 12 0 1 0 0 1 0
19 13 0 1 0 0 1 0
19 14 0 1 0 0 1 0
19 15 0 1 0 0 1 0
19 16 0 1 0 0 1 0
19 17 0 1 0 0 1 0
19 18 0 1 0 0 1 0
19 19 0 1 0 0 1 0
19 20 0 1 0 0 1 1
20 3 1 1 1 0 0 0
20 4 0 0 0 0 1 1
20 5 1 0 1 1 0 1
20 9 0 0 0 1 1 1
20 10 0 0 0 0 1 1
20 11 1 0 1 1 1 1
20 13 0 1 1 0 1 1
20 14 0 0 1 1 1 1
20 15 1 1 0 0 0 0
20 16 0 0 0 0 1 1
20 17 1 0 1 1 0 1
20 18 0 0 1 1 0 0
20 19 0 1 1 0 0 0
20 20 0 0 0 1 1 1
21 3 1 1 1 0 1 0
21 4 0 1 0 0 1 0
21 5 0 1 0 0 1 0
21 6 0 1 0 0 1 0
21 7 0 1 0 0 1 0
21 8 0 1 0 0 1 0
21 9 0 1 0 1 1 1
21 10 0 1 0 0 1 0
21 11 0 1 0 0 1 0
21 12 0 1 0 0 1 0
21 13 0 1 0 0 1 0
21 14 0 1 0 0 1 0
21 15 0 1 0 0 1 0
21 16 0 1 0 0 1 0
21 17 0 1 0 0 1 0
21 18 0 1 0 0 1 0
21 19 0 1 0 0 1 0
21 20 0 1 0 1 1 1
22 3 1 1 1 0 0 0
22 4 0 0 0 0 1 0
22 5 0 0 0 0 1 0
22 6 0 0 0 0 1 0
22 9 0 0 0 1 1 1
22 11 0 0 0 0 1 0
22 12 0 0 0 0 1 0
22 13 0 0 0 0 1 0
22 20 0 0 0 1 1 1
23 3 1 1 1 0 1 0
23 4 0 1 0 0 1 0
23 5 0 1 0 0 1 0
23 6 0 1 0 0 1 0
23 7 0 1 0 0 1 0
23 8 0 1 0 0 1 0
23 9 0 1 0 1 1 1
23 10 0 1 0 0 1 0
23 11 0 1 0 0 1 0
23 12 0 1 0 0 1 0
23 13 0 1 0 0 1 0
23 14 0 1 0 0 1 0
23 15 0 1 0 0 1 0
23 16 0 1 0 0 1 0
23 17 0 1 0 0 1 0
23 18 0 1 0 0 1 0
23 19 0 1 0 0 1 0
23 20 0 1 0 1 1 1
24 3 1 1 1 0 0 0
24 4 0 0 1 0 0 1
24 5 0 0 1 1 1 1
24 6 1 1 0 0 0 0
24 9 0 0 0 1 1 1
24 20 0 0 0 1 1 1
25 3 1 1 1 0 1 0
25 4 0 1 0 0 1 0
25 5 0 1 0 0 1 0
25 6 0 1 0 0 1 0
25 7 0 1 0 0 1 0
25 8 0 1 0 0 1 0
25 9 0 1 0 1 1 1
25 10 0 1 0 0 1 0
25 11 0 1 0 0 1 0
25 12 0 1 0 0 1 0
25 13 0 1 0 0 1 0
25 14 0 1 0 0 1 0
25 15 0 1 0 0 1 0
25 16 0 1 0 0 1 0
25 17 0 1 0 0 1 0
25 18 0 1 0 0 1 0
25 19 0 1 0 0 1 0
25 20 0 1 0 1 1 1
26 3 1 1 1 0 0 0
26 4 0 0 1 0 0 1
26 5 0 0 1 1 1 1
26 6 1 0 0 0 0 0
26 7 0 1 0 0 0 0
26 8 1 0 0 0 1 0
26 9 0 0 0 1 1 1
26 20 0 0 0 1 1 1
27 3 1 1 1 0 1 0
27 4 0 1 0 0 1 0
27 5 0 1 0 0 1 0
27 6 0 1 0 0 1 0
27 7 0 1 0 0 1 0
27 8 0 1 0 0 1 0
27 9 0 1 0 1 1 1
27 10 0 1 0 0 1 0
27 11 0 1 0 0 1 0
27 12 0 1 0 0 1 0
27 13 0 1 0 0 1 0
27 14 0 1 0 0 1 0
27 15 0 1 0 0 1 0
27 16 0 1 0 0 1 0
27 17 0 1 0 0 1 0
27 18 0 1 0 0 1 0
27 19 0 1 0 0 1 0
27 20 0 1 0 1 1 1
