0.10
36 57 87 108 138 161 191 213 243 265 294 316 346 368 398 420 450 470 501 523 553 576 605 626 657 678 709 730 760 782 812 834 865 886 916 937 968 989 1019 1040 1071 1093 1123 1145 1174 1196 1227 1247 1278 1299 1330 1351 1381 1403 1434 1455 1485 1506 1539 1559 1589 1611 1641 1662
59 80 101 141 162 183 223 245 266 308 330 350 389 410 431 473 495 515 554 575 596 640 661 682 719 740 761 804 824 846 884 905 927 970 991 1012 1049 1071 1093 1135 1156 1177 1215 1236 1257 1298 1318 1340 1379 1401 1422 1462 1483 1504 1546 1567 1589 1627 1649 1670 1711 1732 1754 1793 1814 1836 1879 1900 1922 1959 1980 2002 2042 2063 2084 2125 2146 2167 2211 2232 2253
2 12 1 1 1 0 0 0
2 23 1 1 1 0 0 0
2 26 0 0 0 1 0 0
2 27 1 1 1 0 0 1
2 28 0 0 1 0 0 1
2 29 0 0 0 1 1 1
3 12 1 1 1 0 1 0
3 13 0 1 0 0 1 0
3 14 0 1 0 0 1 0
3 15 0 1 0 0 1 0
3 16 0 1 0 0 1 0
3 17 0 1 0 0 1 0
3 18 0 1 0 0 1 0
3 19 0 1 0 0 1 0
3 20 0 1 0 0 1 0
3 21 0 1 0 0 1 0
3 22 0 1 0 0 1 0
3 23 1 1 1 0 1 0
3 24 0 1 0 0 1 0
3 25 0 1 0 0 1 0
3 26 0 1 0 0 1 0
3 27 0 1 0 0 1 0
3 28 0 1 0 0 1 0
3 29 0 1 0 1 1 1
4 12 1 1 1 0 0 0
4 23 1 1 1 0 0 0
4 24 0 1 0 1 0 0
4 25 0 0 0 0 1 0
4 26 1 1 0 0 1 0
4 27 1 1 1 0 0 1
4 28 0 0 1 0 0 1
4 29 0 0 0 1 1 1
5 12 1 1 1 0 1 0
5 13 0 1 0 0 1 0
5 14 0 1 0 0 1 0
5 15 0 1 0 0 1 0
5 16 0 1 0 0 1 0
5 17 0 1 0 0 1 0
5 18 0 1 0 0 1 0
5 19 0 1 0 0 1 0
5 20 0 1 0 0 1 0
5 21 0 1 0 0 1 0
5 22 0 1 0 0 1 0
5 23 1 1 1 0 1 0
5 24 0 1 0 0 1 0
5 25 0 1 0 0 1 0
5 26 0 1 0 0 1 0
5 27 0 1 0 0 1 0
5 28 0 1 0 0 1 0
5 29 0 1 0 1 1 1
6 12 1 1 1 0 0 0
6 23 1 1 1 0 0 0
6 27 1 1 0 0 1 0
6 28 1 1 1 0 0 1
6 29 0 0 0 1 1 1
7 12 1 1 1 0 1 0
7 13 0 1 0 0 1 0
7 14 0 1 0 0 1 0
7 15 0 1 0 0 1 0
7 16 0 1 0 0 1 0
7 17 0 1 0 0 1 0
7 18 0 1 0 0 1 0
7 19 0 1 0 0 1 0
7 20 0 1 0 0 1 0
7 21 0 1 0 0 1 0
7 22 0 1 0 0 1 0
7 23 1 1 1 0 1 0
7 24 0 1 0 0 1 0
7 25 0 1 0 0 1 0
7 26 0 1 0 0 1 0
7 27 0 1 0 0 1 0
7 28 0 1 0 0 1 0
7 29 0 1 0 1 1 1
8 12 1 1 1 0 0 0
8 23 1 1 1 0 0 0
8 25 0 1 0 1 0 0
8 26 0 0 0 0 1 0
8 27 1 1 0 0 1 0
8 28 1 1 1 0 0 1
8 29 0 0 0 1 1 1
9 12 1 1 1 0 1 0
9 13 0 1 0 0 1 0
9 14 0 1 0 0 1 0
9 15 0 1 0 0 1 0
9 16 0 1 0 0 1 0
9 17 0 1 0 0 1 0
9 18 0 1 0 0 1 0
9 19 0 1 0 0 1 0
9 20 0 1 0 0 1 0
9 21 0 1 0 0 1 0
9 22 0 1 0 0 1 0
9 23 1 1 1 0 1 0
9 24 0 1 0 0 1 0
9 25 0 1 0 0 1 0
9 26 0 1 0 0 1 0
9 27 0 1 0 0 1 0
9 28 0 1 0 0 1 0
9 29 0 1 0 1 1 1
10 12 1 1 1 0 0 0
10 23 1 1 1 0 0 0
10 27 0 0 0 1 0 0
10 28 1 1 1 0 0 1
10 29 0 0 0 1 1 1
11 12 1 1 1 0 1 0
11 13 0 1 0 0 1 0
11 14 0 1 0 0 1 0
11 15 0 1 0 0 1 0
11 16 0 1 0 0 1 0
11 17 0 1 0 0 1 0
11 18 0 1 0 0 1 0
11 19 0 1 0 0 1 0
11 20 0 1 0 0 1 0
11 21 0 1 0 0 1 0
11 22 0 1 0 0 1 0
11 23 1 1 1 0 1 0
11 24 0 1 0 0 1 0
11 25 0 1 0 0 1 0
11 26 0 1 0 0 1 0
11 27 0 1 0 0 1 0
11 28 0 1 0 0 1 0
11 29 0 1 0 1 1 1
12 12 1 1 1 0 0 0
12 23 1 1 1 0 0 0
12 25 0 1 0 1 0 0
12 26 0 0 0 0 1 0
12 27 0 0 0 1 0 0
12 28 1 1 1 0 0 1
12 29 0 0 0 1 1 1
13 12 1 1 1 0 1 0
13 13 0 1 0 0 1 0
13 14 0 1 0 0 1 0
13 15 0 1 0 0 1 0
13 16 0 1 0 0 1 0
13 17 0 1 0 0 1 0
13 18 0 1 0 0 1 0
13 19 0 1 0 0 1 0
13 20 0 1 0 0 1 0
13 21 0 1 0 0 1 0
13 22 0 1 0 0 1 0
13 23 1 1 1 0 1 0
13 24 0 1 0 0 1 0
13 25 0 1 0 0 1 0
13 26 0 1 0 0 1 0
13 27 0 1 0 0 1 0
13 28 0 1 0 0 1 0
13 29 0 1 0 1 1 1
14 12 1 1 1 0 0 0
14 23 1 1 1 0 0 0
14 27 0 0 0 1 1 0
14 28 1 1 1 0 0 1
14 29 0 0 0 1 1 1
15 12 1 1 1 0 1 0
15 13 0 1 0 0 1 0
15 14 0 1 0 0 1 0
15 15 0 1 0 0 1 0
15 16 0 1 0 0 1 0
15 17 0 1 0 0 1 0
15 18 0 1 0 0 1 0
15 19 0 1 0 0 1 0
15 20 0 1 0 0 1 0
15 21 0 1 0 0 1 0
15 22 0 1 0 0 1 0
15 23 1 1 1 0 1 0
15 24 0 1 0 0 1 0
15 25 0 1 0 0 1 0
15 26 0 1 0 0 1 0
15 27 0 1 0 0 1 0
15 28 0 1 0 0 1 0
15 29 0 1 0 1 1 1
16 12 1 1 1 0 0 0
16 19 0 1 0 0 0 0
16 20 0 1 0 0 0 0
16 21 0 1 0 0 0 0
16 23 1 1 1 0 0 0
16 26 0 1 0 0 0 0
16 27 0 1 0 0 0 0
16 28 0 1 0 0 0 0
16 29 0 0 0 1 1 1
17 12 1 1 0 0 1 0
17 13 0 1 0 0 1 0
17 14 0 1 0 0 1 0
17 15 0 1 0 0 1 0
17 16 0 1 0 0 1 0
17 17 0 1 0 0 1 0
17 18 0 1 0 0 1 0
17 19 0 1 0 0 1 0
17 20 0 1 0 0 1 0
17 21 0 1 0 0 1 0
17 22 0 1 0 0 1 0
17 23 1 1 0 0 1 0
17 24 0 1 0 0 1 0
17 25 0 1 0 0 1 0
17 26 0 1 0 0 1 0
17 27 0 1 0 0 1 0
17 28 0 1 0 0 1 0
17 29 0 1 0 1 1 0
19 26 0 1 0 0 0 1
19 27 1 1 0 1 1 1
19 28 1 1 1 1 1 0
19 29 1 1 0 1 1 0
20 2 0 0 0 0 1 1
20 3 1 0 0 0 0 1
20 4 1 0 1 1 0 1
20 5 0 1 1 0 0 0
20 6 0 0 0 1 1 0
20 7 1 1 1 0 0 1
20 8 0 1 1 0 1 1
20 10 1 1 1 1 0 1
20 11 0 1 1 0 0 0
20 13 0 1 0 0 0 0
20 14 0 0 0 0 1 1
20 15 1 0 0 0 0 1
20 16 1 0 1 1 0 1
20 17 0 1 1 0 0 0
20 18 0 0 0 0 1 1
20 19 0 0 0 1 0 0
20 20 1 1 1 0 0 1
20 21 0 1 1 0 1 1
20 23 1 1 1 1 0 1
20 24 0 1 1 0 0 0
20 26 0 0 1 1 0 1
20 27 0 1 1 1 0 0
20 28 0 0 1 1 1 1
20 29 0 1 0 1 1 0
21 5 0 0 1 1 0 1
21 6 1 1 0 0 1 1
21 7 0 0 0 0 0 1
21 8 0 1 1 0 0 0
21 10 0 0 0 0 1 1
21 11 1 0 0 0 0 1
21 12 1 0 1 1 0 1
21 13 0 1 1 0 0 0
21 14 0 1 1 0 1 1
21 16 1 1 1 1 0 1
21 17 0 1 1 0 0 0
21 19 0 0 1 1 0 1
21 20 0 1 1 1 0 0
21 21 0 0 1 1 1 1
21 22 0 1 0 1 1 0
21 24 1 0 1 0 0 1
21 26 1 0 1 1 0 1
21 27 0 1 0 1 1 0
21 28 0 0 1 1 0 1
21 29 1 1 0 0 1 1
21 31 1 1 0 1 0 0
22 2 0 0 1 1 0 1
22 3 1 1 0 0 1 1
22 5 1 1 0 1 0 0
22 7 0 0 0 0 1 1
22 8 0 0 1 0 0 0
22 9 0 0 1 1 0 0
22 10 0 1 0 1 1 0
22 11 0 0 1 1 0 1
22 12 1 1 0 0 1 1
22 14 1 0 1 1 0 0
22 15 0 1 0 1 1 0
22 16 1 0 1 0 0 1
22 17 0 1 0 1 1 0
22 19 1 1 0 1 0 0
22 21 0 1 1 0 1 0
22 22 1 0 0 0 0 1
22 24 0 1 0 1 0 0
22 25 1 1 1 0 0 1
22 26 0 0 1 0 0 1
22 27 0 0 0 1 0 0
22 28 1 1 1 0 0 1
22 29 1 0 0 1 1 0
22 30 0 0 0 1 1 0
22 31 1 1 1 0 0 1
23 3 0 0 1 1 0 1
23 4 0 0 0 1 1 0
23 6 0 0 1 0 1 0
23 7 0 1 0 1 1 0
23 9 1 0 1 1 0 0
23 10 1 1 0 1 0 0
23 11 0 1 1 0 1 0
23 12 1 1 0 0 1 1
23 13 0 1 1 0 1 0
23 14 1 1 0 1 1 0
23 16 0 0 1 0 1 0
23 17 1 0 0 1 0 1
23 18 0 1 1 0 0 1
23 19 0 1 1 1 0 0
23 21 0 1 1 1 1 0
23 23 0 1 0 0 0 0
23 24 1 0 0 0 1 0
23 25 0 0 0 1 1 0
23 26 1 0 1 1 0 1
23 27 0 1 0 1 1 0
23 29 1 0 1 1 0 1
23 30 0 1 0 1 1 0
23 31 0 0 1 0 0 1
24 25 0 0 0 0 0 1
24 26 0 1 0 0 0 0
24 27 1 0 1 1 0 0
24 28 1 1 0 1 0 0
24 29 0 1 1 0 1 0
24 30 1 1 0 0 1 1
24 31 0 0 1 0 0 1
26 26 0 1 1 1 1 0
26 27 1 1 0 1 1 0
26 28 0 0 1 1 1 1
26 29 1 1 0 0 1 1
27 2 0 0 0 1 0 0
27 3 0 0 0 1 0 0
27 4 1 1 1 0 0 1
