0.10
51 73 103 125 155 177 207 229 258 281 311 333 363 384 415 436 467 488 518 540 570 591 622 643 674 695 725 746 777 799 829 851 881 902 933 955 985 1006 1035 1057 1088 1109 1140 1161 1191 1213 1243 1265 1296 1315 1347 1369 1399 1422 1451 1473 1503 1525 1556 1577 1607 1629 1659 1680
72 93 114 154 176 197 236 258 279 322 343 364 401 422 443 487 508 530 568 589 611 654 675 695 732 753 775 819 840 861 898 919 940 983 1004 1026 1063 1085 1106 1148 1169 1191 1231 1252 1273 1313 1335 1356 1394 1416 1437 1478 1500 1521 1562 1583 1605 1644 1666 1687 1729 1750 1771 1809 1830 1851 1894 1916 1937 1977 1997 2018 2058 2079 2100 2140 2162 2183 2223 2244 2265
2 21 0 1 1 1 0 0
2 23 0 0 1 1 0 1
2 24 0 1 1 1 0 0
2 25 0 0 1 1 1 1
2 26 0 1 0 1 1 0
2 28 1 1 0 1 0 0
2 30 0 0 1 1 0 0
2 31 0 0 1 0 0 1
3 4 1 1 0 0 1 0
3 5 1 1 1 0 0 1
3 6 0 0 0 0 0 1
3 7 0 1 1 0 0 0
3 9 1 0 0 1 0 0
3 10 1 1 1 0 0 1
3 11 0 1 0 0 1 1
3 13 0 0 0 0 1 1
3 14 1 0 0 0 0 1
3 15 1 1 0 0 0 1
3 16 0 0 0 1 0 0
3 17 1 1 1 0 0 1
3 18 0 0 1 0 0 1
3 20 1 0 1 1 0 1
3 21 0 0 1 1 1 0
3 22 0 0 0 1 0 0
3 23 0 1 1 0 0 0
3 24 0 1 1 0 1 1
3 26 1 1 1 1 0 1
3 27 0 1 1 0 0 0
4 17 0 0 0 0 1 1
4 18 0 1 0 0 0 0
4 19 0 0 0 0 1 1
4 20 0 0 1 0 0 0
4 21 1 0 0 1 0 0
4 22 1 1 1 0 0 1
4 23 0 1 1 0 1 1
4 24 1 0 1 0 1 0
4 26 1 0 1 1 0 1
4 27 0 1 1 0 0 0
4 28 0 1 1 0 1 1
4 29 1 0 1 0 1 0
5 4 0 1 0 0 0 0
5 5 1 0 0 1 0 0
5 6 1 1 1 0 0 1
5 7 0 0 1 1 1 0
5 9 1 0 1 1 0 0
5 10 1 1 0 1 0 0
5 12 0 1 0 1 0 1
5 13 1 1 0 1 1 0
5 14 0 0 1 1 0 0
5 15 1 1 0 1 1 0
5 17 1 0 1 1 0 0
5 18 0 1 0 1 1 0
5 19 0 0 1 1 0 1
5 20 0 1 0 0 1 1
5 21 1 0 0 1 1 1
5 23 1 1 1 1 1 0
5 24 1 1 0 1 0 0
5 25 0 0 1 0 1 0
5 26 1 0 0 0 0 1
5 28 0 0 0 0 1 0
5 29 0 1 1 1 1 0
6 22 0 0 0 0 1 0
6 23 0 0 1 0 1 0
6 24 1 1 0 1 0 0
6 26 0 0 1 0 1 0
6 27 0 0 0 1 0 1
6 29 1 1 0 0 0 1
6 30 1 1 0 0 1 0
6 31 1 1 1 0 0 1
7 7 0 1 0 0 0 0
7 8 1 0 0 1 0 0
7 9 1 1 1 0 0 1
7 10 0 1 0 0 1 1
7 12 0 0 0 0 1 1
7 13 1 0 0 0 0 1
7 14 1 1 0 0 0 1
7 15 0 0 0 1 0 0
7 16 1 1 1 0 0 1
7 17 0 0 1 0 0 1
7 19 1 0 0 1 0 0
7 20 1 1 1 0 0 1
7 21 0 0 1 1 1 0
7 22 0 0 0 1 0 0
7 23 0 1 1 0 0 0
7 24 0 1 1 0 1 1
7 26 1 1 0 0 1 0
7 27 1 1 1 0 0 1
8 24 0 0 0 0 1 0
8 25 0 0 1 0 1 0
8 26 1 1 0 1 0 0
8 28 0 1 0 1 0 0
8 29 1 1 0 1 1 0
9 18 0 0 0 0 1 1
9 19 0 1 0 0 0 0
9 20 0 1 1 0 1 0
9 21 1 0 0 1 0 0
9 22 1 1 1 0 0 1
9 23 0 0 1 0 0 1
9 24 0 1 1 0 1 1
9 26 0 0 0 1 0 0
9 27 0 1 1 0 0 0
10 26 0 0 0 0 0 1
10 27 1 0 0 1 0 0
10 28 0 0 0 1 0 0
10 29 0 0 1 1 1 0
11 6 1 0 0 1 0 0
11 7 1 1 1 0 0 1
11 8 0 1 0 0 1 1
11 10 0 0 0 0 1 1
11 11 1 0 0 0 0 1
11 12 1 1 0 0 0 1
11 13 0 0 0 1 0 0
11 14 1 1 1 0 0 1
11 15 0 0 1 0 0 1
11 17 1 0 1 1 0 1
11 18 0 1 1 0 0 0
11 19 0 0 1 1 1 0
11 20 0 1 1 0 1 0
11 21 1 0 0 1 0 0
11 22 1 1 1 0 0 1
11 23 0 0 1 0 0 1
11 24 0 1 1 0 1 1
11 26 1 1 1 1 0 1
11 27 0 1 1 0 0 0
12 12 0 0 0 0 1 1
12 13 0 1 0 0 0 0
12 14 0 0 0 0 1 1
12 15 0 0 1 0 0 0
12 16 1 0 0 1 0 0
12 17 1 1 1 0 0 1
12 18 0 1 1 0 1 1
12 19 1 0 1 0 1 0
12 21 1 0 1 1 0 1
12 22 0 1 1 0 0 0
12 23 0 1 1 0 1 1
12 24 1 0 1 0 1 0
12 26 1 1 0 0 1 0
12 27 1 1 1 0 0 1
12 28 0 0 0 0 0 1
12 29 0 1 1 0 0 0
13 4 0 1 0 1 0 0
13 6 0 1 0 0 0 0
13 7 0 1 0 1 0 0
13 8 0 0 0 1 1 0
13 9 0 0 0 0 1 0
13 10 0 0 0 1 1 0
13 11 1 1 1 0 0 1
13 12 0 1 1 0 1 1
13 14 1 1 1 1 0 1
13 15 0 1 1 0 0 0
13 17 0 1 0 0 0 0
13 18 0 0 0 0 1 0
13 19 0 1 1 1 0 0
13 21 1 1 0 0 1 0
13 22 1 1 1 0 0 1
13 23 0 1 1 0 1 1
13 25 1 0 1 1 0 1
13 26 0 1 1 0 0 0
13 28 0 0 1 0 1 1
13 29 1 1 0 1 0 0
14 5 0 0 0 0 1 1
14 6 0 1 0 0 0 0
14 7 1 0 0 1 0 1
14 8 0 1 1 0 0 0
14 9 0 1 0 1 0 0
14 10 0 0 0 1 1 0
14 11 0 0 0 0 1 0
14 12 0 0 0 1 1 0
14 13 1 1 1 0 0 1
14 15 0 0 1 0 1 1
14 16 1 1 0 1 1 1
14 18 0 0 1 1 0 0
14 20 1 1 1 1 1 0
14 21 1 1 0 1 1 0
14 22 1 1 1 0 1 0
14 23 0 1 1 1 0 0
14 25 0 1 0 0 0 0
14 26 0 1 0 1 0 1
14 27 0 1 1 1 0 0
14 29 0 1 1 1 0 0
14 30 0 1 1 1 1 0
14 31 1 1 0 1 1 0
16 26 1 0 0 0 1 0
16 27 0 1 0 1 1 0
16 28 1 0 1 1 0 0
16 29 0 0 0 1 1 1
17 2 1 0 0 0 0 0
17 3 1 0 1 1 0 1
17 4 0 1 0 1 1 0
17 5 0 0 1 0 1 1
17 6 1 0 0 1 1 0
17 8 0 1 1 1 1 1
17 9 0 0 0 1 0 1
17 10 1 0 1 0 1 0
17 11 0 0 0 1 0 1
17 13 1 1 0 1 0 0
17 15 1 0 1 1 0 0
17 16 0 1 0 1 1 0
17 17 0 0 1 1 0 1
17 18 0 1 0 0 1 1
17 19 1 0 0 1 1 1
17 21 0 1 0 1 0 0
17 22 0 0 0 1 1 1
17 23 1 0 1 1 1 0
17 24 0 1 0 1 1 0
17 26 0 0 1 1 0 1
17 27 1 1 0 1 1 1
17 28 0 1 0 1 0 1
17 29 0 1 1 1 0 0
18 17 0 0 1 0 0 1
18 18 1 0 1 1 0 0
18 19 1 1 0 1 0 0
18 20 0 0 1 1 0 0
18 21 1 1 0 1 0 0
18 23 1 0 0 0 1 0
18 24 1 1 0 1 1 0
18 26 0 1 1 1 1 1
18 27 1 0 0 0 0 1
18 28 0 1 1 0 0 1
18 29 1 1 0 1 1 1
18 30 1 1 1 0 1 0
18 31 1 1 0 1 0 0
19 2 0 1 1 0 0 0
19 3 0 1 0 1 0 0
19 4 1 1 1 0 0 1
19 5 0 1 0 0 1 1
19 7 0 0 0 0 1 1
19 8 1 0 0 0 0 1
19 9 1 1 0 0 0 1
19 10 1 0 0 1 0 0
19 11 1 1 1 0 0 1
19 12 0 1 0 0 1 1
19 14 1 0 1 1 0 1
19 15 0 1 1 0 0 0
19 16 0 0 1 1 1 0
19 17 0 0 0 1 1 0
19 18 1 1 1 0 0 1
19 19 0 1 1 0 1 1
19 21 1 1 1 1 0 1
19 22 0 1 1 0 0 0
19 24 0 0 0 0 1 1
19 25 0 0 1 0 0 0
19 26 0 0 0 1 0 0
19 27 1 1 1 0 0 1
19 28 0 0 0 0 0 1
19 29 0 1 1 0 0 0
20 6 0 0 0 0 1 1
20 7 1 0 0 0 0 1
20 8 1 1 0 0 0 1
20 9 0 0 0 1 0 0
20 10 1 1 1 0 0 1
20 11 0 0 1 0 0 1
20 13 1 0 1 1 0 1
20 14 0 1 1 0 0 0
20 15 0 0 1 1 1 0
20 16 1 0 0 1 0 0
20 17 1 1 1 0 0 1
20 18 0 0 1 0 0 1
20 19 0 1 1 0 1 1
20 21 1 1 1 1 0 1
20 22 0 1 1 0 0 0
20 24 0 0 0 0 1 1
20 25 0 0 1 0 0 0
20 26 0 0 0 1 1 0
20 27 1 1 1 0 0 1
20 28 0 0 0 0 0 1
20 29 0 1 1 0 0 0
21 28 0 1 1 0 0 0
21 29 0 0 0 1 1 0
21 30 1 1 1 0 0 1
21 31 0 0 1 0 0 1
22 2 0 1 1 0 0 0
22 3 1 1 0 1 1 0
22 4 1 1 1 0 0 1
22 5 0 1 0 0 1 1
22 7 0 0 0 0 1 1
22 8 1 0 0 0 0 1
22 9 1 1 0 0 0 1
22 10 1 0 0 1 0 0
22 11 1 1 1 0 0 1
22 12 0 0 1 0 0 1
22 14 1 0 1 1 0 1
22 15 0 1 1 0 0 0
22 16 0 0 1 1 1 0
22 17 1 1 0 1 0 0
22 18 1 1 1 0 0 1
22 19 0 1 1 0 1 1
22 21 1 1 1 1 0 1
22 22 0 1 1 0 0 0
22 24 0 0 0 0 1 1
22 25 0 0 1 0 0 0
22 26 1 0 0 1 0 0
22 27 1 1 1 0 0 1
22 28 0 0 0 0 0 1
22 29 0 1 1 0 0 0
23 6 0 0 0 0 1 1
23 7 1 0 0 0 0 1
23 8 1 1 0 0 0 1
23 9 0 0 0 1 1 0
23 10 1 1 1 0 0 1
23 11 0 1 0 0 1 1
23 13 1 0 1 1 0 1
23 14 0 1 1 0 0 0
23 15 0 0 1 1 1 0
23 16 0 1 0 1 0 0
23 17 1 1 1 0 0 1
23 18 0 0 1 0 0 1
23 19 0 1 1 0 1 1
23 21 1 1 1 1 0 1
23 22 0 1 1 0 0 0
23 24 0 0 0 0 1 1
23 25 0 0 1 0 0 0
23 26 1 1 0 1 0 0
23 27 1 1 1 0 0 1
23 28 0 0 0 0 0 1
23 29 0 1 1 0 0 0
24 27 0 0 0 0 1 1
24 28 0 1 0 0 0 0
24 29 1 0 0 1 1 0
24 30 1 1 1 0 0 1
24 31 0 0 1 0 0 1
26 6 0 0 0 0 1 1
26 7 1 0 0 0 0 1
26 8 1 0 1 1 0 1
26 9 0 1 1 0 0 0
26 10 0 0 0 0 1 1
26 11 0 0 0 1 0 0
26 12 1 1 1 0 0 1
26 13 0 1 1 0 1 1
26 15 1 1 1 1 0 1
26 16 0 1 1 0 0 0
26 18 1 1 1 1 1 1
26 19 0 1 0 1 1 0
26 21 0 1 0 1 0 1
26 22 1 1 0 1 1 0
26 23 0 1 1 0 1 0
26 24 1 1 0 0 1 1
26 26 1 0 1 1 0 0
26 27 1 0 0 1 0 1
26 28 1 0 1 1 1 0
26 29 0 1 0 1 1 0
