0.10
53 74 105 126 158 179 209 230 260 281 313 333 364 385 416 437 468 488 519 540 571 592 623 643 674 695 726 747 778 798 829 850 881 902 933 954 985 1005 1036 1057 1087 1108 1140 1160 1191 1212 1243 1264 1295 1316 1346 1368 1399 1419 1451 1472 1502 1524 1555 1575 1606 1626 1657 1677
13 34 55 92 113 134 174 195 216 256 278 298 338 359 380 420 441 462 502 523 544 584 605 626 666 687 708 748 769 790 830 851 872 912 933 954 994 1015 1036 1076 1097 1118 1158 1179 1200 1240 1261 1282 1322 1343 1364 1404 1425 1446 1486 1507 1528 1568 1589 1610 1650 1671 1692 1732 1753 1774 1814 1835 1856 1896 1917 1938 1978 1999 2020 2060 2081 2102 2142 2163 2184 2224 2245 2266
4 2 0 1 0 1 0 0
4 3 1 1 0 0 1 0
4 4 0 0 0 1 0 0
4 5 1 1 1 0 0 1
4 6 0 1 0 0 0 0
4 7 0 1 0 0 0 0
4 8 0 1 0 0 0 0
4 9 0 1 0 0 0 0
4 10 0 1 0 0 0 0
4 11 0 1 0 0 0 0
4 12 0 1 0 0 0 0
4 13 0 1 0 0 0 0
4 14 0 1 0 0 0 0
4 15 0 1 0 0 0 0
4 16 0 1 0 0 0 0
4 17 0 1 0 0 0 0
4 18 0 1 0 0 0 0
4 19 0 1 0 0 0 0
4 20 1 1 0 1 1 0
4 21 0 0 0 1 1 0
4 22 1 1 1 0 0 1
4 24 1 0 0 0 1 0
4 25 1 1 0 0 1 1
4 26 1 0 0 0 1 0
4 27 0 1 0 1 1 0
4 28 0 0 1 1 0 1
4 29 1 0 0 1 1 0
