0.10
25 47 77 99 128 150 180 202 233 254 284 305 335 357 387 409 439 460 491 512 543 564 594 616 646 668 698 720 750 771 802 823 853 875 905 926 957 979 1008 1030 1060 1082 1112 1134 1164 1185 1216 1237 1267 1289 1319 1340 1371 1392 1423 1444 1474 1496 1527 1548 1578 1600 1630 1651
57 78 99 139 161 183 222 244 265 308 330 350 388 409 430 474 495 517 555 577 598 641 662 684 720 741 762 807 828 849 887 909 930 972 994 1016 1053 1075 1096 1139 1161 1182 1221 1242 1263 1304 1326 1347 1387 1408 1429 1469 1490 1511 1553 1575 1596 1634 1656 1676 1718 1739 1760 1800 1821 1842 1884 1907 1928 1965 1987 2007 2051 2072 2093 2131 2152 2173 2215 2237 2258
2 2 0 1 0 0 0 0
2 3 0 0 0 1 1 0
2 4 0 1 1 0 0 0
2 6 0 1 0 0 0 0
2 7 0 0 0 1 0 0
2 8 0 1 1 0 0 0
2 9 0 0 0 0 0 1
2 10 0 1 1 0 0 0
2 12 1 0 0 1 0 0
2 13 0 1 0 0 1 1
2 15 1 0 1 1 0 1
2 16 0 0 0 1 1 0
2 17 0 1 0 0 1 1
2 19 0 0 0 0 1 1
2 20 1 0 0 0 0 1
2 21 1 0 1 1 0 1
2 22 0 0 0 1 0 0
2 23 0 1 1 0 0 0
2 24 0 1 1 0 1 1
2 26 1 1 1 1 0 1
2 27 0 1 1 0 0 0
3 11 0 0 0 0 1 1
3 12 0 0 1 0 0 0
3 13 1 1 0 0 1 0
3 14 1 1 1 0 0 1
3 15 0 1 1 0 1 1
3 16 1 0 0 0 0 0
3 17 0 0 0 1 0 0
3 18 0 1 1 0 0 0
3 20 0 1 0 0 0 0
3 21 0 0 1 1 0 1
3 22 0 1 1 1 0 0
3 23 0 0 1 0 1 1
3 24 1 1 0 1 1 1
3 26 0 1 1 1 0 0
3 28 1 0 0 1 0 0
3 29 0 1 1 0 0 0
4 8 0 0 1 1 0 1
4 9 0 1 1 1 0 0
4 10 0 0 1 1 1 1
4 11 0 1 0 1 1 0
4 12 0 0 1 0 0 0
4 14 0 0 0 0 1 1
4 15 1 0 0 1 0 0
4 16 0 0 0 0 1 1
4 17 0 1 0 1 1 1
4 18 0 0 1 0 0 0
4 20 0 1 0 1 0 1
4 21 0 1 1 1 0 1
4 22 1 1 0 0 0 1
4 23 1 1 0 1 1 0
4 25 0 1 0 0 0 0
4 26 0 0 1 1 0 1
4 27 0 1 1 1 0 0
4 28 0 0 1 1 1 1
4 29 0 1 0 1 1 0
4 31 1 1 0 1 0 0
5 2 1 0 1 1 0 1
5 3 0 1 1 0 0 0
5 6 0 1 1 0 1 0
5 7 1 0 0 0 0 1
5 8 1 0 0 0 1 0
5 9 0 0 0 1 0 1
5 10 0 0 0 0 1 1
5 11 0 1 0 0 0 0
5 12 0 1 1 0 1 1
5 13 1 1 0 1 0 1
5 14 0 1 0 1 0 1
5 15 1 0 0 0 1 0
5 16 1 1 0 0 1 1
5 17 1 0 0 1 0 0
5 18 1 1 0 1 0 1
5 19 0 0 1 1 0 1
5 20 1 0 0 1 1 0
5 22 1 0 0 1 0 0
5 23 0 0 0 0 1 0
5 24 0 1 0 0 1 1
5 25 0 0 0 1 0 0
5 26 0 1 0 1 1 1
5 27 1 1 0 1 0 0
5 28 0 0 0 1 0 0
5 29 0 0 1 1 0 1
5 30 1 1 0 1 1 1
5 31 0 1 1 0 1 1
6 2 0 0 1 1 1 1
6 3 0 1 0 1 1 0
6 5 0 1 1 1 0 0
6 7 0 1 0 1 0 0
6 8 0 0 0 1 1 0
6 9 0 1 1 0 0 1
6 10 1 0 0 1 1 0
6 12 1 0 0 1 0 0
6 13 0 1 1 0 0 0
6 15 0 1 0 0 0 0
6 16 0 0 0 1 1 0
6 17 0 1 1 0 0 0
6 19 0 1 0 0 0 0
6 20 0 0 0 1 0 0
6 21 0 1 1 0 0 0
6 23 0 1 0 0 0 0
6 24 1 0 1 1 0 1
6 25 0 0 0 1 1 1
6 26 1 0 1 1 0 0
6 27 0 0 0 1 1 0
6 28 0 0 0 0 1 1
6 29 0 1 1 1 0 1
6 31 0 1 1 1 0 0
7 3 0 0 0 0 1 1
7 4 1 0 0 1 0 0
7 5 1 0 0 0 1 0
7 7 1 0 0 0 0 0
7 8 0 0 1 1 0 1
7 9 0 1 1 1 0 0
7 10 1 0 0 0 1 0
7 11 0 1 0 1 1 0
7 13 0 0 1 1 0 1
7 14 0 1 0 1 1 0
7 15 0 0 0 0 1 1
7 16 1 0 0 1 0 0
7 17 0 0 0 0 1 1
7 18 0 1 0 1 1 1
7 20 1 1 0 1 0 0
7 22 0 0 0 0 1 1
7 23 0 1 1 1 0 0
7 24 0 1 0 0 0 1
7 25 0 1 0 1 0 0
7 26 1 1 0 0 0 1
7 27 0 0 0 1 1 0
7 29 0 0 1 1 0 1
7 30 0 1 1 1 0 0
7 31 0 0 1 0 0 1
8 12 0 0 0 0 1 1
8 13 0 1 0 0 0 0
8 14 1 0 1 1 0 1
8 15 0 1 0 1 1 0
8 16 0 0 1 1 0 1
8 17 0 1 1 1 0 0
8 18 0 0 1 0 1 1
8 19 1 1 0 1 1 1
8 21 0 0 1 0 1 0
8 22 0 1 0 1 1 0
8 24 0 0 1 1 0 1
8 25 0 1 1 1 0 0
8 26 1 0 0 0 1 0
8 27 0 1 0 1 1 0
8 29 1 0 1 1 0 1
8 30 0 1 0 1 1 0
8 31 0 0 1 0 0 1
9 5 0 0 1 0 0 1
9 6 0 1 1 1 1 0
9 8 0 0 1 1 0 1
9 9 0 1 1 1 0 0
9 10 0 0 1 1 1 1
9 11 0 1 0 1 1 0
9 13 1 1 0 1 0 0
9 15 0 1 0 1 0 1
9 16 1 1 0 1 1 0
9 17 1 0 0 0 1 0
9 18 0 1 0 1 1 0
9 19 1 1 1 0 1 1
9 20 0 1 0 1 1 0
9 22 0 1 1 0 0 1
9 23 1 0 0 1 0 1
9 24 0 1 0 1 0 1
9 26 1 0 1 0 1 0
9 27 0 1 1 1 0 1
9 28 1 0 1 1 0 0
9 29 0 1 0 1 1 0
10 7 0 0 1 0 0 0
10 8 0 0 0 1 0 1
10 9 0 1 1 0 0 0
10 10 0 0 0 0 0 1
10 11 0 1 1 0 0 0
10 13 0 0 0 1 1 0
10 14 0 1 0 0 1 1
10 16 1 0 1 1 0 1
10 17 0 0 0 1 0 1
10 18 0 1 1 0 0 0
10 19 0 1 1 0 1 1
10 21 1 1 1 1 0 1
10 22 0 1 1 0 0 0
10 24 0 0 1 1 0 1
10 25 0 1 1 1 0 0
10 26 0 0 1 1 1 1
10 27 0 1 0 1 1 0
10 29 0 0 0 0 1 1
10 30 1 0 0 1 0 0
10 31 1 0 0 0 1 0
11 3 0 0 1 1 0 1
11 4 0 1 1 1 0 0
11 5 0 0 1 1 1 1
11 6 0 1 0 1 1 0
11 8 1 0 0 0 1 0
11 9 0 0 0 1 1 1
11 10 1 0 0 0 1 0
11 11 0 0 0 1 1 0
11 12 1 1 1 0 0 1
11 13 1 0 0 0 0 1
11 15 0 1 0 1 0 1
11 16 0 0 0 1 0 1
11 17 0 1 0 0 1 1
11 18 0 0 0 1 1 0
11 20 0 1 1 0 1 0
11 21 1 0 0 0 0 1
11 22 1 0 0 0 1 0
11 23 0 0 0 1 0 1
11 25 0 1 0 0 0 0
11 26 0 0 0 0 1 1
11 27 0 0 1 0 0 0
11 28 1 1 0 0 1 0
11 29 1 1 1 0 0 1
11 30 0 1 1 0 1 1
11 31 1 0 0 0 0 0
12 3 0 0 1 1 1 1
12 4 0 1 0 1 1 0
12 6 1 0 0 0 1 0
12 7 0 0 0 1 1 1
12 8 1 0 0 0 1 0
12 9 0 0 0 1 1 0
12 10 0 0 1 1 1 1
12 11 1 0 0 1 1 0
12 13 0 1 0 0 0 0
12 14 0 0 0 0 1 1
12 15 0 0 1 0 0 0
12 16 1 1 0 0 1 0
12 17 1 1 1 0 0 1
12 18 0 1 1 0 1 1
12 19 1 0 0 0 0 0
12 20 0 0 0 1 0 1
12 21 0 1 1 0 0 0
12 22 0 0 0 0 0 1
12 23 0 1 1 0 0 0
12 25 1 0 1 1 0 1
12 26 0 0 0 1 0 1
12 27 0 1 1 0 0 0
12 28 0 1 1 0 1 1
12 30 1 1 1 1 0 1
12 31 0 1 1 0 0 0
13 3 0 0 0 0 1 1
13 4 0 1 0 1 1 1
13 6 0 0 1 0 1 0
13 7 0 1 0 1 1 0
13 9 0 0 0 0 1 1
13 10 0 0 1 0 0 0
13 11 1 1 0 0 1 0
13 12 1 1 1 0 0 1
13 13 0 1 1 0 1 1
13 14 1 0 0 0 0 0
13 15 0 0 0 1 0 1
13 16 0 1 1 0 0 0
13 17 0 0 0 0 0 1
13 18 0 1 1 0 0 0
13 20 1 0 1 1 0 1
13 21 0 1 1 1 1 0
13 22 0 0 0 1 0 1
13 23 0 1 1 0 0 0
13 24 0 1 1 0 1 1
13 26 1 1 1 1 0 1
13 27 0 1 1 0 0 0
13 29 0 0 1 1 0 1
13 30 0 1 1 1 0 0
13 31 0 0 1 0 0 1
14 7 1 0 0 1 0 0
14 8 0 1 0 0 1 1
14 10 1 0 1 1 0 1
14 11 0 0 0 1 1 0
14 12 0 1 0 0 1 1
14 14 0 0 0 0 1 1
14 15 1 0 0 0 0 1
14 16 1 0 1 1 0 1
14 17 0 0 0 1 0 0
14 18 0 1 1 0 0 0
14 19 0 1 1 0 1 1
14 21 1 1 1 1 0 1
14 22 0 1 1 0 0 0
14 24 0 0 1 1 0 1
14 25 0 1 1 1 0 0
14 26 0 0 1 1 1 1
14 27 0 1 0 1 1 0
14 29 0 0 0 0 1 1
14 30 1 0 0 1 0 0
14 31 0 0 1 0 0 1
15 3 0 0 1 1 1 1
15 4 0 1 0 1 1 0
15 6 0 1 0 1 0 0
15 7 0 1 0 1 1 0
15 8 0 0 1 0 1 0
15 9 1 0 0 0 0 1
15 11 0 1 0 0 0 0
15 12 1 0 1 1 0 0
15 13 0 1 0 1 1 0
15 14 0 1 0 0 0 1
15 15 1 0 0 1 1 0
15 17 1 0 0 0 1 0
15 18 0 0 1 0 1 0
15 19 0 0 0 1 0 1
15 20 0 0 0 0 1 1
15 21 0 1 0 0 0 0
15 22 0 0 0 0 1 1
15 23 0 0 1 0 0 0
15 24 1 1 0 0 1 0
15 25 1 1 1 0 0 1
15 26 0 1 1 0 1 1
15 27 1 0 0 0 0 0
15 28 0 0 0 1 0 0
15 29 0 1 1 0 0 0
15 30 0 0 0 0 0 1
15 31 0 1 1 0 0 0
16 3 0 1 0 0 0 1
16 4 1 1 0 1 0 0
16 5 1 1 0 0 0 1
16 6 0 0 0 1 1 0
16 8 0 0 1 1 0 1
16 9 0 1 1 1 0 0
16 10 0 0 1 1 1 1
16 11 0 1 0 1 1 0
16 13 0 0 1 0 1 0
16 14 0 0 0 1 1 1
16 15 0 0 1 1 0 0
16 16 0 0 1 1 1 1
16 17 1 0 0 1 1 0
16 19 0 1 1 1 1 1
16 20 1 1 0 1 0 0
16 22 1 1 1 0 0 1
16 23 1 1 0 1 1 1
16 24 0 0 1 1 0 0
16 25 1 0 0 1 0 1
16 27 1 1 0 1 0 0
16 29 0 0 1 1 0 1
16 30 0 1 1 1 0 0
16 31 0 0 1 0 0 1
17 12 0 0 0 0 1 1
17 13 0 1 0 0 0 0
17 14 1 0 0 0 1 0
17 15 0 1 0 1 1 0
17 16 1 1 1 1 1 0
17 17 1 1 0 1 1 0
17 19 1 1 0 1 0 0
17 21 1 0 1 1 0 1
17 22 0 0 0 1 1 1
17 23 1 0 1 1 0 0
17 24 0 0 0 1 1 0
17 25 0 1 1 1 0 1
17 27 1 0 1 0 0 1
17 29 0 0 0 0 1 1
17 30 0 1 1 1 0 0
17 31 0 0 1 0 0 1
19 26 1 0 0 0 1 0
19 27 0 1 0 1 1 0
19 28 1 0 1 1 0 0
19 29 0 0 0 1 1 1
20 4 1 0 1 1 0 0
20 5 1 0 0 1 0 1
20 6 1 0 0 0 1 0
20 7 1 1 0 1 0 0
20 9 1 0 1 0 0 1
20 10 0 1 1 0 0 1
20 11 1 1 0 1 0 0
20 13 0 1 0 0 1 1
20 14 1 1 0 1 1 0
20 16 1 1 0 1 0 0
20 18 0 0 1 1 0 1
20 19 1 0 0 0 0 1
20 20 0 0 0 0 1 0
20 21 0 0 1 1 1 1
20 23 0 0 1 0 1 0
20 24 1 1 0 1 1 0
20 25 1 0 0 0 1 0
20 28 0 0 0 1 0 0
20 29 1 1 1 0 0 1
21 4 1 0 1 0 0 1
21 6 1 0 0 0 1 1
21 7 0 0 1 0 0 0
21 9 1 0 0 0 1 0
21 10 1 1 0 1 1 0
21 11 1 0 1 1 0 0
21 12 1 0 0 1 0 1
21 13 1 1 0 0 0 1
21 14 0 0 0 1 1 0
21 16 1 1 0 1 0 0
21 18 0 1 0 0 0 1
21 19 1 1 0 0 1 1
21 20 1 0 0 0 0 0
21 22 0 0 1 1 0 1
21 23 1 1 0 1 1 1
21 24 0 1 0 1 0 0
21 25 0 1 0 1 1 0
21 27 0 1 0 0 0 0
21 28 0 0 1 1 0 0
21 29 1 1 0 1 1 0
21 30 0 0 1 1 1 1
21 31 0 0 0 1 1 0
22 10 0 0 0 0 1 1
22 11 0 1 0 0 0 0
22 12 0 0 0 0 1 1
22 13 0 1 1 1 0 0
22 14 1 0 0 0 1 0
22 15 0 1 0 1 1 0
22 16 1 1 1 1 1 0
22 17 1 1 0 1 1 0
22 19 1 1 0 1 0 0
22 21 1 0 1 1 0 0
22 22 1 1 0 1 1 0
22 23 1 0 0 0 0 1
22 25 0 1 0 1 1 1
22 26 0 1 1 0 0 0
22 28 0 0 1 1 0 0
22 29 1 1 0 1 1 0
22 30 0 0 1 1 1 1
22 31 0 0 0 1 1 0
23 2 1 0 1 0 1 1
23 3 1 0 0 1 0 1
23 5 0 1 0 0 0 0
23 6 1 0 1 0 1 0
23 7 1 0 0 0 1 1
23 8 1 0 0 0 1 0
23 9 0 0 0 1 1 0
23 11 1 0 1 1 1 0
23 12 1 1 0 1 1 0
23 13 0 0 1 1 1 1
23 14 1 0 0 1 0 0
23 16 1 1 1 0 1 0
23 17 1 1 0 1 0 0
23 18 0 1 1 1 1 0
23 19 0 0 0 1 0 1
23 21 0 0 0 1 0 0
23 22 1 0 0 0 0 1
23 23 0 0 1 0 0 1
23 24 1 1 0 1 0 1
23 25 0 1 1 0 0 0
23 28 0 0 0 1 1 0
23 29 1 1 1 0 0 1
24 4 0 0 1 1 0 1
24 5 1 1 0 1 1 1
24 6 0 1 0 1 0 0
24 7 0 1 0 1 1 0
24 8 0 0 0 0 1 1
24 9 0 1 0 0 0 0
24 10 1 0 1 0 1 0
24 11 1 0 0 0 1 1
24 12 1 0 0 0 1 0
24 13 0 0 0 1 1 0
24 15 0 0 1 0 1 1
24 16 1 1 0 1 1 1
24 17 1 0 0 0 1 0
24 19 0 0 1 1 0 0
24 20 0 1 0 1 1 0
24 21 0 0 1 1 1 0
24 22 1 1 0 1 1 0
24 24 1 0 1 1 0 0
24 25 1 1 0 1 1 0
24 26 1 0 0 0 0 1
24 28 1 1 1 0 1 0
24 29 1 1 0 1 0 0
24 30 1 0 1 1 0 1
24 31 0 0 0 1 1 1
25 4 1 1 0 1 0 1
25 5 0 1 1 0 0 0
25 7 0 0 1 1 0 1
25 8 0 1 1 1 0 0
25 9 1 1 1 0 1 0
25 10 1 1 0 1 0 0
25 11 0 1 1 1 1 0
25 12 0 0 0 1 0 1
25 14 1 0 1 0 0 1
25 16 1 0 0 1 0 1
25 17 0 1 1 0 0 0
25 19 0 0 1 1 0 1
25 20 0 1 1 1 0 0
25 21 0 0 0 0 1 1
25 22 1 0 0 1 0 0
25 23 0 0 1 0 1 1
25 24 1 1 0 1 1 1
25 26 1 1 0 1 0 0
25 28 1 0 1 0 1 0
25 29 1 0 0 0 1 1
25 30 1 0 0 0 1 0
25 31 0 0 0 1 1 0
26 18 0 0 0 0 1 1
26 19 0 1 0 0 0 0
26 20 0 0 0 0 1 1
26 21 0 1 1 1 0 0
26 22 1 0 0 0 1 0
26 23 0 1 0 1 1 0
26 24 1 1 1 1 1 0
26 25 1 1 0 1 1 0
26 27 1 1 0 1 0 0
26 29 1 0 1 1 0 0
26 30 1 1 0 1 1 0
26 31 1 0 0 0 0 1
27 2 0 1 0 1 0 0
27 3 1 1 1 0 0 1
