0.20
59 81 111 132 163 185 215 237 267 288 319 340 371 392 423 444 475 496 526 548 578 599 630 651 682 703 733 755 785 806 837 858 889 910 941 962 992 1013 1044 1065 1096 1117 1147 1169 1199 1221 1251 1272 1303 1324 1355 1376 1406 1428 1458 1480 1510 1531 1562 1583 1610 1630 1657 1677
42 62 86 124 144 164 202 224 244 286 308 329 368 390 411 450 472 493 534 555 576 616 638 659 699 720 741 782 803 825 864 886 907 948 969 990 1030 1051 1073 1114 1135 1157 1195 1215 1235 1278 1299 1321 1361 1382 1403 1444 1466 1487 1525 1547 1568 1609 1631 1652 1691 1713 1734 1775 1796 1818 1859 1880 1902 1942 1964 1985 2023 2045 2066 2107 2129 2150 2191 2213 2234 2272 2292 2312
3 1 0 0 1 1 0 1
3 3 0 0 0 1 0 0
3 4 0 1 1 1 1 0
3 5 0 0 1 0 1 0
3 7 1 1 0 1 1 0
3 8 0 0 1 1 0 1
3 9 1 1 1 0 0 0
3 10 0 1 0 1 0 0
3 12 1 1 1 1 0 0
3 13 0 0 1 0 1 1
3 14 0 1 1 1 1 0
3 15 1 1 1 0 1 1
3 17 1 0 0 1 1 0
3 19 1 0 0 0 1 1
3 20 0 1 0 1 1 1
3 21 1 1 1 1 0 0
3 22 1 0 0 0 0 1
3 24 1 1 0 1 1 0
3 25 0 0 1 1 0 1
3 26 1 1 1 0 0 0
3 27 0 1 0 1 0 0
3 29 0 0 0 0 1 1
3 30 1 0 1 1 0 1
4 1 0 0 1 1 0 0
4 2 1 1 0 1 1 0
4 3 1 0 0 1 0 1
4 5 1 1 0 0 1 1
4 7 1 0 0 0 1 1
4 8 0 0 1 0 1 1
4 9 1 0 1 1 0 0
4 10 0 1 0 0 0 1
4 12 1 1 0 1 1 0
4 13 1 1 0 1 1 1
4 14 1 1 0 0 1 0
4 15 0 1 0 1 0 0
4 16 0 0 0 0 1 0
4 17 0 0 1 0 0 0
5 3 1 0 0 0 1 1
5 4 0 1 1 0 0 1
5 5 1 0 1 1 0 0
5 6 1 0 0 1 0 1
5 8 0 1 0 0 1 0
5 9 0 1 1 1 1 0
5 10 0 1 0 1 0 0
5 12 0 0 1 1 0 0
5 13 0 1 0 0 1 1
5 15 1 1 0 0 0 0
5 16 1 0 0 1 0 1
5 17 1 1 1 0 0 0
5 18 1 0 1 1 0 1
5 20 0 0 1 1 0 0
5 21 1 1 0 1 1 0
5 22 1 0 0 1 0 1
5 24 1 0 0 1 1 0
5 26 1 1 0 1 1 0
5 27 1 1 0 1 1 1
5 28 1 1 0 0 1 0
5 29 0 1 0 1 0 0
6 1 1 0 1 0 0 0
6 2 0 1 0 0 0 1
6 3 0 1 0 1 0 0
6 7 1 0 1 1 1 0
6 8 0 0 1 0 1 0
6 9 0 0 1 0 0 0
6 11 0 1 0 1 0 0
6 12 0 0 1 1 0 0
6 13 0 1 0 0 1 1
6 15 1 1 0 0 1 0
6 16 1 1 1 0 0 1
6 17 1 0 0 0 1 1
6 18 1 0 1 0 0 1
6 20 1 1 1 0 0 0
6 21 0 1 0 1 0 1
6 23 1 1 0 0 0 0
6 24 0 0 1 1 1 0
6 25 1 0 0 0 1 1
6 26 0 1 1 0 0 0
6 27 0 0 0 0 1 0
6 28 0 0 1 0 0 0
6 29 0 0 1 1 0 0
6 30 0 1 0 0 0 1
7 1 0 0 1 0 0 1
7 2 0 0 1 1 0 0
7 3 0 1 0 0 1 1
7 5 1 1 0 0 1 0
7 6 1 1 1 0 0 1
7 7 1 0 0 0 1 1
7 8 1 0 1 0 0 1
7 10 1 1 0 0 1 1
7 12 1 0 1 1 1 0
7 13 0 0 1 0 1 0
7 14 0 0 1 0 0 0
7 15 1 1 0 0 1 0
7 16 1 0 0 0 1 0
7 18 1 1 0 0 1 0
7 19 1 0 0 0 0 1
7 20 0 0 1 1 0 0
7 21 0 0 0 0 1 0
7 22 0 0 1 0 0 0
7 23 0 0 0 1 0 0
7 24 0 1 1 1 1 0
7 25 0 0 1 0 1 0
7 27 1 0 0 1 1 0
7 29 0 1 1 1 1 0
7 30 1 0 1 0 0 1
8 1 0 0 1 0 0 1
8 2 1 1 0 0 1 0
8 3 1 0 1 1 0 1
8 5 1 0 0 0 1 1
8 7 1 0 0 0 1 1
8 8 0 0 1 0 1 1
8 9 1 0 1 1 0 0
8 10 0 1 0 0 0 1
8 11 1 0 1 1 0 1
8 13 1 0 0 1 1 0
8 14 0 0 0 0 1 0
8 15 0 0 1 0 0 0
8 16 0 0 0 1 0 0
8 17 0 1 1 1 1 0
8 18 0 0 1 0 1 0
8 20 0 0 1 1 0 1
8 22 0 1 0 1 0 0
8 23 0 0 1 0 0 0
8 24 1 0 1 0 0 0
8 25 1 0 0 1 0 1
8 27 1 1 0 0 1 0
8 28 0 1 1 1 1 1
8 29 1 1 0 0 1 0
8 30 0 1 0 1 0 0
9 1 1 0 0 1 1 0
9 3 1 1 0 0 1 0
9 4 1 1 1 0 0 1
9 5 1 0 0 0 1 1
9 6 1 0 1 0 0 1
9 7 0 0 0 1 0 0
9 9 1 1 0 1 0 0
9 10 0 1 1 0 0 1
9 11 1 1 1 1 1 0
9 12 0 0 1 1 1 1
9 14 1 0 0 1 1 0
9 15 0 0 1 1 1 1
9 17 1 1 0 0 1 1
9 19 1 0 1 1 1 0
9 20 0 0 1 0 1 0
9 21 0 0 1 0 0 0
9 22 1 1 0 0 1 0
9 23 1 0 0 0 1 0
9 25 1 1 1 0 0 0
9 26 1 0 0 1 0 1
9 27 1 1 0 0 1 0
9 28 0 1 0 1 0 0
9 29 0 0 0 0 1 0
9 30 0 0 1 0 0 0
10 3 0 1 1 1 1 0
10 4 0 1 0 0 1 1
10 5 1 1 0 1 1 0
10 6 1 0 1 0 1 0
10 8 1 1 0 0 1 0
10 9 0 1 1 1 1 1
10 10 1 1 0 0 1 0
10 11 0 1 0 1 0 0
10 13 1 1 0 0 0 0
10 14 0 0 1 0 1 1
10 15 0 0 1 1 0 0
10 16 0 1 1 0 0 1
10 17 0 0 0 0 1 0
10 19 1 0 1 1 1 0
10 20 0 1 0 1 0 0
10 22 1 1 0 0 0 0
10 23 1 0 1 0 0 1
10 24 1 1 0 1 1 0
10 25 1 1 0 0 0 1
10 27 1 0 1 1 1 0
10 28 0 0 1 1 1 1
11 1 1 1 0 0 1 0
11 2 0 1 0 1 1 1
11 3 1 0 0 1 1 0
11 4 0 0 1 0 1 0
11 6 1 0 0 0 1 1
11 7 0 1 1 0 0 1
11 8 1 0 0 0 1 1
11 9 1 0 1 0 0 1
11 11 0 1 0 0 1 0
11 12 0 1 1 1 1 0
11 13 0 1 0 1 0 0
11 14 0 0 0 0 1 0
11 16 1 1 0 0 0 0
11 17 1 0 0 0 0 1
11 18 1 0 1 0 0 0
11 19 1 0 0 0 1 0
11 21 1 0 1 1 1 0
11 22 0 0 1 1 1 1
11 24 0 1 1 1 1 0
11 25 0 1 0 1 0 0
11 26 1 1 0 0 1 0
11 27 0 1 0 1 1 1
11 29 0 1 0 1 1 0
11 30 1 0 1 0 0 1
12 1 0 0 1 0 0 1
12 2 1 1 0 0 1 0
12 3 0 1 0 0 0 1
12 5 1 0 0 1 1 1
12 7 0 0 1 1 0 0
12 8 0 1 0 0 0 1
12 9 0 0 1 0 0 0
12 10 0 1 0 0 1 1
12 12 1 1 0 0 1 0
12 13 1 1 1 0 0 1
12 14 1 0 0 0 1 1
12 15 1 0 1 0 0 1
12 17 1 1 0 1 0 0
12 18 0 0 1 0 1 1
12 19 1 1 0 0 1 0
12 20 0 1 0 1 0 0
12 22 1 1 0 0 1 0
12 23 0 1 0 0 0 1
12 25 1 1 0 1 1 0
12 26 1 0 0 0 1 0
12 27 1 1 0 1 1 0
12 28 0 1 1 1 1 1
13 1 1 0 1 1 0 0
13 2 1 1 1 0 1 1
13 3 1 1 0 0 1 0
13 4 1 0 0 0 1 0
13 6 1 0 0 0 1 1
13 7 0 1 0 0 0 0
13 8 1 1 0 1 1 0
13 9 0 1 0 1 0 0
13 11 0 1 0 0 1 0
13 12 0 1 1 1 1 0
13 13 0 1 0 1 0 0
13 14 0 0 0 0 1 0
13 16 1 0 0 1 0 0
13 17 0 1 0 0 1 1
13 18 1 1 1 0 1 0
13 20 1 1 0 1 1 0
13 21 1 1 0 0 0 1
13 22 0 1 0 1 0 0
13 23 1 1 0 0 0 0
13 24 1 0 1 0 0 1
13 26 0 1 1 1 1 0
13 27 0 1 0 1 0 0
13 28 1 1 0 1 1 0
13 29 0 1 1 0 1 0
14 1 1 0 0 1 1 0
14 2 0 1 0 1 1 1
14 4 1 1 0 0 1 0
14 5 1 1 1 0 0 1
14 6 1 0 0 0 1 1
14 7 1 0 1 0 0 1
14 9 1 0 0 1 1 0
14 11 0 1 0 1 1 0
14 12 0 0 1 0 1 1
14 13 1 0 0 0 1 1
14 15 1 1 0 0 1 0
14 16 0 1 0 0 0 1
14 18 0 0 0 1 1 1
14 19 0 1 1 0 0 0
14 20 1 0 0 1 1 1
14 22 1 0 1 1 1 0
14 23 0 0 1 1 1 1
14 24 1 1 1 0 0 0
14 25 0 1 0 1 0 0
14 26 0 0 0 0 1 0
14 27 0 1 1 0 0 0
16 3 0 0 1 1 1 1
16 4 1 1 0 0 0 0
16 5 1 1 0 1 0 0
16 6 0 0 1 1 1 1
16 7 1 0 0 0 0 0
16 10 1 1 1 0 1 0
16 11 0 1 1 0 0 0
16 12 1 0 0 1 0 0
16 13 0 1 1 0 0 0
16 15 1 1 0 0 1 0
16 16 1 1 1 0 0 1
16 17 1 0 0 0 1 1
16 18 1 0 1 0 0 1
17 3 1 0 1 0 1 0
17 4 1 0 1 1 0 0
17 5 0 0 1 0 1 1
17 7 1 0 1 0 0 0
17 8 1 1 1 0 0 1
17 10 1 1 0 0 0 1
17 11 0 0 1 0 0 0
17 12 1 0 0 1 0 1
17 14 0 0 1 1 0 0
17 15 0 1 0 0 1 1
17 17 0 0 1 1 0 0
17 18 0 0 1 1 1 1
17 19 1 1 0 1 0 0
17 20 0 1 1 0 0 1
17 21 0 1 1 1 1 0
17 22 0 1 0 1 0 0
17 24 1 0 0 1 1 0
17 26 1 1 0 0 0 0
17 27 0 0 1 1 1 0
17 28 1 0 1 1 0 0
17 29 1 0 0 1 0 1
18 1 0 0 1 0 0 1
18 2 1 1 0 1 1 0
18 3 0 1 0 1 0 0
18 5 1 0 0 1 1 0
18 7 0 1 0 0 1 0
18 8 0 1 1 1 1 0
18 9 0 1 0 1 0 0
18 10 0 0 0 0 1 0
18 11 0 1 1 0 0 0
19 3 0 0 1 1 0 0
19 4 0 0 1 1 1 1
19 5 1 1 0 1 0 0
19 6 0 1 1 0 0 1
19 7 0 1 1 1 1 0
19 8 0 1 0 1 0 0
19 10 1 0 0 1 1 0
19 12 1 1 1 0 0 0
19 13 1 1 0 0 1 1
19 14 1 1 0 1 1 0
19 15 0 1 0 0 0 1
19 17 1 0 1 1 0 0
19 18 1 0 0 1 0 1
19 20 1 0 0 0 1 1
19 22 1 0 1 0 0 0
19 23 1 1 1 1 0 1
19 24 1 0 0 1 1 0
19 25 0 0 1 1 1 1
19 27 1 0 0 1 1 0
19 29 0 0 1 1 0 0
19 30 0 0 1 1 1 1
20 1 0 0 1 0 0 1
20 2 1 1 0 1 0 0
20 3 0 1 1 0 0 1
20 4 1 1 0 0 1 0
20 5 1 0 0 0 0 1
20 7 0 0 0 0 1 1
20 8 0 0 1 0 0 0
20 9 0 1 1 1 1 0
20 10 1 0 1 0 0 1
20 12 0 0 1 1 1 1
20 13 1 1 0 0 0 0
20 14 1 1 0 1 0 0
20 15 0 0 1 1 1 1
20 16 1 0 0 0 0 0
20 17 0 0 1 0 0 1
20 18 0 0 1 1 1 1
20 19 1 0 0 0 0 0
20 21 1 1 0 1 1 0
20 22 1 0 0 1 0 1
20 24 0 0 1 1 1 1
20 25 1 0 0 0 0 0
20 26 1 0 0 0 0 0
20 27 1 0 0 0 0 0
21 1 0 0 1 0 0 1
21 2 1 0 0 0 1 0
21 3 0 0 0 0 0 1
21 4 0 1 1 0 0 0
21 5 0 0 0 0 1 0
21 7 1 0 0 0 1 1
21 8 0 1 0 0 0 1
21 10 0 0 1 1 0 0
21 11 0 0 1 1 1 1
21 12 1 1 0 1 0 0
21 13 0 1 1 0 0 1
21 14 0 1 1 1 1 0
21 15 0 1 0 1 0 0
21 17 1 0 0 1 1 0
21 19 1 1 1 0 0 0
21 20 0 0 1 1 1 1
21 21 1 1 1 1 1 0
21 22 0 1 1 0 0 1
21 24 0 1 0 1 1 1
21 26 0 0 0 0 1 1
21 27 1 0 1 1 0 1
21 28 0 0 0 0 1 0
22 1 1 1 0 0 0 0
22 2 0 0 1 1 1 0
22 3 1 0 1 1 0 0
22 4 1 0 0 1 0 1
22 5 1 1 0 1 1 0
22 6 0 1 0 0 0 0
22 8 0 1 0 1 1 1
22 10 0 0 0 0 1 1
22 11 1 0 1 1 1 1
22 12 0 0 0 0 1 0
22 14 1 1 0 0 1 0
22 15 1 0 0 1 0 1
22 16 0 1 0 1 1 0
22 17 1 1 1 0 0 1
22 19 1 0 0 1 1 0
22 20 0 1 0 1 1 1
22 21 0 0 1 1 0 1
22 23 0 0 0 0 1 1
22 24 1 0 1 1 0 1
22 26 1 0 0 1 1 0
22 28 1 0 1 1 0 0
22 29 0 1 1 1 0 1
23 1 0 1 0 1 0 0
23 2 1 1 0 1 1 0
23 3 0 1 0 0 0 1
23 5 0 0 1 1 0 0
23 6 0 1 0 0 0 0
23 7 0 0 0 0 1 0
23 9 0 0 0 0 1 1
23 10 1 0 1 1 1 1
23 12 1 0 0 1 1 0
23 13 1 1 1 0 1 1
23 15 1 1 0 0 1 1
23 17 0 1 0 1 0 0
23 18 1 1 0 1 1 0
23 19 0 1 0 0 0 1
23 21 1 0 0 1 1 0
23 22 0 1 0 1 1 1
23 23 1 0 0 0 0 1
23 24 0 1 1 0 0 0
23 25 0 0 1 1 0 0
23 26 0 0 0 0 1 0
23 28 1 1 0 1 1 0
23 29 0 1 0 1 0 0
23 30 0 1 0 0 0 0
24 1 0 0 0 0 1 1
24 2 1 0 1 1 1 1
24 4 1 0 0 0 1 1
24 6 0 0 0 0 1 1
24 7 1 0 1 1 0 1
24 9 1 0 0 1 1 0
24 11 1 1 0 0 1 0
24 12 1 1 1 0 0 1
24 13 1 0 0 0 1 1
24 14 1 0 1 0 0 1
24 15 0 0 0 0 1 0
24 17 0 0 0 1 0 0
24 18 0 1 1 1 1 0
24 19 0 0 1 0 1 0
24 20 1 0 1 1 0 0
24 21 0 0 1 0 1 1
24 23 1 0 0 1 1 0
24 25 1 1 0 1 1 0
24 26 0 0 1 1 0 1
24 27 0 1 1 1 1 0
24 28 0 1 0 1 0 0
25 1 1 1 0 1 1 0
25 2 1 1 0 1 1 1
25 3 1 1 0 0 1 0
25 4 0 1 0 1 0 0
25 6 1 0 1 0 0 0
25 7 0 1 0 0 0 1
25 8 0 1 0 1 0 0
25 10 1 1 0 0 0 0
25 11 0 0 1 1 1 0
25 12 1 0 0 0 1 1
25 13 0 1 1 0 0 0
25 15 0 1 0 1 1 1
26 5 0 0 0 0 1 1
26 6 1 0 1 1 1 1
26 8 0 1 1 0 1 1
26 9 0 0 1 1 1 1
26 10 1 1 0 1 0 0
26 11 0 0 0 0 1 1
26 12 1 0 1 1 0 1
26 13 0 0 1 1 0 0
26 14 0 1 1 0 0 0
26 17 0 0 0 0 1 1
26 18 0 0 1 0 0 1
26 19 0 0 1 1 1 1
26 20 1 0 0 0 0 0
26 21 0 0 1 0 0 1
26 22 0 1 1 0 0 0
27 3 1 0 1 0 1 0
27 4 1 0 1 1 0 0
27 5 0 0 1 0 1 1
27 7 1 0 1 0 1 1
27 8 0 1 0 1 0 1
27 9 0 1 1 0 0 0
27 11 1 1 1 0 0 0
27 12 0 1 0 1 0 1
27 14 1 0 1 0 0 0
27 15 1 1 1 0 0 1
27 17 1 1 0 1 1 0
27 18 0 1 0 1 0 0
27 19 1 1 0 1 1 0
27 20 0 1 0 0 0 1
27 22 0 1 0 0 1 0
27 23 0 1 1 1 1 0
27 24 0 1 0 1 0 0
27 25 0 0 0 0 1 0
27 26 0 1 1 0 0 0
6 5 1 0 0 1 1 1
