0.20
63 84 115 137 167 188 219 240 271 292 322 344 374 396 426 448 478 499 530 551 582 603 633 655 685 707 737 758 789 810 840 862 892 914 944 965 996 1017 1047 1069 1099 1121 1151 1172 1203 1224 1255 1276 1307 1327 1359 1380 1410 1431 1462 1483 1514 1535 1566 1587 1614 1634 1661 1681
39 59 79 117 137 157 195 217 238 278 299 321 364 385 406 442 464 485 529 551 572 609 631 653 696 718 739 775 797 818 862 884 905 942 964 984 1028 1049 1070 1110 1130 1151 1192 1214 1235 1274 1295 1316 1358 1380 1401 1439 1461 1482 1522 1543 1564 1602 1622 1642 1689 1711 1732 1771 1793 1814 1853 1875 1897 1935 1955 1975 2018 2040 2062 2105 2127 2149 2187 2208 2230
3 1 1 0 1 1 1 0
3 2 0 0 1 0 1 0
3 3 1 0 1 1 0 0
3 4 0 1 0 0 0 1
3 6 1 1 1 0 0 0
3 7 1 0 1 1 0 1
3 8 1 0 1 1 1 0
3 9 1 0 0 1 0 1
3 11 1 1 0 0 1 0
3 12 1 1 1 0 1 1
3 14 0 0 1 1 0 0
3 15 0 1 0 0 0 1
3 16 0 0 1 1 0 0
3 17 0 1 0 0 1 1
3 19 1 1 1 1 1 0
3 20 1 1 1 0 0 1
3 21 1 1 1 1 0 0
3 22 1 1 0 0 0 1
3 24 1 0 0 1 1 0
3 26 1 1 1 1 1 0
3 27 1 1 1 0 0 1
3 28 1 1 1 0 0 0
3 29 1 0 1 1 0 1
4 1 0 0 0 0 1 1
4 2 1 0 1 1 1 1
4 4 1 1 0 1 1 0
4 5 1 0 1 1 0 1
4 7 0 1 1 1 0 0
4 8 0 1 0 1 1 1
4 10 1 1 0 1 1 0
4 11 0 1 0 1 0 0
4 12 1 1 0 0 1 0
4 13 1 1 1 1 1 1
4 15 0 1 1 1 0 0
4 16 1 0 1 0 1 0
4 18 1 0 0 1 1 0
4 19 1 0 0 0 0 1
4 21 1 0 0 1 1 0
4 23 0 0 0 0 1 1
4 24 1 0 1 1 0 1
4 26 1 0 0 1 1 0
4 28 0 0 1 1 0 0
4 29 0 1 0 0 0 0
5 1 1 1 1 0 1 0
5 3 1 0 1 0 0 0
5 4 0 1 1 1 1 1
5 5 1 0 0 1 1 0
5 6 1 0 0 0 0 1
5 7 0 0 0 0 1 0
5 9 0 0 0 0 1 1
5 10 1 0 1 1 1 1
5 12 0 0 1 1 0 1
5 14 0 0 0 0 1 1
5 15 1 0 1 1 0 1
5 17 0 0 1 1 0 0
5 18 1 1 0 1 1 0
5 19 1 0 0 1 0 1
5 21 1 0 0 1 1 0
5 23 1 1 0 1 1 0
5 24 1 1 0 1 1 1
5 25 1 1 0 0 1 0
5 26 0 1 0 1 0 0
5 28 1 0 0 0 0 1
6 1 1 0 1 0 1 1
6 2 0 0 1 0 1 1
6 3 1 0 1 1 0 1
6 5 1 1 0 0 0 0
6 6 0 0 1 1 1 0
6 7 1 0 0 0 1 1
6 8 0 1 1 0 0 0
6 9 0 0 0 0 1 0
6 10 0 0 1 0 0 0
7 4 0 1 0 0 0 1
7 5 0 0 1 1 0 0
7 6 0 1 0 0 1 1
7 8 1 1 1 1 1 0
7 9 1 1 1 0 0 1
7 10 1 1 1 1 0 0
7 11 1 1 0 0 0 1
7 13 1 0 0 1 1 0
7 15 1 1 1 1 0 1
7 16 0 1 0 0 0 0
7 17 1 1 1 1 1 0
7 18 1 1 1 0 0 1
7 19 1 1 1 0 0 0
7 20 1 0 1 1 0 1
7 22 1 0 0 0 1 1
7 24 0 0 1 1 1 1
7 25 1 1 0 0 0 0
7 26 0 1 0 1 1 0
7 27 0 0 1 0 0 1
7 28 1 1 0 1 1 0
7 29 1 0 0 1 0 1
7 30 0 0 0 0 1 0
8 1 0 1 0 1 0 0
8 2 1 0 1 1 1 0
8 3 1 0 0 1 0 1
8 5 1 1 0 0 1 0
8 6 1 1 1 0 1 1
8 8 1 0 0 1 1 0
8 10 1 1 1 1 1 0
8 11 1 1 1 0 0 1
8 12 1 1 1 0 0 0
8 13 1 0 1 1 0 1
8 15 1 0 0 0 1 1
8 17 0 0 1 0 0 1
8 18 0 0 1 0 0 1
8 19 1 1 0 1 1 0
8 20 1 0 0 1 0 1
8 21 0 0 0 0 1 0
8 23 1 0 1 0 1 1
8 24 0 1 0 1 0 1
8 25 0 1 1 0 0 0
8 27 1 1 0 1 1 0
8 28 1 0 0 0 0 1
8 29 1 1 0 1 1 0
8 30 1 0 1 0 1 0
9 1 0 1 0 1 0 0
9 2 1 0 1 1 1 0
9 3 1 0 0 1 0 1
9 5 1 1 0 0 1 0
9 6 1 1 1 0 1 1
9 8 1 0 0 1 1 0
9 10 1 1 1 1 1 0
9 11 1 1 1 0 0 1
9 12 1 1 1 0 0 0
9 13 1 0 1 1 0 1
9 15 1 0 0 0 1 1
9 17 0 0 1 0 0 1
9 18 0 0 1 0 0 1
9 19 1 1 0 1 1 0
9 20 1 0 0 1 0 1
9 21 0 0 0 0 1 0
9 23 1 1 0 1 1 0
9 24 0 1 0 1 0 0
9 25 0 1 0 0 0 0
9 27 1 1 1 0 0 0
9 28 1 0 1 1 0 1
9 29 1 0 1 1 1 0
9 30 1 0 0 1 0 1
10 1 1 1 0 0 1 0
10 2 1 1 1 0 1 1
10 4 1 0 0 1 1 0
10 6 1 1 1 1 1 0
10 7 1 1 1 0 0 1
10 8 1 1 1 0 0 0
10 9 1 0 1 1 0 1
10 11 0 1 0 1 1 1
11 5 0 0 0 0 1 1
11 6 1 0 1 1 1 1
11 8 0 1 1 0 1 1
11 9 0 0 1 1 1 1
11 10 1 1 0 0 0 0
11 11 0 1 0 1 1 0
11 12 1 1 0 0 0 1
11 13 0 0 1 1 1 1
11 14 1 0 0 0 0 0
11 16 0 1 1 0 1 0
11 17 0 0 0 0 1 1
11 18 1 0 1 1 0 1
11 19 0 0 1 1 1 0
11 20 0 0 1 1 0 0
11 21 0 1 1 0 0 0
11 22 0 0 0 0 1 0
12 1 1 1 0 1 1 0
12 2 0 1 0 1 0 0
12 3 0 1 0 0 0 0
13 5 0 0 0 0 1 1
13 6 1 0 1 1 1 1
13 8 0 1 1 0 1 1
13 9 0 0 1 1 1 1
13 10 1 1 0 0 0 0
13 11 0 1 0 1 1 0
13 12 0 0 0 0 1 1
13 13 1 0 1 1 0 1
13 14 0 0 1 1 0 0
13 15 0 1 1 0 0 0
13 17 0 1 1 0 1 0
13 18 0 0 1 1 1 1
13 19 1 0 0 1 1 0
13 20 0 1 0 1 1 0
13 21 1 0 1 1 0 1
13 23 0 1 1 0 1 0
13 24 0 0 1 1 1 1
13 25 1 1 0 0 0 0
13 26 0 1 0 1 1 0
13 27 0 0 0 0 1 0
13 28 0 1 1 0 0 0
14 3 0 0 0 0 1 1
14 4 0 0 1 0 0 1
14 5 0 0 1 1 1 1
14 6 1 0 0 1 0 0
14 7 0 0 1 0 0 1
14 8 0 1 1 0 0 0
15 3 0 0 0 0 1 1
15 4 0 0 1 0 0 1
15 5 0 0 1 1 1 1
15 6 1 0 0 1 0 0
15 7 0 0 1 0 0 1
15 8 0 1 1 0 0 0
15 9 1 0 0 0 1 1
15 10 0 1 1 0 0 0
15 12 1 1 0 0 0 0
15 13 0 0 1 1 1 0
15 14 1 0 0 0 1 1
15 15 0 1 1 0 0 0
15 16 1 1 1 0 0 0
15 17 0 1 0 0 0 1
15 19 1 1 1 0 0 0
15 20 1 0 1 1 0 1
15 21 1 0 1 1 1 0
15 22 1 0 0 1 0 1
15 24 1 1 0 0 1 0
15 25 1 1 1 0 1 1
15 27 1 0 0 1 1 0
15 29 1 1 1 1 1 0
15 30 1 1 1 0 0 1
16 1 0 0 1 0 0 1
16 2 1 1 1 0 0 0
16 3 1 0 1 1 0 1
16 5 0 0 0 0 1 1
16 6 1 0 1 1 1 1
16 8 0 0 1 1 0 1
16 10 1 1 0 1 1 0
16 11 0 1 0 1 0 0
16 12 1 1 0 0 1 0
16 13 1 1 1 1 1 1
16 15 1 0 1 0 1 1
16 16 0 0 1 1 1 1
16 17 1 1 1 1 1 0
16 18 1 1 1 0 0 1
16 20 1 0 0 1 1 0
16 22 1 1 0 0 0 0
16 23 0 1 1 1 0 1
16 24 1 0 0 0 1 1
16 25 1 0 1 0 0 1
16 27 0 0 0 0 1 1
16 28 1 0 1 1 0 1
17 1 0 0 1 1 0 0
17 2 1 1 0 1 1 0
17 3 1 0 0 1 0 1
17 5 1 0 0 1 1 0
17 7 1 1 0 1 1 0
17 8 1 1 0 1 1 1
17 9 1 1 0 0 1 0
17 10 0 1 0 1 0 0
17 11 0 0 0 0 1 0
17 13 1 0 0 1 1 0
17 14 0 1 0 1 1 1
17 15 0 0 1 1 0 1
17 17 0 0 0 0 1 1
17 18 1 0 1 1 0 1
17 20 1 0 0 1 1 0
17 22 1 0 1 1 0 0
17 23 0 1 1 1 0 1
17 25 0 1 0 1 0 0
17 26 1 1 0 1 1 0
17 27 0 1 0 0 0 1
18 1 0 0 1 1 0 0
18 2 0 1 0 0 0 0
18 3 0 0 0 0 1 0
18 5 0 0 0 0 1 1
18 6 1 0 1 1 1 1
18 8 1 0 0 1 1 0
18 9 1 1 1 0 1 1
18 11 1 1 0 0 1 1
18 13 0 1 0 1 0 0
18 14 1 1 0 1 1 0
18 15 0 1 0 0 0 1
18 17 1 0 0 1 1 0
18 18 0 1 0 1 1 1
18 19 1 0 0 0 0 1
18 20 0 1 1 0 0 0
18 21 0 0 1 1 0 0
18 22 0 1 0 0 0 0
18 23 0 0 0 0 1 0
18 25 1 1 0 1 1 0
18 26 0 1 0 1 0 0
18 27 0 1 0 0 0 0
18 29 0 0 0 0 1 1
18 30 1 0 1 1 1 1
19 1 1 0 0 0 1 1
19 3 0 0 0 0 1 1
19 4 1 0 1 1 0 1
19 6 1 0 0 1 1 0
19 8 1 1 0 0 1 0
19 9 1 1 1 0 0 1
19 10 1 0 0 0 1 1
19 11 1 0 1 0 0 1
19 12 0 0 0 0 1 0
19 13 0 1 1 0 0 0
21 3 1 1 0 1 1 0
21 4 1 1 0 1 1 1
21 5 1 1 1 1 1 0
21 6 0 0 1 0 1 0
22 3 1 1 0 0 1 0
22 4 1 1 1 0 0 1
22 5 1 0 0 0 1 1
22 6 1 0 1 0 0 1
22 8 0 0 0 0 1 1
22 9 0 0 1 0 0 1
22 10 0 0 1 1 1 1
22 11 1 0 0 0 0 0
22 12 0 0 1 0 0 1
22 13 0 1 1 0 0 0
22 15 0 0 0 0 1 1
22 16 0 0 1 0 0 1
22 17 0 0 1 1 1 1
22 18 1 1 0 0 0 0
22 19 0 0 1 0 0 1
22 20 0 1 1 0 0 0
22 22 0 0 0 0 1 1
22 23 0 0 1 0 0 1
22 24 0 0 1 1 1 1
22 25 1 0 0 1 0 0
22 26 0 0 1 0 0 1
22 27 0 1 1 0 0 0
22 29 1 1 0 0 1 1
23 1 1 0 0 0 1 1
23 2 0 0 1 0 1 1
23 3 1 0 1 1 0 0
23 4 0 1 0 0 0 1
23 6 1 1 0 1 1 0
23 7 0 1 0 0 1 1
23 8 0 1 1 1 1 0
23 9 0 1 0 0 1 1
23 10 1 0 0 1 1 0
23 11 1 0 0 1 0 1
23 12 0 0 0 0 1 0
23 13 0 0 1 0 0 0
25 3 1 0 1 0 1 1
25 4 0 1 0 1 0 1
25 6 1 0 0 0 1 1
25 7 0 1 1 0 0 1
25 8 1 0 1 1 0 0
25 9 1 0 0 1 0 1
25 11 1 0 0 1 1 0
25 13 0 1 0 0 1 0
25 14 0 1 1 1 1 0
25 15 0 1 0 1 0 0
25 17 0 0 1 1 0 0
25 18 0 1 0 0 1 1
25 19 0 0 0 0 1 0
25 21 1 1 0 0 1 0
25 22 1 1 1 0 0 1
25 23 1 0 0 0 1 1
25 24 1 0 1 0 0 1
25 26 1 0 0 1 1 0
25 27 1 1 1 0 1 1
25 28 1 0 0 0 1 1
25 30 1 0 0 1 1 1
26 1 1 0 1 0 1 1
26 2 0 1 1 0 0 0
26 3 1 1 0 0 0 0
26 4 1 0 0 1 0 1
26 5 1 1 1 0 0 0
26 6 1 0 1 1 0 1
26 8 1 0 0 1 1 0
26 10 1 1 1 0 1 0
26 11 0 1 1 0 0 0
26 12 1 0 0 1 0 0
26 13 0 1 1 0 0 0
26 14 1 0 0 0 1 1
26 15 0 1 1 0 0 0
26 17 1 1 0 0 0 0
26 18 0 0 1 1 1 0
26 19 1 0 0 0 1 1
26 20 0 1 1 0 0 0
26 22 1 0 0 1 1 0
26 23 0 0 0 0 1 0
26 24 0 1 1 0 0 0
26 25 0 1 0 1 0 0
26 26 1 1 0 0 0 0
26 27 1 1 1 0 0 1
27 1 1 0 0 1 1 0
27 2 0 1 0 0 0 1
27 3 0 0 0 0 1 0
27 5 1 1 0 0 1 0
27 6 1 0 0 0 0 1
27 8 0 1 0 1 1 0
27 9 1 0 1 0 0 1
7 3 0 0 1 0 0 0
