-0.10
41 63 93 116 146 167 197 220 251 272 302 324 354 375 405 427 457 479 509 531 561 583 613 635 664 686 717 738 767 789 820 842 872 893 923 945 975 997 1027 1048 1079 1100 1130 1152 1182 1204 1234 1255 1285 1307 1338 1359 1388 1411 1441 1463 1492 1514 1545 1567 1597 1618 1648 1669
70 91 108 148 170 191 230 252 272 316 338 359 395 417 438 482 503 524 562 584 605 648 670 690 728 749 770 814 835 856 895 916 937 978 999 1020 1056 1078 1098 1141 1162 1183 1222 1243 1264 1306 1328 1349 1388 1409 1430 1471 1492 1513 1549 1570 1591 1632 1653 1674 1714 1735 1756 1794 1815 1836 1879 1901 1922 1960 1981 2002 2046 2067 2089 2126 2147 2169 2210 2231 2252 2292 2313 2334
2 10 0 0 1 0 0 1
2 11 1 0 1 1 0 1
2 12 0 1 0 1 1 0
2 13 0 0 1 1 0 1
2 14 1 1 0 0 1 1
2 16 1 1 0 1 0 0
2 18 0 0 1 1 0 1
2 19 0 1 1 1 0 0
2 20 0 0 1 1 1 1
2 21 0 1 0 1 1 0
2 23 0 0 0 0 1 1
2 24 1 0 0 1 0 0
2 25 0 0 0 0 1 1
2 26 0 1 0 1 1 1
2 28 0 1 0 1 0 0
2 29 0 0 0 1 1 1
2 30 1 0 1 1 1 0
2 31 0 1 0 1 1 0
3 4 0 0 0 0 1 1
3 5 1 0 0 0 0 1
3 6 1 0 1 1 0 1
3 7 0 1 1 0 0 0
3 8 0 0 0 0 1 1
3 9 0 0 0 1 0 0
3 10 1 1 1 0 0 1
3 11 0 1 1 0 1 1
3 13 1 1 1 1 0 1
3 14 0 1 1 0 0 0
3 16 0 1 0 0 0 0
3 17 0 0 0 0 1 1
3 18 1 0 0 0 0 1
3 19 1 0 1 1 0 1
3 20 0 1 1 0 0 0
3 21 0 0 0 0 1 1
3 22 0 0 0 1 0 0
3 23 1 1 1 0 0 1
3 24 0 1 1 0 1 1
3 26 1 1 1 1 0 1
3 27 0 1 1 0 0 0
4 8 0 0 0 0 1 1
4 9 0 1 0 0 0 0
4 10 0 0 0 1 1 0
4 11 1 1 1 0 0 1
4 12 0 0 1 0 0 1
4 14 0 0 0 0 1 1
4 15 1 0 0 0 0 1
4 16 1 0 1 1 0 1
4 17 0 1 1 0 0 0
4 18 0 0 0 0 1 1
4 19 0 0 0 1 0 0
4 20 1 1 1 0 0 1
4 21 0 1 1 0 1 1
4 23 1 1 1 1 0 1
4 24 0 1 1 0 0 0
4 26 0 1 0 0 0 0
4 27 0 0 0 1 1 0
4 28 1 1 1 0 0 1
4 29 0 1 0 0 1 1
5 2 0 1 0 0 0 0
5 3 1 0 0 0 1 0
5 4 0 1 0 1 1 0
5 5 1 1 1 1 1 0
5 6 1 1 0 1 1 0
5 8 0 0 1 1 0 1
5 9 0 1 0 1 1 0
5 10 1 0 1 1 0 1
5 11 0 1 0 1 1 0
5 13 1 1 0 1 0 0
5 15 1 0 1 1 0 0
5 16 0 1 0 1 1 0
5 17 0 0 1 1 0 1
5 18 0 1 0 0 1 1
5 19 1 0 0 1 1 1
5 21 1 1 0 0 0 1
5 22 1 1 0 0 1 1
5 23 0 0 1 1 1 1
5 24 1 0 0 0 1 1
5 26 0 1 0 0 0 1
5 27 1 1 0 1 1 1
5 28 1 1 1 1 1 0
5 29 1 1 0 1 1 0
6 4 0 0 1 0 1 1
6 5 1 0 0 1 1 0
6 7 0 1 1 1 1 1
6 8 0 0 0 1 0 1
6 9 1 0 1 0 1 0
6 10 0 0 0 1 0 1
6 12 1 1 0 1 0 0
6 14 0 1 1 0 0 1
6 15 1 0 0 1 0 1
6 16 0 1 0 0 0 1
6 17 1 1 0 0 1 1
6 18 1 0 0 0 0 0
6 20 0 0 1 1 0 1
6 21 1 1 0 1 1 1
6 22 0 0 0 0 0 1
6 23 1 0 0 0 0 1
6 25 0 1 0 1 0 0
6 26 0 0 0 1 1 0
6 27 0 1 1 0 0 1
6 28 1 0 0 1 1 0
6 30 0 0 1 1 0 0
6 31 0 0 0 1 1 0
7 11 0 0 0 0 1 1
7 12 0 1 0 0 0 0
7 13 1 0 1 1 0 0
7 14 1 1 0 1 0 0
7 15 0 0 1 1 0 0
7 16 1 1 0 1 0 0
7 18 1 0 0 0 1 0
7 19 1 1 0 1 1 0
7 21 0 1 1 1 1 1
7 22 1 0 0 0 0 1
7 23 0 1 1 0 0 1
7 24 1 1 0 1 1 1
7 25 1 1 1 0 1 0
7 26 1 1 0 1 0 0
7 28 1 0 0 0 0 0
7 29 1 0 1 1 0 1
7 30 0 1 0 1 1 0
7 31 0 0 1 0 0 1
8 2 0 0 0 0 1 1
8 3 1 0 0 0 0 1
8 4 1 0 1 1 0 1
8 5 0 1 1 0 0 0
8 6 0 0 0 0 1 1
8 7 0 0 0 1 0 0
8 8 1 1 1 0 0 1
8 9 0 1 1 0 1 1
8 11 1 1 1 1 0 1
8 12 0 1 1 0 0 0
8 14 1 0 1 1 0 0
8 15 0 1 0 1 1 0
8 16 0 0 1 1 0 1
8 17 0 1 0 0 1 1
8 18 1 0 0 1 1 1
8 20 0 0 1 1 0 1
8 21 1 1 0 1 1 1
8 22 0 1 0 1 0 1
8 23 0 1 1 1 0 0
8 25 1 1 1 0 0 1
8 26 1 1 0 1 0 1
8 28 1 0 0 0 1 0
8 29 1 1 0 1 0 1
9 2 1 0 1 1 0 0
9 3 1 1 0 1 0 0
9 4 0 0 1 1 0 0
9 5 1 1 0 1 0 0
9 7 1 0 0 0 1 0
9 8 1 1 0 1 1 0
9 10 0 1 1 1 1 1
9 11 1 0 0 0 0 1
9 12 0 1 1 0 0 1
9 13 1 1 0 1 1 1
9 14 1 1 1 0 1 0
9 15 1 1 0 1 0 0
9 17 1 0 0 0 0 0
9 18 1 0 1 1 0 1
9 19 0 1 0 1 1 0
9 20 0 0 1 0 1 1
9 21 1 0 0 1 1 0
9 23 0 1 1 1 1 1
9 24 0 0 0 1 0 1
9 25 1 0 1 0 1 0
9 26 0 0 0 1 0 1
9 28 1 1 0 1 0 0
9 30 0 0 0 1 0 1
9 31 0 1 0 0 1 1
10 3 0 1 1 1 1 0
10 5 0 0 0 0 1 1
10 6 1 0 0 0 0 1
10 7 1 0 1 1 0 1
10 8 0 1 1 0 0 0
10 9 0 0 0 0 1 1
10 10 0 0 0 1 0 0
10 11 1 1 1 0 0 1
10 12 0 1 1 0 1 1
10 14 1 1 1 1 0 1
10 15 0 1 1 0 0 0
10 17 1 0 1 1 0 0
10 18 0 1 0 1 1 0
10 19 0 0 1 1 0 1
10 20 0 1 0 0 1 1
10 21 1 0 0 1 1 1
10 23 1 0 1 0 0 1
10 25 0 1 0 0 0 1
10 26 1 1 0 0 1 1
10 27 1 0 0 0 0 0
10 28 0 0 0 0 0 1
10 29 0 1 0 0 0 0
10 30 0 1 0 0 0 1
10 31 1 0 0 1 0 1
11 21 0 0 0 0 0 1
11 22 0 1 0 0 0 0
11 23 1 0 0 0 1 0
11 24 0 1 0 1 1 0
11 25 1 1 1 1 1 0
11 26 1 1 0 1 1 0
11 28 0 0 1 0 1 0
11 29 1 0 0 1 0 1
11 30 0 1 1 0 0 1
11 31 0 1 1 1 0 0
13 26 0 1 1 1 1 0
13 27 1 1 0 1 1 0
13 28 0 0 1 1 1 1
13 29 1 1 0 0 1 1
14 4 1 0 1 1 0 1
14 5 0 1 1 0 0 0
14 6 0 0 1 1 1 0
14 7 0 0 0 0 1 1
14 8 0 0 0 1 0 0
14 9 1 1 1 0 0 1
14 10 0 0 1 0 0 1
14 11 0 1 1 0 1 1
14 13 1 1 1 1 0 1
14 14 0 1 1 0 0 0
14 16 0 0 1 1 0 1
14 17 0 1 1 1 0 0
14 18 0 0 1 1 1 1
14 19 0 1 0 1 1 0
14 21 0 0 0 0 1 1
14 22 1 0 0 1 0 0
14 23 0 0 0 0 1 1
14 24 0 1 0 1 1 1
14 26 0 0 1 1 0 1
14 27 1 1 0 1 1 1
14 28 1 1 1 1 1 1
14 29 0 1 0 1 1 0
15 4 1 1 0 1 0 0
15 6 0 0 0 0 1 1
15 7 1 0 0 0 0 1
15 8 1 1 0 0 0 1
15 9 0 0 0 1 0 0
15 10 1 1 1 0 0 1
15 11 0 0 1 0 0 1
15 13 1 0 1 1 0 1
15 14 0 1 1 0 0 0
15 15 0 0 1 1 1 0
15 16 0 0 0 0 1 1
15 17 0 0 0 1 0 0
15 18 1 1 1 0 0 1
15 19 0 0 1 0 0 1
15 20 0 1 1 0 1 1
15 22 1 1 1 1 0 1
15 23 0 1 1 0 0 0
15 25 0 1 0 0 0 0
15 26 0 0 0 0 1 1
15 27 1 0 0 0 0 1
15 28 1 1 0 0 0 1
15 29 0 0 0 1 0 0
15 30 1 1 1 0 0 1
15 31 0 1 0 0 1 1
16 3 0 0 1 0 1 1
16 4 1 0 0 1 1 0
16 6 0 1 1 1 1 1
16 7 0 0 0 1 0 1
16 8 1 0 1 0 1 0
16 9 0 0 0 1 0 1
16 11 1 1 0 1 0 0
16 13 0 1 1 0 0 1
16 14 1 0 0 1 0 1
16 15 0 1 0 0 0 1
16 16 1 1 0 0 1 1
16 17 1 0 0 0 0 0
16 19 1 0 1 0 0 1
16 20 0 0 0 1 1 1
16 21 0 1 0 0 1 1
16 22 0 0 0 1 0 1
16 24 0 0 1 1 0 0
16 25 0 0 0 1 1 0
16 27 0 1 0 0 0 0
16 28 1 0 1 1 0 1
16 29 0 1 0 1 1 0
16 30 0 0 1 1 0 1
16 31 1 1 0 0 1 1
17 11 0 0 0 0 1 1
17 12 0 1 0 0 0 0
17 13 1 0 1 1 0 0
17 14 1 1 0 1 0 0
17 15 0 0 1 1 0 0
17 16 1 1 0 1 0 0
17 18 0 0 1 0 1 0
17 19 0 1 0 1 1 0
17 21 0 1 1 1 1 1
17 22 1 0 0 0 0 1
17 23 0 1 1 0 0 1
17 24 1 1 0 1 1 1
17 25 1 1 1 0 1 0
17 26 1 1 0 1 0 0
17 28 1 0 0 0 0 0
17 29 1 0 1 1 0 1
17 30 0 1 0 1 1 0
17 31 0 0 1 0 0 1
19 22 0 0 1 0 0 1
19 23 1 1 0 0 0 1
19 24 0 0 0 1 1 0
19 25 0 1 0 1 0 0
19 26 0 0 0 1 1 1
19 28 1 0 1 1 0 0
19 29 0 1 0 1 1 0
21 2 0 1 1 0 1 0
21 3 0 1 0 0 1 0
21 4 0 1 0 0 1 0
21 5 0 1 0 0 1 0
21 6 0 1 0 0 1 0
21 7 0 1 0 0 1 0
21 8 0 1 0 0 1 0
21 9 0 1 0 0 1 0
21 10 0 1 0 0 1 0
21 11 0 1 0 0 1 0
21 12 0 1 0 0 1 0
21 13 0 1 0 0 1 0
21 14 0 1 0 0 1 0
21 15 0 1 1 0 1 0
21 16 0 1 0 0 1 0
21 17 0 1 0 0 1 0
21 18 0 1 0 0 1 0
21 19 0 1 0 0 1 0
21 20 0 1 0 0 1 0
21 21 0 1 0 0 1 0
21 22 0 1 0 0 1 0
21 23 0 1 0 0 1 0
21 24 0 1 0 0 1 0
21 25 0 1 0 0 1 0
21 26 0 1 0 0 1 0
21 27 0 1 1 0 1 0
21 28 0 1 0 0 1 0
21 29 0 1 0 0 1 0
21 30 0 1 0 0 1 0
21 31 0 1 0 0 1 1
22 2 1 1 1 0 0 0
22 4 1 0 1 1 0 1
22 5 0 1 1 0 0 0
22 6 0 0 1 1 1 0
22 7 0 0 0 0 1 1
22 8 0 0 0 1 0 0
22 9 1 1 1 0 0 1
22 10 0 0 1 0 0 1
22 11 0 1 1 0 1 1
22 13 1 1 1 1 0 1
22 14 0 1 1 0 0 0
22 15 1 1 1 0 0 0
22 16 1 0 1 1 0 1
22 17 0 1 1 0 0 0
22 18 0 0 1 1 1 0
22 19 0 0 0 0 1 1
22 20 0 0 0 1 0 0
22 21 1 1 1 0 0 1
22 22 0 0 1 0 0 1
22 23 0 1 1 0 1 1
22 25 1 1 1 1 0 1
22 26 0 1 1 0 0 0
22 27 1 1 1 0 0 0
22 29 1 0 1 1 0 1
22 30 0 1 1 0 0 0
22 31 0 0 0 1 1 1
23 2 1 1 1 0 0 0
23 9 0 0 0 0 1 1
23 10 1 0 0 0 0 1
23 11 1 1 0 0 0 1
23 12 0 0 0 1 0 0
23 13 1 1 1 0 0 1
23 14 0 0 1 0 0 1
23 15 1 1 1 0 0 0
23 21 0 0 0 0 1 1
23 22 1 0 0 0 0 1
23 23 1 1 0 0 0 1
23 24 0 0 0 1 0 0
23 25 1 1 1 0 0 1
23 26 0 1 0 0 1 1
23 27 1 1 1 0 0 0
23 31 0 0 0 1 1 1
24 2 1 1 1 0 1 0
24 3 0 1 0 0 1 0
24 4 0 1 0 0 1 0
24 5 0 1 0 0 1 0
24 6 0 1 0 0 1 0
24 7 0 1 0 0 1 0
24 8 0 1 0 0 1 0
24 9 0 1 0 0 1 0
24 10 0 1 0 0 1 0
24 11 0 1 0 0 1 0
24 12 0 1 0 0 1 0
24 13 0 1 0 0 1 0
24 14 0 1 0 0 1 0
24 15 1 1 1 0 1 0
24 16 0 1 0 0 1 0
24 17 0 1 0 0 1 0
24 18 0 1 0 0 1 0
24 19 0 1 0 0 1 0
24 20 0 1 0 0 1 0
24 21 0 1 0 0 1 0
24 22 0 1 0 0 1 0
24 23 0 1 0 0 1 0
24 24 0 1 0 0 1 0
24 25 0 1 0 0 1 0
24 26 0 1 0 0 1 0
24 27 1 1 1 0 1 0
24 28 0 1 0 0 1 0
24 29 0 1 0 0 1 0
24 30 0 1 0 0 1 0
24 31 0 1 0 1 1 1
25 2 1 1 1 0 0 0
25 11 0 1 0 0 0 0
25 12 0 1 0 0 0 0
25 13 0 1 0 0 0 0
25 15 1 1 1 0 0 0
25 23 0 1 0 0 0 0
25 24 0 1 0 0 0 0
25 25 0 1 0 0 0 0
25 27 1 1 1 0 0 0
25 28 0 1 0 0 0 0
25 29 0 1 0 0 0 0
25 30 0 1 0 0 0 0
25 31 0 0 0 1 1 1
26 2 1 1 1 0 1 0
26 3 0 1 0 0 1 0
26 4 0 1 0 0 1 0
26 5 0 1 0 0 1 0
26 6 0 1 0 0 1 0
26 7 0 1 0 0 1 0
26 8 0 1 0 0 1 0
26 9 0 1 0 0 1 0
26 10 0 1 0 0 1 0
26 11 0 1 0 0 1 0
26 12 0 1 0 0 1 0
26 13 0 1 0 0 1 0
26 14 0 1 0 0 1 0
26 15 1 1 1 0 1 0
26 16 0 1 0 0 1 0
26 17 0 1 0 0 1 0
26 18 0 1 0 0 1 0
26 19 0 1 0 0 1 0
26 20 0 1 0 0 1 0
26 21 0 1 0 0 1 0
26 22 0 1 0 0 1 0
26 23 0 1 0 0 1 0
26 24 0 1 0 0 1 0
26 25 0 1 0 0 1 0
26 26 0 1 0 0 1 0
26 27 1 1 1 0 1 0
26 28 0 1 0 0 1 0
26 29 0 1 0 0 1 0
26 30 0 1 0 0 1 0
26 31 0 1 0 1 1 1
27 2 0 1 0 1 0 0
27 3 0 0 0 1 0 0
27 4 1 1 1 0 0 1
