0.10
63 84 116 136 168 189 219 241 271 293 323 345 375 397 427 448 479 500 530 552 582 604 634 655 686 707 738 759 790 811 841 863 893 914 945 966 997 1018 1048 1070 1100 1121 1152 1172 1203 1224 1255 1276 1307 1328 1359 1381 1410 1432 1462 1484 1514 1536 1567 1588 1615 1635
97 117 137 175 195 217 257 279 300 342 364 385 422 443 465 508 529 551 589 610 631 669 689 709 747 775 795 840 862 884 921 943 964 1007 1029 1050 1087 1109 1130 1173 1194 1216 1255 1276 1297 1335 1360 1380 1418 1438 1458 1503 1525 1546 1587 1608 1629 1668 1689 1711 1752 1773 1794 1833 1855 1876 1914 1934 1954 1992 2021 2042 2086 2107 2129 2166 2187 2208 2246 2266 2286
2 3 0 1 1 1 0 0
2 4 1 0 1 0 0 0
2 5 0 1 1 0 1 0
3 3 0 1 0 1 0 0
3 4 1 0 0 1 0 0
3 5 0 1 1 0 0 0
3 7 1 1 0 0 1 0
3 8 1 1 1 0 0 1
3 9 1 0 0 0 1 1
3 10 1 0 1 0 0 1
3 12 1 0 0 1 1 0
3 14 0 1 1 1 1 0
3 15 1 0 1 0 0 1
3 16 1 1 0 0 1 0
3 17 1 0 1 1 0 1
3 19 1 0 0 0 1 1
3 21 0 1 0 1 0 0
3 22 0 1 1 1 1 0
3 23 0 0 1 1 1 0
3 25 0 0 1 1 0 0
3 26 0 1 0 0 0 0
3 27 1 1 0 0 1 0
3 28 1 0 0 1 0 1
3 29 0 0 0 0 1 0
4 1 1 1 0 1 0 0
4 2 1 1 1 0 0 1
4 3 1 1 0 0 0 0
4 4 0 1 0 1 0 0
4 5 1 1 1 0 0 0
4 6 0 1 0 1 0 0
4 8 1 1 0 0 1 0
4 9 1 1 1 0 0 1
4 10 1 0 0 0 1 1
4 11 1 0 1 0 0 1
4 13 1 0 0 1 1 0
4 15 0 1 1 1 1 0
4 16 1 0 1 0 0 1
4 17 1 1 0 0 1 0
4 18 1 0 1 1 0 1
4 20 1 0 0 0 1 1
4 22 1 0 0 0 1 1
4 23 0 1 1 0 1 1
4 24 1 0 1 0 0 0
4 25 0 0 1 1 0 1
4 26 1 1 0 0 1 0
4 27 1 0 0 1 0 1
4 28 0 0 0 0 1 0
5 1 1 1 1 0 1 0
5 2 0 1 1 0 0 0
5 3 1 0 0 1 0 0
5 4 0 1 1 0 0 0
5 6 1 1 0 0 1 0
5 7 1 1 1 0 0 1
5 8 1 0 0 0 1 1
5 9 1 0 1 0 0 1
5 11 1 0 0 1 1 0
5 13 0 1 1 1 1 0
5 14 1 0 1 0 0 1
5 15 1 1 0 0 1 0
5 16 1 0 1 1 0 1
5 18 1 0 0 0 1 1
5 20 1 0 0 0 1 1
5 21 0 0 1 0 1 1
5 22 1 0 1 1 0 0
5 23 0 1 0 0 0 1
5 25 1 1 0 0 1 0
5 26 1 0 0 0 0 1
5 27 0 0 1 1 0 0
5 28 0 1 1 0 1 1
6 1 1 0 1 1 1 0
6 2 0 1 0 0 0 1
6 3 0 0 0 0 1 0
6 4 0 0 1 0 0 0
6 5 0 1 1 1 1 0
6 6 0 1 0 0 1 1
6 7 1 1 1 1 1 0
6 8 0 1 1 0 0 1
6 10 1 0 1 0 1 1
6 11 0 0 1 0 1 1
6 12 1 0 1 1 0 1
6 14 1 1 0 0 1 0
6 15 1 1 1 1 1 1
6 17 0 1 0 1 0 0
6 18 1 1 0 1 1 0
6 19 0 1 0 0 0 1
6 21 1 1 0 0 1 0
6 22 1 1 1 0 0 1
6 23 1 0 0 0 1 1
6 24 1 0 1 0 0 1
6 26 1 0 0 1 1 0
6 28 0 1 1 1 1 0
6 29 1 0 1 0 0 1
7 1 0 0 1 0 0 1
7 2 1 1 0 0 1 0
7 3 1 0 1 1 0 1
7 4 0 0 0 0 1 0
7 5 0 0 1 0 0 0
9 1 0 1 1 0 1 0
9 2 0 1 0 0 1 0
9 3 0 1 0 0 1 0
9 4 0 1 0 0 1 0
9 5 0 1 0 0 1 0
9 6 0 1 0 0 1 0
9 7 0 1 0 0 1 0
9 8 0 1 0 0 1 0
9 9 0 1 0 0 1 0
9 10 0 1 0 0 1 0
9 11 0 1 0 0 1 0
9 12 0 1 0 0 1 0
9 13 0 1 0 0 1 0
9 14 0 1 0 0 1 0
9 15 0 1 0 0 1 0
9 16 0 1 0 0 1 0
9 17 0 1 0 0 1 0
9 18 0 1 0 0 1 0
9 19 0 1 0 0 1 0
9 20 0 1 0 0 1 0
9 21 0 1 0 0 1 0
9 22 0 1 0 0 1 0
9 23 0 1 0 0 1 0
9 24 0 1 0 0 1 0
9 25 0 1 0 0 1 0
9 26 0 1 0 0 1 0
9 27 0 1 0 0 1 0
9 28 0 1 0 0 1 0
9 29 0 1 0 0 1 0
9 30 0 1 0 0 1 1
10 1 1 1 1 0 0 0
10 4 1 1 0 1 1 0
10 5 1 0 0 0 1 0
10 6 1 1 0 0 1 0
10 7 0 1 0 0 0 1
10 9 0 1 1 1 1 0
10 10 1 0 1 0 0 1
10 11 1 1 0 0 1 0
10 12 1 0 1 1 0 1
10 14 0 1 1 1 1 0
10 15 0 1 1 0 1 0
10 16 1 1 1 0 0 0
10 17 0 1 0 0 1 0
10 19 1 1 0 0 1 0
10 20 1 0 0 0 0 1
10 21 0 0 1 1 0 0
10 23 1 0 0 0 1 1
10 25 1 0 0 0 1 1
10 26 1 0 1 0 0 1
10 27 1 1 0 0 1 0
10 28 1 0 0 0 0 1
10 30 0 0 0 1 1 1
11 1 1 1 1 0 0 0
11 2 1 1 0 1 1 0
11 3 1 0 0 0 1 0
11 4 1 1 0 0 1 0
11 5 0 1 0 0 0 1
11 7 1 0 0 1 1 0
11 8 0 1 0 0 0 1
11 10 1 0 0 1 0 1
11 11 1 1 0 1 1 0
11 12 1 1 0 0 1 1
11 14 1 1 0 0 1 0
11 15 1 1 1 0 0 1
11 16 1 0 0 0 1 1
11 17 1 0 1 0 0 1
11 19 1 0 0 1 1 0
11 21 0 0 1 1 0 0
11 22 0 1 0 0 1 1
11 23 0 0 1 1 1 0
11 25 1 1 0 1 0 0
11 26 0 1 1 0 0 1
11 30 0 0 0 1 1 1
12 1 1 1 1 0 0 0
12 2 0 0 1 0 0 1
12 3 1 1 0 1 0 0
12 4 0 0 1 0 1 0
12 5 0 0 0 0 1 0
12 6 0 1 1 0 0 0
12 7 1 0 1 0 1 0
12 8 1 0 1 1 0 0
12 9 0 0 1 0 1 1
12 11 1 1 0 1 1 0
12 12 1 0 1 1 0 1
12 14 1 0 0 1 0 0
12 15 0 1 0 0 1 1
12 17 1 0 1 0 1 1
12 18 0 1 0 1 1 1
12 20 1 1 0 1 1 0
12 21 1 0 0 1 0 1
12 22 1 0 0 1 1 0
12 23 1 1 1 0 0 1
12 25 1 0 0 1 1 0
12 27 1 1 1 0 1 0
12 28 0 1 1 0 0 0
12 29 1 0 0 1 0 0
12 30 0 0 0 1 1 1
13 1 1 1 1 0 0 0
13 2 1 1 0 0 1 0
13 3 1 1 1 0 0 1
13 4 1 0 0 0 1 1
13 5 1 0 1 0 0 1
13 7 1 0 1 0 0 0
13 8 0 1 0 1 0 1
13 9 1 0 0 0 1 1
13 11 0 0 1 1 0 0
13 12 1 0 1 0 0 1
13 13 1 1 0 0 0 0
13 14 1 0 1 0 0 1
13 16 1 0 0 0 1 1
13 17 0 0 1 0 1 1
13 18 0 1 0 1 1 0
13 19 1 0 1 0 0 1
13 21 1 0 0 1 1 0
13 22 0 1 0 0 0 1
13 24 0 1 1 1 1 0
13 25 0 1 1 0 1 0
13 26 1 1 1 0 0 0
13 27 0 1 0 0 1 0
13 30 0 0 0 1 1 1
14 1 1 1 1 0 0 0
14 2 0 1 0 1 0 0
14 3 1 1 0 0 0 0
14 4 1 1 1 0 0 1
14 6 1 1 1 0 1 0
14 7 0 1 1 0 0 0
14 8 1 0 0 1 0 0
14 9 0 1 1 0 0 0
14 11 1 1 0 0 1 0
14 12 1 1 1 0 0 1
14 13 1 0 0 0 1 1
14 14 1 0 1 0 0 1
14 16 1 0 0 1 1 0
14 18 0 1 1 1 1 0
14 19 1 0 1 0 0 1
14 20 1 1 0 0 1 0
14 21 1 0 1 1 0 1
14 23 1 1 0 0 1 0
14 24 0 1 0 0 0 1
14 30 0 0 0 1 1 1
15 1 1 1 1 0 0 0
15 2 1 1 0 0 1 0
15 3 1 0 0 0 0 1
15 4 0 0 1 1 0 0
15 5 0 0 0 0 1 0
15 6 0 1 1 0 0 0
15 30 0 0 0 1 1 1
16 1 1 1 0 0 1 0
16 2 0 1 0 0 1 0
16 3 0 1 0 0 1 0
16 4 0 1 0 0 1 0
16 5 0 1 0 0 1 0
16 6 0 1 0 0 1 0
16 7 0 1 0 0 1 0
16 8 0 1 0 0 1 0
16 9 0 1 0 0 1 0
16 10 0 1 0 0 1 0
16 11 0 1 0 0 1 0
16 12 0 1 0 0 1 0
16 13 0 1 0 0 1 0
16 14 0 1 0 0 1 0
16 15 0 1 0 0 1 0
16 16 0 1 0 0 1 0
16 17 0 1 0 0 1 0
16 18 0 1 0 0 1 0
16 19 0 1 0 0 1 0
16 20 0 1 0 0 1 0
16 21 0 1 0 0 1 0
16 22 0 1 0 0 1 0
16 23 0 1 0 0 1 0
16 24 0 1 0 0 1 0
16 25 0 1 0 0 1 0
16 26 0 1 0 0 1 0
16 27 0 1 0 0 1 0
16 28 0 1 0 0 1 0
16 29 0 1 0 0 1 0
16 30 0 1 0 1 1 0
18 3 1 0 1 0 1 0
18 4 1 0 1 1 0 0
18 5 0 0 1 0 1 1
18 7 1 1 0 0 1 0
18 8 1 0 0 1 0 1
18 10 1 1 1 0 0 0
18 11 0 1 0 1 0 1
18 13 1 1 0 0 1 0
18 14 1 1 1 1 1 1
18 16 1 0 1 0 1 1
18 17 0 1 0 1 1 1
18 19 1 1 0 1 1 0
18 20 1 0 0 1 0 1
18 21 1 0 0 1 1 0
18 22 1 1 1 0 0 1
18 24 1 0 0 1 1 0
18 26 1 1 1 0 1 0
18 27 0 1 1 0 0 0
18 28 1 0 0 1 0 0
18 29 0 1 1 0 0 0
19 1 1 1 0 0 1 0
19 2 1 1 1 0 0 1
19 3 1 0 0 0 1 1
19 4 1 0 1 0 0 1
19 6 0 0 0 0 1 1
19 7 1 0 1 1 1 1
19 9 0 1 1 0 1 1
19 10 0 0 0 0 1 1
19 11 1 0 1 1 0 1
19 12 0 0 1 1 0 0
19 13 0 1 1 0 0 0
19 15 1 0 0 1 1 0
19 17 0 1 1 1 1 0
19 18 1 0 1 0 0 1
19 19 1 1 0 0 1 0
19 20 1 0 1 1 0 1
19 21 0 0 0 0 1 0
19 22 0 1 1 0 0 0
20 3 1 0 1 0 1 1
20 4 0 1 0 1 0 1
20 6 0 0 0 0 1 1
20 7 1 0 1 1 1 1
20 9 0 1 1 0 1 1
20 10 0 0 0 0 1 1
20 11 1 0 1 1 0 1
20 12 0 0 1 1 0 0
20 13 0 1 1 0 0 0
20 15 0 0 1 1 0 0
20 16 0 1 0 0 1 1
20 18 1 0 1 0 1 1
20 19 0 1 1 0 0 0
20 20 1 1 0 0 0 0
20 21 1 0 0 1 0 1
20 22 1 1 1 0 0 0
20 23 1 0 1 1 0 1
20 25 0 0 0 0 1 1
20 26 1 0 1 1 0 1
20 28 1 0 1 0 0 0
20 29 0 1 0 0 0 1
20 30 0 1 0 1 0 0
21 1 1 0 0 0 1 1
21 3 0 1 0 1 1 0
21 4 0 0 1 0 1 1
21 5 0 1 0 1 0 0
21 7 1 0 0 0 1 1
21 8 0 1 0 0 0 0
21 9 1 0 0 0 1 1
21 10 1 0 1 0 0 1
21 11 0 0 0 0 1 0
21 13 1 1 1 0 0 0
21 14 1 0 0 0 1 0
21 15 1 1 0 0 0 0
21 16 0 0 1 1 1 0
21 18 1 1 0 0 0 0
21 19 0 0 1 1 1 0
21 20 1 0 0 0 1 1
21 21 0 1 1 0 0 0
21 23 1 1 0 1 1 0
21 24 0 1 0 1 0 0
21 25 1 0 1 0 1 1
21 26 1 0 1 0 0 1
21 28 1 0 0 1 1 0
21 29 0 1 0 1 1 1
21 30 1 0 0 0 0 1
22 1 0 0 1 0 0 1
22 2 0 0 1 1 0 0
22 4 0 0 0 0 1 1
22 5 0 0 1 0 0 0
22 6 0 1 1 1 1 0
22 7 1 0 0 1 0 1
22 8 1 1 0 0 0 0
22 9 0 0 1 1 1 0
22 10 0 0 0 0 0 1
22 11 0 1 1 0 0 0
22 12 0 0 1 0 0 1
24 3 0 1 1 0 1 0
24 4 0 1 0 0 1 0
24 5 0 1 0 0 1 0
24 6 0 1 0 0 1 0
24 7 0 1 0 0 1 0
24 8 0 1 0 0 1 1
24 9 0 1 0 0 1 0
24 10 0 1 0 0 1 0
24 11 0 1 0 0 1 0
24 12 0 1 0 0 1 0
24 13 0 1 0 0 1 0
24 14 0 1 0 0 1 0
24 15 0 1 0 0 1 0
24 16 0 1 0 0 1 0
24 17 0 1 0 0 1 1
25 3 1 1 1 0 0 0
25 4 0 0 0 0 1 1
25 5 1 0 1 1 0 1
25 8 0 0 0 1 1 1
25 9 0 0 0 0 1 1
25 10 1 0 1 1 1 1
25 12 0 1 1 0 1 1
25 13 0 0 0 0 1 1
25 14 1 0 1 1 0 1
25 15 0 0 1 1 0 0
25 16 0 1 1 0 0 0
25 17 0 0 0 1 1 1
26 3 1 1 1 0 1 0
26 4 0 1 0 0 1 0
26 5 0 1 0 0 1 0
26 6 0 1 0 0 1 0
26 7 0 1 0 0 1 0
26 8 0 1 0 1 1 1
26 9 0 1 0 0 1 0
26 10 0 1 0 0 1 0
26 11 0 1 0 0 1 0
26 12 0 1 0 0 1 0
26 13 0 1 0 0 1 0
26 14 0 1 0 0 1 0
26 15 0 1 0 0 1 0
26 16 0 1 0 0 1 0
26 17 0 1 0 1 1 1
