0.20
40 60 88 109 139 160 192 213 243 265 295 317 347 368 399 420 450 472 502 524 554 576 606 627 657 679 709 731 761 782 813 834 865 886 917 938 968 990 1020 1041 1072 1094 1123 1145 1175 1197 1227 1248 1279 1300 1331 1352 1382 1404 1434 1456 1486 1507 1538 1559 1590 1611 1638 1658
89 109 129 167 189 210 249 271 292 336 357 378 415 436 457 501 523 544 582 604 625 668 690 711 746 768 788 834 855 877 915 937 958 1000 1022 1042 1078 1100 1121 1164 1186 1207 1244 1267 1287 1329 1352 1372 1412 1433 1453 1496 1517 1537 1579 1601 1621 1661 1683 1703 1744 1765 1787 1823 1845 1866 1911 1933 1954 1991 2013 2033 2077 2099 2120 2158 2179 2201 2245 2265 2288
2 4 0 1 0 0 1 0
2 5 0 1 1 0 0 0
2 6 0 1 1 1 1 0
2 7 0 1 0 1 0 0
2 9 0 0 1 1 1 1
2 10 1 0 0 0 0 0
2 13 1 0 0 1 1 0
2 14 1 0 1 0 1 0
2 15 1 1 0 0 0 0
2 16 1 0 0 1 0 1
2 17 1 1 0 0 1 0
2 18 1 0 0 0 0 1
2 20 1 0 0 1 1 0
2 22 1 0 0 1 1 0
2 23 0 1 0 1 1 1
2 24 1 1 0 1 1 0
2 25 0 0 1 1 1 0
2 26 1 1 0 0 1 0
2 27 1 0 0 1 0 1
2 28 1 0 0 0 1 1
2 29 1 0 1 0 0 0
3 2 0 0 0 0 1 1
3 7 1 1 0 0 0 0
3 8 1 0 0 1 0 1
3 9 1 0 0 0 1 1
3 10 1 0 1 0 0 1
3 12 0 0 0 0 1 1
3 13 1 0 1 1 1 0
3 15 1 1 0 0 1 1
3 17 1 0 0 0 1 1
3 18 0 0 1 0 1 1
3 19 1 0 1 1 0 0
3 20 0 1 0 0 0 1
3 22 1 1 0 1 1 0
3 23 1 1 0 1 1 1
3 24 1 1 0 0 1 0
3 26 0 0 0 0 1 0
3 27 0 0 1 0 0 0
4 4 1 1 0 0 1 1
4 5 0 1 0 0 0 0
4 7 0 1 1 1 1 0
4 8 1 0 1 0 0 1
4 10 0 0 1 1 1 1
4 11 1 1 0 0 0 0
4 12 1 1 0 1 0 0
4 13 0 0 1 1 1 1
4 14 1 0 0 0 0 0
4 15 0 0 1 0 0 1
4 16 0 0 1 1 1 1
4 17 1 1 0 0 0 0
4 19 0 0 0 0 1 1
4 20 0 0 1 0 0 0
4 21 1 1 1 0 0 0
4 22 0 1 1 1 1 1
4 23 0 0 0 0 0 1
4 24 0 1 1 0 0 0
4 26 1 0 1 0 0 0
4 27 0 1 0 0 0 1
4 28 0 1 0 1 0 0
4 30 1 1 0 0 1 0
4 31 1 0 1 1 0 1
5 2 0 0 1 0 0 1
5 3 1 1 1 1 1 0
5 4 1 0 1 0 0 1
5 5 0 0 0 0 1 0
5 7 0 1 0 1 1 0
5 8 1 0 1 0 0 1
5 9 1 1 0 1 1 0
5 10 1 0 1 0 1 0
5 12 1 0 0 1 1 0
5 13 1 0 1 0 1 0
5 14 1 1 0 0 0 0
5 15 1 0 0 1 0 1
5 16 1 1 0 0 1 0
5 17 1 0 0 0 0 1
5 19 1 1 0 0 1 1
5 21 0 0 0 0 1 1
5 23 0 0 1 0 0 1
5 24 0 1 1 1 1 0
5 25 0 0 1 1 1 0
5 27 1 1 0 0 0 0
5 29 0 0 0 0 1 0
6 2 1 0 1 1 1 0
6 3 0 0 1 0 1 0
6 4 1 0 1 1 0 0
6 5 0 1 0 0 0 1
6 7 0 0 0 1 0 0
6 8 0 1 1 1 1 0
6 9 0 0 1 0 1 0
6 11 1 1 0 0 1 1
6 13 0 0 1 0 0 1
6 14 0 0 1 0 0 1
6 15 1 1 0 1 1 0
6 16 0 1 0 0 0 1
6 18 1 0 0 1 1 0
6 19 1 0 0 0 0 1
6 20 1 0 0 1 1 0
6 21 1 0 0 1 0 1
6 22 0 0 0 0 1 0
6 23 0 1 1 0 0 0
6 24 1 0 0 1 0 0
6 25 0 1 0 0 1 1
6 27 0 1 0 1 0 0
6 28 1 1 0 1 1 0
6 29 0 1 0 0 0 1
7 2 1 0 0 1 1 0
7 3 1 0 0 0 0 1
7 4 1 0 0 1 1 0
7 5 1 0 0 0 0 1
7 7 1 1 1 1 1 0
7 8 1 0 1 0 0 1
7 9 1 1 0 1 0 0
7 10 0 0 1 0 1 0
7 11 0 0 0 0 1 0
7 13 1 1 1 0 0 0
7 14 1 0 0 1 0 1
7 15 1 1 0 1 1 0
7 16 1 0 0 0 1 0
7 18 0 0 1 1 0 1
7 20 0 0 1 1 0 0
7 21 0 1 0 0 0 1
7 22 1 0 0 1 1 0
7 23 1 0 0 0 0 1
7 25 1 1 0 0 0 0
7 26 1 0 1 0 0 1
7 27 1 1 0 0 1 0
7 28 1 0 1 1 0 1
7 29 1 1 1 0 0 0
7 30 1 1 0 0 0 1
8 2 1 0 0 1 1 0
8 4 1 1 0 1 1 0
8 5 0 1 0 0 0 1
8 7 1 0 0 1 1 0
8 8 1 0 0 0 0 1
8 9 1 0 0 1 1 0
8 10 1 0 0 1 0 1
8 11 0 0 0 0 1 0
8 13 1 0 1 0 0 0
8 14 0 1 0 0 0 1
8 15 0 1 0 1 0 0
8 17 1 0 1 0 1 1
8 18 1 0 1 0 1 0
8 20 0 0 1 0 0 1
8 21 0 0 1 0 0 1
8 22 0 1 1 1 1 0
8 23 0 0 1 1 1 0
8 25 1 0 0 1 1 0
8 26 0 1 0 1 1 1
8 27 1 1 0 1 1 0
8 28 0 0 1 1 1 0
9 2 0 0 1 0 0 1
9 3 1 1 0 0 1 0
9 4 1 0 0 1 0 1
9 5 0 0 0 0 1 0
9 6 0 1 1 0 0 0
10 4 1 1 0 0 0 1
10 5 1 0 0 0 0 0
10 6 0 1 0 1 1 1
10 8 1 1 0 0 1 0
10 9 1 0 1 1 0 1
10 11 1 1 0 0 1 0
10 12 1 0 0 1 0 1
10 13 1 0 0 1 1 0
10 14 1 1 0 1 1 1
10 16 0 0 0 0 0 1
10 17 1 0 1 1 0 0
10 18 1 0 1 1 1 0
10 20 0 0 1 1 0 1
10 22 0 0 0 0 0 1
10 23 1 0 1 1 1 0
10 24 1 0 1 1 0 0
10 26 1 0 1 1 1 0
10 27 0 0 1 0 1 0
10 28 1 0 1 1 0 1
10 29 0 0 0 0 1 0
11 2 1 1 1 0 0 0
11 3 1 0 0 1 0 1
11 4 1 1 0 1 1 0
11 5 1 0 0 0 1 0
11 7 1 1 0 0 1 0
11 8 1 0 1 1 0 1
11 9 0 1 1 1 1 0
11 10 0 1 0 0 1 1
11 12 1 1 1 0 0 0
11 13 1 0 1 1 0 1
11 14 1 0 0 1 1 0
11 15 1 0 0 0 0 1
11 16 1 0 0 1 1 0
11 17 1 0 0 1 0 1
11 21 1 0 0 1 1 0
11 22 0 1 0 1 1 1
11 23 1 1 0 1 1 0
11 25 1 1 0 0 1 0
11 26 1 0 0 1 0 1
11 28 1 0 0 0 1 1
11 30 0 1 1 1 1 0
11 31 0 1 0 0 1 1
12 2 0 0 1 0 0 1
12 3 0 1 0 1 0 0
12 4 0 1 1 1 1 0
12 5 0 0 1 1 1 0
12 7 1 0 0 1 1 0
12 8 0 1 0 1 1 1
12 9 1 1 0 1 1 0
12 10 0 0 1 1 1 0
12 11 1 1 0 0 1 0
12 12 1 0 0 1 0 1
12 13 0 0 0 0 1 0
12 15 0 1 1 1 0 0
12 16 1 0 1 0 1 0
12 17 0 1 0 1 0 0
12 19 1 0 0 1 1 0
12 20 1 0 1 0 1 0
12 21 1 1 0 0 0 0
12 22 1 0 0 1 0 1
12 23 1 1 0 0 1 0
12 24 1 0 0 0 0 1
12 26 1 0 0 1 1 0
12 28 1 0 0 1 1 0
12 29 0 1 0 1 1 1
12 30 1 1 0 1 1 0
12 31 0 0 1 1 1 0
13 2 0 0 1 0 0 1
13 3 1 1 0 0 1 0
13 4 1 0 0 1 0 1
13 6 1 0 1 0 1 1
13 7 0 1 0 0 1 1
13 8 1 0 0 0 1 1
13 9 1 0 1 0 0 1
14 6 0 0 0 0 1 1
14 7 1 0 0 1 1 0
14 9 0 1 1 0 1 1
14 10 0 0 1 1 1 1
14 11 1 0 0 0 0 0
14 12 0 1 1 0 0 0
14 13 0 0 0 0 1 1
14 14 1 0 1 1 1 0
14 15 1 1 0 0 0 1
14 16 1 0 1 1 1 0
14 18 0 0 1 0 0 1
14 19 0 0 1 1 1 1
14 20 1 0 0 1 0 0
14 21 0 0 1 1 1 0
14 22 0 0 0 0 1 0
15 2 1 1 0 1 1 0
15 3 0 1 0 1 0 0
15 4 0 1 0 0 0 0
16 6 0 0 0 0 1 1
16 7 1 0 0 1 1 0
16 9 0 1 1 0 1 1
16 10 0 0 1 1 1 1
16 11 1 0 0 0 0 0
16 12 0 1 1 0 0 0
16 13 0 0 0 0 1 1
16 14 1 0 1 1 1 0
16 15 0 0 1 1 0 0
16 16 0 1 1 0 0 0
16 18 0 0 1 0 0 1
16 19 0 0 1 1 1 1
16 20 1 0 0 1 0 0
16 21 0 1 1 0 0 0
16 22 1 0 1 1 1 0
16 23 0 0 0 0 1 0
16 24 0 1 1 0 0 0
17 4 0 0 0 0 1 1
17 5 0 0 1 0 0 1
17 6 0 0 1 1 1 1
17 7 1 1 0 0 0 0
17 8 0 0 1 0 0 1
17 9 0 1 1 0 0 0
18 4 0 0 0 0 1 1
18 5 0 0 1 0 0 1
18 6 0 0 1 1 1 1
18 7 1 1 0 0 0 0
18 8 0 0 1 0 0 1
18 9 0 1 1 0 0 0
18 10 1 0 0 0 1 1
18 11 0 1 1 0 0 0
18 13 1 1 0 0 0 0
18 14 0 0 1 1 1 0
18 15 1 0 0 0 1 1
18 16 0 1 1 0 0 0
18 17 1 1 1 0 0 0
18 18 0 1 0 0 0 1
18 20 1 0 0 1 1 0
18 21 1 0 1 0 1 0
18 22 1 1 0 0 0 0
18 23 1 0 0 1 0 1
18 24 1 1 0 0 1 0
18 25 1 0 0 0 0 1
18 27 1 0 0 1 1 0
18 29 1 0 0 1 1 0
18 30 0 1 0 1 1 1
19 2 0 0 1 0 0 1
19 3 1 1 0 1 1 0
19 4 0 0 1 1 1 0
19 5 1 1 0 0 1 0
19 6 1 0 0 1 0 1
19 7 1 0 0 0 1 1
19 8 1 0 1 0 0 1
19 10 0 0 0 0 1 1
19 11 1 0 0 1 1 0
19 13 0 0 1 1 0 1
19 15 1 1 0 0 0 0
19 16 1 0 0 1 0 1
19 17 1 0 0 0 1 1
19 18 1 0 1 0 0 1
19 20 0 0 0 0 1 1
19 23 0 0 1 1 0 0
19 24 1 1 0 1 1 0
19 25 1 0 0 1 0 1
19 27 1 0 0 1 1 0
19 29 1 1 0 1 1 0
19 30 1 1 0 1 1 1
20 2 0 0 1 0 0 1
20 3 1 1 0 0 1 0
20 4 0 1 0 1 0 0
20 5 0 0 0 0 1 0
20 7 1 0 0 1 1 0
20 8 0 1 0 1 1 1
20 9 0 0 1 1 0 1
20 11 0 0 0 0 1 1
20 12 1 0 1 1 1 0
20 14 1 0 0 1 1 0
20 16 1 0 1 1 0 0
20 17 0 1 1 1 0 1
20 19 0 1 0 1 0 0
20 20 1 1 0 1 1 0
20 21 0 1 0 0 0 1
20 23 0 0 1 1 0 0
20 24 0 1 0 0 0 0
20 25 0 0 0 0 1 0
20 28 1 0 0 1 1 0
20 30 1 0 0 1 1 0
20 31 1 1 1 0 1 1
21 2 1 1 0 0 1 1
21 4 0 1 0 1 0 0
21 5 1 1 0 1 1 0
21 6 0 1 0 0 0 1
21 8 1 0 0 1 1 0
21 9 0 1 0 1 1 1
21 10 1 0 0 0 0 1
21 11 0 1 1 0 0 0
21 12 0 0 1 1 0 0
21 13 0 1 0 0 0 0
21 14 0 0 0 0 1 0
21 16 1 1 0 1 1 0
21 17 0 1 0 1 0 0
21 18 0 1 0 0 0 0
21 20 0 0 0 0 1 1
21 21 1 0 0 1 1 0
21 23 1 0 0 0 1 1
21 25 0 0 0 0 1 1
21 26 1 0 1 1 1 0
21 28 1 0 0 1 1 0
21 30 1 1 0 0 1 0
21 31 1 1 1 0 0 1
22 2 0 0 1 0 0 1
22 3 1 0 0 0 1 1
22 4 1 0 1 0 0 1
22 5 0 0 0 0 1 0
22 6 0 1 1 0 0 0
23 4 0 1 0 0 1 0
23 5 0 1 1 0 0 0
23 6 0 1 1 1 1 0
23 7 0 1 0 1 0 0
23 9 0 0 1 1 1 1
23 10 1 1 0 0 0 0
23 13 1 0 1 1 0 0
23 14 1 1 1 0 1 1
23 16 1 1 0 1 1 0
23 17 0 1 0 0 1 1
23 18 1 1 1 1 1 0
23 19 0 1 1 0 0 1
23 21 0 1 0 1 0 0
23 22 0 0 1 1 0 0
23 23 0 1 0 0 1 1
23 25 1 1 1 1 1 0
23 26 1 1 1 0 0 1
23 27 1 1 1 1 0 0
23 28 1 1 0 0 0 1
23 30 1 1 0 0 1 0
23 31 1 0 0 1 0 1
24 2 0 0 1 0 0 1
24 3 1 0 1 0 1 1
24 4 0 1 0 1 0 1
24 6 1 0 0 1 1 0
24 8 1 0 1 1 1 0
24 9 1 0 0 1 0 1
24 10 1 1 1 1 1 0
24 11 1 1 1 0 0 1
24 12 1 1 1 0 0 0
24 13 1 0 1 1 0 1
24 15 1 0 0 0 1 1
24 17 0 0 1 1 1 1
24 18 1 1 0 0 0 0
24 19 0 1 0 1 1 0
24 20 0 0 1 0 0 1
24 21 1 1 0 1 1 0
24 22 1 0 0 1 0 1
24 23 0 0 0 0 1 0
24 25 1 1 0 1 1 0
24 26 0 1 0 1 0 0
24 27 1 1 0 0 1 0
24 28 1 1 1 1 1 1
24 30 1 1 0 1 1 0
24 31 1 1 0 0 0 1
25 2 0 0 1 0 0 1
25 3 1 1 0 0 1 0
25 4 1 1 1 0 1 1
25 6 1 1 1 0 0 0
25 7 1 0 1 1 0 1
25 8 1 0 1 1 1 0
25 9 1 0 0 1 0 1
25 11 1 0 1 0 1 1
25 12 0 0 1 1 1 1
25 13 1 1 0 1 1 0
25 14 1 1 0 1 0 1
25 16 1 1 1 1 1 0
25 17 1 1 1 0 0 1
25 18 1 1 1 0 0 0
25 19 1 0 1 1 0 1
25 20 0 0 0 0 1 0
25 21 0 1 1 0 0 0
25 22 0 1 0 1 1 0
25 23 1 0 1 0 0 1
25 24 1 1 0 1 1 0
25 25 1 0 1 0 1 0
25 27 1 0 1 1 0 0
25 28 0 1 1 1 0 1
25 29 1 0 1 1 1 0
25 30 1 0 0 1 0 1
26 2 1 0 0 1 1 0
26 3 1 1 1 0 1 1
26 5 1 1 0 0 0 0
26 6 0 1 0 1 0 0
26 8 1 0 0 0 1 1
26 9 0 1 1 0 0 1
26 10 0 1 0 1 0 0
26 11 1 0 1 1 1 0
26 12 1 0 0 1 0 1
26 14 1 0 0 1 1 0
26 16 1 1 1 1 1 0
26 17 1 1 1 0 0 1
26 18 1 1 1 0 0 0
26 19 1 0 1 1 0 1
26 21 1 0 1 0 1 1
26 22 0 0 1 1 1 1
26 23 1 1 0 1 1 0
26 24 1 1 0 1 0 1
26 26 0 0 0 0 1 1
26 27 1 0 1 1 0 1
26 28 0 0 1 0 0 1
26 29 1 1 0 0 0 0
26 30 0 1 1 1 0 1
26 31 0 0 0 0 1 0
27 30 0 0 1 1 1 1
27 31 1 0 0 1 0 0
3 25 0 1 0 1 0 0
3 5 0 0 1 1 0 1
3 3 1 0 0 1 1 0
5 28 1 0 0 1 0 1
5 22 1 0 1 1 1 0
11 24 0 0 1 1 1 0
11 19 1 0 0 1 1 0
19 21 1 0 1 1 1 0
20 27 0 0 0 0 1 0
