-0.10
23 44 75 94 124 146 178 198 230 252 281 303 333 355 383 406 437 458 488 511 541 562 592 613 641 664 695 716 747 768 798 819 850 871 902 923 954 974 1005 1027 1057 1078 1109 1130 1160 1182 1212 1233 1263 1285 1315 1336 1366 1389 1420 1441 1471 1491 1523 1546 1575 1597 1627 1648
66 87 108 144 165 187 226 247 268 314 335 356 394 415 436 480 501 522 560 582 604 643 665 686 726 749 770 808 829 850 888 910 931 974 995 1016 1054 1075 1096 1138 1160 1181 1221 1241 1262 1302 1323 1344 1384 1403 1423 1463 1484 1506 1547 1569 1591 1629 1650 1672 1712 1733 1754 1793 1815 1836 1878 1899 1921 1959 1980 2001 2044 2065 2086 2124 2146 2166 2207 2228 2249 2289 2310 2331
2 2 0 1 1 0 1 0
2 3 0 1 0 0 1 0
2 4 0 1 0 0 1 0
2 5 0 1 0 0 1 0
2 6 0 1 0 0 1 0
2 7 0 1 0 0 1 0
2 8 0 1 0 0 1 0
2 9 0 1 0 0 1 0
2 10 0 1 0 0 1 0
2 11 0 1 0 0 1 0
2 12 0 1 0 0 1 0
2 13 0 1 0 0 1 0
2 14 0 1 0 0 1 0
2 15 0 1 0 0 1 0
2 16 0 1 0 0 1 0
2 17 0 1 0 0 1 0
2 18 0 1 0 0 1 0
2 19 0 1 0 0 1 0
2 20 0 1 0 0 1 0
2 21 0 1 0 0 1 0
2 22 0 1 0 0 1 0
2 23 0 1 0 0 1 0
2 24 0 1 0 0 1 0
2 25 0 1 0 0 1 0
2 26 0 1 0 0 1 0
2 27 0 1 0 0 1 0
2 28 0 1 0 0 1 0
2 29 0 1 0 0 1 0
2 30 0 1 0 0 1 0
2 31 0 1 0 0 1 1
3 2 1 1 1 0 0 0
3 5 0 1 0 0 0 1
3 6 1 1 0 0 1 1
3 7 1 0 0 0 0 0
3 9 0 0 1 0 1 0
3 10 0 1 0 1 1 0
3 12 1 1 0 0 0 1
3 13 0 0 0 0 1 1
3 14 1 0 0 0 0 1
3 15 1 0 0 1 0 1
3 16 0 1 1 0 0 0
3 18 0 1 0 0 0 0
3 19 1 0 0 1 0 1
3 20 0 1 1 0 0 0
3 21 0 0 1 1 1 0
3 23 1 0 1 1 0 0
3 24 1 1 0 1 0 0
3 26 1 0 1 0 0 1
3 27 0 0 0 0 1 0
3 28 0 1 1 1 1 0
3 31 0 0 0 1 1 1
4 2 1 1 1 0 0 0
4 7 0 1 0 0 0 0
4 8 1 0 0 1 0 1
4 9 0 1 1 0 0 0
4 10 0 0 1 0 0 1
4 11 0 0 1 1 1 0
4 13 1 0 1 1 0 0
4 14 1 1 0 1 0 0
4 15 0 1 1 0 0 1
4 16 1 1 0 1 1 1
4 17 1 1 1 0 1 0
4 18 1 1 0 1 0 0
4 20 1 1 0 1 0 0
4 22 0 1 1 1 1 1
4 23 1 0 0 0 0 1
4 24 0 0 1 0 0 1
4 25 1 1 1 1 0 1
4 26 0 1 1 0 0 0
4 28 1 0 1 0 0 1
4 29 1 1 1 1 1 0
4 30 1 1 0 1 1 0
4 31 0 0 0 1 1 1
5 2 1 1 1 0 0 0
5 5 0 0 0 0 1 1
5 6 1 0 0 0 0 1
5 7 1 0 1 1 0 1
5 8 0 1 1 0 0 0
5 9 0 1 1 0 1 1
5 11 1 1 1 1 0 1
5 12 0 1 1 0 0 0
5 14 1 0 1 1 0 0
5 15 0 1 0 1 1 0
5 16 0 0 1 1 0 1
5 17 0 1 0 0 1 1
5 18 1 0 0 1 1 1
5 20 1 0 1 0 1 0
5 21 0 1 1 1 0 1
5 23 0 1 1 1 1 1
5 24 1 1 0 1 0 0
5 26 1 1 0 0 0 1
5 27 0 0 0 0 1 1
5 28 1 0 0 0 0 1
5 29 1 0 0 1 0 1
5 30 0 1 1 0 0 0
5 31 0 0 0 1 1 1
6 2 1 1 1 0 0 0
6 5 1 0 1 0 0 1
6 6 1 1 1 1 1 0
6 7 1 1 0 1 1 0
6 9 0 0 0 0 1 1
6 10 1 0 0 0 0 1
6 11 1 0 1 1 0 1
6 12 0 1 1 0 0 0
6 13 0 1 1 0 1 1
6 15 1 1 1 1 0 1
6 16 0 1 1 0 0 0
6 18 1 0 1 1 0 0
6 19 0 1 0 1 1 0
6 20 0 0 1 1 0 1
6 21 0 1 0 0 1 1
6 22 1 0 0 1 1 1
6 24 1 0 0 0 1 0
6 25 0 1 0 1 0 1
6 26 1 0 0 0 1 1
6 28 0 1 0 0 0 0
6 29 0 0 1 0 1 1
6 30 0 1 1 1 0 0
6 31 0 0 0 1 1 1
7 2 1 1 1 0 0 0
7 19 0 0 0 0 1 1
7 20 0 1 0 0 0 0
7 21 0 1 1 0 0 1
7 22 1 1 0 1 1 1
7 23 1 1 1 0 1 0
7 24 1 1 0 1 0 0
7 26 0 1 1 1 1 1
7 27 1 0 0 0 0 1
7 28 0 0 1 0 0 1
7 29 1 1 1 1 0 1
7 30 0 1 1 0 0 0
7 31 0 0 0 1 1 1
8 2 1 1 0 0 1 0
8 3 0 1 0 0 1 0
8 4 0 1 0 0 1 0
8 5 0 1 0 0 1 0
8 6 0 1 0 0 1 0
8 7 0 1 0 0 1 0
8 8 0 1 0 0 1 0
8 9 0 1 0 0 1 0
8 10 0 1 0 0 1 0
8 11 0 1 0 0 1 0
8 12 0 1 0 0 1 0
8 13 0 1 0 0 1 0
8 14 0 1 0 0 1 0
8 15 0 1 0 0 1 0
8 16 0 1 0 0 1 0
8 17 0 1 0 0 1 0
8 18 0 1 0 0 1 0
8 19 0 1 0 0 1 0
8 20 0 1 0 0 1 0
8 21 0 1 0 0 1 0
8 22 0 1 0 0 1 0
8 23 0 1 0 0 1 0
8 24 0 1 0 0 1 0
8 25 0 1 0 0 1 0
8 26 0 1 0 0 1 0
8 27 0 1 0 0 1 0
8 28 0 1 0 0 1 0
8 29 0 1 0 0 1 0
8 30 0 1 0 0 1 0
8 31 0 1 0 1 1 0
10 4 1 0 0 0 1 0
10 5 0 1 0 1 1 0
10 6 1 1 0 0 0 1
10 7 0 0 0 1 1 0
10 8 0 1 0 1 0 1
10 9 0 1 1 1 0 1
10 11 1 1 0 0 0 1
10 12 1 1 0 1 1 0
10 13 0 0 0 0 1 0
10 14 1 0 0 0 0 1
10 16 1 0 0 0 1 0
10 17 0 0 0 0 1 0
10 18 0 1 1 0 1 0
10 19 1 1 0 0 1 1
10 21 1 0 1 0 1 0
10 22 0 1 1 1 0 1
10 25 0 0 0 1 0 0
10 26 1 1 1 0 0 1
10 28 1 0 0 0 1 0
10 29 0 0 0 1 1 1
11 3 1 1 1 1 0 1
11 4 0 1 1 0 0 0
11 6 0 1 0 0 0 0
11 7 0 0 0 0 1 1
11 8 1 0 0 0 0 1
11 9 1 0 1 1 0 1
11 10 0 1 1 0 0 0
11 11 0 0 0 0 1 1
11 12 0 0 0 1 0 0
11 13 1 1 1 0 0 1
11 14 0 1 1 0 1 1
11 16 1 1 1 1 0 1
11 17 0 1 1 0 0 0
11 19 0 0 1 1 0 1
11 20 0 1 1 1 0 0
11 21 0 0 1 1 1 1
11 22 0 1 0 1 1 0
11 24 0 0 1 1 0 1
11 25 1 1 0 1 1 1
11 26 1 1 1 1 1 1
11 27 0 1 0 1 1 0
11 29 0 1 0 0 0 0
11 30 0 1 1 0 1 0
11 31 1 0 0 0 0 1
12 16 0 0 0 0 1 1
12 17 0 1 0 0 0 0
12 18 1 0 1 1 0 1
12 19 0 1 0 1 1 0
12 20 0 0 1 1 0 1
12 21 1 1 0 0 1 1
12 23 1 1 0 1 0 0
12 25 0 0 0 0 1 1
12 26 1 0 0 0 0 1
12 27 1 0 1 1 0 1
12 28 0 1 1 0 0 0
12 29 0 0 0 1 1 0
12 30 1 1 1 0 0 1
12 31 0 1 1 0 1 1
13 3 0 1 0 0 0 1
13 4 1 1 0 0 1 1
13 5 1 0 0 0 0 0
13 7 0 0 1 1 0 1
13 8 1 1 0 1 1 1
13 9 1 1 1 1 1 1
13 10 0 1 0 1 1 0
13 12 0 0 0 0 1 1
13 13 1 0 1 0 1 0
13 14 0 1 1 1 0 1
13 16 0 1 0 0 0 0
13 17 1 1 0 0 0 1
13 18 0 0 0 1 1 0
13 19 1 0 1 1 0 0
13 20 1 1 0 0 1 1
13 22 0 1 0 1 0 0
13 23 0 0 0 1 1 0
13 24 0 1 1 0 0 1
13 25 1 0 0 1 1 0
13 27 0 0 1 0 0 1
13 28 0 1 0 1 0 0
13 29 1 1 0 1 1 0
14 5 1 0 1 1 0 0
14 6 1 1 0 1 1 0
14 8 0 1 0 1 0 0
14 9 1 1 1 0 0 1
14 10 0 0 1 0 0 1
14 11 0 0 0 1 0 0
14 12 1 1 1 0 0 1
14 13 1 0 0 1 1 0
14 14 0 0 0 1 1 0
14 15 1 1 1 0 0 1
14 17 0 0 1 1 0 1
14 18 1 1 0 0 1 1
14 19 0 0 0 0 0 1
14 20 0 1 1 0 0 0
14 22 1 0 1 1 0 1
14 23 0 1 0 1 1 0
14 24 0 0 1 1 0 1
14 25 1 1 0 0 1 1
14 27 1 1 0 1 0 0
14 29 0 1 1 0 0 1
14 30 1 0 0 1 0 1
14 31 0 0 1 0 0 1
15 22 0 0 0 0 1 1
15 23 0 1 0 0 0 0
15 24 0 0 0 0 1 1
15 25 0 0 1 0 0 0
15 26 0 1 0 1 0 0
15 27 0 0 1 0 0 1
15 28 1 1 0 1 1 0
15 29 0 0 0 1 0 0
15 30 0 0 0 1 0 0
15 31 1 1 1 0 0 1
17 13 0 1 1 0 1 0
17 14 0 1 0 0 1 0
17 15 0 1 0 0 1 0
17 16 0 1 0 0 1 0
17 17 0 1 0 0 1 0
17 18 0 1 0 0 1 0
17 19 0 1 0 0 1 0
17 20 0 1 0 0 1 0
17 21 0 1 0 0 1 0
17 22 0 1 0 0 1 0
17 23 0 1 0 0 1 0
17 24 0 1 0 0 1 0
17 25 0 1 1 0 1 0
17 26 0 1 0 0 1 0
17 27 0 1 0 0 1 0
17 28 0 1 0 0 1 0
17 29 0 1 0 0 1 1
18 13 1 1 1 0 0 0
18 14 0 0 0 0 1 1
18 15 1 0 0 0 0 1
18 16 1 0 1 1 0 1
18 17 0 1 1 0 0 0
18 18 0 0 0 0 1 1
18 19 0 0 0 1 0 0
18 20 1 1 1 0 0 1
18 21 0 1 1 0 1 1
18 23 1 1 1 1 0 1
18 24 0 1 1 0 0 0
18 25 1 1 1 0 0 0
18 27 1 0 1 1 0 1
18 28 0 1 1 0 0 0
18 29 0 0 0 1 1 1
19 13 1 1 1 0 1 0
19 14 0 1 0 0 1 0
19 15 0 1 0 0 1 0
19 16 0 1 0 0 1 0
19 17 0 1 0 0 1 0
19 18 0 1 0 0 1 0
19 19 0 1 0 0 1 0
19 20 0 1 0 0 1 0
19 21 0 1 0 0 1 0
19 22 0 1 0 0 1 0
19 23 0 1 0 0 1 0
19 24 0 1 0 0 1 0
19 25 1 1 1 0 1 0
19 26 0 1 0 0 1 0
19 27 0 1 0 0 1 0
19 28 0 1 0 0 1 0
19 29 0 1 0 1 1 1
20 13 1 1 1 0 0 0
20 21 0 1 0 0 0 0
20 22 0 1 0 0 0 0
20 23 0 1 0 0 0 0
20 25 1 1 1 0 0 0
20 26 0 1 0 0 0 0
20 27 0 1 0 0 0 0
20 28 0 1 0 0 0 0
20 29 0 0 0 1 1 1
21 13 1 1 1 0 1 0
21 14 0 1 0 0 1 0
21 15 0 1 0 0 1 0
21 16 0 1 0 0 1 0
21 17 0 1 0 0 1 0
21 18 0 1 0 0 1 0
21 19 0 1 0 0 1 0
21 20 0 1 0 0 1 0
21 21 0 1 0 0 1 0
21 22 0 1 0 0 1 0
21 23 0 1 0 0 1 0
21 24 0 1 0 0 1 0
21 25 1 1 1 0 1 0
21 26 0 1 0 0 1 0
21 27 0 1 0 0 1 0
21 28 0 1 0 0 1 0
21 29 0 1 0 1 1 1
22 13 1 1 1 0 0 0
22 25 1 1 1 0 0 0
22 26 1 1 0 1 0 0
22 27 1 1 1 0 0 1
22 28 0 0 1 0 0 1
22 29 0 0 0 1 1 1
23 13 1 1 1 0 1 0
23 14 0 1 0 0 1 0
23 15 0 1 0 0 1 0
23 16 0 1 0 0 1 0
23 17 0 1 0 0 1 0
23 18 0 1 0 0 1 0
23 19 0 1 0 0 1 0
23 20 0 1 0 0 1 0
23 21 0 1 0 0 1 0
23 22 0 1 0 0 1 0
23 23 0 1 0 0 1 0
23 24 0 1 0 0 1 0
23 25 1 1 1 0 1 0
23 26 0 1 0 0 1 0
23 27 0 1 0 0 1 0
23 28 0 1 0 0 1 0
23 29 0 1 0 1 1 1
24 13 1 1 1 0 0 0
24 25 1 1 1 0 0 0
24 26 1 0 0 1 0 0
24 27 1 1 1 0 0 1
24 28 0 0 1 0 0 1
24 29 0 0 0 1 1 1
25 13 1 1 1 0 1 0
25 14 0 1 0 0 1 0
25 15 0 1 0 0 1 0
25 16 0 1 0 0 1 0
25 17 0 1 0 0 1 0
25 18 0 1 0 0 1 0
25 19 0 1 0 0 1 0
25 20 0 1 0 0 1 0
25 21 0 1 0 0 1 0
25 22 0 1 0 0 1 0
25 23 0 1 0 0 1 0
25 24 0 1 0 0 1 0
25 25 1 1 1 0 1 0
25 26 0 1 0 0 1 0
25 27 0 1 0 0 1 0
25 28 0 1 0 0 1 0
25 29 0 1 0 1 1 1
26 13 1 1 1 0 0 0
26 25 1 1 1 0 0 0
26 26 0 0 0 1 1 0
26 27 1 1 1 0 0 1
26 28 0 0 1 0 0 1
26 29 0 0 0 1 1 1
27 2 1 0 0 0 1 0
27 3 1 1 1 0 0 1
