0.40
50 71 101 122 153 175 205 226 257 278 309 330 361 382 412 434 464 486 516 538 568 589 620 641 671 693 723 744 775 796 826 848 879 900 930 951 982 1004 1034 1055 1086 1107 1137 1159 1188 1210 1241 1263 1293 1315 1345 1367 1397 1418 1449 1470 1501 1522 1553 1574 1604 1625 1655 1676
20 41 62 102 123 144 184 205 227 269 290 312 351 373 394 433 455 476 516 538 560 600 621 643 683 704 726 765 787 809 848 870 892 932 954 975 1014 1036 1057 1099 1120 1142 1180 1202 1223 1263 1284 1305 1345 1366 1387 1427 1448 1469 1509 1530 1551 1591 1612 1633 1673 1694 1715 1755 1776 1797 1837 1858 1879 1919 1940 1961 2001 2022 2043 2083 2104 2125 2165 2186 2207 2247 2268 2289
3 3 0 1 1 0 1 0
3 4 1 0 0 0 0 1
3 5 0 0 1 1 0 1
3 6 1 1 0 1 1 1
3 8 1 1 0 0 0 1
3 9 0 1 1 1 1 0
3 10 1 1 0 1 1 0
3 12 1 0 0 0 1 0
3 13 1 1 0 1 0 1
3 15 0 1 0 0 0 0
3 16 1 0 0 0 1 0
3 17 0 0 0 1 0 1
3 18 1 1 1 0 1 1
3 19 0 1 0 1 1 0
3 21 0 0 1 0 1 0
3 22 1 1 0 1 1 0
3 23 0 0 1 0 1 0
3 24 1 0 0 0 0 1
3 26 0 0 1 0 1 0
3 27 0 0 0 1 1 1
3 28 0 1 0 1 0 1
3 29 1 1 0 1 1 0
4 2 1 1 0 0 0 1
4 3 0 0 0 1 1 0
4 5 1 1 1 0 0 1
4 6 1 1 0 1 1 1
4 7 0 0 1 0 1 0
4 8 0 0 0 1 0 1
4 10 1 0 1 0 0 1
4 11 1 1 0 0 0 1
4 12 1 1 0 1 1 0
4 14 0 0 1 1 0 1
4 15 0 0 0 0 1 1
4 16 1 0 0 0 1 0
4 17 0 0 1 0 0 1
4 18 0 1 0 0 0 0
4 20 0 1 0 0 1 1
4 21 1 1 0 0 1 1
4 22 0 0 1 0 1 0
4 23 1 0 0 0 0 1
4 25 0 1 0 0 0 0
4 26 0 0 1 0 1 0
4 27 0 0 0 1 1 1
4 29 0 1 0 1 0 0
4 30 1 0 0 0 1 0
4 31 0 0 0 1 1 0
5 4 1 0 0 0 1 0
5 5 1 1 0 1 0 1
5 7 0 0 1 1 1 1
5 8 0 0 0 1 1 0
5 10 0 0 0 0 1 0
5 11 0 0 1 0 0 1
5 12 1 1 1 0 1 1
5 13 0 1 0 1 1 0
5 14 0 0 1 1 0 1
5 15 0 1 1 1 0 0
5 16 0 0 0 0 0 1
5 17 0 0 1 0 0 0
5 18 0 0 1 1 0 1
5 19 0 1 1 1 0 0
5 20 0 0 1 0 1 0
5 21 0 0 0 1 0 1
5 22 1 1 0 0 0 1
5 23 1 1 0 1 1 0
5 25 1 0 1 1 0 0
5 26 0 0 0 0 1 0
5 27 0 1 1 1 0 0
5 29 0 1 0 0 1 0
5 30 1 0 0 0 0 1
5 31 0 0 1 0 0 1
6 2 0 0 0 0 1 1
6 3 0 1 0 0 0 0
6 4 0 1 0 1 0 1
6 5 0 1 0 1 1 0
6 6 1 1 1 0 0 1
6 7 0 1 1 1 0 0
6 9 1 0 0 0 1 0
6 10 0 1 0 1 1 0
6 11 1 1 1 0 1 1
6 12 0 1 0 1 1 0
6 14 0 1 1 0 1 0
6 15 1 0 0 0 0 1
6 16 0 0 1 1 0 1
6 17 1 1 0 1 1 1
6 19 1 1 0 1 0 0
6 21 1 0 1 1 0 0
6 22 1 1 0 1 0 1
6 23 0 0 1 1 1 1
6 24 1 0 0 0 1 1
6 26 0 0 1 0 1 0
6 27 0 0 0 1 1 1
6 28 0 1 0 1 0 1
6 29 1 1 0 1 1 0
6 30 0 1 1 1 1 1
6 31 0 1 1 1 0 1
7 3 1 1 1 0 1 1
7 4 0 1 0 1 1 0
7 6 1 0 0 0 1 0
7 7 1 1 0 1 0 1
7 9 0 1 0 0 0 0
7 10 1 0 0 0 1 0
7 11 0 0 0 1 1 1
7 13 1 0 1 1 0 0
7 14 1 1 0 1 0 1
7 15 0 0 1 1 1 1
7 16 1 0 0 0 1 1
7 18 0 0 1 0 1 0
7 19 1 0 0 0 0 1
7 21 1 0 1 0 1 0
7 22 0 1 1 1 0 1
7 24 0 1 0 0 0 0
7 25 1 0 1 1 1 0
7 26 0 1 0 1 1 0
7 27 1 0 0 0 1 0
7 29 1 0 0 0 1 0
7 30 1 1 1 0 1 0
7 31 0 1 0 1 1 0
8 3 1 1 1 0 1 1
8 4 0 1 0 1 1 0
8 5 0 0 1 1 0 1
8 6 0 1 1 1 0 0
8 8 1 1 1 0 1 0
8 9 1 1 0 1 0 0
8 10 0 0 0 0 0 1
8 11 0 1 0 0 0 0
8 12 0 1 1 1 0 0
8 13 0 0 0 1 0 0
8 14 1 0 0 0 0 1
8 16 1 1 1 0 1 1
8 17 0 1 0 1 1 0
8 18 0 0 1 1 0 1
8 19 0 1 1 1 0 0
8 21 0 1 0 1 0 0
8 22 0 1 0 1 1 0
8 23 0 0 0 0 0 1
8 24 0 1 0 0 0 1
8 25 1 1 0 1 0 1
8 27 0 0 1 0 1 0
8 28 0 0 0 1 1 1
8 29 0 1 0 0 1 1
8 30 1 1 0 1 0 0
8 31 0 0 1 0 0 1
9 12 0 0 0 0 0 1
9 13 0 1 0 0 0 0
9 14 0 1 0 0 0 1
9 15 1 0 0 1 0 1
9 17 0 1 1 1 0 0
9 18 0 1 1 0 0 1
9 19 1 1 0 0 1 0
9 21 1 1 0 1 0 0
9 23 0 0 1 1 0 1
9 24 0 0 0 1 1 0
9 25 1 0 0 0 1 0
9 26 0 0 1 1 1 0
9 27 1 1 0 1 1 0
9 29 0 0 1 0 1 0
9 30 0 0 0 1 1 1
9 31 0 1 1 1 1 0
10 2 0 1 1 1 0 0
10 3 1 0 1 0 1 0
10 4 0 1 0 1 1 0
10 6 1 0 0 0 1 0
10 7 0 1 0 1 1 0
10 8 1 1 1 0 1 1
10 9 0 1 0 1 1 0
10 11 1 0 1 0 0 1
10 12 0 1 0 1 1 0
10 13 1 0 0 0 1 0
10 14 1 1 0 1 1 0
10 16 1 0 0 0 1 0
10 17 1 1 0 1 0 1
10 19 0 1 1 1 0 0
10 21 0 1 0 0 1 0
10 22 0 0 0 1 1 1
10 23 0 0 1 1 0 1
10 25 0 1 0 0 0 0
10 26 0 1 1 1 1 1
10 27 0 1 0 1 1 0
10 28 0 0 1 1 1 0
10 29 1 1 0 1 1 0
11 2 1 1 1 0 1 1
11 3 0 1 0 1 1 0
11 4 0 0 1 1 0 1
11 5 0 1 1 1 0 0
11 7 1 1 1 1 0 0
11 9 1 1 1 0 0 1
11 10 1 1 0 1 0 1
11 12 1 0 0 0 1 0
11 13 1 1 0 1 0 1
11 15 0 1 1 0 1 1
11 16 1 0 0 0 1 0
11 17 0 1 0 1 1 0
11 19 0 1 1 1 1 1
11 20 1 1 0 1 0 0
11 22 0 1 0 0 0 0
11 23 0 1 0 1 0 1
11 24 0 1 1 1 0 1
11 25 0 1 1 0 1 0
11 26 1 1 0 1 1 0
11 28 1 0 1 1 1 0
11 29 1 1 0 1 1 0
11 30 0 0 1 1 1 1
11 31 1 0 0 1 0 0
12 4 1 1 0 1 0 0
12 6 1 1 1 0 1 1
12 7 0 1 0 1 1 0
12 8 0 0 1 1 0 1
12 9 0 1 1 1 0 0
12 11 1 1 1 1 0 0
12 13 0 1 0 0 0 0
12 14 0 1 0 1 0 0
12 15 1 1 0 1 1 0
12 16 0 0 0 0 1 1
12 17 0 1 1 1 0 0
12 19 0 1 0 0 0 1
12 20 1 1 0 1 1 1
12 21 1 1 1 1 1 0
12 22 1 1 0 1 1 0
12 24 1 0 1 0 0 1
12 25 0 0 0 1 0 1
12 27 0 1 1 0 1 1
12 28 1 1 0 1 1 0
12 29 1 0 1 1 0 0
12 31 1 1 0 1 0 0
13 3 0 0 1 1 0 1
13 4 0 1 1 1 0 0
13 6 1 1 0 1 0 0
13 8 1 1 1 0 1 1
13 9 0 1 0 1 1 0
13 11 0 1 0 1 0 1
13 12 1 0 0 0 1 1
13 14 1 1 1 1 0 0
13 16 0 1 0 0 0 0
13 17 1 0 0 0 1 0
13 18 1 1 0 0 1 1
13 19 0 1 0 0 1 0
13 21 0 1 0 0 1 1
13 22 0 0 0 1 0 1
13 23 1 0 0 0 1 1
13 25 1 0 1 0 0 1
13 26 0 0 0 1 0 1
13 28 0 1 0 0 1 1
13 29 1 1 0 1 0 1
13 30 0 1 1 1 1 1
13 31 1 1 0 0 1 1
14 3 0 0 1 1 1 0
14 4 1 1 0 1 1 0
14 6 1 0 0 0 1 0
14 7 1 1 0 1 0 1
14 9 0 0 0 0 1 1
14 10 1 0 1 1 1 1
14 11 0 0 0 0 1 1
14 12 0 1 0 0 0 0
14 13 1 0 0 0 1 0
14 14 1 1 0 0 1 1
14 15 0 1 0 0 1 0
14 17 1 1 1 0 1 1
14 18 1 1 0 1 1 0
14 19 0 1 0 1 0 0
14 20 1 1 0 1 1 0
14 22 1 0 1 0 0 1
14 23 0 0 0 1 0 1
14 25 0 1 1 1 0 0
14 26 0 0 0 1 0 0
14 27 1 0 0 0 0 1
14 29 1 1 1 0 1 1
14 30 0 1 0 1 1 0
14 31 0 0 1 0 0 1
15 10 0 0 0 0 1 1
15 11 0 1 0 0 0 0
15 12 0 0 1 1 0 1
15 13 0 0 0 1 1 0
15 14 0 0 1 1 1 0
15 15 1 1 0 1 1 0
15 17 1 1 0 1 0 0
15 19 0 1 0 0 0 1
15 20 1 1 0 1 0 0
15 21 1 1 1 0 0 1
15 22 1 1 0 1 1 0
15 24 0 0 1 0 1 0
15 25 1 1 0 1 0 0
15 26 1 0 1 0 0 1
15 27 0 0 0 1 0 1
15 29 0 1 1 1 1 1
15 30 0 1 0 1 1 0
15 31 0 0 1 0 0 1
20 3 0 0 0 0 0 0
24 7 0 0 0 0 0 0
