0.10
21 43 73 94 125 147 177 199 229 251 280 302 333 355 385 406 436 457 489 510 540 562 591 613 644 665 695 717 747 768 798 820 850 871 902 924 954 976 1005 1027 1057 1079 1109 1131 1161 1182 1213 1235 1264 1286 1316 1338 1368 1389 1420 1441 1471 1493 1524 1545 1576 1597 1627 1648
14 35 56 96 117 138 178 199 220 258 280 302 344 365 387 426 447 468 508 529 550 588 610 630 675 696 717 757 778 799 838 859 880 918 940 961 1004 1025 1046 1084 1106 1128 1168 1189 1210 1250 1271 1292 1331 1353 1373 1413 1434 1456 1496 1518 1539 1580 1601 1623 1662 1684 1705 1745 1767 1788 1827 1848 1870 1914 1935 1956 1996 2017 2038 2078 2100 2121 2159 2180 2200 2240 2261 2282
3 7 1 1 1 1 0 1
3 8 0 1 1 0 0 0
3 10 0 1 0 0 0 0
3 11 0 0 0 0 1 1
3 12 1 0 0 0 0 1
3 13 1 0 1 1 0 1
3 14 0 1 1 0 0 0
3 15 0 0 1 0 0 1
3 16 0 1 1 0 1 1
3 18 1 1 1 1 0 1
3 19 0 1 1 0 0 0
3 21 0 0 1 1 0 1
3 22 0 1 1 1 0 0
3 23 0 0 1 1 1 1
3 24 0 1 0 1 1 0
3 26 0 0 1 1 0 1
3 27 1 1 0 1 1 1
3 28 1 1 1 1 1 1
3 29 0 1 0 1 1 0
4 2 0 1 0 0 0 0
4 3 1 0 1 1 0 1
4 4 0 1 0 1 1 0
4 5 0 0 1 1 0 1
4 6 1 1 0 0 1 1
4 8 1 1 0 1 0 0
4 10 0 0 0 0 1 1
4 11 1 0 0 0 0 1
4 12 1 0 1 1 0 1
4 13 0 1 1 0 0 0
4 14 0 0 0 1 1 0
4 15 1 1 1 0 0 1
4 16 0 0 1 0 0 1
4 17 0 1 1 0 1 1
4 19 1 1 1 1 0 1
4 20 0 1 1 0 0 0
4 22 0 1 0 0 0 0
4 23 0 0 0 0 1 1
4 24 1 0 0 0 0 1
4 25 1 0 1 1 0 1
4 26 0 1 1 0 0 0
4 27 0 0 0 0 1 1
4 28 0 0 0 1 0 0
4 29 1 1 1 0 0 1
4 30 0 0 1 0 0 1
4 31 0 1 1 0 1 1
5 2 0 1 1 0 1 0
5 3 1 1 0 0 1 1
5 4 0 1 1 0 1 0
5 5 1 1 0 1 1 0
5 7 0 0 1 0 1 0
5 8 1 0 0 1 0 1
5 9 0 1 1 0 0 1
5 10 0 1 1 1 0 0
5 12 0 1 1 1 1 0
5 14 1 0 1 1 0 0
5 15 0 1 0 1 1 0
5 16 0 0 1 1 0 1
5 17 0 1 0 0 1 1
5 18 1 0 0 1 1 1
5 20 0 1 0 1 0 0
5 21 0 1 0 1 1 0
5 22 0 0 1 0 1 0
5 23 1 0 0 0 0 1
5 25 1 0 1 0 0 1
5 26 0 0 0 1 1 1
5 27 0 1 0 0 1 1
5 28 0 0 0 1 0 1
5 30 0 0 1 1 0 0
5 31 0 0 0 1 1 0
6 17 0 0 0 0 1 1
6 18 0 1 0 0 0 0
6 19 1 0 1 1 0 0
6 20 1 1 0 1 0 0
6 21 0 1 1 0 1 0
6 22 1 1 0 0 1 1
6 23 0 0 1 1 0 1
6 24 0 0 0 1 1 0
6 26 0 0 1 0 1 0
6 27 0 1 0 1 1 0
6 29 1 0 1 1 0 0
6 30 1 1 0 1 0 0
6 31 0 0 1 0 0 1
8 2 1 0 0 1 1 0
8 3 1 1 1 0 0 1
8 4 0 0 1 0 0 1
8 5 0 0 0 1 0 0
8 6 1 1 1 0 0 1
8 7 1 0 0 1 1 0
8 8 0 0 0 1 1 0
8 9 1 1 1 0 0 1
8 11 0 0 1 1 0 1
8 12 1 1 0 0 1 1
8 14 1 0 1 0 0 1
8 16 1 0 1 1 0 1
8 17 0 1 0 1 1 0
8 18 0 0 1 1 0 1
8 19 1 1 0 0 1 1
8 21 1 1 0 1 0 0
8 23 0 0 1 1 0 1
8 24 1 1 0 1 1 1
8 25 1 1 1 1 1 1
8 26 0 1 0 1 1 0
8 28 1 0 0 0 1 0
8 29 1 1 0 1 0 1
9 9 0 0 0 0 0 1
9 10 0 1 0 0 0 0
9 11 0 1 0 0 0 1
9 12 1 0 0 1 0 1
9 14 0 1 1 0 1 0
9 15 1 1 0 0 1 1
9 16 1 0 1 1 0 1
9 17 0 1 0 1 1 0
9 19 0 0 0 0 1 1
9 20 0 0 1 0 0 0
9 21 0 1 0 1 0 0
9 22 0 0 1 0 0 1
9 23 1 0 0 0 1 0
9 24 0 0 0 1 0 0
9 25 0 0 0 1 0 0
9 26 1 1 1 0 0 1
9 28 1 0 1 1 0 0
9 29 1 1 0 1 1 0
9 30 0 0 0 0 0 1
9 31 0 1 1 0 0 0
11 5 1 1 1 1 0 1
11 6 0 1 1 0 0 0
11 8 0 0 1 0 1 0
11 9 0 1 0 1 1 0
11 11 0 0 0 0 1 1
11 12 1 0 0 0 0 1
11 13 1 0 1 1 0 1
11 14 0 1 1 0 0 0
11 15 0 1 1 0 1 1
11 17 1 1 1 1 0 1
11 18 0 1 1 0 0 0
11 20 1 0 1 1 0 0
11 21 0 1 0 1 1 0
11 22 0 0 1 1 0 1
11 23 0 1 0 0 1 1
11 24 1 0 0 1 1 1
11 26 1 0 0 0 1 0
11 27 0 0 0 1 1 0
11 28 1 1 1 0 1 0
11 29 1 1 0 1 0 0
12 4 0 1 1 0 0 1
12 5 1 1 0 1 1 1
12 6 1 1 1 0 1 0
12 7 1 1 0 1 0 0
12 9 0 1 1 1 1 1
12 10 1 0 0 0 0 1
12 11 0 0 1 0 0 1
12 12 1 0 1 1 0 1
12 13 0 1 1 0 0 0
12 15 1 0 1 0 0 1
12 16 1 1 1 1 1 0
12 17 1 1 0 1 1 0
12 19 0 1 1 0 0 1
12 20 1 0 0 1 0 1
12 21 0 1 0 0 0 1
12 22 1 1 0 0 1 1
12 23 1 0 0 0 0 0
12 25 0 1 0 0 0 0
12 26 0 0 0 0 1 1
12 27 1 0 0 0 0 1
12 28 1 0 1 1 0 1
12 29 0 1 1 0 0 0
12 30 0 0 1 0 0 1
12 31 0 1 1 0 1 1
13 2 0 0 1 0 1 0
13 3 0 1 0 1 1 0
13 5 0 0 0 0 1 1
13 6 1 0 0 0 0 1
13 7 1 0 1 1 0 1
13 8 0 0 0 1 0 0
13 9 0 1 1 0 0 0
13 10 0 1 1 0 1 1
13 12 1 1 1 1 0 1
13 13 0 1 1 0 0 0
13 15 1 0 1 1 0 0
13 16 0 1 0 1 1 0
13 17 0 0 1 1 0 1
13 18 0 1 0 0 1 1
13 19 1 0 0 1 1 1
13 21 0 1 0 0 0 0
13 22 0 0 1 0 1 0
13 23 1 1 0 1 0 0
13 25 0 0 1 1 1 1
13 26 0 0 0 1 1 0
13 27 1 0 0 0 1 0
13 28 0 0 0 0 0 1
13 29 0 1 0 0 0 0
13 30 0 1 0 0 0 1
13 31 1 0 0 1 0 1
14 17 0 0 0 0 0 1
14 18 0 1 0 0 0 0
14 19 0 0 1 0 1 0
14 20 1 1 0 1 0 1
14 22 0 0 0 0 1 1
14 23 1 0 0 0 0 1
14 24 1 0 1 1 0 1
14 25 0 0 0 1 0 0
14 26 0 1 1 0 0 0
14 27 0 0 1 0 0 1
14 28 0 1 1 0 1 1
14 30 1 1 1 1 0 1
14 31 0 1 1 0 0 0
16 26 0 1 0 0 0 1
16 27 1 1 0 1 0 1
16 28 1 1 1 0 1 0
16 29 1 1 0 1 1 0
17 2 1 1 1 0 1 0
17 3 1 1 0 1 0 0
17 5 1 1 0 1 0 0
17 7 0 0 0 0 1 1
17 8 1 0 0 0 0 1
17 9 1 0 1 1 0 1
17 10 0 0 0 1 0 0
17 11 0 1 1 0 0 0
17 12 0 1 1 0 1 1
17 14 1 1 1 1 0 1
17 15 0 1 1 0 0 0
17 17 1 0 1 1 0 0
17 18 0 1 0 1 1 0
17 19 0 0 1 1 0 1
17 20 0 1 0 0 1 1
17 21 1 0 0 1 1 1
17 23 0 1 0 0 0 0
17 24 0 0 1 0 1 0
17 25 1 1 0 1 0 0
17 27 0 0 1 1 1 1
17 28 0 0 0 1 1 0
17 29 1 0 0 0 1 0
18 2 0 0 1 0 1 1
18 3 1 1 0 1 0 0
18 4 0 0 0 0 1 1
18 5 0 1 0 0 0 0
18 6 1 0 1 1 0 0
18 7 1 1 0 1 0 0
18 8 0 0 0 0 1 0
18 9 1 0 1 1 1 1
18 11 0 1 1 1 0 0
18 13 1 0 1 1 0 0
18 14 1 1 0 1 0 0
18 15 0 0 1 1 0 0
18 16 1 1 0 1 0 0
18 18 0 1 0 0 0 0
18 19 0 1 1 1 1 1
18 20 1 0 0 0 0 1
18 21 0 0 1 0 0 1
18 22 1 1 1 1 0 1
18 23 0 1 1 0 0 0
18 25 0 1 1 1 0 0
18 27 0 1 1 1 1 1
18 28 1 0 0 0 0 1
18 29 0 1 1 0 0 1
18 30 1 1 0 1 1 1
18 31 0 0 1 0 0 1
19 2 0 1 0 0 0 0
19 3 0 0 1 0 1 1
19 4 0 1 1 1 0 0
19 5 1 0 1 1 0 1
19 6 0 1 0 1 1 0
19 8 0 1 1 1 1 1
19 9 0 0 0 1 0 1
19 10 1 0 1 0 1 0
19 11 0 0 0 1 0 1
19 13 1 1 0 1 0 0
19 15 1 0 1 1 0 0
19 16 0 1 0 1 1 0
19 17 0 0 1 1 0 1
19 18 0 1 0 0 1 1
19 19 1 0 0 1 1 1
19 21 0 1 0 0 0 0
19 22 0 0 0 0 1 0
19 23 0 1 1 1 0 0
19 25 1 1 0 0 1 0
19 26 1 1 1 0 0 1
19 28 0 1 0 1 0 1
19 30 0 0 0 1 0 0
19 31 0 1 1 0 0 0
20 4 0 0 0 0 1 1
20 5 1 1 1 0 1 1
20 7 0 0 0 1 0 0
20 8 0 1 1 0 0 0
20 10 0 1 0 0 0 0
20 11 1 0 1 1 0 0
20 12 1 1 0 1 0 0
20 13 1 0 0 0 1 0
20 14 1 1 0 1 0 0
20 15 1 1 1 0 1 0
20 16 0 1 1 1 0 1
20 18 1 1 0 1 0 0
20 20 1 0 1 1 0 0
20 21 0 1 0 1 1 0
20 22 0 0 1 1 0 1
20 23 0 1 0 0 1 1
20 24 1 0 0 1 1 1
20 26 0 1 1 1 0 0
20 28 1 0 1 1 0 0
20 29 1 1 0 1 0 0
20 30 0 0 1 1 0 0
20 31 1 1 0 1 0 0
21 3 0 0 0 1 0 0
21 4 0 1 1 0 0 0
21 6 0 0 1 0 1 1
21 7 1 1 0 1 0 0
21 9 0 1 1 0 0 0
21 10 1 1 0 0 0 1
21 11 0 1 0 1 1 0
21 13 0 0 0 0 1 1
21 14 1 1 1 0 1 1
21 16 0 1 1 1 1 1
21 17 0 0 0 1 0 1
21 18 1 0 1 0 1 0
21 19 0 0 0 1 0 1
21 21 1 1 0 1 0 0
21 23 1 0 1 1 0 0
21 24 0 1 0 1 1 0
21 25 0 0 1 1 0 1
21 26 0 1 0 0 1 1
21 27 1 0 0 1 1 1
21 29 0 1 0 0 0 0
21 30 0 1 0 0 0 1
21 31 1 1 0 1 0 0
22 2 0 0 1 1 0 0
22 3 1 1 0 1 0 0
22 5 0 1 0 0 0 0
22 6 0 0 1 0 0 1
22 7 0 0 1 0 0 1
22 8 1 0 1 1 0 1
22 9 0 1 0 1 1 0
22 11 0 1 1 1 1 1
22 12 0 0 0 1 0 1
22 13 1 0 1 0 1 0
22 14 0 0 0 1 0 1
22 16 1 1 0 1 0 0
22 18 1 0 1 1 0 0
22 19 0 1 0 1 1 0
22 20 0 0 1 1 0 1
22 21 0 1 0 0 1 1
22 22 1 0 0 1 1 1
22 24 0 1 0 0 0 0
22 25 0 0 0 0 1 0
22 26 0 1 1 1 0 0
22 28 1 1 0 0 1 0
22 29 1 1 1 0 0 1
22 31 1 0 1 0 1 0
23 5 0 0 0 0 1 1
23 6 1 1 1 0 1 1
23 8 0 0 0 1 0 0
23 9 0 1 1 0 0 0
23 11 0 1 0 0 0 0
23 12 1 0 1 1 0 0
23 13 1 1 0 1 0 0
23 14 0 0 1 0 0 1
23 15 0 0 1 0 0 1
23 16 1 1 1 0 1 0
23 17 0 1 1 1 0 1
23 19 1 1 0 1 0 0
23 21 1 0 1 1 0 0
23 22 0 1 0 1 1 0
23 23 0 0 1 1 0 1
23 24 0 1 0 0 1 1
23 25 1 0 0 1 1 1
23 27 0 1 1 1 0 0
23 29 1 0 1 1 0 0
23 30 1 1 0 1 0 0
23 31 0 0 1 0 0 1
24 9 0 0 0 0 1 1
24 10 0 1 0 0 0 0
24 11 0 0 1 0 0 1
24 12 0 0 1 0 0 1
24 14 1 1 1 0 1 1
24 16 0 1 1 1 1 1
24 17 0 0 0 1 0 1
24 18 1 0 1 0 1 0
24 19 0 0 0 1 0 1
24 21 1 1 0 1 0 0
24 23 1 0 1 1 0 0
24 24 0 1 0 1 1 0
24 25 0 0 1 1 0 1
24 26 0 1 0 0 1 1
24 27 1 0 0 1 1 1
24 29 0 1 0 0 0 0
24 30 0 1 0 0 0 1
24 31 1 1 0 1 0 0
26 4 1 0 0 0 1 0
26 5 0 1 0 1 1 0
26 6 1 1 0 0 0 1
26 7 0 0 0 1 1 0
26 8 0 1 0 1 0 1
26 9 0 1 1 1 0 1
26 11 1 1 0 0 0 1
26 12 1 1 0 1 1 0
26 13 0 0 0 0 1 0
26 14 1 0 0 0 0 1
26 16 1 0 0 0 1 0
26 17 0 0 0 0 1 0
26 18 0 1 1 0 1 0
26 19 1 1 0 0 1 1
26 21 1 0 1 0 1 0
26 22 0 1 1 1 0 1
26 25 0 0 0 1 1 0
26 26 1 1 1 0 0 1
26 28 1 0 0 0 1 0
26 29 0 0 0 1 1 1
27 5 0 0 0 0 1 1
27 6 1 0 0 0 0 1
27 7 1 0 1 1 0 1
27 8 0 1 1 0 0 0
27 9 0 1 1 0 1 1
27 11 1 1 1 1 0 1
27 12 0 1 1 0 0 0
27 14 0 0 1 1 0 1
27 15 0 1 1 1 0 0
27 16 0 0 1 1 1 1
27 17 0 1 0 1 1 0
27 19 0 0 0 0 1 1
27 20 1 0 0 1 0 0
27 21 0 0 0 0 1 1
27 22 0 1 0 1 1 1
27 24 0 0 1 1 0 1
27 25 1 1 0 1 1 1
27 26 1 1 1 1 1 1
27 27 0 1 0 1 1 0
27 29 0 1 0 0 0 0
27 30 0 1 1 0 1 0
27 31 1 0 0 0 0 1
