0.40
26 46 70 87 119 140 171 193 223 244 276 297 327 348 379 400 431 452 482 504 534 556 586 607 637 659 689 711 741 762 793 814 844 866 897 918 948 970 1000 1021 1051 1073 1103 1125 1155 1177 1207 1228 1259 1280 1311 1332 1363 1384 1414 1435 1466 1487 1518 1539 1571 1592 1619 1639 1666 1686
53 73 93 131 152 174 214 236 257 300 321 342 379 401 422 465 487 508 546 567 587 632 653 675 712 733 754 798 819 840 876 898 918 956 976 996 1038 1059 1081 1125 1146 1167 1206 1227 1248 1290 1311 1332 1371 1392 1413 1451 1471 1491 1531 1552 1573 1611 1631 1651 1689 1718 1739 1778 1799 1820 1863 1884 1905 1943 1965 1986 2028 2050 2071 2109 2131 2152 2197 2217 2239 2277 2297 2319
2 2 1 1 0 0 1 0
2 3 1 1 0 1 0 1
2 4 1 1 1 0 0 0
2 5 1 0 0 0 1 0
2 7 1 1 1 0 1 0
2 8 0 1 1 0 0 0
2 9 1 0 0 1 0 0
2 10 0 1 1 0 0 0
2 12 1 1 0 0 1 0
2 13 1 1 1 0 0 1
2 14 1 0 0 0 1 1
2 15 1 0 1 0 0 1
2 17 1 0 0 1 1 0
2 19 0 1 1 1 1 0
2 20 1 0 1 0 0 1
2 21 1 1 0 0 1 0
2 22 1 0 1 1 0 1
2 23 0 0 1 0 0 1
3 6 0 0 0 0 1 1
3 7 1 0 1 1 1 1
3 9 0 1 1 0 1 1
3 10 0 0 1 1 1 1
3 11 1 0 0 0 0 0
3 12 0 1 1 0 0 0
3 13 0 0 0 0 1 1
3 14 1 0 1 1 0 1
3 15 0 0 1 1 0 0
3 16 0 1 1 0 0 0
3 17 0 0 0 0 1 0
3 19 0 0 0 0 1 1
3 20 1 0 1 1 1 1
3 22 0 1 1 0 1 1
3 23 0 0 1 1 1 1
3 24 1 0 0 0 0 0
3 25 0 1 1 0 0 0
3 26 0 0 0 0 1 1
3 27 1 0 1 1 0 1
3 28 0 0 1 1 0 0
3 29 0 1 1 0 0 0
4 4 0 1 1 0 1 0
4 5 0 0 1 1 1 1
4 6 1 1 0 0 0 0
4 7 0 0 0 0 1 0
4 9 0 0 0 0 1 1
4 10 1 0 1 1 1 1
4 12 0 1 1 0 1 1
4 13 0 0 1 1 1 1
4 14 1 0 0 0 0 0
4 15 0 1 1 0 0 0
4 16 0 0 0 0 1 1
4 17 1 0 1 1 0 1
4 18 0 0 1 1 0 0
4 19 0 1 1 0 0 0
4 21 0 0 1 0 0 1
4 22 0 0 1 1 1 1
4 23 1 1 0 0 0 0
4 24 0 0 0 0 1 0
4 25 0 1 1 0 0 0
5 4 1 1 0 1 1 0
5 5 1 1 0 1 1 1
5 6 1 1 1 1 1 0
5 7 0 0 1 0 1 0
5 9 0 1 1 1 0 0
5 10 1 1 1 0 0 1
5 11 0 1 1 1 1 0
5 12 0 0 1 1 1 0
5 14 1 1 1 1 0 0
5 15 0 1 1 0 1 0
5 16 1 0 1 0 0 1
5 17 1 1 0 0 1 0
5 18 1 0 0 1 0 1
5 20 1 0 0 1 1 0
5 22 1 1 0 0 1 0
5 23 1 0 1 1 0 1
5 24 1 1 0 0 1 0
5 25 1 0 1 0 0 1
5 27 1 1 0 1 1 0
5 28 1 1 0 1 1 1
5 29 1 1 0 0 1 0
5 30 0 1 0 1 0 0
5 31 0 0 0 0 1 0
6 2 1 1 0 0 0 0
6 3 1 0 0 0 0 1
6 5 1 1 0 1 0 0
6 6 0 0 1 0 1 1
6 7 1 1 0 0 0 0
6 8 1 0 0 0 1 0
6 10 0 0 1 1 0 0
6 11 0 0 1 0 0 0
6 12 1 1 1 1 1 0
6 13 1 0 1 0 0 1
6 15 0 0 0 1 0 0
6 16 0 1 1 1 1 0
6 17 0 0 1 0 1 0
6 18 1 0 1 1 0 0
6 19 0 0 1 0 1 1
6 21 1 0 0 1 1 0
6 23 1 0 1 0 0 0
6 24 0 1 0 1 0 1
6 25 1 0 1 0 0 0
6 26 1 1 1 0 1 1
6 28 1 1 0 1 0 0
6 29 0 1 1 0 0 1
7 2 0 0 1 0 0 1
7 3 1 1 0 0 1 0
7 4 1 0 1 1 0 1
7 5 0 0 0 1 0 0
7 7 1 0 0 1 1 0
7 8 0 1 0 1 1 1
7 9 1 1 1 1 1 0
7 10 0 0 1 0 1 1
7 11 0 0 1 1 0 0
7 12 1 1 1 0 1 1
7 14 1 1 0 1 1 0
7 15 0 1 0 1 0 0
7 17 1 0 0 1 1 0
7 18 1 0 0 0 0 1
7 19 1 0 0 1 1 0
7 20 1 0 0 1 0 1
7 21 0 0 0 0 1 0
7 22 0 1 1 0 0 0
8 4 1 0 1 1 1 0
8 5 0 1 0 1 0 0
8 7 1 0 1 1 1 0
8 8 0 0 1 1 1 1
8 10 1 0 0 0 1 1
8 11 1 0 1 0 1 0
8 12 1 1 1 1 1 0
8 13 1 0 1 0 0 1
8 15 1 1 1 1 0 0
8 16 0 1 1 0 1 0
8 17 1 0 1 0 0 1
8 18 1 1 0 0 1 0
8 19 1 0 0 1 0 1
8 21 0 0 0 0 1 1
8 22 1 0 1 1 1 1
8 24 0 1 1 0 1 1
8 25 0 0 1 1 1 1
8 26 1 0 0 0 0 0
8 27 0 1 1 0 0 0
8 28 0 0 0 0 1 1
8 29 1 0 1 1 0 1
8 30 0 0 1 1 0 0
8 31 0 1 1 0 0 0
9 2 0 1 1 0 1 0
9 3 1 0 1 0 0 0
9 5 1 0 0 1 1 0
9 7 1 0 1 0 0 0
9 8 0 1 0 1 0 1
9 9 1 0 1 0 0 0
9 10 1 1 1 0 1 1
9 12 1 1 0 1 0 0
9 13 0 1 1 0 0 1
9 14 1 1 0 0 1 0
9 15 1 0 1 1 0 1
9 16 0 0 0 1 0 0
9 18 1 0 0 1 1 0
9 19 0 1 0 1 1 1
9 20 1 1 1 1 1 0
9 21 0 0 1 0 1 1
9 22 0 0 1 1 0 0
9 23 1 1 1 0 1 1
9 25 1 1 0 1 1 0
9 26 0 1 0 1 0 0
9 28 1 0 0 1 1 0
9 29 1 0 0 0 0 1
9 31 1 0 0 1 0 1
10 2 1 0 1 1 0 0
10 3 0 0 1 0 1 0
10 4 0 0 0 0 1 0
10 5 0 0 1 0 0 0
10 6 0 0 0 1 0 0
10 7 0 1 1 1 1 0
10 8 0 0 1 0 1 0
10 10 0 0 1 1 0 1
10 12 1 1 1 1 0 0
10 13 0 1 1 0 1 0
10 14 1 0 1 0 0 1
10 15 1 1 0 0 1 0
10 16 1 0 0 1 0 1
10 18 0 0 0 0 1 1
10 19 1 0 1 1 1 1
10 21 0 1 1 0 1 1
10 22 0 0 1 1 1 1
10 23 1 0 0 0 0 0
10 24 0 1 1 0 0 0
10 25 0 0 0 0 1 1
10 26 1 0 1 1 0 1
10 27 0 0 1 1 0 0
10 28 0 1 1 0 0 0
10 30 1 1 0 0 1 1
11 2 1 0 0 0 1 1
11 3 0 0 1 0 1 1
11 4 1 0 1 1 0 0
11 5 0 1 0 0 0 1
11 7 1 1 0 1 1 0
11 8 1 1 0 1 1 1
11 9 1 1 0 0 1 0
11 10 0 1 0 1 0 0
11 11 0 0 0 0 1 0
11 12 0 0 1 0 0 0
13 4 0 1 1 1 1 0
13 5 1 1 1 0 0 1
13 6 1 1 0 1 1 0
13 7 1 1 0 0 1 1
14 4 1 1 0 0 1 0
14 5 1 1 1 1 1 1
14 6 1 1 1 1 1 0
14 7 1 0 1 0 0 1
14 9 1 1 1 0 1 0
14 10 0 1 1 0 0 0
14 11 1 0 0 1 0 0
14 12 0 1 1 0 0 0
14 14 1 1 0 0 1 0
14 15 1 1 1 0 0 1
14 16 1 0 0 0 1 1
14 17 1 0 1 0 0 1
14 19 0 0 0 0 1 1
14 20 1 0 1 1 1 1
14 22 0 1 1 0 1 1
14 23 0 0 1 0 0 1
14 24 0 0 1 1 1 1
14 25 1 0 0 0 0 0
14 26 0 1 1 0 0 0
14 27 1 1 0 0 0 1
14 28 0 0 0 0 1 1
14 29 1 0 1 1 0 1
15 2 0 1 1 0 1 0
15 3 0 0 1 1 1 1
15 4 1 0 0 0 0 0
15 5 0 0 1 1 1 0
15 6 0 0 1 1 0 0
15 7 0 1 1 0 0 0
15 8 0 0 0 0 1 0
15 10 0 0 0 0 1 1
15 11 1 0 1 1 1 1
15 13 0 1 1 0 1 1
15 14 0 0 1 0 0 1
15 15 0 0 1 1 1 1
15 16 1 0 0 0 0 0
15 17 0 1 1 0 0 0
15 18 1 1 0 0 0 1
15 19 0 0 0 0 1 1
15 20 1 0 1 1 0 1
15 22 0 0 1 0 0 1
15 23 0 0 1 1 1 1
15 24 1 0 0 0 0 0
15 25 0 0 1 1 1 0
15 26 0 0 1 1 0 0
15 27 0 1 1 0 0 0
15 29 1 0 0 1 1 0
16 3 1 0 1 0 0 1
16 4 1 1 0 0 1 0
16 5 1 0 1 1 0 1
16 6 0 0 0 0 1 0
16 8 1 1 0 0 0 0
16 9 1 0 0 0 0 1
16 11 1 0 1 0 0 0
16 12 0 1 1 0 1 0
16 13 1 1 1 0 0 0
16 14 0 0 1 1 0 1
16 16 0 0 0 1 0 0
16 17 0 1 1 1 1 0
16 18 0 0 1 0 1 0
16 19 1 0 1 1 0 0
16 20 0 0 1 0 1 1
16 22 1 0 0 1 1 0
16 24 1 0 1 0 0 0
16 25 0 1 0 1 0 1
16 26 1 0 1 0 0 0
16 27 1 1 1 0 1 1
16 29 1 1 0 1 0 0
16 30 0 1 1 0 0 1
17 3 1 1 0 0 1 0
17 4 1 0 1 1 0 1
17 5 0 0 0 1 0 0
17 7 1 0 0 1 1 0
17 8 0 1 0 1 1 1
17 9 1 1 1 1 1 0
17 10 0 0 1 0 1 1
17 11 0 0 1 1 0 0
17 12 1 1 1 0 1 1
17 14 1 1 0 0 1 0
17 15 0 1 0 0 0 1
17 17 1 0 0 1 1 0
17 18 1 0 0 0 0 1
17 19 1 0 0 1 1 0
17 20 1 0 0 1 0 1
17 21 0 0 0 0 1 0
17 22 0 1 1 0 0 0
19 4 1 1 0 0 1 0
19 5 1 0 0 1 0 1
19 7 1 1 1 0 0 0
19 8 1 0 0 0 1 0
19 9 1 1 0 0 0 0
19 10 0 0 1 1 1 0
19 11 0 0 1 0 0 1
21 2 0 1 1 0 1 0
21 3 0 1 0 0 1 0
21 4 0 1 0 0 1 0
21 5 0 1 0 0 1 0
21 6 0 1 0 0 1 1
21 7 0 1 0 0 1 0
21 8 0 1 0 0 1 0
21 9 0 1 0 0 1 0
21 10 0 1 0 0 1 0
21 11 0 1 0 0 1 0
21 12 0 1 0 0 1 0
21 13 0 1 0 0 1 0
21 14 0 1 0 0 1 0
21 15 0 1 0 0 1 0
21 16 0 1 0 0 1 0
21 17 0 1 0 0 1 0
21 18 0 1 0 0 1 1
21 19 0 1 0 0 1 0
21 20 0 1 0 0 1 0
21 21 0 1 0 0 1 0
21 22 0 1 0 0 1 0
21 23 0 1 0 0 1 0
21 24 0 1 0 0 1 0
21 25 0 1 0 0 1 0
21 26 0 1 0 0 1 0
21 27 0 1 0 0 1 0
21 28 0 1 0 0 1 0
21 29 0 1 0 0 1 0
21 30 0 1 0 0 1 0
21 31 0 1 0 0 1 1
22 2 1 1 1 0 0 0
22 3 0 0 0 0 1 1
22 4 1 0 1 1 0 1
22 6 0 0 0 1 1 1
22 7 0 0 0 0 1 1
22 8 1 0 1 1 1 1
22 10 0 1 1 0 1 1
22 11 0 0 1 0 0 1
22 12 0 0 1 1 1 1
22 13 1 0 0 0 0 0
22 14 0 1 1 0 0 0
22 15 1 1 0 0 0 1
22 16 0 0 0 0 1 1
22 17 1 0 1 1 0 1
22 18 0 0 0 1 1 1
22 19 0 0 0 0 1 1
22 20 1 0 1 1 1 1
22 22 0 1 1 0 1 1
22 23 0 0 1 0 0 1
22 24 0 0 1 1 1 1
22 25 1 0 0 0 0 0
22 26 0 1 1 0 0 0
22 27 1 1 0 0 0 1
22 28 0 0 0 0 1 1
22 29 1 0 1 1 0 1
23 2 1 1 1 0 0 0
23 6 0 0 0 1 1 1
23 7 0 1 1 0 1 0
23 8 0 0 1 1 1 1
23 9 1 0 0 0 0 0
23 10 0 0 1 1 1 0
23 11 0 0 1 1 0 0
23 12 0 1 1 0 0 0
23 18 0 0 0 1 1 1
23 19 0 0 1 0 0 1
23 20 0 0 1 1 1 1
23 21 1 0 0 0 0 0
23 22 0 0 1 1 1 0
23 23 0 0 1 1 0 0
23 24 0 1 1 0 0 0
23 31 0 0 0 1 1 1
24 2 1 1 1 0 1 0
24 3 0 1 0 0 1 0
24 4 0 1 0 0 1 0
24 5 0 1 0 0 1 0
24 6 0 1 0 1 1 1
24 7 0 1 0 0 1 0
24 8 0 1 0 0 1 0
24 9 0 1 0 0 1 0
24 10 0 1 0 0 1 0
24 11 0 1 0 0 1 0
24 12 0 1 0 0 1 0
24 13 0 1 0 0 1 0
24 14 0 1 0 0 1 0
24 15 0 1 0 0 1 0
24 16 0 1 0 0 1 0
24 17 0 1 0 0 1 0
24 18 0 1 0 1 1 1
24 19 0 1 0 0 1 0
24 20 0 1 0 0 1 0
24 21 0 1 0 0 1 0
24 22 0 1 0 0 1 0
24 23 0 1 0 0 1 0
24 24 0 1 0 0 1 0
24 25 0 1 0 0 1 0
24 26 0 1 0 0 1 0
24 27 0 1 0 0 1 0
24 28 0 1 0 0 1 0
24 29 0 1 0 0 1 0
24 30 0 1 0 0 1 0
24 31 0 1 0 1 1 1
25 2 1 1 1 0 0 0
25 3 0 0 0 0 1 0
25 4 0 0 0 0 1 0
25 5 0 0 0 0 1 0
25 6 0 0 0 1 1 1
25 8 0 0 0 0 1 0
25 9 0 0 0 0 1 0
25 10 0 0 0 0 1 0
25 18 0 0 0 1 1 1
25 20 0 0 0 0 1 0
25 21 0 0 0 0 1 0
25 22 0 0 0 0 1 0
25 31 0 0 0 1 1 1
26 2 1 1 1 0 1 0
26 3 0 1 0 0 1 0
26 4 0 1 0 0 1 0
26 5 0 1 0 0 1 0
26 6 0 1 0 1 1 1
26 7 0 1 0 0 1 0
26 8 0 1 0 0 1 0
26 9 0 1 0 0 1 0
26 10 0 1 0 0 1 0
26 11 0 1 0 0 1 0
26 12 0 1 0 0 1 0
26 13 0 1 0 0 1 0
26 14 0 1 0 0 1 0
26 15 0 1 0 0 1 0
26 16 0 1 0 0 1 0
26 17 0 1 0 0 1 0
26 18 0 1 0 1 1 1
26 19 0 1 0 0 1 0
26 20 0 1 0 0 1 0
26 21 0 1 0 0 1 0
26 22 0 1 0 0 1 0
26 23 0 1 0 0 1 0
26 24 0 1 0 0 1 0
26 25 0 1 0 0 1 0
26 26 0 1 0 0 1 0
26 27 0 1 0 0 1 0
26 28 0 1 0 0 1 0
26 29 0 1 0 0 1 0
26 30 0 1 0 0 1 0
26 31 0 1 0 1 1 1
27 29 0 0 1 1 1 1
27 30 1 0 0 0 0 0
27 31 1 0 0 0 1 0
9 30 1 0 0 1 1 0
16 2 0 1 1 1 1 0
17 2 0 0 1 0 0 1
22 31 0 0 0 1 1 1
