-0.20
45 71 101 124 154 175 205 227 258 279 309 331 361 383 413 435 465 487 517 538 569 590 620 642 672 694 724 746 776 797 827 849 879 901 932 953 984 1005 1035 1056 1087 1108 1139 1160 1190 1212 1242 1264 1294 1316 1345 1367 1397 1419 1450 1471 1501 1523 1554 1575 1605 1627 1657 1678
61 82 103 144 166 187 228 249 270 315 336 357 393 414 435 479 501 521 560 582 603 646 667 689 727 748 769 810 831 853 893 915 936 977 999 1020 1058 1079 1100 1141 1163 1184 1224 1245 1267 1308 1329 1352 1390 1412 1433 1474 1496 1517 1558 1579 1601 1640 1661 1683 1723 1744 1766 1805 1827 1848 1891 1912 1934 1971 1993 2014 2057 2078 2099 2139 2160 2181 2222 2243 2264
2 2 0 0 1 1 0 1
2 3 0 1 1 1 0 0
2 4 0 0 1 1 1 1
2 5 0 1 0 1 1 0
2 7 1 1 0 1 0 0
2 9 0 0 0 1 1 1
2 10 0 1 1 0 0 0
2 12 1 0 1 0 0 1
2 14 1 0 0 0 1 1
2 15 0 0 1 0 0 0
2 17 0 0 1 1 0 1
2 18 1 1 0 1 1 1
2 19 0 1 0 1 0 0
2 20 0 1 0 1 1 0
2 22 1 0 1 1 0 0
2 23 0 1 0 1 1 0
2 25 0 0 1 0 0 1
2 26 1 0 0 0 1 0
2 27 0 1 0 1 1 0
2 28 0 1 1 0 0 1
2 29 1 0 0 1 1 0
3 3 1 1 0 1 0 0
3 5 0 1 0 0 0 1
3 6 1 1 0 1 0 0
3 7 1 1 1 0 1 0
3 8 0 1 1 1 0 1
3 10 1 0 0 0 1 1
3 11 0 0 1 0 0 0
3 13 0 0 0 0 0 1
3 14 0 1 1 1 0 0
3 16 0 0 1 1 0 1
3 17 1 1 0 1 1 1
3 18 0 1 1 1 1 0
3 19 0 0 0 1 0 1
3 21 0 0 0 0 1 1
3 22 1 0 1 0 1 0
3 23 0 1 1 1 0 1
3 25 0 1 0 0 0 0
3 26 0 0 0 0 1 1
3 27 0 1 1 1 0 0
3 28 1 0 0 0 1 0
3 29 0 1 0 1 1 0
3 30 1 1 1 1 1 0
3 31 1 1 0 1 1 0
4 25 0 0 0 0 1 1
4 26 0 1 0 0 0 0
4 27 0 0 0 0 1 0
4 28 1 0 0 0 0 1
4 29 0 0 1 0 0 1
4 30 0 0 0 1 1 1
4 31 0 1 1 0 0 0
5 3 1 0 0 0 1 0
5 5 0 1 0 0 0 0
5 6 1 0 0 1 0 1
5 7 0 1 1 0 0 0
5 8 1 1 0 0 1 0
5 9 1 0 0 1 1 0
5 10 1 1 1 0 0 1
5 12 0 1 1 1 0 0
5 14 0 0 1 0 1 1
5 15 1 1 0 1 1 1
5 16 0 1 1 1 1 1
5 17 1 0 0 0 0 1
5 19 1 1 0 1 0 0
5 21 1 0 0 0 1 0
5 22 1 1 0 1 0 0
5 23 0 0 1 0 1 1
5 24 1 1 0 1 1 1
5 26 0 0 1 1 0 0
5 27 0 1 0 1 1 0
5 28 1 0 1 0 0 1
5 29 1 1 0 1 1 0
6 7 1 1 1 0 1 0
6 9 0 0 1 0 1 1
6 10 1 1 0 1 1 1
6 11 1 0 1 1 0 0
6 12 0 0 0 1 1 0
6 14 1 0 0 0 1 0
6 16 0 0 1 1 0 0
6 17 0 0 0 1 1 1
6 19 0 0 1 0 1 0
6 20 0 1 1 1 0 1
6 22 0 1 0 0 0 0
6 23 0 0 0 1 1 1
6 24 0 1 1 0 0 0
6 26 1 1 1 0 1 0
6 28 0 0 1 0 1 1
6 29 1 1 0 1 1 1
6 30 1 0 1 1 0 0
6 31 0 0 0 1 1 0
7 7 1 0 0 0 1 0
7 8 1 1 0 1 1 0
7 9 1 0 1 1 0 0
7 10 1 0 0 1 0 1
7 12 1 1 0 1 0 0
7 14 1 0 0 0 1 0
7 15 1 1 0 1 0 0
7 16 0 0 1 0 1 1
7 17 1 1 0 1 1 1
7 18 0 0 0 0 1 1
7 19 0 1 0 0 0 0
7 20 1 0 0 1 0 1
7 21 0 1 1 0 0 0
7 22 1 1 0 0 0 1
7 23 0 0 0 1 1 1
7 24 0 1 1 0 0 0
7 25 0 0 1 0 0 1
7 27 0 0 0 0 1 1
7 28 1 1 0 0 1 0
7 29 1 0 0 1 1 0
7 30 1 1 1 0 0 1
7 31 0 0 1 1 1 0
8 13 0 1 0 0 0 0
8 14 1 1 0 0 0 1
8 15 0 0 0 1 1 1
8 16 0 0 1 0 0 1
8 18 1 1 0 0 1 0
8 19 1 0 0 1 0 0
8 20 1 1 1 0 0 1
8 21 0 0 1 1 1 0
8 22 0 0 0 1 1 1
8 23 0 1 1 0 0 0
8 24 0 1 1 0 1 1
8 26 1 0 0 0 1 1
8 27 0 0 1 0 0 0
9 29 0 0 0 0 1 0
9 30 1 0 0 0 1 0
9 31 1 1 0 1 1 0
10 3 0 0 0 1 1 1
10 4 0 1 1 0 0 0
10 6 1 0 1 0 1 0
10 8 1 1 0 0 1 0
10 9 1 1 1 0 0 1
10 10 0 0 0 0 0 1
10 11 0 1 1 0 0 0
10 13 0 0 0 1 1 1
10 14 1 1 0 0 1 0
10 15 1 0 0 1 0 0
10 16 1 1 1 0 0 1
10 17 0 1 0 0 1 1
10 19 0 0 0 0 1 1
10 20 1 0 0 0 0 1
10 21 0 0 0 1 1 1
10 22 0 1 1 0 0 0
10 23 0 0 1 0 0 1
10 24 0 1 1 0 1 1
10 26 1 0 0 0 1 1
10 27 0 0 1 0 0 0
11 21 0 0 0 0 1 1
11 22 0 1 0 0 0 0
11 23 0 0 0 0 1 1
11 24 0 0 1 0 0 0
11 25 1 1 0 0 1 0
11 26 1 0 0 1 0 0
11 27 1 1 1 0 0 1
11 29 1 0 1 0 1 0
12 4 0 0 1 1 0 1
12 5 1 1 0 0 1 1
12 6 0 0 0 0 0 1
12 7 0 1 1 0 0 0
12 9 1 0 1 1 0 1
12 10 0 1 0 1 1 0
12 11 0 0 1 1 0 1
12 12 1 1 0 0 1 1
12 14 1 1 0 1 0 0
12 16 0 0 1 1 0 1
12 17 0 1 1 1 0 0
12 18 0 0 1 1 1 1
12 19 0 1 0 1 1 0
12 21 0 0 1 0 1 0
12 22 1 1 0 1 1 0
12 23 0 0 1 0 1 0
12 24 1 0 0 0 0 1
12 26 0 0 1 1 0 1
12 27 1 1 0 1 1 1
12 28 1 1 1 1 1 1
12 29 0 1 0 1 1 0
13 9 0 0 0 0 1 1
13 10 0 1 0 0 0 0
13 11 0 0 0 0 1 1
13 12 0 0 1 0 0 0
13 13 0 1 0 1 0 0
13 14 0 0 1 0 0 1
13 15 0 0 0 1 0 0
13 16 1 0 0 1 0 0
13 17 0 0 0 1 0 0
13 18 1 1 1 0 0 1
13 20 1 0 1 1 0 0
13 21 1 1 0 1 1 0
13 23 0 0 0 1 1 0
13 24 0 0 0 1 0 0
13 25 1 1 1 0 0 1
13 26 0 0 1 0 0 1
13 27 0 0 0 1 0 0
13 28 1 1 1 0 0 1
13 29 1 0 0 1 1 0
13 30 0 0 0 1 1 0
13 31 1 1 1 0 0 1
14 2 0 1 1 1 0 0
14 4 1 0 1 1 0 1
14 5 0 1 0 1 1 0
14 6 0 0 1 1 0 1
14 7 1 1 0 0 1 1
14 9 1 1 0 1 0 0
14 11 0 0 1 1 0 1
14 12 0 1 1 1 0 0
14 13 0 0 1 1 1 1
14 14 0 1 0 1 1 0
14 16 0 0 1 0 1 0
14 17 1 1 0 1 1 0
14 18 0 0 1 0 1 0
14 19 1 0 0 0 0 1
14 21 0 1 0 0 0 0
14 22 0 0 1 1 0 1
14 23 1 1 0 1 1 1
14 24 0 0 1 1 1 1
14 25 0 0 0 1 0 1
14 27 1 0 0 0 1 0
14 28 0 0 1 0 1 0
14 29 0 0 0 1 0 1
15 3 1 0 1 1 0 0
15 4 0 1 0 1 1 0
15 5 0 0 1 1 0 1
15 6 0 1 0 0 1 1
15 7 1 0 0 1 1 1
15 9 1 1 0 0 0 1
15 10 1 1 0 0 1 1
15 11 0 0 1 0 1 0
15 12 1 0 0 0 0 1
15 13 0 0 0 0 1 1
15 14 0 1 0 0 0 0
15 15 0 1 1 0 0 1
15 16 1 0 0 1 1 0
15 17 0 0 1 1 0 1
15 18 0 0 0 1 1 0
15 19 1 0 0 0 1 0
15 21 1 1 0 1 0 0
15 23 1 0 1 1 0 0
15 24 0 1 0 1 1 0
15 25 0 0 1 1 0 1
15 26 0 1 0 0 1 1
15 27 1 0 0 1 1 1
15 29 1 1 0 0 0 1
15 30 1 1 0 0 1 1
15 31 1 0 0 0 1 0
16 2 0 1 0 0 0 0
16 3 1 0 1 1 0 0
16 4 1 1 0 1 0 0
16 5 0 1 0 0 1 1
16 6 1 1 0 1 1 0
16 7 1 1 1 0 1 0
16 8 0 1 1 1 0 1
16 10 1 1 0 1 0 0
16 12 1 0 1 1 0 1
16 13 0 1 0 1 1 0
16 14 0 0 1 1 0 1
16 15 1 1 0 0 1 1
16 17 1 1 0 1 0 0
16 19 0 0 1 1 0 1
16 20 0 1 1 1 0 0
16 21 0 0 1 1 1 1
16 22 0 1 0 1 1 0
16 24 0 1 1 1 0 0
16 26 1 0 1 1 0 0
16 27 1 1 0 1 0 0
16 28 0 0 1 1 0 0
16 29 1 1 0 1 0 0
16 31 1 1 0 1 0 0
17 2 0 1 0 1 0 1
17 3 0 1 1 1 0 1
17 4 1 1 1 0 0 1
17 5 0 1 0 1 1 0
17 7 1 1 0 1 0 0
17 9 1 0 1 1 0 0
17 10 1 1 0 1 0 0
17 11 0 0 1 1 0 0
17 12 1 1 0 1 0 0
17 14 1 0 1 0 0 1
17 15 0 0 0 1 0 1
17 17 0 0 0 1 1 1
17 18 0 1 1 0 0 0
17 20 0 0 1 0 1 1
17 21 1 1 0 1 0 0
17 23 0 1 0 0 0 0
17 24 0 1 0 1 0 1
17 25 0 1 1 1 0 0
17 27 0 1 1 1 0 0
17 28 0 1 1 1 1 0
17 29 1 1 0 1 1 0
17 31 0 1 0 1 0 0
18 2 0 0 0 0 1 0
18 3 0 1 1 1 1 0
18 4 0 0 0 0 1 1
18 5 0 1 0 0 0 0
18 6 0 0 0 0 1 0
18 7 1 0 0 0 0 1
18 8 0 1 0 0 0 1
18 9 1 1 0 1 0 0
18 10 1 1 1 0 1 0
18 11 0 1 1 1 0 1
18 13 0 1 1 1 1 0
18 15 0 0 1 1 0 1
18 16 0 1 1 1 0 0
18 17 0 0 1 1 1 1
18 18 0 1 0 1 1 0
18 20 0 0 1 0 1 0
18 21 1 1 0 1 1 0
18 22 0 0 1 0 1 0
18 23 1 0 0 0 0 1
18 25 0 1 0 0 0 0
18 26 0 0 0 0 1 0
18 27 0 1 1 1 0 0
18 29 1 1 0 0 0 1
18 30 0 0 0 1 1 0
18 31 0 0 1 0 0 1
19 4 0 0 0 0 1 1
19 5 0 1 0 0 0 0
19 6 1 1 0 0 0 1
19 7 0 0 0 1 1 0
19 8 0 1 0 1 0 1
19 9 0 1 1 1 0 1
19 10 1 1 1 0 0 1
19 11 0 1 0 1 1 0
19 13 1 1 0 1 0 0
19 15 1 0 1 1 0 0
19 16 1 1 0 1 0 0
19 17 0 0 1 1 0 0
19 18 1 1 0 1 0 0
19 20 0 0 1 1 0 1
19 21 1 1 0 1 1 1
19 22 0 1 1 1 1 0
19 23 0 0 0 1 0 1
19 25 0 0 1 0 1 0
19 26 0 0 0 1 0 1
19 28 0 0 0 0 1 1
19 29 0 1 1 1 0 0
19 30 0 1 1 0 1 0
19 31 1 1 0 1 1 0
20 7 0 1 1 0 0 0
20 8 0 0 0 1 0 0
20 9 0 1 1 0 0 0
20 10 0 0 0 1 1 0
20 11 1 1 1 0 0 1
20 12 0 1 1 1 1 0
20 13 0 0 0 1 1 0
20 14 0 1 1 0 0 0
20 15 0 0 0 0 1 1
20 16 0 0 1 0 0 1
20 17 0 1 1 0 1 1
20 19 0 0 0 1 1 1
20 20 0 1 1 0 0 0
20 22 0 0 1 0 1 1
20 23 1 1 0 1 0 0
20 25 0 1 0 0 0 0
20 26 0 0 0 0 0 1
20 27 1 0 0 1 0 0
20 28 0 0 0 1 0 0
20 29 0 0 1 1 1 0
21 2 1 0 0 0 1 1
21 3 0 0 1 0 0 0
21 5 0 1 0 0 0 0
21 6 0 0 0 0 1 0
21 7 0 1 1 1 0 0
21 9 0 1 0 1 0 0
21 10 0 0 0 1 0 0
21 11 1 1 1 0 0 1
21 12 0 1 1 0 1 1
21 14 0 1 1 0 0 0
21 15 1 1 0 0 0 1
21 16 0 0 0 1 0 0
21 17 1 1 1 0 0 1
21 18 0 0 1 0 0 1
21 19 0 0 1 1 1 0
21 20 0 0 1 0 1 1
21 22 0 0 0 1 1 0
21 23 1 1 1 0 0 1
21 24 0 1 1 1 1 0
21 26 1 1 0 0 1 0
21 27 1 0 0 1 0 0
21 28 1 1 1 0 0 1
21 29 0 0 0 0 1 1
21 30 0 0 1 0 0 1
21 31 0 1 1 0 1 1
22 5 0 1 1 0 0 0
22 6 0 0 0 1 0 0
22 7 0 1 1 0 0 0
22 8 1 1 0 1 0 0
22 9 1 1 1 0 0 1
22 10 0 1 1 1 1 0
22 12 0 0 0 0 1 1
22 13 1 0 0 0 0 1
22 14 0 0 0 1 1 0
22 15 0 0 1 0 0 1
22 17 1 0 0 1 0 0
22 18 0 0 0 1 0 0
22 19 0 1 1 0 0 0
22 20 1 1 0 1 0 0
22 21 1 1 1 0 0 1
22 22 0 0 0 0 1 1
22 24 0 0 0 0 1 0
22 25 1 0 0 0 0 1
22 26 0 1 0 0 0 1
22 27 1 1 0 1 0 0
22 28 1 1 1 0 1 0
22 29 0 1 1 1 0 1
22 31 0 1 1 1 1 0
23 3 0 1 0 1 0 0
23 4 0 0 0 0 1 1
23 5 0 1 0 0 0 0
23 6 0 1 0 1 0 0
23 7 0 0 0 1 1 0
23 8 0 0 0 1 1 0
23 9 1 1 1 0 0 1
23 10 0 1 1 0 1 1
23 12 0 1 1 0 0 0
23 13 1 1 0 0 0 1
23 14 0 0 0 1 0 0
23 15 1 1 1 0 0 1
23 16 0 0 1 0 0 1
23 17 0 0 1 1 1 0
23 18 0 0 1 0 1 1
23 20 1 1 0 1 0 0
23 21 1 1 1 0 0 1
23 22 0 1 1 1 1 0
23 24 0 0 0 0 1 1
23 25 1 0 0 0 0 1
23 26 1 1 0 0 1 0
23 27 1 0 0 1 0 0
23 28 1 1 1 0 0 1
23 29 0 0 1 0 0 1
23 30 0 0 0 0 1 1
23 31 0 1 1 0 1 1
24 2 1 0 0 0 1 0
24 3 1 1 0 1 0 0
24 4 0 0 1 0 1 1
24 5 1 1 0 1 1 1
24 7 0 1 0 0 0 0
24 8 0 0 0 0 1 0
24 9 0 1 1 1 0 0
24 11 1 0 0 1 0 1
24 12 0 1 1 0 0 0
24 13 0 1 0 1 0 0
24 14 0 0 0 1 0 0
24 15 1 1 1 0 0 1
24 17 0 1 1 1 0 0
24 19 0 0 0 1 1 1
24 20 0 1 1 0 0 0
24 22 0 0 1 0 1 1
24 23 1 1 0 1 0 0
24 25 0 1 0 0 0 0
24 26 0 1 0 1 0 1
24 27 0 1 1 1 0 0
24 29 0 1 1 1 0 0
24 30 0 1 1 1 1 0
24 31 1 1 0 1 1 0
25 6 0 0 1 0 0 0
25 7 0 1 0 1 0 0
25 8 0 0 0 1 1 0
25 9 0 0 0 1 1 0
25 10 1 1 1 0 0 1
25 11 0 1 1 0 1 1
25 13 1 0 0 0 1 1
25 14 0 0 1 0 0 0
25 15 0 0 0 0 0 1
25 16 0 1 1 0 0 0
25 18 0 1 0 0 0 1
25 19 1 1 0 1 0 0
25 20 1 1 1 0 1 0
25 21 0 1 1 1 0 1
25 23 1 0 0 0 1 1
25 24 0 0 1 0 0 0
25 26 1 0 0 0 1 0
25 27 1 1 0 1 1 0
25 28 1 0 1 1 0 0
25 29 1 0 0 1 0 1
25 31 1 1 0 1 0 0
26 24 0 0 0 0 1 1
26 25 0 1 0 0 0 0
26 26 0 0 0 0 1 1
26 27 0 0 1 0 0 0
26 28 0 0 0 0 1 1
26 29 1 0 0 0 0 1
26 30 1 0 0 1 0 1
26 31 0 1 1 0 0 0
