0.40
7 28 59 80 111 132 163 185 216 238 268 288 319 341 372 392 422 444 474 494 528 548 580 600 630 650 681 703 734 753 784 805 836 857 891 909 940 960 991 1013 1044 1065 1096 1116 1147 1167 1198 1220 1251 1271 1302 1323 1354 1375 1407 1428 1457 1477 1508 1530 1561 1581 1612 1632 1663 1683
118 139 160 200 221 243 283 304 325 365 386 407 447 468 489 529 550 571 611 632 653 693 714 735 775 796 817 857 878 899 939 960 981 1021 1042 1063 1103 1124 1145 1185 1206 1227 1267 1288 1309 1349 1370 1391 1431 1452 1473 1513 1534 1555 1595 1616 1637 1677 1698 1719 1759 1780 1801 1841 1862 1883 1923 1944 1965 2005 2026 2047 2087 2108 2129 2169 2190 2211 2251 2272 2293
2 4 1 1 0 1 0 0
2 5 1 0 1 0 0 1
2 6 1 1 0 0 1 0
2 7 0 1 0 1 0 0
2 8 0 1 1 1 1 0
2 9 0 1 0 1 0 0
2 11 0 0 1 1 1 1
2 12 1 1 0 0 0 0
2 13 1 1 0 1 1 0
2 14 0 0 0 0 1 0
2 15 0 0 0 0 1 0
2 16 0 0 0 0 1 0
2 17 0 0 0 0 1 0
2 18 0 0 0 0 1 0
2 19 0 0 0 0 1 0
2 20 0 0 0 0 1 0
2 21 0 0 0 0 1 0
2 22 0 0 0 0 1 0
2 23 0 0 0 0 1 0
2 24 0 0 0 0 1 0
2 25 0 0 0 0 1 0
2 26 0 0 0 0 1 0
2 27 0 0 0 0 1 0
2 28 0 0 1 1 1 1
2 29 1 0 0 0 0 0
2 30 0 1 0 1 1 0
2 31 1 0 0 0 1 0
