0.00
20 41 71 92 124 145 176 197 227 249 279 300 330 352 382 404 434 456 486 507 538 559 589 611 642 663 693 715 745 766 797 819 849 870 900 922 952 974 1004 1025 1056 1077 1108 1129 1159 1181 1211 1233 1263 1284 1315 1336 1366 1388 1418 1440 1470 1491 1522 1544 1574 1596 1626 1647
50 71 92 132 153 175 214 236 257 300 322 343 383 404 425 466 488 509 546 568 589 631 653 674 711 732 754 797 818 839 879 900 921 961 982 1003 1044 1065 1086 1127 1149 1169 1209 1231 1252 1293 1314 1335 1374 1396 1417 1457 1479 1499 1542 1563 1584 1624 1645 1666 1705 1727 1748 1787 1808 1829 1873 1895 1916 1956 1977 1998 2037 2059 2080 2118 2139 2161 2203 2224 2246 2286 2307 2328
2 3 0 0 1 0 1 0
2 4 1 1 0 1 0 0
2 6 0 0 1 1 1 1
2 7 0 0 0 1 1 0
2 8 1 0 0 0 1 0
2 10 0 1 0 0 1 0
2 11 0 0 0 1 1 1
2 12 0 1 0 0 1 1
2 13 1 1 0 0 1 1
2 15 0 1 0 0 0 0
2 16 1 0 1 1 0 1
2 17 0 1 0 1 1 0
2 18 0 0 1 1 0 1
2 19 1 1 0 0 1 1
2 21 1 1 0 1 0 0
2 23 0 0 0 1 0 0
2 24 0 0 0 1 1 0
2 25 1 1 1 0 0 1
2 26 0 1 0 0 1 1
2 28 1 0 1 1 0 1
2 29 1 0 0 1 1 0
2 30 1 1 1 0 0 1
2 31 0 0 1 0 0 1
3 3 1 0 1 1 0 1
3 4 0 0 0 1 1 0
3 5 0 1 0 0 1 1
3 7 0 0 0 0 1 1
3 8 1 0 0 0 0 1
3 9 1 0 1 1 0 1
3 10 0 0 0 1 0 0
3 11 0 1 1 0 0 0
3 12 0 1 1 0 1 1
3 14 1 1 1 1 0 1
3 15 0 1 1 0 0 0
3 17 0 0 1 1 0 1
3 18 0 1 1 1 0 0
3 19 0 0 1 1 1 1
3 20 0 1 0 1 1 0
3 22 1 0 0 1 0 0
3 23 0 0 0 0 1 1
3 24 0 1 0 1 1 1
3 26 1 1 1 1 1 1
3 27 0 1 0 1 1 0
3 29 1 0 1 1 0 1
3 30 0 1 1 0 0 1
3 31 0 1 1 1 0 1
4 10 0 0 0 0 1 1
4 11 0 1 0 0 0 0
4 12 1 0 1 1 0 1
4 13 0 1 0 1 1 0
4 14 0 0 1 1 0 1
4 15 1 1 0 0 1 1
4 17 1 1 0 1 0 0
4 19 0 0 0 0 1 1
4 20 0 0 1 0 0 0
4 21 1 1 0 0 1 0
4 22 1 1 1 0 0 1
4 23 0 1 1 0 1 1
4 24 1 0 0 0 0 0
4 25 0 0 0 1 0 0
4 26 0 1 1 0 0 0
4 27 0 0 0 0 0 1
4 28 0 1 1 0 0 0
4 30 1 0 0 1 0 0
4 31 0 1 0 0 1 1
6 27 0 1 0 0 1 1
6 28 0 0 0 1 0 1
6 29 1 0 0 0 1 1
7 4 0 0 0 0 1 1
7 5 1 0 0 0 0 1
7 6 1 1 0 0 0 1
7 7 0 1 0 1 1 0
7 8 0 0 1 0 0 1
7 10 1 0 1 1 0 1
7 11 0 0 1 1 1 0
7 12 0 0 0 1 0 0
7 13 0 1 1 0 0 0
7 14 0 1 1 0 1 1
7 16 1 1 1 1 0 1
7 17 0 1 1 0 0 0
7 19 1 0 1 1 0 1
7 20 0 1 0 1 1 0
7 22 0 1 0 0 0 0
7 23 0 1 0 0 1 1
7 24 1 1 0 1 0 0
7 25 1 0 0 0 0 1
7 27 0 1 1 0 0 1
7 28 1 0 0 1 0 1
7 29 0 1 0 1 0 1
8 2 0 1 0 0 1 1
8 3 1 0 0 1 1 1
8 5 0 0 1 1 0 0
8 6 1 0 1 1 0 1
8 7 0 1 0 1 1 0
8 9 0 0 1 1 0 0
8 10 1 1 0 1 0 0
8 11 1 1 1 0 1 1
8 12 0 0 0 1 0 1
8 14 1 0 0 0 1 0
8 15 0 1 1 0 1 0
8 16 1 1 0 0 1 0
8 18 0 1 0 0 0 0
8 19 0 0 1 1 0 1
8 20 0 1 1 1 0 0
8 21 0 0 1 1 1 1
8 22 0 1 0 1 1 0
8 24 1 1 0 1 0 0
8 26 1 0 1 1 0 1
8 27 0 0 1 0 1 0
8 28 1 0 0 0 0 1
8 30 0 0 0 1 0 1
8 31 0 1 0 0 1 1
9 4 0 0 0 0 1 1
9 5 1 0 0 1 0 0
9 6 0 0 0 0 1 1
9 7 0 1 0 1 1 1
9 9 0 1 0 0 0 0
9 10 1 1 0 0 0 1
9 11 0 0 0 1 0 1
9 12 0 1 1 0 0 0
9 14 0 1 0 0 0 0
9 15 0 1 0 1 1 0
9 16 0 1 1 0 0 0
9 17 0 0 1 1 1 0
9 19 1 1 1 0 1 0
9 21 1 0 1 1 0 0
9 22 1 1 0 1 0 0
9 23 0 0 1 1 0 0
9 24 1 1 0 1 0 0
9 26 1 1 0 1 0 0
9 28 1 0 1 1 0 0
9 29 0 1 0 1 1 0
9 30 0 0 1 1 0 1
9 31 0 0 1 0 0 1
10 4 0 1 0 1 0 0
10 6 0 0 0 1 0 0
10 7 0 0 0 1 1 0
10 8 1 1 1 0 0 1
10 9 0 1 0 0 1 1
10 11 1 0 1 1 0 1
10 12 1 0 0 1 1 0
10 13 1 1 1 0 0 1
10 14 0 0 1 0 0 1
10 16 0 0 0 0 1 1
10 17 1 0 0 0 0 1
10 18 1 0 1 1 0 1
10 19 0 1 1 0 0 0
10 20 0 0 0 0 1 1
10 21 0 0 0 1 0 0
10 22 1 1 1 0 0 1
10 23 0 1 1 0 1 1
10 25 1 1 1 1 0 1
10 26 0 1 1 0 0 0
10 28 0 0 1 1 0 1
10 29 0 1 1 1 0 0
10 30 0 0 1 1 1 1
10 31 0 1 0 1 1 0
11 9 0 0 0 0 0 1
11 10 0 1 0 0 0 0
11 11 0 1 0 0 0 1
11 12 1 0 0 1 0 1
11 14 0 0 0 0 1 1
11 15 0 1 1 1 0 0
11 16 0 0 1 1 0 0
11 17 0 1 0 1 1 0
11 19 1 1 0 1 0 0
11 21 1 0 1 1 0 1
11 22 0 0 1 0 1 0
11 23 1 0 0 0 0 1
11 25 1 1 1 0 0 1
11 26 1 1 0 1 1 1
11 27 1 1 1 1 1 1
11 28 0 1 0 1 1 0
11 30 1 1 1 0 0 1
11 31 1 1 0 1 0 1
13 19 0 0 0 0 1 0
13 20 0 0 1 0 1 0
13 21 1 1 0 1 0 0
13 23 0 0 1 0 1 0
13 24 0 0 0 1 0 1
13 26 0 0 1 0 1 1
13 27 1 0 0 1 1 0
13 28 1 0 1 0 1 1
13 29 1 0 0 1 1 1
14 7 0 0 0 1 0 0
14 8 0 0 0 1 1 0
14 9 1 1 1 0 0 1
14 10 0 1 0 0 1 1
14 12 1 0 1 1 0 1
14 13 1 0 0 1 1 0
14 14 1 1 1 0 0 1
14 15 0 0 1 0 0 1
14 17 0 0 0 0 1 1
14 18 1 0 0 0 0 1
14 19 1 0 1 1 0 1
14 20 0 1 1 0 0 0
14 21 0 0 0 0 1 1
14 22 0 0 0 1 0 0
14 23 1 1 1 0 0 1
14 24 0 1 1 0 1 1
14 26 1 1 1 1 0 1
14 27 0 1 1 0 0 0
15 11 0 0 0 0 1 1
15 12 0 1 0 0 0 0
15 13 1 0 0 1 0 0
15 14 1 1 1 0 0 1
15 15 0 1 0 0 1 1
15 17 0 0 0 0 1 1
15 18 1 0 0 0 0 1
15 19 1 1 0 0 0 1
15 20 1 0 0 1 1 0
15 21 1 1 1 0 0 1
15 22 0 0 1 0 0 1
15 24 1 0 1 1 0 1
15 25 0 0 1 1 1 0
15 26 0 0 0 0 1 1
15 27 0 0 0 1 0 0
15 28 1 1 1 0 0 1
15 29 0 1 1 0 1 1
16 3 0 0 1 0 0 0
16 4 0 0 0 0 1 1
16 5 0 0 0 1 0 0
16 6 1 1 1 0 0 1
16 7 0 1 1 0 1 1
16 9 1 1 1 1 0 1
16 10 0 1 1 0 0 0
16 12 1 0 1 1 0 0
16 13 0 1 0 1 1 0
16 14 0 0 1 1 0 1
16 15 0 1 0 0 1 1
16 16 1 0 0 1 1 1
16 18 0 1 0 0 0 0
16 19 0 0 0 1 0 0
16 20 1 0 0 0 0 1
16 22 0 0 1 0 1 0
16 23 0 0 0 1 0 1
16 25 0 0 0 0 0 1
16 26 1 0 0 1 0 0
16 28 0 0 0 0 1 0
16 29 0 1 1 1 1 0
17 6 1 0 1 1 0 0
17 7 1 1 0 1 0 0
17 9 0 1 1 1 0 0
17 11 1 0 1 1 0 0
17 12 1 1 0 1 0 0
17 13 0 0 1 1 0 0
17 14 1 1 0 1 0 0
17 16 1 1 0 1 0 0
17 18 0 0 0 1 0 0
17 19 0 0 0 1 1 0
17 20 1 1 1 0 0 1
17 21 0 1 0 0 1 1
17 23 1 0 1 1 0 1
17 24 1 0 0 1 1 0
17 25 1 1 1 0 0 1
17 26 0 0 1 0 0 1
17 28 0 0 0 0 1 1
17 29 1 0 0 0 0 1
17 30 1 0 1 1 0 1
17 31 0 1 1 0 0 0
18 6 1 0 1 1 0 1
18 7 0 1 1 0 0 0
18 9 1 0 1 1 0 0
18 10 0 1 0 1 1 0
18 11 0 0 0 0 1 0
18 12 1 0 0 0 0 1
18 14 0 1 1 1 0 0
18 16 0 1 1 1 1 1
18 17 1 0 0 0 0 1
18 18 0 1 1 0 0 1
18 19 1 1 0 1 1 1
18 20 1 1 1 0 1 0
18 21 1 1 0 1 0 0
18 23 0 1 0 0 0 0
18 24 1 1 0 0 0 1
18 25 1 0 0 1 0 0
18 26 1 1 1 0 0 1
18 28 0 1 0 0 0 0
18 29 1 0 0 1 1 0
18 30 1 1 1 0 0 1
18 31 0 0 1 1 1 0
19 27 0 0 0 0 1 1
19 28 0 1 0 0 0 0
19 29 1 0 0 1 1 0
19 30 1 1 1 0 0 1
19 31 0 1 1 0 1 1
21 2 0 0 1 0 1 0
21 3 1 1 0 1 0 0
21 5 0 0 0 0 1 1
21 6 1 0 0 0 0 1
21 7 1 0 1 1 0 1
21 8 0 1 1 0 0 0
21 9 0 0 0 0 1 1
21 10 0 0 0 1 0 0
21 11 1 1 1 0 0 1
21 12 0 1 1 0 1 1
21 14 1 1 1 1 0 1
21 15 0 1 1 0 0 0
21 17 1 0 1 1 0 0
21 18 0 1 0 1 1 0
21 19 0 0 1 1 0 1
21 20 0 1 0 0 1 1
21 21 1 0 0 1 1 1
21 23 1 0 0 0 1 0
21 24 0 0 1 1 0 0
21 25 1 0 0 1 1 1
21 27 1 0 1 1 0 1
21 28 0 1 1 0 0 1
21 29 0 1 1 1 0 1
22 5 0 0 0 0 1 1
22 6 1 0 0 0 0 1
22 7 1 1 0 0 0 1
22 8 1 0 0 1 1 0
22 9 1 1 1 0 0 1
22 10 0 0 1 0 0 1
22 12 1 0 1 1 0 1
22 13 0 1 1 0 0 0
22 14 0 0 1 1 1 0
22 15 0 0 0 0 1 1
22 16 0 0 0 1 0 0
22 17 1 1 1 0 0 1
22 18 0 1 1 0 1 1
22 20 1 1 1 1 0 1
22 21 0 1 1 0 0 0
22 23 1 0 1 1 0 0
22 24 0 1 0 1 1 0
22 25 0 0 1 1 0 1
22 26 0 1 0 0 1 1
22 27 1 0 0 1 1 1
22 29 0 1 0 0 1 1
22 30 1 1 0 1 0 0
22 31 0 0 1 0 0 1
23 27 0 0 0 0 0 1
23 28 0 1 0 0 0 0
23 29 1 0 0 1 0 0
23 30 1 1 1 0 0 1
23 31 0 1 0 0 1 1
25 2 0 1 0 1 0 0
25 3 0 0 0 1 1 1
25 5 0 0 1 1 0 0
25 6 0 1 0 1 1 0
25 7 0 1 1 0 0 1
25 8 1 1 0 1 1 1
25 9 1 1 1 0 1 0
25 10 1 1 0 1 0 0
25 12 1 1 0 1 0 0
25 14 1 0 1 1 0 1
25 15 0 1 0 1 1 0
25 16 0 0 1 1 0 1
25 17 1 1 0 0 1 1
25 19 1 1 1 1 0 0
25 20 1 0 0 0 1 0
25 21 0 0 0 1 1 1
25 23 0 1 0 0 0 0
25 24 1 0 1 0 1 0
25 25 0 0 0 1 1 1
25 26 1 0 1 1 1 0
25 27 0 1 0 1 1 0
25 28 0 1 0 1 0 0
25 29 1 1 0 1 1 0
26 16 0 0 1 0 0 1
26 17 0 0 0 0 1 1
26 18 0 0 1 0 0 0
26 19 1 1 0 0 0 1
26 20 0 0 0 1 1 0
26 21 1 0 1 1 0 0
26 22 1 1 0 0 1 1
26 24 0 0 1 1 0 0
26 25 0 0 0 1 0 1
26 26 0 0 0 0 0 1
26 27 0 1 1 0 0 0
26 29 1 1 0 0 0 1
26 30 0 0 0 1 1 0
26 31 0 0 1 0 0 1
27 2 0 0 0 1 0 0
27 3 0 0 0 1 1 0
27 4 1 1 1 0 0 1
