0.10
62 83 114 135 166 187 218 238 270 291 322 343 373 395 425 446 477 498 529 550 581 602 632 654 684 705 736 757 784 809 840 861 891 913 943 964 995 1016 1047 1068 1098 1120 1150 1171 1202 1224 1254 1275 1306 1327 1358 1379 1409 1431 1461 1483 1513 1534 1565 1585 1612 1632
87 107 127 165 186 208 247 268 290 333 353 375 412 434 455 499 520 541 580 601 622 665 687 708 744 765 785 830 852 873 910 933 953 997 1018 1040 1076 1098 1119 1162 1184 1204 1243 1265 1286 1328 1350 1371 1410 1432 1452 1494 1516 1537 1578 1599 1620 1659 1681 1703 1743 1764 1785 1825 1846 1868 1911 1932 1953 1991 2012 2033 2077 2098 2119 2156 2178 2199 2237 2257 2277
2 3 1 1 0 1 0 0
2 4 0 0 1 0 1 1
2 5 1 1 0 0 1 0
2 6 0 1 0 1 0 0
2 7 0 0 1 0 0 1
2 9 1 1 0 0 1 0
2 10 1 0 0 1 0 1
2 12 1 1 0 0 1 0
2 13 1 0 0 0 1 0
2 14 1 1 1 1 1 0
2 15 1 0 1 0 0 1
2 17 0 0 0 0 0 1
2 18 0 1 1 1 0 0
2 20 0 0 1 1 0 1
2 22 0 0 0 0 1 1
2 23 1 1 1 0 0 0
2 25 1 0 0 1 1 0
2 27 1 1 0 0 1 0
2 28 1 1 1 0 0 1
2 29 1 0 0 0 1 1
2 30 1 0 1 0 0 1
3 1 1 1 0 1 1 0
3 2 1 1 0 1 1 1
3 3 1 1 0 0 1 0
3 4 0 1 0 1 0 0
3 5 1 0 0 0 1 1
3 6 0 1 1 0 0 0
3 7 0 0 0 0 1 0
3 9 1 0 1 0 1 1
3 10 0 1 0 1 0 1
3 11 0 1 1 0 0 0
3 13 1 0 1 0 0 0
3 14 1 1 0 0 1 1
3 15 1 1 1 1 1 0
3 16 1 0 1 0 0 1
3 18 1 0 0 0 1 1
3 19 0 0 1 0 0 0
3 21 0 0 0 0 0 1
3 22 0 1 1 1 0 0
3 24 1 0 1 0 1 1
3 25 0 1 0 1 1 1
3 26 1 0 0 1 1 0
3 27 0 0 1 0 1 0
3 29 1 0 0 1 1 0
4 1 0 0 0 0 1 1
4 2 1 1 1 0 0 0
4 3 0 0 1 0 0 1
4 4 0 0 1 1 0 0
4 5 0 1 0 0 0 0
4 6 0 0 0 0 1 0
4 7 0 1 1 0 0 0
5 3 1 1 0 1 1 0
5 4 0 0 1 1 0 1
5 5 1 1 0 0 1 0
5 6 1 0 0 0 0 1
5 8 1 1 1 1 1 0
5 9 0 1 1 0 0 1
5 10 1 0 0 1 1 0
5 11 0 1 0 1 0 0
5 13 1 0 0 1 1 0
5 15 0 0 1 1 0 0
5 16 1 1 1 0 1 1
5 17 1 1 1 1 1 0
5 18 0 1 1 0 0 1
5 20 1 0 0 0 1 1
5 22 0 0 1 1 1 1
5 23 1 1 0 1 0 0
5 24 0 1 0 1 1 0
5 25 0 0 0 0 1 1
5 26 1 0 1 1 0 0
5 27 0 0 0 0 1 0
5 29 0 1 0 1 0 0
6 1 1 1 0 0 0 0
6 2 1 0 0 1 0 1
6 3 1 1 1 1 1 0
6 4 0 1 1 0 0 1
6 6 0 1 0 1 1 1
6 8 0 0 0 0 1 1
6 9 1 1 1 0 0 0
6 10 0 0 0 0 1 0
6 12 1 0 1 0 1 1
6 13 0 1 0 0 0 1
6 15 1 1 1 0 0 0
6 16 1 0 0 0 0 1
6 18 0 1 0 1 0 0
6 20 1 1 0 0 0 0
6 21 1 0 0 1 0 1
6 22 1 1 1 1 1 0
6 23 0 1 1 0 0 1
6 25 0 1 0 1 1 1
7 1 1 1 0 0 0 1
7 2 0 0 1 1 1 1
7 3 1 1 0 1 0 0
7 4 0 1 0 1 1 0
7 5 0 1 1 0 0 0
7 7 0 0 1 0 0 1
7 8 0 0 0 0 1 1
7 9 1 1 1 0 0 0
7 10 0 0 1 1 1 0
7 11 0 0 0 0 1 1
7 12 1 0 1 1 0 0
7 13 0 0 0 0 1 0
7 14 0 1 1 0 0 0
7 15 1 1 1 1 1 0
7 16 0 1 1 0 0 1
7 17 1 0 0 1 1 0
7 18 0 1 0 1 0 0
7 20 1 0 0 1 1 0
7 22 1 0 1 1 0 0
7 23 1 0 0 1 0 1
7 24 1 1 0 1 1 0
8 5 0 0 0 0 0 1
8 6 0 1 1 1 0 0
8 8 0 1 1 0 1 1
8 9 0 0 0 0 1 1
8 10 1 1 1 0 0 0
8 11 1 1 0 0 0 1
8 12 0 0 1 1 1 1
8 13 1 0 0 1 0 0
8 14 0 1 0 1 1 0
8 16 0 0 1 0 0 1
8 17 1 1 1 0 0 0
8 18 0 0 1 1 1 0
8 19 0 0 0 0 1 0
9 1 1 1 0 1 1 0
9 2 0 1 0 1 0 0
9 3 0 1 0 0 0 0
10 5 0 0 0 0 0 1
10 6 0 1 1 1 0 0
10 8 0 1 1 0 1 1
10 9 0 0 1 0 0 1
10 10 0 0 0 0 1 1
10 11 1 1 1 0 0 0
10 12 0 0 1 1 0 0
10 13 0 1 1 0 0 0
10 15 0 1 1 0 1 0
10 16 0 0 1 1 1 1
10 17 1 0 0 1 0 0
10 18 0 1 0 1 1 0
10 19 1 1 1 0 0 0
10 21 0 0 0 0 1 1
10 22 0 0 1 0 0 0
10 24 0 1 0 1 1 0
10 26 0 1 0 1 0 1
10 28 0 0 0 0 1 1
10 29 1 1 1 0 0 0
11 3 0 1 0 1 0 1
11 5 0 0 1 1 1 1
11 6 1 0 0 1 0 0
11 7 0 1 0 1 1 0
11 8 0 0 0 0 0 1
11 9 0 1 1 0 0 0
11 10 0 0 0 0 1 0
11 11 0 1 1 0 0 0
12 3 1 1 0 0 1 0
12 4 1 1 1 1 1 1
12 5 1 1 1 1 1 0
12 6 1 0 1 0 0 1
12 8 0 0 1 1 0 0
12 9 0 1 0 0 0 1
12 10 1 1 0 1 1 0
12 11 0 1 0 0 0 1
12 13 1 1 0 0 1 0
12 14 1 1 1 0 0 1
12 15 1 0 0 0 1 1
12 16 1 0 1 0 0 1
12 18 1 0 0 1 1 0
12 20 0 1 1 1 1 0
12 21 1 0 1 0 0 1
12 22 1 1 0 0 1 0
12 23 1 0 1 1 0 1
12 25 0 0 0 0 1 1
12 26 0 0 1 0 0 0
12 27 0 1 1 1 1 0
12 28 1 0 1 0 0 1
13 1 0 0 1 1 1 1
13 2 1 1 0 0 0 0
13 3 1 1 0 1 0 0
13 4 0 0 1 1 1 1
13 5 1 0 0 0 0 0
13 6 0 0 1 0 0 1
13 7 0 0 1 1 1 1
13 8 1 0 0 0 0 0
13 9 1 1 0 0 0 0
13 11 1 1 0 1 1 0
13 12 1 0 0 1 0 1
13 14 0 0 1 1 1 1
13 15 1 0 0 0 0 0
13 16 1 0 0 1 0 0
13 17 1 0 0 0 0 0
13 18 0 0 1 0 0 1
13 19 1 0 0 0 1 0
13 20 0 0 0 0 0 1
13 21 0 1 1 0 0 0
13 22 0 0 0 0 1 0
13 23 0 1 1 0 0 0
14 3 1 0 1 0 0 0
14 4 0 1 0 0 0 1
14 5 0 1 0 1 0 0
14 7 1 0 1 0 0 0
14 8 1 1 1 0 0 1
14 9 1 1 1 1 1 0
14 10 1 0 1 0 0 1
14 11 0 0 0 0 1 0
14 13 0 0 1 1 0 0
14 14 0 1 0 0 0 1
14 15 1 1 0 1 1 0
14 16 0 1 0 0 0 1
14 18 1 1 0 0 1 0
14 19 1 1 1 0 0 1
14 20 1 0 0 0 1 1
14 21 1 0 1 0 0 1
14 23 1 0 0 1 1 0
14 25 0 1 1 1 1 0
14 26 1 0 1 0 0 1
14 27 1 1 0 0 1 0
14 28 1 0 1 1 0 1
14 30 1 0 0 0 1 1
15 1 0 1 0 1 0 0
15 2 0 1 1 1 1 0
15 3 0 0 1 1 1 0
15 5 1 1 1 1 0 0
15 6 0 1 1 0 1 0
15 7 1 0 1 0 0 1
15 8 1 1 0 0 1 0
15 9 1 0 0 1 0 1
15 11 1 0 0 1 1 0
15 13 0 1 0 1 0 0
15 14 1 1 0 0 0 0
15 15 1 0 1 0 0 1
15 16 1 1 0 1 0 0
15 17 0 0 1 0 1 1
15 18 0 0 0 0 1 0
15 19 0 1 1 0 0 0
15 20 0 0 1 1 0 0
15 21 0 1 0 0 0 1
15 23 0 0 1 1 1 0
15 25 1 1 1 1 0 0
15 26 0 1 1 0 1 0
15 27 1 0 1 0 0 1
15 28 1 1 0 0 1 0
15 29 1 0 0 1 0 1
16 1 1 0 0 1 1 0
16 3 1 0 0 1 1 0
16 4 1 0 0 0 0 1
16 5 1 0 0 1 1 0
16 6 1 0 0 1 0 1
16 8 1 0 0 0 1 1
16 10 1 1 0 0 1 0
16 11 1 1 1 0 0 1
16 12 1 0 0 0 1 1
16 13 1 0 1 0 0 1
16 15 1 0 0 1 1 0
16 17 0 1 1 1 1 0
16 18 1 0 1 0 0 1
16 19 1 1 0 0 1 0
16 20 1 0 1 1 0 1
16 22 1 0 0 1 1 0
16 24 1 0 1 0 1 1
16 25 0 1 0 1 1 1
16 26 1 1 0 1 1 0
16 27 0 1 1 0 1 0
16 28 1 0 0 1 1 0
16 29 1 0 0 1 0 1
16 30 0 0 0 0 1 0
17 1 1 0 0 0 1 0
17 3 1 1 0 1 1 0
17 4 1 1 0 0 1 1
17 5 1 0 0 0 1 1
17 7 1 0 0 0 1 1
17 8 1 0 1 0 1 0
17 9 0 0 0 0 1 0
17 11 1 0 0 1 1 0
17 12 0 1 1 0 0 1
17 14 0 0 0 0 1 1
17 15 1 1 1 0 0 0
17 17 1 0 1 0 0 0
17 18 0 0 1 1 0 1
17 20 1 0 0 1 1 0
17 21 1 0 0 0 0 1
17 22 1 0 0 1 1 0
17 23 1 0 0 1 0 1
17 25 1 0 0 1 1 0
17 27 1 1 0 0 1 0
17 28 0 0 1 1 1 1
17 29 1 0 1 0 1 1
17 30 1 0 1 0 1 0
18 1 0 0 1 0 0 1
18 2 1 1 0 0 0 0
18 3 0 0 1 1 1 0
18 5 1 0 0 0 1 1
18 6 0 1 0 0 0 0
18 7 0 0 0 0 1 0
18 9 0 0 1 1 0 0
18 10 0 1 0 0 0 1
18 11 1 1 0 1 1 0
18 12 0 1 0 0 0 1
18 14 1 1 0 0 1 0
18 15 1 1 1 0 0 1
18 16 1 0 0 0 1 1
18 17 1 0 1 0 0 1
18 19 1 1 0 0 1 1
18 21 1 0 1 0 1 1
18 22 0 1 0 1 1 1
18 23 1 0 0 1 1 0
18 24 0 0 1 0 1 0
18 25 0 0 1 1 0 0
18 26 0 1 0 0 0 0
18 27 0 0 0 0 1 0
18 28 0 1 1 0 0 0
18 29 1 1 0 0 1 1
18 30 0 1 0 0 0 0
19 1 1 1 0 1 1 0
19 2 0 1 0 0 1 1
19 3 1 0 0 0 1 1
19 4 0 1 1 0 0 0
19 6 1 0 1 0 0 0
19 7 0 1 0 0 0 1
19 9 1 0 1 0 0 0
19 10 1 1 0 0 1 1
19 11 1 1 1 1 1 0
19 12 1 0 1 0 0 1
19 14 1 0 0 1 1 0
19 15 1 0 0 0 0 1
19 16 1 0 0 1 1 0
19 17 1 0 0 1 0 1
19 19 1 0 0 1 1 0
19 21 1 1 0 0 1 0
19 22 0 0 1 1 1 1
19 23 1 0 1 0 1 1
19 24 1 0 1 0 1 0
19 25 1 1 0 0 0 0
19 26 0 0 1 1 1 0
19 27 0 0 0 0 1 0
19 28 0 1 1 0 0 0
20 3 1 1 0 0 0 1
20 4 1 0 0 0 0 0
20 5 1 0 0 1 0 0
20 6 0 0 1 0 0 0
20 7 0 0 0 0 1 0
20 9 1 0 0 1 1 0
20 10 0 1 1 0 0 1
20 12 0 0 0 0 1 1
20 13 1 1 1 0 0 0
20 15 0 1 1 0 1 1
20 16 0 0 1 0 0 1
20 17 0 1 1 0 0 0
20 18 0 0 0 0 1 1
20 19 1 1 0 0 0 0
20 20 1 1 0 0 1 1
20 21 0 0 1 1 1 1
20 22 1 1 0 0 0 0
20 23 0 0 0 0 1 1
20 24 1 0 0 0 0 0
20 25 0 0 0 0 1 1
21 1 0 1 1 0 1 1
21 2 0 0 1 0 0 1
21 3 0 1 1 0 0 0
21 4 0 0 1 1 1 1
21 5 1 0 0 1 0 0
21 6 0 1 0 1 1 0
21 8 1 1 0 0 1 1
21 9 0 0 1 1 1 1
21 10 1 1 0 0 0 0
21 12 0 1 1 0 0 1
21 13 1 1 0 0 0 1
21 14 0 0 1 0 0 1
21 15 0 0 1 1 1 1
21 16 1 0 0 0 0 0
21 17 0 0 1 1 1 0
21 18 0 0 0 0 1 1
21 20 0 1 1 0 1 1
21 21 0 0 1 1 1 1
21 22 1 0 0 0 0 0
21 23 1 0 0 0 1 0
21 25 1 0 0 0 1 1
21 26 0 1 0 0 0 0
21 27 0 0 0 0 1 0
21 29 0 0 0 0 0 1
21 30 0 1 1 1 0 0
22 1 1 1 0 0 1 1
22 3 1 0 1 0 1 1
22 4 0 1 0 1 1 1
22 5 1 0 0 1 1 0
22 6 0 0 1 0 1 0
22 7 0 0 1 1 0 0
22 8 0 1 0 0 0 0
22 10 0 1 1 0 0 0
22 11 0 0 1 1 1 1
22 12 1 0 0 1 1 0
22 13 0 0 0 0 1 1
22 14 1 0 0 0 0 0
22 15 1 0 0 1 0 0
22 17 0 0 1 0 0 1
22 18 1 1 0 0 0 0
22 19 0 0 1 1 0 0
22 20 0 1 1 0 0 0
22 22 1 1 0 0 1 1
22 23 0 0 1 1 1 1
22 24 1 0 0 1 1 0
22 25 0 0 0 0 1 1
22 26 1 0 0 0 0 0
22 27 0 0 0 0 1 1
23 1 0 1 1 0 1 1
23 2 0 1 1 0 0 0
23 3 0 0 1 0 0 1
23 4 0 0 1 1 1 1
23 5 1 0 0 1 0 0
23 6 0 1 0 1 1 0
23 7 0 0 1 1 0 0
23 8 0 1 1 0 0 0
23 10 1 1 0 0 1 1
23 11 0 0 1 1 1 1
23 12 1 0 0 1 1 0
23 14 0 1 1 0 0 1
23 15 1 1 0 0 0 1
23 16 0 0 1 0 0 1
23 17 0 0 1 1 1 1
23 18 1 0 0 0 0 0
23 19 0 0 1 1 1 0
23 20 0 0 0 0 1 1
23 22 0 1 1 0 1 1
23 23 0 0 1 1 1 1
23 24 1 1 0 0 0 0
23 25 1 1 0 0 0 0
23 26 1 0 0 0 1 0
23 27 0 0 0 0 1 0
23 28 0 1 1 0 0 0
23 29 1 0 0 0 1 0
24 1 1 1 0 1 1 0
24 2 1 1 0 0 1 1
24 3 1 0 0 0 1 1
24 5 1 0 0 0 1 1
24 6 1 0 1 0 1 0
24 7 0 0 0 0 1 0
24 9 1 0 0 1 1 0
24 10 0 1 1 0 0 1
24 12 0 0 0 0 1 1
24 13 1 1 1 0 0 0
24 15 1 0 0 0 1 1
24 17 0 0 1 1 1 1
24 18 1 0 0 0 0 0
24 19 1 0 0 0 1 0
24 20 0 0 0 0 1 1
24 21 1 0 1 1 0 0
24 23 1 0 0 0 1 1
24 24 0 1 0 0 0 0
24 25 0 0 0 0 1 0
24 27 1 1 1 1 1 0
24 28 0 1 1 0 0 1
24 29 1 0 0 1 1 0
24 30 0 1 0 1 0 0
25 1 1 0 0 1 1 0
25 3 1 0 1 1 0 0
25 4 1 0 0 1 0 1
25 5 1 1 0 1 1 0
25 6 0 1 0 1 0 0
25 8 0 0 0 0 0 1
25 9 0 1 1 1 0 0
25 11 1 0 1 0 1 1
25 12 0 1 0 1 1 1
25 13 1 0 0 1 1 0
25 14 0 0 1 0 1 0
25 16 0 0 0 0 1 1
25 17 0 0 1 0 0 0
25 18 0 0 0 0 0 1
25 19 0 1 1 1 0 0
25 21 0 1 1 0 1 1
25 22 0 0 1 1 1 1
25 23 1 1 0 0 0 0
25 24 1 1 0 0 0 0
25 25 1 0 0 0 1 0
25 26 0 0 0 0 0 1
26 2 1 0 1 1 0 0
26 3 0 0 1 1 0 0
26 4 0 1 1 0 0 0
26 5 0 0 0 0 0 1
26 6 0 1 1 0 0 0
26 7 0 0 0 0 1 0
26 8 0 1 1 0 0 0
7 25 0 1 0 1 0 0
10 23 0 0 1 1 1 1
15 22 0 1 1 1 1 0
26 1 0 0 0 0 1 1
